2014.804931640625	-0.000000000000
2014.837768554688	-3.734971523285
2014.903442382812	-1.920028567314
2014.969238281250	-2.741462707520
2015.035644531250	0.546382904053
2015.101318359375	-3.941704750061
2015.265625000000	-5.205418586731
2015.331298828125	-8.172587394714
2015.396972656250	-9.663869857788
2016.021850585938	-18.663988113403
2016.153320312500	-25.107694625854
2016.350463867188	-40.536869049072
2016.416137695312	-28.637941360474
2016.547607421875	-32.655567169189
2016.744750976562	-32.816734313965
2016.777587890625	-34.466339111328
2016.810424804688	-35.923625946045
2016.843261718750	-34.450885772705
2016.876098632812	-35.174579620361
2016.908935546875	-34.050838470459
2016.941772460938	-33.339485168457
2016.974731445312	-33.479511260986
2017.005493164062	-33.805988311768
2017.038330078125	-34.493915557861
2017.071166992188	-33.548767089844
2017.104003906250	-33.877277374268
2017.136840820312	-33.464157104492
2017.169799804688	-35.957916259766
2017.202636718750	-35.555233001709
2017.235473632812	-36.346626281738
2017.268310546875	-33.770641326904
2017.301147460938	-35.894550323486
2017.333984375000	-38.527297973633
2017.366821289062	-43.032726287842
2017.399780273438	-42.808948516846
2017.432617187500	-39.297821044922
2017.498291015625	-43.372039794922
2017.531127929688	-44.843837738037
2017.563964843750	-43.915748596191
2017.596801757812	-44.336349487305
2017.629760742188	-41.779895782471
2017.662597656250	-44.913887023926
2017.695434570312	-43.683200836182
2017.728271484375	-44.190025329590
2017.761108398438	-45.285842895508
2017.793945312500	-45.040088653564
2017.826782226562	-47.510444641113
2017.859741210938	-47.346542358398
2017.892578125000	-46.963745117188
2017.925415039062	-46.888099670410
2017.958251953125	-47.092742919922
2017.991088867188	-47.434474945068
2018.024658203125	-47.630004882812
2018.057495117188	-47.572078704834
2018.090332031250	-47.927021026611
2018.123168945312	-47.910121917725
2018.156005859375	-48.054386138916
2018.188964843750	-48.943592071533
2018.221801757812	-48.170185089111
2018.254638671875	-48.329093933105
2018.287475585938	-49.161994934082
2018.320312500000	-51.034236907959
2018.353149414062	-50.083480834961
2018.385986328125	-51.922821044922
2018.418945312500	-53.956386566162
2018.451782226562	-55.429100036621
2018.484619140625	-56.112277984619
2018.517456054688	-57.898780822754
2018.550292968750	-60.909576416016
2018.583129882812	-60.214973449707
2018.615966796875	-60.754661560059
2018.648925781250	-63.065464019775
2018.681762695312	-65.227249145508
2018.714599609375	-66.172904968262
2018.747436523438	-65.872695922852
2018.780273437500	-66.605278015137
2018.813110351562	-68.789672851562
2018.845947265625	-67.220130920410
2018.878906250000	-67.625755310059
2018.911743164062	-67.772735595703
2018.944580078125	-67.323028564453
2018.977416992188	-67.980690002441
2019.010986328125	-64.829780578613
2019.043823242188	-67.252174377441
2019.109497070312	-66.950279235840
2019.125976562500	-67.229240417480
2019.142333984375	-68.783218383789
2019.175170898438	-67.423385620117
2019.191650390625	-67.314163208008
2019.208129882812	-68.056289672852
2019.224487304688	-67.978332519531
2019.240966796875	-67.893638610840
2019.257324218750	-67.921150207520
2019.273803710938	-67.815940856934
2019.290161132812	-66.980484008789
2019.306640625000	-68.686653137207
2019.323120117188	-69.070739746094
2019.339477539062	-69.120796203613
2019.355957031250	-69.728507995605
2019.372314453125	-69.874023437500
2019.388793945312	-69.932098388672
2019.405151367188	-68.659538269043
2019.421630859375	-70.544784545898
2019.438110351562	-69.343940734863
2019.454467773438	-70.963912963867
2019.470947265625	-73.595153808594
2019.487304687500	-70.983276367188
2019.503784179688	-70.210380554199
2019.520141601562	-71.858108520508
2019.536621093750	-71.486633300781
2019.569458007812	-72.885948181152
2019.602294921875	-78.654365539551
2019.618774414062	-72.690757751465
2019.635131835938	-76.299285888672
2019.651611328125	-70.953872680664
2019.668090820312	-71.873947143555
2019.717285156250	-73.686454772949
2019.733764648438	-74.965095520020
2019.750122070312	-71.907752990723
2019.766601562500	-78.686531066895
2019.799438476562	-75.439910888672
2019.832275390625	-72.982833862305
2019.865112304688	-76.587570190430
2019.898071289062	-77.329216003418
2019.930908203125	-77.089630126953
2019.963745117188	-77.737014770508
2019.996582031250	-78.753860473633
2020.030151367188	-79.143180847168
2020.062988281250	-80.373245239258
2020.095825195312	-81.595771789551
2020.128662109375	-82.134300231934
2020.161499023438	-82.731773376465
2020.177978515625	-83.765731811523
2020.194335937500	-83.921554565430
2020.227294921875	-85.029289245605
2020.260131835938	-85.883697509766
2020.292968750000	-86.340293884277
2020.325805664062	-89.309455871582
2020.358642578125	-88.143592834473
2020.391479492188	-92.009353637695
2020.424316406250	-90.434478759766
2020.457275390625	-87.761375427246
2020.490112304688	-93.209518432617
2020.522949218750	-89.206283569336
2020.555786132812	-89.889793395996
2020.572265625000	-94.059600830078
2020.588623046875	-88.711822509766
2020.605102539062	-91.222892761230
2020.621459960938	-89.748970031738
2020.654296875000	-90.037910461426
2020.687255859375	-89.926712036133
2020.703613281250	-90.437843322754
2020.720092773438	-91.197608947754
2020.752929687500	-89.571441650391
2020.785766601562	-89.835472106934
2020.818603515625	-89.106002807617
2020.851440429688	-91.371093750000
2020.917236328125	-91.028930664062
2020.950073242188	-90.164459228516
2020.982910156250	-90.834754943848
2021.013671875000	-89.502311706543
2021.046508789062	-88.198654174805
2021.079345703125	-90.767654418945
2021.112304687500	-91.902488708496
2021.145141601562	-91.953140258789
2021.177978515625	-91.772201538086
2021.210815429688	-92.775184631348
2021.243652343750	-93.224189758301
2021.276489257812	-95.195167541504
2021.309326171875	-93.078468322754
2021.342285156250	-93.148513793945
2021.358642578125	-94.876487731934
2021.391479492188	-97.276191711426
2021.407958984375	-96.068107604980
2021.440795898438	-94.711128234863
2021.473632812500	-94.649085998535
2021.506469726562	-95.442489624023
2021.539306640625	-102.572387695312
2021.572265625000	-101.732002258301
2021.605102539062	-103.888755798340
2021.637939453125	-102.862579345703
2021.670776367188	-104.905296325684
2021.736450195312	-103.487197875977
2021.769287109375	-103.043601989746
2021.802246093750	-104.401870727539
2021.835083007812	-103.036064147949
2021.867919921875	-103.413589477539
2021.966430664062	-102.973564147949
2022.000000000000	-102.485992431641
2022.065673828125	-100.992088317871
2022.098510742188	-100.508941650391
2022.197143554688	-102.301666259766
2022.229980468750	-103.235687255859
2022.262817382812	-101.260253906250
2022.295654296875	-102.002487182617
2022.328491210938	-105.766197204590
2022.394287109375	-103.067604064941
2022.558471679688	-105.164955139160
2022.591430664062	-112.292633056641
2022.689941406250	-103.410713195801
2022.722778320312	-112.537750244141
2022.821411132812	-106.206138610840
2022.854248046875	-103.404457092285
2022.887084960938	-102.534629821777
2022.919921875000	-102.038795471191
2022.952758789062	-102.512702941895
2022.985595703125	-104.619834899902
2023.019165039062	-102.797080993652
2023.052001953125	-103.774909973145
2023.084838867188	-103.880180358887
2023.117675781250	-104.404129028320
2023.150634765625	-104.520278930664
2023.183471679688	-105.123092651367
2023.216308593750	-104.502944946289
2023.249145507812	-106.190414428711
2023.281982421875	-106.659973144531
2023.314819335938	-107.470687866211
2023.347656250000	-108.156936645508
2023.380615234375	-112.953468322754
2023.413452148438	-106.048049926758
2023.446289062500	-118.805267333984
2023.577636718750	-118.954040527344
