2014.804931640625	-0.000000000000
2014.837768554688	-7.059766769409
2014.903442382812	-6.700505733490
2014.969238281250	-8.238278388977
2015.035644531250	1.963668227196
2015.101318359375	-20.821220397949
2015.265625000000	5.371934890747
2015.331298828125	-17.016218185425
2015.396972656250	-28.126272201538
2016.021850585938	-36.492881774902
2016.153320312500	-48.275798797607
2016.350463867188	-51.645488739014
2016.416137695312	-55.669536590576
2016.547607421875	-61.005443572998
2016.744750976562	-54.020587921143
2016.777587890625	-63.153743743896
2016.810424804688	-66.930793762207
2016.843261718750	-64.478202819824
2016.876098632812	-67.137695312500
2016.908935546875	-65.773681640625
2016.941772460938	-65.899177551270
2016.974731445312	-66.078910827637
2017.005493164062	-66.348693847656
2017.038330078125	-66.704521179199
2017.071166992188	-67.680404663086
2017.104003906250	-66.783004760742
2017.136840820312	-68.168540954590
2017.169799804688	-71.241241455078
2017.202636718750	-71.999145507812
2017.235473632812	-67.996520996094
2017.268310546875	-67.831642150879
2017.301147460938	-75.751785278320
2017.333984375000	-73.856239318848
2017.366821289062	-81.473136901855
2017.399780273438	-84.708091735840
2017.432617187500	-77.225791931152
2017.498291015625	-98.596572875977
2017.531127929688	-90.020736694336
2017.563964843750	-90.881324768066
2017.596801757812	-89.106437683105
2017.629760742188	-89.013847351074
2017.662597656250	-92.099090576172
2017.695434570312	-92.366615295410
2017.728271484375	-95.862960815430
2017.761108398438	-91.428031921387
2017.793945312500	-92.600578308105
2017.826782226562	-92.831977844238
2017.859741210938	-93.191764831543
2017.892578125000	-90.969909667969
2017.925415039062	-90.946823120117
2017.958251953125	-90.055923461914
2017.991088867188	-89.793083190918
2018.024658203125	-88.674819946289
2018.057495117188	-88.520606994629
2018.090332031250	-87.318679809570
2018.123168945312	-86.302078247070
2018.156005859375	-85.140037536621
2018.188964843750	-89.699081420898
2018.221801757812	-87.972793579102
2018.254638671875	-84.894363403320
2018.287475585938	-87.846946716309
2018.320312500000	-93.146621704102
2018.353149414062	-94.098602294922
2018.385986328125	-93.042716979980
2018.418945312500	-95.734184265137
2018.451782226562	-98.190597534180
2018.484619140625	-98.163955688477
2018.517456054688	-104.558532714844
2018.550292968750	-107.689537048340
2018.583129882812	-108.338592529297
2018.615966796875	-109.871696472168
2018.648925781250	-108.942924499512
2018.681762695312	-110.218162536621
2018.714599609375	-114.954742431641
2018.747436523438	-112.999763488770
2018.780273437500	-111.859771728516
2018.813110351562	-119.243545532227
2018.845947265625	-114.083793640137
2018.878906250000	-112.522193908691
2018.911743164062	-112.346298217773
2018.944580078125	-111.485076904297
2018.977416992188	-111.306961059570
2019.010986328125	-108.968238830566
2019.043823242188	-110.638420104980
2019.109497070312	-110.518180847168
2019.125976562500	-110.184341430664
2019.142333984375	-111.130516052246
2019.175170898438	-110.570465087891
2019.191650390625	-109.853080749512
2019.208129882812	-110.669906616211
2019.224487304688	-110.912010192871
2019.240966796875	-111.054039001465
2019.257324218750	-111.156814575195
2019.273803710938	-110.824409484863
2019.290161132812	-110.226692199707
2019.306640625000	-113.205360412598
2019.323120117188	-110.418861389160
2019.339477539062	-111.578025817871
2019.355957031250	-113.942146301270
2019.372314453125	-113.019302368164
2019.388793945312	-114.308219909668
2019.405151367188	-112.617691040039
2019.421630859375	-111.778404235840
2019.438110351562	-114.251258850098
2019.454467773438	-115.719520568848
2019.470947265625	-119.961494445801
2019.487304687500	-113.369117736816
2019.503784179688	-113.693778991699
2019.520141601562	-115.721366882324
2019.536621093750	-119.828964233398
2019.569458007812	-115.851966857910
2019.602294921875	-123.902153015137
2019.618774414062	-116.446647644043
2019.635131835938	-119.374626159668
2019.651611328125	-113.192886352539
2019.668090820312	-117.306266784668
2019.717285156250	-119.145431518555
2019.733764648438	-117.281257629395
2019.750122070312	-119.475318908691
2019.766601562500	-121.882690429688
2019.799438476562	-119.682182312012
2019.832275390625	-117.646369934082
2019.865112304688	-121.326721191406
2019.898071289062	-121.168479919434
2019.930908203125	-121.476928710938
2019.963745117188	-121.324668884277
2019.996582031250	-121.479072570801
2020.030151367188	-121.772819519043
2020.062988281250	-122.436393737793
2020.095825195312	-122.437713623047
2020.128662109375	-122.911911010742
2020.161499023438	-124.003906250000
2020.177978515625	-123.123916625977
2020.194335937500	-122.870018005371
2020.227294921875	-123.141555786133
2020.260131835938	-122.466972351074
2020.292968750000	-123.444076538086
2020.325805664062	-126.424804687500
2020.358642578125	-121.260612487793
2020.391479492188	-125.226051330566
2020.424316406250	-122.601989746094
2020.457275390625	-122.169273376465
2020.490112304688	-121.938972473145
2020.522949218750	-122.210151672363
2020.555786132812	-122.302749633789
2020.572265625000	-122.707427978516
2020.588623046875	-126.792098999023
2020.605102539062	-124.299583435059
2020.621459960938	-123.019767761230
2020.654296875000	-129.391555786133
2020.687255859375	-119.005180358887
2020.703613281250	-121.665817260742
2020.720092773438	-125.046516418457
2020.752929687500	-126.423057556152
2020.785766601562	-125.247489929199
2020.818603515625	-126.127044677734
2020.851440429688	-124.013442993164
2020.917236328125	-125.284950256348
2020.950073242188	-124.923110961914
2020.982910156250	-123.827941894531
2021.013671875000	-124.016807556152
2021.046508789062	-122.072280883789
2021.079345703125	-123.638732910156
2021.112304687500	-124.013725280762
2021.145141601562	-124.492034912109
2021.177978515625	-123.570648193359
2021.210815429688	-124.257514953613
2021.243652343750	-123.088691711426
2021.276489257812	-126.722557067871
2021.309326171875	-126.319152832031
2021.342285156250	-123.738555908203
2021.358642578125	-125.843444824219
2021.391479492188	-123.373420715332
2021.407958984375	-126.458015441895
2021.440795898438	-125.993957519531
2021.473632812500	-124.514656066895
2021.506469726562	-128.292922973633
2021.539306640625	-133.064697265625
2021.572265625000	-136.753646850586
2021.605102539062	-136.534545898438
2021.637939453125	-129.702713012695
2021.670776367188	-129.252990722656
2021.736450195312	-130.297729492188
2021.769287109375	-133.543182373047
2021.802246093750	-131.485214233398
2021.835083007812	-129.314819335938
2021.867919921875	-131.421112060547
2021.966430664062	-133.587585449219
2022.000000000000	-129.979537963867
2022.065673828125	-134.247924804688
2022.098510742188	-127.673439025879
2022.197143554688	-126.409873962402
2022.229980468750	-132.100662231445
2022.262817382812	-127.509696960449
2022.295654296875	-127.062126159668
2022.328491210938	-125.399772644043
2022.394287109375	-128.495178222656
2022.558471679688	-129.997482299805
2022.591430664062	-125.911056518555
2022.689941406250	-124.517936706543
2022.722778320312	-137.654190063477
2022.821411132812	-138.852996826172
2022.854248046875	-140.094711303711
2022.887084960938	-137.920043945312
2022.919921875000	-142.991119384766
2022.952758789062	-142.773498535156
2022.985595703125	-144.844299316406
2023.019165039062	-141.382080078125
2023.052001953125	-141.819534301758
2023.084838867188	-141.176116943359
2023.117675781250	-142.500671386719
2023.150634765625	-144.640350341797
2023.183471679688	-141.814285278320
2023.216308593750	-142.594757080078
2023.249145507812	-144.871749877930
2023.281982421875	-142.460464477539
2023.314819335938	-141.735717773438
2023.347656250000	-142.220657348633
2023.380615234375	-144.340835571289
2023.413452148438	-138.945663452148
2023.446289062500	-136.873077392578
2023.577636718750	-142.751632690430
