2018.0422 -41.72 -41.71696516267596
2018.1256 -41.2 -41.21212360286602
2018.2089 -40.82 -40.97426995339222
2018.2922 -40.77 -40.788563239899766
2018.3756 -40.92 -41.0181773756301
2018.4589 -41.33 -41.33000000013435
2018.5422 -41.67 -41.419946010797275
2018.6256 -41.51 -41.51000000005256
2018.7089 -41.56 -41.565245657117615
2018.7922 -41.63 -41.594514527216816
2018.8756 -41.58 -41.5472017021882
2018.9589 -41.41 -41.35584891500104
2019.0422 -41.07 -41.07254921640827
2019.1256 -40.74 -40.794939130126664
2019.2089 -40.58 -40.58000000011915
2019.2922 -40.18 -40.53502699460117
2019.3756 -40.49 -40.490000000117575
2019.4589 -41.06 -41.05999999397695
2019.5422 -41.18 -40.91008998090348
2019.6256 -40.76 -40.76000000008229
2019.7089 -40.59 -40.61188753220152
2019.7922 -40.5 -40.48002821913043
2019.8756 -40.34 -40.32496961532064
2019.9589 -40.11 -40.01263637099413
2020.0422 -39.63 -39.62591499587171
2020.1256 -39.13 -39.13235372583379
2020.2089 -38.65 -38.65000000033939
2020.2922 -38.52 -38.734949010070636
2020.3756 -38.82 -38.8199999997793
2020.4589 -39.17 -39.16999999993135
2020.5422 -39.47 -39.23995800839849
2020.6256 -39.31 -39.30999999984622
2020.7089 -39.06 -39.057168052336394
2020.7922 -38.8 -38.791507502243874
2020.8756 -38.51 -38.498447868118156
2020.9589 -38.18 -38.1941640146582
2021.0422 -37.9 -37.87428971461675
2021.1256 -37.53 -37.56218170215091
2021.2089 -37.27 -37.29067163152218
2021.2922 -37.1 -37.25549054613502
2021.3756 -37.35 -37.349999999985
2021.4589 -38.2 -37.644999999999996
2021.5422 -37.94 -37.94000000012166
2021.6256 -37.46 -37.44703350793097
2021.7089 -36.92 -37.01740985376576
2021.7922 -36.63 -36.62167473745306
2021.8756 -36.3 -36.27948298188197
2021.9589 -35.9 -35.90823041329027
