2018.0422 -58.11 -58.10999999988275
2018.1256 -57.71 -57.71000000021522
2018.2089 -57.51 -57.980000000000004
2018.2922 -58.25 -58.24999999983861
2018.3756 -58.49 -58.55737853746937
2018.4589 -58.95 -58.94999999990535
2018.5422 -59.41 -59.17436984106958
2018.6256 -59.39 -59.39031225507952
2018.7089 -59.38 -59.35497560419314
2018.7922 -59.26 -59.12986472104157
2018.8756 -58.78 -58.715946808453
2018.9589 -58.03 -58.13085604102435
2019.0422 -57.59 -57.55083148448085
2019.1256 -56.99 -57.064340053293776
2019.2089 -56.63 -56.66882928422129
2019.2922 -56.41 -56.4045394168822
2019.3756 -56.16 -56.320670495930926
2019.4589 -56.3 -56.287468739302696
2019.5422 -56.37 -56.29821872328991
2019.6256 -56.19 -56.28480297043315
2019.7089 -56.32 -56.237860797032766
2019.7922 -56.17 -56.12334210626894
2019.8756 -55.85 -55.85823299389101
2019.9589 -55.56 -55.546260575801966
2020.0422 -55.21 -55.08334275427222
2020.1256 -54.52 -54.521004882753324
2020.2089 -53.84 -54.03804626684061
2020.2922 -53.6 -53.62883398948929
2020.3756 -53.57 -53.5505514323455
2020.4589 -53.47 -53.455815613901194
2020.5422 -53.32 -53.29102893572907
2020.6256 -53.07 -53.08415923417448
2020.7089 -52.87 -52.867143453821924
2020.7922 -52.66 -52.65999999969817
2020.8756 -52.48 -52.20973005401431
2020.9589 -51.76 -51.76000000022734
2021.0422 -51.33 -51.30864467582902
2021.1256 -50.82 -50.82000000010768
2021.2089 -50.19 -50.46500000000075
2021.2922 -50.11 -50.1099999997093
2021.3756 -50.18 -50.17126604508232
2021.4589 -50.21 -50.07655471694804
2021.5422 -49.89 -49.89639582637568
2021.6256 -49.6 -49.53131297057023
2021.7089 -49.09 -49.1261866763202
2021.7922 -48.71 -48.726926466970525
2021.8756 -48.39 -48.35779214428664
2021.9589 -47.96 -47.97287792481421
