2018.0422 -64.25 -64.25000000009948
2018.1256 -63.55 -64.74029394121123
2018.2089 -65.23 -65.23000000046909
2018.2922 -65.13 -65.08445196971246
2018.3756 -64.86 -65.03516752849399
2018.4589 -65.15 -65.25044182896522
2018.5422 -65.82 -65.64314640563583
2018.6256 -65.91 -66.03437106999922
2018.7089 -66.48 -66.24793930524682
2018.7922 -66.35 -66.31181409986749
2018.8756 -66.07 -66.07558814512694
2018.9589 -65.81 -65.76214583015752
2019.0422 -65.38 -65.27714569502051
2019.1256 -64.54 -64.81796729832921
2019.2089 -64.5 -64.3800991413352
2019.2922 -63.98 -63.91528323159898
2019.3756 -62.92 -63.41901504736095
2019.4589 -62.95 -62.95316970836132
2019.5422 -63.01 -62.95835734990516
2019.6256 -62.78 -63.191898843958526
2019.7089 -63.53 -63.47901981138703
2019.7922 -63.99 -63.989999999925125
2019.8756 -65.77 -64.62037792441444
2019.9589 -65.25 -65.25000000022783
2020.0422 -64.74 -64.74668253362151
2020.1256 -64.54 -63.952086276205065
2020.2089 -63.15 -63.1417130970557
2020.2922 -61.37 -61.73588578394026
2020.3756 -60.53 -60.66484122186264
2020.4589 -60.28 -60.22830669067835
2020.5422 -59.84 -59.87725075489209
2020.6256 -59.53 -59.56386686110763
2020.7089 -59.34 -59.26104187806736
2020.7922 -58.86 -59.04896429480143
2020.8756 -58.97 -58.951001108369816
2020.9589 -59.0 -58.768660083925305
2021.0422 -58.35 -58.3451194205912
2021.1256 -57.68 -57.688324370266294
2021.2089 -57.04 -56.99161438503559
2021.2922 -56.23 -56.31773406156856
2021.3756 -55.72 -55.77695467712833
2021.4589 -55.41 -55.404312477899765
2021.5422 -55.08 -55.099089020192594
2021.6256 -54.82 -54.65874458413847
2021.7089 -54.04 -54.12568939772745
2021.7922 -53.58 -53.733743898747775
2021.8756 -53.62 -53.60363939376636
2021.9589 -53.6 -53.60663954352129
