2018.0422 -49.26 -49.25660372209039
2018.1256 -48.68 -48.68823631403013
2018.2089 -48.13 -48.18335211992198
2018.2922 -47.76 -47.777209763161025
2018.3756 -47.46 -47.599617496996316
2018.4589 -47.57 -47.46071420957343
2018.5422 -47.27 -47.27000000002724
2018.6256 -46.14 -46.73467906418776
2018.7089 -46.2 -46.200000000047154
2018.7922 -46.08 -46.01758543733272
2018.8756 -45.75 -45.71028664608622
2018.9589 -45.28 -45.31448029513872
2019.0422 -44.93 -44.91346488161546
2019.1256 -44.52 -44.580757128133875
2019.2089 -44.32 -44.38153310579325
2019.2922 -44.38 -44.20859820409037
2019.3756 -43.98 -43.98085110652409
2019.4589 -43.59 -43.31558952780086
2019.5422 -42.59 -42.66334474986923
2019.6256 -42.1 -42.29303349819856
2019.7089 -42.15 -42.234730958724214
2019.7922 -42.56 -42.52933768996969
2019.8756 -42.83 -42.66734079566511
2019.9589 -42.65 -42.57936559160264
2020.0422 -42.19 -42.17369840884466
2020.1256 -41.67 -41.664215089114506
2020.2089 -41.13 -41.07659914974356
2020.2922 -40.41 -40.410000000170314
2020.3756 -39.55 -39.999754049191
2020.4589 -39.59 -39.59
2020.5422 -39.64 -39.28018596280726
2020.6256 -38.97 -38.96999999992034
2020.7089 -38.24 -38.29563542758433
2020.7922 -37.72 -37.84855902073061
2020.8756 -37.58 -37.56990708533976
2020.9589 -37.4 -37.379929368337
2021.0422 -37.15 -37.127165410297295
2021.1256 -36.82 -36.80002818869465
2021.2089 -36.42 -36.448667219470124
2021.2922 -36.19 -36.072148621328765
2021.3756 -35.36 -35.65073393519507
2021.4589 -35.18 -35.178748034108544
2021.5422 -34.98 -34.94218905207385
2021.6256 -34.65 -34.64428887210255
2021.7089 -34.3 -34.30000000003502
2021.7922 -33.55 -34.005176964607784
2021.8756 -33.71 -33.709999999942156
2021.9589 -33.46 -33.45999999999931
