2018.0422 -60.03 -60.03000000009398
2018.1256 -60.58 -59.79986202759474
2018.2089 -59.57 -59.57
2018.2922 -59.12 -59.460065986806576
2018.3756 -59.35 -59.35000000008022
2018.4589 -60.05 -60.02626659196427
2018.5422 -60.55 -60.31457806381444
2018.6256 -60.53 -60.53716641391845
2018.7089 -60.57 -60.62970703467339
2018.7922 -60.81 -60.809999999915824
2018.8756 -60.82 -60.434775044990985
2018.9589 -60.06 -60.0600000002314
2019.0422 -59.52 -59.55476944090853
2019.1256 -59.1 -59.10549184777388
2019.2089 -58.7 -58.72896297471824
2019.2922 -58.4 -58.417227725563336
2019.3756 -58.16 -58.108493442890975
2019.4589 -57.74 -58.19538366227282
2019.5422 -58.91 -58.466229599216746
2019.6256 -58.53 -58.54932331632781
2019.7089 -58.22 -58.27798744655658
2019.7922 -58.11 -58.037619521231164
2019.8756 -57.76 -57.76000000011321
2019.9589 -57.58 -57.110000000000944
2020.0422 -56.46 -56.459999999916796
2020.1256 -55.61 -55.587080262867715
2020.2089 -54.68 -54.72732009762515
2020.2922 -53.91 -53.91018640681016
2020.3756 -53.14 -53.31342136842804
2020.4589 -52.81 -52.78268330127986
2020.5422 -52.35 -52.36436089850518
2020.6256 -51.94 -51.94557679395768
2020.7089 -51.55 -51.55846840524236
2020.7922 -51.19 -51.14885685961476
2020.8756 -50.68 -50.76803548165495
2020.9589 -50.45 -50.420791535662765
2021.0422 -50.1 -49.98831474331212
2021.1256 -49.41 -49.471932504519565
2021.2089 -48.95 -48.998630379050326
2021.2922 -48.66 -48.68239983510179
2021.3756 -48.45 -48.49009095743441
2021.4589 -48.38 -48.32995912977261
2021.5422 -48.14 -48.14007934255858
2021.6256 -47.9 -47.855984885336795
2021.7089 -47.51 -47.54261082591932
2021.7922 -47.24 -47.16630818281034
2021.8756 -46.7 -46.82419223105177
2021.9589 -46.53 -46.49920520020363
