2018.0422 -49.25 -49.24219862149216
2018.1256 -49.02 -49.04117219058548
2018.2089 -48.86 -48.8627533922827
2018.2922 -48.71 -48.71863724253163
2018.3756 -48.59 -48.60155233733968
2018.4589 -48.51 -48.50488416890496
2018.5422 -48.41 -48.375227739505306
2018.6256 -48.2 -48.229214929864014
2018.7089 -48.09 -48.10364891084374
2018.7922 -48.03 -48.024490676082664
2018.8756 -47.95 -47.932296304114836
2018.9589 -47.81 -47.79565509795952
2019.0422 -47.62 -47.62852305872798
2019.1256 -47.46 -47.448723274831565
2019.2089 -47.26 -47.28112393652421
2019.2922 -47.13 -47.13554575424278
2019.3756 -47.02 -47.030538074517914
2019.4589 -46.95 -46.981960144112975
2019.5422 -46.99 -46.95047022595651
2019.6256 -46.9 -46.93657231174288
2019.7089 -46.93 -46.92330474786493
2019.7922 -46.93 -46.89041242617357
2019.8756 -46.81 -46.781377291326244
2019.9589 -46.59 -46.59792277579837
2020.0422 -46.4 -46.41475798600987
2020.1256 -46.26 -46.259952976096166
2020.2089 -46.12 -46.12868362544431
2020.2922 -46.01 -46.010000000219
2020.3756 -45.88 -45.999994001200676
2020.4589 -45.99 -45.990000000002134
2020.5422 -46.18 -46.14743529674334
2020.6256 -46.27 -46.26809404317312
2020.7089 -46.34 -46.26098658786539
2020.7922 -46.24 -46.237052327144326
2020.8756 -46.11 -46.094025245279646
2020.9589 -45.92 -45.95684575778475
2021.0422 -45.84 -45.842564644257095
2021.1256 -45.77 -45.767211852642376
2021.2089 -45.69 -45.71136231822719
2021.2922 -45.68 -45.67959804250325
2021.3756 -45.66 -45.57216884579786
2021.4589 -45.46 -45.46081143820524
2021.5422 -45.28 -45.280000000316626
2021.6256 -45.24 -45.10989802039737
2021.7089 -44.94 -44.94000000008177
2021.7922 -44.7 -44.72066378974602
2021.8756 -44.53 -44.509333574196745
2021.9589 -44.29 -44.29751649832354
