2018.0422 -55.21 -55.2309759574821
2018.1256 -55.33 -55.26759196109455
2018.2089 -55.24 -55.19103447363461
2018.2922 -54.92 -55.07149090513015
2018.3756 -54.98 -54.97633221804711
2018.4589 -55.02 -54.95375215266462
2018.5422 -54.85 -54.86087717019483
2018.6256 -54.72 -54.712423878051396
2018.7089 -54.56 -54.65645336122783
2018.7922 -54.68 -54.67898373393643
2018.8756 -54.77 -54.540067477878395
2018.9589 -54.39 -54.39688216566843
2019.0422 -54.19 -54.200563633023634
2019.1256 -54.03 -54.03901979744846
2019.2089 -54.13 -53.89041059194821
2019.2922 -53.74 -53.75162223682291
2019.3756 -53.65 -53.687883413940504
2019.4589 -53.7 -53.70826080320776
2019.5422 -53.78 -53.73888792806042
2019.6256 -53.72 -53.754472672303194
2019.7089 -53.78 -53.760074826486175
2019.7922 -53.77 -53.7782340551441
2019.8756 -53.79 -53.73570312554051
2019.9589 -53.63 -53.64214696642169
2020.0422 -53.62 -53.40732710778528
2020.1256 -53.16 -53.16856981131462
2020.2089 -52.81 -52.86464268483236
2020.2922 -52.64 -52.65665916680288
2020.3756 -52.53 -52.541409138633725
2020.4589 -52.46 -52.45435939723886
2020.5422 -52.37 -52.36095148829499
2020.6256 -52.14 -52.36422288380515
2020.7089 -52.39 -52.439652002432524
2020.7922 -53.04 -52.95798844804547
2020.8756 -53.32 -53.00793358856723
2020.9589 -52.51 -52.80786101180109
2021.0422 -52.74 -52.556854229141
2021.1256 -52.33 -52.332723132655396
2021.2089 -51.93 -51.9300000002332
2021.2922 -50.83 -51.54523095380985
2021.3756 -51.16 -51.16000000006986
2021.4589 -51.12 -51.094618093228256
2021.5422 -50.99 -50.94250294893017
2021.6256 -50.7 -50.72786932766265
2021.7089 -50.51 -50.54503879089919
2021.7922 -50.44 -50.448330063713016
2021.8756 -50.4 -50.36153062450447
2021.9589 -50.23 -50.24504376610778
