2018.0422 -39.51 -39.523996446132145
2018.1256 -39.39 -39.3557775996046
2018.2089 -39.15 -39.08944446525916
2018.2922 -38.69 -38.8134953999133
2018.3756 -38.67 -38.847839187885796
2018.4589 -39.19 -39.15842136695013
2018.5422 -39.58 -39.468650520173185
2018.6256 -39.6 -39.69177739615065
2018.7089 -39.94 -40.00265729775573
2018.7922 -40.5 -40.48198450457976
2018.8756 -40.95 -40.64547527248706
2018.9589 -40.69 -40.685104198809064
2019.0422 -40.4 -40.4144135782761
2019.1256 -40.16 -40.17095454264581
2019.2089 -39.96 -39.865161997004115
2019.2922 -39.39 -39.59903621264486
2019.3756 -39.41 -39.452513148303524
2019.4589 -39.61 -39.536346215661666
2019.5422 -39.56 -39.54929710571896
2019.6256 -39.47 -39.58464700410128
2019.7089 -39.75 -39.711838458633146
2019.7922 -39.89 -39.83000062997044
2019.8756 -39.82 -39.74130550892247
2019.9589 -39.48 -39.54032254276109
2020.0422 -39.35 -39.352857223319596
2020.1256 -39.23 -39.194249462991664
2020.2089 -38.98 -39.096164709923926
2020.2922 -39.12 -39.235990101191796
2020.3756 -39.65 -39.61730179410581
2020.4589 -40.06 -40.037785850713874
2020.5422 -40.39 -40.296708331236616
2020.6256 -40.41 -40.451266324059965
2020.7089 -40.58 -40.50022778643062
2020.7922 -40.48 -40.44060276110642
2020.8756 -40.24 -40.20545904419976
2020.9589 -39.88 -39.87714878377258
2021.0422 -39.51 -39.49689926781807
2021.1256 -39.09 -39.23370798998457
2021.2089 -39.12 -39.04356490080622
2021.2922 -38.87 -38.932447515004455
2021.3756 -38.84 -38.90613162464246
2021.4589 -39.04 -38.979809143308586
2021.5422 -39.03 -38.97865662229865
2021.6256 -38.84 -38.791093635820125
2021.7089 -38.47 -38.340547057791774
2021.7922 -37.69 -37.696790178412606
2021.8756 -36.98 -37.34213978284929
2021.9589 -37.05 -37.03321999408398
