2018.0422 -44.82 -44.79908841541892
2018.1256 -44.35 -44.40633499130429
2018.2089 -44.11 -44.37398463719114
2018.2922 -44.62 -44.539765228926356
2018.3756 -44.8 -44.93246528234782
2018.4589 -45.42 -45.45419938467276
2018.5422 -46.19 -45.904376987735816
2018.6256 -46.18 -46.21231937147356
2018.7089 -46.31 -46.407023695917204
2018.7922 -46.79 -46.609436862235874
2018.8756 -46.7 -46.704119098741394
2018.9589 -46.63 -46.312237616152885
2019.0422 -45.73 -45.73005436527655
2019.1256 -44.89 -45.47955642199489
2019.2089 -45.23 -45.2300000001746
2019.2922 -45.57 -45.44239551151765
2019.3756 -45.41 -45.69730745415124
2019.4589 -46.05 -46.04999999999849
2019.5422 -46.8 -46.16992801439713
2019.6256 -46.29 -46.29000000001303
2019.7089 -45.8 -46.47499999298077
2019.7922 -46.66 -46.65999995662292
2019.8756 -46.18 -46.116534078469314
2019.9589 -44.65 -45.065058256543
2020.0422 -44.17 -44.11123802066393
2020.1256 -43.35 -43.37182849496318
2020.2089 -42.62 -42.8671778873734
2020.2922 -42.6 -42.64453461014031
2020.3756 -42.77 -42.95345386149964
2020.4589 -43.52 -43.41841273931252
2020.5422 -43.9 -43.81086656489232
2020.6256 -43.97 -43.97000000009777
2020.7089 -44.55 -43.73500000000013
2020.7922 -43.5 -43.499999999851966
2020.8756 -43.13 -43.22294904983475
2020.9589 -43.09 -42.95390926327106
2021.0422 -42.6 -42.5781221165026
2021.1256 -42.03 -42.02411302381957
2021.2089 -41.44 -41.49128881917729
2021.2922 -41.03 -41.117571629620144
2021.3756 -40.92 -40.97705113033282
2021.4589 -41.01 -40.99018367383286
2021.5422 -41.03 -40.97268592520121
2021.6256 -40.85 -40.77730594777904
2021.7089 -40.42 -40.42000000000225
2021.7922 -39.99 -39.9958669937758
2021.8756 -39.58 -39.59419268274971
2021.9589 -39.22 -39.214067579157856
