2014.00140 1.105
2014.00410 0.599
2014.00690 0.261
2014.00960 0.805
2014.01230 0.664
2014.01510 0.474
2014.01780 0.4
2014.02060 0.54
2014.02330 0.684
2014.02600 0.074
2014.02880 -0.171
2014.03150 -0.059
2014.03420 -0.273
2014.03700 -0.285
2014.03970 -0.047
2014.04250 0.029
2014.04520 -0.06
2014.04790 -0.218
2014.05070 0.73
2014.05340 0.459
2014.05620 0.651
2014.06160 0.882
2014.06440 0.83
2014.06710 0.736
2014.06990 0.647
2014.07260 0.401
2014.07530 0.802
2014.07810 0.725
2014.08080 0.891
2014.08360 1.044
2014.08630 0.816
2014.08900 0.594
2014.09180 0.855
2014.09450 0.635
2014.09730 0.401
2014.10000 0.141
2014.10270 0.558
2014.10550 0.277
2014.10820 0.411
2014.11100 0.472
2014.11370 0.23
2014.11640 0.094
2014.11920 0.188
2014.12190 0.076
2014.12470 0.218
2014.12740 -0.154
2014.13010 -0.055
2014.13290 -0.163
2014.13560 -0.141
2014.13840 -0.106
2014.14110 0.1
2014.14380 -0.133
2014.14660 0.078
2014.14930 0.019
2014.15200 0.258
2014.15480 0.15
2014.15750 -0.171
2014.16030 0.541
2014.16300 0.083
2014.16570 0.192
2014.16850 -0.233
2014.17120 -0.101
2014.17400 0.37
2014.17670 -0.335
2014.17950 -0.014
2014.18220 -0.012
2014.18490 0.143
2014.18770 0.369
2014.19040 0.271
2014.19320 -0.02
2014.19590 0.459
2014.19860 0.303
2014.20140 0.175
2014.20410 0.184
2014.20690 -0.197
2014.20960 -0.288
2014.21230 -0.463
2014.21510 -0.526
2014.21780 -0.32
2014.22060 -0.761
2014.22330 -0.18
2014.22600 0.005
2014.22880 -0.088
2014.23150 0.377
2014.23430 -0.054
2014.23700 0.217
2014.23970 -0.365
2014.24250 -0.553
2014.24520 -0.793
2014.24790 -0.663
2014.25070 -0.891
2014.25340 -1.325
2014.25620 -1.288
2014.25890 -1.341
2014.26160 -1.353
2014.26440 -1.281
2014.26710 -0.972
2014.26990 -1.105
2014.27260 -1.05
2014.27530 -1.106
2014.27810 -1.084
2014.28080 -1.197
2014.28360 -1.087
2014.28630 -0.335
2014.28900 -0.294
2014.29180 -1.232
2014.29450 -1.318
2014.29730 -0.995
2014.30000 -0.47
2014.30270 -0.746
2014.30820 -0.011
2014.31100 -0.489
2014.31370 -0.334
2014.31640 -0.626
2014.31920 -0.734
2014.32190 -0.391
2014.32470 -0.186
2014.32740 0.3
2014.33010 -0.091
2014.33290 -0.528
2014.33560 -0.473
2014.33840 -0.409
2014.34110 0.125
2014.34380 0.069
2014.34660 0.056
2014.34930 0.288
2014.35210 0.174
2014.35480 -0.348
2014.35750 0.474
2014.36030 1.054
2014.36300 0.507
2014.36570 0.759
2014.36850 0.784
2014.37120 0.206
2014.37400 0.079
2014.37670 0.062
2014.37940 0.265
2014.38220 0.286
2014.38490 -0.012
2014.38770 -0.853
2014.39040 -0.461
2014.39320 -0.555
2014.39590 -0.215
2014.39860 0.089
2014.40140 0.072
2014.40410 0.331
2014.40690 0.755
2014.40960 -0.348
2014.41230 -0.852
2014.41510 -0.606
2014.41780 -0.792
2014.42060 -0.278
2014.42330 -0.161
2014.42600 -0.587
2014.42880 -0.406
2014.43150 -0.412
2014.43430 -0.267
2014.43700 0.779
2014.43970 0.509
2014.44250 0.234
2014.44520 0.805
2014.44800 0.423
2014.45070 0.71
2014.45340 0.295
2014.45620 0.332
2014.45890 1.046
2014.46160 -0.175
2014.46440 0.433
2014.46710 0.354
2014.46990 0.069
2014.47260 0.415
2014.47530 0.528
2014.47810 1.48
2014.48080 0.655
2014.48360 0.655
2014.48630 1.044
2014.48900 0.521
2014.49180 0.848
2014.49450 0.827
2014.49730 0.019
2014.50000 0.632
2014.50270 0.855
2014.50550 0.699
2014.51100 0.463
2014.51370 0.824
2014.51640 0.588
2014.51920 1.421
2014.52190 0.966
2014.52470 0.4
2014.52740 1.029
2014.53010 1.447
2014.53290 1.04
2014.53560 0.592
2014.53840 0.221
2014.54110 0.207
2014.54380 0.565
2014.54660 0.111
2014.54930 1.238
2014.55210 0.241
2014.55480 -0.123
2014.55750 0.424
2014.56300 -0.405
2014.56580 0.032
2014.56850 -0.129
2014.57120 -0.1
2014.57670 0.011
2014.57950 -0.78
2014.58220 -1.14
2014.58770 0.258
2014.59310 -0.549
2014.59590 0.061
2014.59860 -0.034
2014.60140 0.063
2014.60680 -0.032
2014.60960 -0.676
2014.61230 -0.531
2014.61510 -0.259
2014.61780 0.523
2014.62060 -0.119
2014.62330 0.011
2014.62600 0.518
2014.62880 0.023
2014.63150 0.622
2014.63430 0.829
2014.63700 0.18
2014.63970 0.141
2014.64250 -0.395
2014.64520 0.289
2014.64800 0.865
2014.65070 0.46
2014.65340 0.31
2014.65620 0.087
2014.65890 -0.041
2014.66160 1.157
2014.66440 0.354
2014.66710 0.322
2014.66990 0.409
2014.67260 0.541
2014.67530 0.994
2014.67810 1.017
2014.68080 0.643
2014.68360 0.536
2014.68630 0.353
2014.68900 0.553
2014.69180 -0.152
2014.69450 -0.14
2014.69730 0.292
2014.70000 0.53
2014.70270 -0.052
2014.70550 0.077
2014.70820 0.496
2014.71100 0.35
2014.71370 0.282
2014.71640 -0.215
2014.71920 0.106
2014.72470 -0.144
2014.72740 0.39
2014.73010 0.441
2014.73290 0.507
2014.73560 -0.357
2014.73840 0.342
2014.74110 0.018
2014.74380 -0.177
2014.74660 0.254
2014.74930 0.162
2014.75210 0.559
2014.75480 0.59
2014.75750 -0.56
2014.76030 -0.331
2014.76300 0.081
2014.76580 0.178
2014.76850 -0.024
2014.77120 -0.212
2014.77400 0.25
2014.77670 -0.493
2014.77950 -0.698
2014.78220 0.251
2014.78770 -0.032
2014.79040 0.127
2014.79320 0.21
2014.79590 0.389
2014.80140 0
2014.80410 0.132
2014.80680 0.047
2014.80960 0.527
2014.81510 0.089
2014.81780 -0.061
2014.82050 0.139
2014.82330 0.536
2014.82600 0.207
2014.82880 -0.103
2014.83150 0.609
2014.83430 0.481
2014.83700 0.485
2014.83970 0.434
2014.84250 0.118
2014.84520 0.082
2014.84800 -0.061
2014.85070 0.109
2014.85340 0.178
2014.85620 0.188
2014.85890 0.224
2014.86160 0.519
2014.86440 0.448
2014.86710 0.534
2014.86990 0.081
2014.87260 0.391
2014.87530 -0.236
2014.87810 -0.028
2014.88080 0.006
2014.88360 0.47
2014.88630 0.49
2014.88900 0.169
2014.89180 -0.002
2014.89450 -0.481
2014.89730 0.056
2014.90000 0.402
2014.90270 0.492
2014.90550 0.242
2014.90820 0.455
2014.91100 -0.027
2014.91370 -0.169
2014.91640 0.586
2014.91920 0.499
2014.92190 0.366
2014.92470 0.615
2014.92740 0.617
2014.93010 0.313
2014.93290 -0.154
2014.93560 0.082
2014.93840 -0.092
2014.94110 0.003
2014.94380 -0.073
2014.94660 0.38
2014.94930 -0.147
2014.95210 -0.597
2014.95480 -0.216
2014.95750 0.131
2014.96030 0.331
2014.96300 -0.233
2014.96580 -0.232
2014.96850 0.377
2014.97120 0.151
2014.97400 0.405
2014.97670 -0.222
2014.97950 -0.359
2014.98220 -0.112
2014.98490 -0.17
2014.98770 -0.002
2014.99040 0.605
2014.99320 0.56
2014.99590 0.264
2014.99860 0.205
2015.00140 0.541
2015.00410 0.177
2015.00690 0.354
2015.00960 0.831
2015.01230 0.375
2015.01510 0.471
2015.01780 -0.022
2015.02060 0.114
2015.02330 0.047
2015.02600 0.143
2015.02880 -0.106
2015.03150 -0.175
2015.03420 -0.275
2015.03700 -0.026
2015.03970 0.047
2015.04250 -0.133
2015.04520 0.32
2015.04790 0.151
2015.05070 0.325
2015.05340 0.182
2015.05620 0.173
2015.05890 0.521
2015.06160 0.46
2015.06440 -0.003
2015.06710 0.108
2015.06990 -0.055
2015.07260 0.267
2015.07530 -0.193
2015.07810 -0.16
2015.08080 -0.075
2015.08360 0.041
2015.08630 -0.056
2015.08900 -0.112
2015.09180 -0.348
2015.09450 0.147
2015.09730 0.191
2015.10000 -0.082
2015.10270 -0.211
2015.10550 0.274
2015.10820 0.395
2015.11100 0.491
2015.11370 0.267
2015.11640 0.676
2015.11920 0.593
2015.12190 0.321
2015.12470 -0.165
2015.12740 0.166
2015.13010 0.065
2015.13290 0.164
2015.13560 -0.106
2015.13840 0.236
2015.14110 0.249
2015.14380 0.646
2015.14660 0.574
2015.14930 0.569
2015.15200 0.171
2015.15480 0.288
2015.15750 0.043
2015.16030 -0.132
2015.16300 0.776
2015.16570 0.342
2015.16850 0.271
2015.17120 0.374
2015.17400 0.276
2015.17670 0.337
2015.17950 0.374
2015.18220 -0.24
2015.18490 0.118
2015.18770 0.211
2015.19040 0.555
2015.19320 0.704
2015.19590 0.148
2015.19860 0.335
2015.20410 0.718
2015.20690 0.421
2015.20960 0.636
2015.21230 0.392
2015.21510 0.103
2015.21780 0.227
2015.22060 -0.025
2015.22330 -0.328
2015.22600 -0.26
2015.22880 -0.254
2015.23150 0.299
2015.23430 0.261
2015.23700 0.277
2015.23970 0.217
2015.24250 0.686
2015.24520 0.208
2015.24790 0.484
2015.25070 0.614
2015.25340 0.954
2015.25620 0.488
2015.25890 -0.073
2015.26160 0.01
2015.26440 -0.227
2015.26710 -0.077
2015.26990 -0.193
2015.27260 -0.379
2015.27530 -0.277
2015.27810 -0.266
2015.28080 0.287
2015.28360 1.173
2015.28630 0.542
2015.28900 0.263
2015.29180 0.399
2015.29450 0.406
2015.29730 0.103
2015.30000 0.715
2015.30270 0.943
2015.30550 0.381
2015.30820 0.303
2015.31100 0.241
2015.31370 0.436
2015.31640 0.655
2015.31920 0.519
2015.32190 0.337
2015.32470 0.354
2015.32740 0.676
2015.33010 0.184
2015.33290 -0.046
2015.33560 -0.009
2015.33840 0.189
2015.34110 0.161
2015.34380 0.182
2015.34660 0.164
2015.34930 0.133
2015.35210 -0.148
2015.35480 -0.004
2015.35750 0.831
2015.36030 1.518
2015.36300 0.834
2015.36570 0.512
2015.36850 0.585
2015.37120 0.501
2015.37400 0.907
2015.37670 0.768
2015.37940 0.45
2015.38220 0.422
2015.38490 0.475
2015.38770 0.702
2015.39590 0.952
2015.39860 0.485
2015.40140 0.903
2015.40410 0.847
2015.40690 0.751
2015.41230 0.977
2015.41510 -0.095
2015.41780 -0.163
2015.42060 0.898
2015.42330 0.973
2015.42600 0.453
2015.42880 0.303
2015.43150 0.668
2015.43430 0.7
2015.43700 0.455
2015.43970 0.753
2015.44250 0.88
2015.44520 0.838
2015.44800 0.746
2015.45070 0.627
2015.45340 0.269
2015.45620 0.553
2015.45890 0.837
2015.46160 0.701
2015.46440 0.662
2015.46710 0.963
2015.46990 1.268
2015.47260 1.243
2015.47530 0.946
2015.47810 0.932
2015.48080 1.278
2015.48360 0.724
2015.48630 0.062
2015.49180 0.678
2015.49450 0.99
2015.49730 1.191
2015.50000 0.602
2015.50270 1.17247
2015.50550 0.48847
2015.50820 0.77147
2015.51100 0.97247
2015.51370 1.28047
2015.51640 0.24147
2015.51920 0.63347
2015.52470 0.32447
2015.53290 0.48347
2015.53560 0.32847
2015.54110 -0.65553
2015.54380 -0.04453
2015.54660 0.57247
2015.54930 0.28347
2015.55210 0.17047
2015.55480 0.41747
2015.56300 0.66747
2015.56580 0.77247
2015.56850 0.95447
2015.57120 0.98347
2015.57400 0.68947
2015.57670 0.49647
2015.57950 0.63747
2015.58220 0.71447
2015.58490 0.79247
2015.59040 0.41847
2015.59590 0.12247
2015.59860 0.32347
2015.60140 0.56747
2015.60410 -0.02053
2015.60680 -0.38653
2015.60960 -0.11253
2015.61230 0.17847
2015.61510 0.47447
2015.62060 -0.01753
2015.62330 -0.05653
2015.62600 -0.06753
2015.62880 -0.21153
2015.63150 -1.26353
2015.63430 -0.61253
2015.63700 0.33847
2015.64250 0.20047
2015.64520 -0.79753
2015.64800 0.59547
2015.65070 -0.28453
2015.65340 0.08447
2015.65620 0.42047
2015.65890 0.36347
2015.66160 0.42247
2015.66440 -0.18653
2015.66710 0.01547
2015.66990 0.03247
2015.67530 -0.03153
2015.67810 1.40947
2015.68080 0.52547
2015.68360 0.66947
2015.68900 0.10847
2015.69180 -0.52553
2015.69450 -0.25753
2015.69730 0.46047
2015.70000 0.54847
2015.70270 0.30947
2015.70550 -0.03353
2015.70820 -0.18553
2015.71100 -0.39753
2015.71370 -0.19653
2015.71640 0.28347
2015.71920 0.24047
2015.72190 0.61347
2015.72470 0.47847
2015.72740 0.61047
2015.73010 0.55947
2015.73290 0.45647
2015.73560 0.41247
2015.73840 -0.17753
2015.74110 -0.81853
2015.74380 -0.25553
2015.74660 0.22347
2015.74930 0.34247
2015.75210 0.80047
2015.75480 0.18447
2015.75750 0.69347
2015.76300 0.39247
2015.76580 0.48347
2015.76850 0.05047
2015.77120 0.04147
2015.77400 -0.05553
2015.77670 0.29547
2015.77950 0.08247
2015.78220 0.15247
2015.78490 0.17947
2015.78770 0.19947
2015.79040 0.15947
2015.79320 -0.33753
2015.79590 0.05647
2015.79860 0.59047
2015.80140 -0.06453
2015.80410 0.05047
2015.80680 -0.24553
2015.80960 0.29047
2015.81230 -0.56253
2015.81510 -0.10653
2015.81780 -0.16053
2015.82050 0.36747
2015.82330 -0.37053
2015.82600 -0.53353
2015.82880 -0.36853
2015.83150 -0.26653
2015.83430 0.17947
2015.83700 0.22547
2015.83970 0.36247
2015.84250 0.11047
2015.84520 -0.20153
2015.84800 -0.50453
2015.85070 -0.64253
2015.85340 -0.32553
2015.85620 -0.07553
2015.85890 -0.21153
2015.86160 -0.28753
2015.86440 0.11547
2015.86710 0.24947
2015.86990 0.74447
2015.87260 0.34247
2015.87530 0.40847
2015.87810 0.01047
2015.88080 0.26747
2015.88360 -0.11253
2015.88630 0.11547
2015.90270 1.05347
2015.90550 0.13647
2015.90820 0.17147
2015.91100 0.08847
2015.91370 0.26347
2015.91640 -0.04053
2015.91920 0.35047
2015.92190 0.61647
2015.92470 0.64647
2015.92740 -0.03353
2015.93010 -0.15853
2015.93290 -0.20953
2015.93560 -0.42853
2015.93840 -0.18453
2015.94110 -0.06153
2015.94380 -0.20753
2015.94660 -0.55653
2015.94930 -0.13853
2015.95210 -0.10453
2015.95480 -0.22153
2015.97400 -0.28053
2015.97670 -0.51853
2015.97950 -0.28653
2015.98220 -0.08653
2015.98490 -0.51553
2015.98770 -0.23653
2015.99040 -0.18153
2015.99320 -0.21253
2015.99590 -0.33453
2015.99860 -0.17853
2016.00140 -0.01453
2016.00410 0.25047
2016.00680 0.04847
2016.00960 -0.01153
2016.01230 -0.10553
2016.01500 -0.04853
2016.01780 -0.07853
2016.02050 -0.05453
2016.02320 -0.29353
2016.02600 -0.54653
2016.02870 -0.49553
2016.03140 0.18947
2016.03420 0.42247
2016.03690 0.37847
2016.03960 0.17147
2016.04230 0.05147
2016.04510 0.26447
2016.04780 0.66547
2016.05050 0.07247
2016.05330 -0.28953
2016.05600 -0.56953
2016.05870 -0.61353
2016.06150 -0.28553
2016.06420 0.62547
2016.06690 0.23147
2016.06970 0.12947
2016.07240 0.05447
2016.07510 -0.41953
2016.07790 -0.43753
2016.08060 -0.33053
2016.08330 -0.19553
2016.08610 -0.00953
2016.08880 0.21747
2016.09150 -0.11453
2016.09430 -0.12553
2016.09700 -0.16653
2016.09970 -0.15853
2016.10250 -0.00553
2016.10520 0.32247
2016.10790 0.16747
2016.11070 -0.03953
2016.11340 -0.19353
2016.11610 0.07347
2016.11890 -0.31853
2016.12160 0.29047
2016.12430 0.06547
2016.12710 -0.01253
2016.12980 0.27247
2016.13250 -0.22053
2016.13530 -0.09053
2016.13800 -0.04653
2016.14070 -0.32553
2016.14340 -0.79553
2016.14620 -0.44753
2016.14890 -0.37253
2016.15160 -0.46653
2016.15440 -0.34153
2016.15710 -0.26253
2016.15980 -0.43953
2016.16260 0.02147
2016.16530 0.14047
2016.16800 0.24147
2016.17080 0.16447
2016.17350 -0.71353
2016.17620 -0.21253
2016.17900 0.18247
2016.18170 -0.25653
2016.18440 -0.52953
2016.18720 -0.42653
2016.18990 -0.05653
2016.19260 -0.01753
2016.19540 -0.33353
2016.19810 -0.27653
2016.20080 0.20347
2016.20360 0.15347
2016.20630 0.51347
2016.20900 0.54247
2016.21170 0.25247
2016.21450 -0.15753
2016.21720 -0.22153
2016.21990 -0.11453
2016.22270 -0.39153
2016.22540 -0.67553
2016.22810 -0.80753
2016.23090 -0.61653
2016.23360 0.03047
2016.23630 0.07647
2016.23910 -0.08453
2016.24180 -0.26653
2016.24450 0.18547
2016.24730 -0.15953
2016.25000 -0.62753
2016.25270 -0.74853
2016.25550 -0.52053
2016.25820 -0.22253
2016.26090 -0.26053
2016.26370 -0.23453
2016.26640 -0.87453
2016.26910 -0.40253
2016.27190 -0.89653
2016.27460 -1.10153
2016.27730 -0.31853
2016.28010 -0.27853
2016.28280 -0.19953
2016.28550 -0.49953
2016.28830 -0.61253
2016.29100 -0.67153
2016.29370 -0.24853
2016.29650 -0.17653
2016.29920 -0.62253
2016.30190 -0.22353
2016.30460 0.15047
2016.30740 0.10447
2016.31010 -0.21853
2016.31280 -0.00853
2016.31560 -0.63253
2016.31830 0.04747
2016.32100 -0.46953
2016.32380 -0.29953
2016.32650 0.11247
2016.32920 0.12747
2016.33200 0.02047
2016.33470 -0.40453
2016.33740 0.63447
2016.34020 0.11447
2016.34290 -0.43353
2016.34560 -0.41953
2016.34840 0.04347
2016.35110 -0.17053
2016.35380 -0.15953
2016.35660 0.78447
2016.35930 0.26147
2016.36200 -0.07453
2016.36480 0.06547
2016.36750 -0.81053
2016.37020 -0.07453
2016.37290 0.44347
2016.37570 -0.27453
2016.37840 -0.34753
2016.38110 -0.10853
2016.38390 -0.73853
2016.38660 -0.96953
2016.38930 -0.25353
2016.39210 -0.30953
2016.39480 -0.16953
2016.39750 -0.77253
2016.40030 -0.65553
2016.40300 -0.87553
2016.40570 -0.63453
2016.40850 -0.05553
2016.41120 -1.19453
2016.41390 -0.95953
2016.41670 -1.11853
2016.41940 -0.90853
2016.42210 -0.67753
2016.42490 -1.41153
2016.42760 -0.40553
2016.43030 -0.01653
2016.43310 -0.89853
2016.43580 -1.14453
2016.43850 -0.09053
2016.44130 0.32447
2016.44400 -0.55253
2016.44670 -0.42653
2016.44950 -0.23653
2016.45220 -0.51753
2016.45490 -0.00153
2016.45770 0.13147
2016.46040 -0.35953
2016.46310 -0.90653
2016.46860 -0.52353
2016.47130 -0.66253
2016.47400 -0.04753
2016.47680 -0.32653
2016.47950 -0.33953
2016.48220 -0.52353
2016.48500 -0.48353
2016.48770 -0.14653
2016.49040 -0.14553
2016.49320 0.36047
2016.49590 -0.58353
2016.49860 1.27247
2016.50140 0.10847
2016.50680 -0.04453
2016.51230 -0.48253
2016.51500 0.19647
2016.51780 -0.30253
2016.52050 0.29747
2016.52320 0.58247
2016.52600 0.54247
2016.52870 -0.36753
2016.53140 -0.20253
2016.53420 -0.30553
2016.53690 -0.16053
2016.53960 -0.47853
2016.54230 -0.21453
2016.54510 -0.13353
2016.55050 -0.80153
2016.55330 -1.14453
2016.55870 -1.26923
2016.56150 0.47277
2016.56420 -0.38823
2016.56970 0.28177
2016.57240 -0.76423
2016.57510 -0.74423
2016.57790 -0.16323
2016.58060 0.51477
2016.58330 -0.33723
2016.58610 -0.93023
2016.58880 0.21277
2016.59150 0.66577
2016.59430 -0.13923
2016.60520 -0.21923
2016.60790 0.83577
2016.61070 -0.11723
2016.61340 1.36877
2016.61610 0.18077
2016.61890 -0.96823
2016.62160 0.41577
2016.62430 0.27677
2016.62710 0.39577
2016.62980 0.43877
2016.63250 -0.05723
2016.63530 0.21677
2016.63800 -0.04023
2016.64070 0.43577
2016.64620 0.30877
2016.64890 -0.32823
2016.65160 0.48377
2016.65440 -0.32923
2016.65710 0.25177
2016.65980 0.46777
2016.66260 0.84277
2016.66530 2.30377
2016.66800 0.67077
2016.67080 0.77877
2016.67350 0.28077
2016.67620 0.26177
2016.67900 0.30377
2016.68170 0.37377
2016.68440 0.91077
2016.68720 0.82877
2016.68990 0.41677
2016.69260 0.45277
2016.69540 -0.19323
2016.69810 -0.21923
2016.70080 0.15077
2016.70360 0.23177
2016.70630 -0.30723
2016.70900 0.47377
2016.71170 -0.03623
2016.71450 -0.32423
2016.71720 0.30877
2016.71990 0.10377
2016.72270 -0.06223
2016.72540 0.43177
2016.72810 0.27977
2016.73090 0.24077
2016.73360 0.04177
2016.73630 -0.02523
2016.73910 -0.25723
2016.74180 -0.20723
2016.74450 -0.12523
2016.74730 -0.14323
2016.75270 -0.12623
2016.75550 0.38377
2016.75820 -0.35723
2016.76090 -0.43623
2016.76370 -0.20123
2016.76640 -0.53123
2016.76910 -0.00723
2016.77190 0.21577
2016.77460 -0.16923
2016.77730 -0.49923
2016.78010 -0.38023
2016.78280 -0.23623
2016.78550 -0.51423
2016.78830 -0.38323
2016.79100 -0.47023
2016.79370 -0.10423
2016.79650 -0.33423
2016.79920 -0.30223
2016.80190 -0.13223
2016.80460 -0.13823
2016.80740 -0.70723
2016.81010 -0.12923
2016.81280 -0.20323
2016.81560 0.51677
2016.81830 -0.22623
2016.82100 -0.48723
2016.82650 -0.14223
2016.82920 -0.24223
2016.83200 -0.52623
2016.83470 -0.32123
2016.83740 -0.39823
2016.84020 0.23677
2016.84290 0.50077
2016.84560 -0.09323
2016.84840 -0.80423
2016.85110 -0.82423
2016.85380 -0.29023
2016.85660 -0.08723
2016.85930 -0.04923
2016.86200 -0.12523
2016.86480 -0.18023
2016.86750 -0.22923
2016.87020 -0.51123
2016.87290 -0.28923
2016.87570 -0.63023
2016.87840 -0.13423
2016.88110 0.06777
2016.88390 -0.17323
2016.88660 -0.35823
2016.88930 -0.89923
2016.89210 -0.53323
2016.89480 -0.48623
2016.89750 -0.43023
2016.90030 -0.58123
2016.90300 -0.60423
2016.90570 -0.55223
2016.90850 -0.80723
2016.91120 -0.58523
2016.91390 -0.41823
2016.91670 -0.49923
2016.91940 -0.34523
2016.92210 -0.33523
2016.92490 -0.31723
2016.92760 -0.42223
2016.93030 -0.03423
2016.93310 -0.36423
2016.93580 -0.15923
2016.93850 -0.43323
2016.94130 -0.34323
2016.94400 -0.40923
2016.94670 -0.67823
2016.94950 -0.56023
2016.95220 -0.06323
2016.95490 0.00377
2016.95770 0.14377
2016.96040 -0.10923
2016.96310 -0.17623
2016.96590 -0.01323
2016.96860 -0.28323
2016.97130 -0.59123
2016.97400 0.18177
2016.97680 0.11377
2016.97950 -0.48323
2016.98220 0.02777
2016.98500 -0.11523
2016.98770 0.11177
2016.99040 -0.19823
2016.99320 -0.00523
2016.99590 0.20577
2017.00140 0.13777
2017.00410 0.25677
2017.00690 0.43277
2017.00960 0.11077
2017.01230 0.05177
2017.01510 0.26977
2017.01780 1.18377
2017.02060 0.84877
2017.02330 0.56477
2017.02600 0.43477
2017.02880 0.38677
2017.03150 0.34877
2017.03420 0.15677
2017.03700 0.04277
2017.03970 -0.35123
2017.04250 -0.31323
2017.04520 -0.37223
2017.04790 -0.36323
2017.05070 -0.26223
2017.05340 -0.06523
2017.05620 -0.61823
2017.05890 -0.24323
2017.06160 -0.66223
2017.06440 -0.71723
2017.06710 -0.14423
2017.06990 -0.13623
2017.07260 0.22377
2017.07530 -0.38223
2017.07810 -0.36423
2017.08080 0.35777
2017.08360 -0.33123
2017.08630 -0.07923
2017.08900 0.14377
2017.09180 0.04977
2017.09450 0.29277
2017.09730 0.18077
2017.10000 0.25777
2017.10270 -0.21623
2017.10550 -0.14523
2017.10820 0.49177
2017.11100 0.09777
2017.11370 0.07277
2017.11640 -0.12023
2017.11920 -0.31423
2017.12190 -0.04023
2017.12470 0.57577
2017.12740 0.02877
2017.13010 0.17077
2017.13290 0.33377
2017.13560 0.18677
2017.13840 0.07377
2017.14110 -0.42323
2017.14380 -0.82823
2017.14660 -0.13923
2017.14930 -0.24423
2017.15200 -0.45923
2017.15480 0.00677
2017.15750 -0.01123
2017.16030 -0.08823
2017.16300 -0.02523
2017.16570 0.73577
2017.16850 0.08577
2017.17120 -0.07023
2017.17400 -0.10623
2017.17670 0.24877
2017.17950 0.34877
2017.18220 0.42477
2017.18490 0.20777
2017.18770 0.16277
2017.19040 -0.32623
2017.19320 -0.35223
2017.19590 -0.20423
2017.19860 -0.12923
2017.20140 -0.12623
2017.20410 -0.42623
2017.20690 -0.11723
2017.20960 -0.47423
2017.21230 -0.72123
2017.21510 -0.75723
2017.21780 -0.36723
2017.22060 -0.49023
2017.22330 -0.73223
2017.22600 -0.65823
2017.22880 -0.51623
2017.23150 -0.52723
2017.23430 -0.40923
2017.23700 -0.58823
2017.23970 -0.34123
2017.24250 -0.53423
2017.24520 -0.67223
2017.24790 -0.36523
2017.25070 -0.52023
2017.25340 -0.42723
2017.25620 -0.36423
2017.25890 -0.24923
2017.26160 0.20077
2017.26440 -0.52123
2017.26710 -0.67123
2017.26990 -0.60123
2017.27260 -0.57423
2017.27530 -0.28023
2017.27810 0.01877
2017.28080 -0.27323
2017.28360 -0.07923
2017.28630 -0.23523
2017.28900 -0.28723
2017.29180 0.14277
2017.29450 0.27877
2017.29730 0.02277
2017.30000 -0.09023
2017.30270 0.35077
2017.30550 -0.19323
2017.30820 0.02477
2017.31100 -0.48523
2017.31370 -0.15223
2017.31640 -0.29723
2017.31920 0.27477
2017.32190 0.26177
2017.32470 0.49377
2017.32740 0.33177
2017.33010 0.07277
2017.33290 0.41377
2017.33560 0.02877
2017.33840 0.61677
2017.34110 0.21777
2017.34380 0.15977
2017.34660 0.50077
2017.34930 0.68977
2017.35210 0.07677
2017.35480 0.59377
2017.35750 0.23177
2017.36030 0.39877
2017.36300 -0.27823
2017.36570 -0.15723
2017.36850 0.07577
2017.37120 0.13177
2017.37400 0.07077
2017.37670 -0.38323
2017.37940 -0.05623
2017.38220 0.52177
2017.38490 -0.36823
2017.38770 -0.60623
2017.39040 0.00377
2017.39320 -0.10123
2017.39860 -0.00623
2017.40140 0.37277
2017.40410 -0.30923
2017.40960 -0.52123
2017.41230 0.13177
2017.41510 0.63077
2017.41780 -0.43623
2017.42060 -0.20123
2017.42330 -0.22223
2017.42600 -0.44823
2017.42880 -0.50823
2017.43150 -0.66223
2017.43430 -0.21923
2017.43700 0.09577
2017.43970 -0.28623
2017.44250 -0.67823
2017.44520 -0.72323
2017.44800 -1.01323
2017.45070 -0.53423
2017.45340 -0.78623
2017.45620 -0.75523
2017.45890 -0.44923
2017.46160 -0.42223
2017.46440 -0.71323
2017.46710 -0.30123
2017.46990 -0.02723
2017.47260 -1.24605
2017.47530 0.27095
2017.47810 -0.83705
2017.48080 -0.19805
2017.48630 -0.43105
2017.48900 -0.59805
2017.49180 -0.80405
2017.49730 0.03495
2017.50000 -0.19905
2017.50270 0.17395
2017.50550 -0.23105
2017.50820 -0.70305
2017.51100 -0.24405
2017.51370 -0.03805
2017.51640 -0.42805
2017.51920 -1.00105
2017.52190 0.33095
2017.52470 -0.54105
2017.52740 -0.40905
2017.53560 -0.29905
2017.53840 -0.98605
2017.54380 -0.74905
2017.54660 -0.81105
2017.54930 -0.17205
2017.55210 -1.61605
2017.55480 -0.80705
2017.55750 -0.77405
2017.56030 -0.49005
2017.56580 -0.87805
2017.56850 -1.00005
2017.57400 -0.79505
2017.57670 -0.35805
2017.57950 -1.07005
2017.58220 0.35495
2017.58490 -0.68605
2017.58770 -0.35305
2017.59310 -0.10405
2017.59590 -0.55005
2017.59860 -0.21805
2017.60140 0.19295
2017.60680 -0.15305
2017.60960 0.42395
2017.61230 -0.12905
2017.61510 -0.50805
2017.61780 -1.05205
2017.62060 -0.73905
2017.62330 -0.98305
2017.62600 -0.56505
2017.62880 -1.11505
2017.63150 -0.30705
2017.63430 -1.14305
2017.63700 -0.28305
2017.64250 -0.61605
2017.64520 -0.36805
2017.64800 -0.28505
2017.65070 -1.21705
2017.65340 -0.79505
2017.65620 -1.02205
2017.66160 -0.22505
2017.66440 -0.46505
2017.66710 -1.00505
2017.66990 -0.82805
2017.67260 -0.75905
2017.67530 -1.19105
2017.67810 -0.37805
2017.68080 -0.86705
2017.68360 -0.48205
2017.68630 -0.92805
2017.68900 -0.84305
2017.69180 -0.92505
2017.69450 -1.13505
2017.69730 -1.12905
2017.70000 -1.22805
2017.70270 -1.22905
2017.70550 -1.32805
2017.70820 -1.74605
2017.71100 -0.66505
2017.71640 -1.61105
2017.71920 -0.80805
2017.72190 -1.40505
2017.72470 -0.93505
2017.72740 -1.35605
2017.73010 -1.13205
2017.73290 -0.97405
2017.73560 -1.41805
2017.73840 -1.82705
2017.74110 -0.98005
2017.74380 -1.21105
2017.74660 -1.41405
2017.74930 -0.93305
2017.75210 -2.07905
2017.75480 -1.45905
2017.75750 -1.63505
2017.76030 -1.81705
2017.76300 -1.40105
2017.76580 -1.73905
2017.76850 -1.72305
2017.77120 -1.88505
2017.77400 -1.84305
2017.77670 -1.67005
2017.77950 -1.67905
2017.78220 -1.63105
2017.78490 -1.52105
2017.78770 -2.00905
2017.79040 -1.66105
2017.79320 -2.02705
2017.79590 -1.93605
2017.79860 -1.68705
2017.80140 -1.41305
2017.80410 -1.64105
2017.80680 -2.00405
2017.80960 -1.67805
2017.81230 -1.78405
2017.81510 -1.85005
2017.81780 -1.12505
2017.82050 -1.30705
2017.82330 -2.02205
2017.82600 -1.54805
2017.82880 -1.35405
2017.83150 -1.69705
2017.83430 -1.10805
2017.83700 -1.36405
2017.83970 -1.57405
2017.84250 -1.22805
2017.84520 -1.32605
2017.84800 -1.27205
2017.85070 -1.13105
2017.85340 -0.81005
2017.85620 -1.50105
2017.85890 -1.34805
2017.86160 -0.81005
2017.86440 -1.54205
2017.86710 -1.25705
2017.86990 -1.34705
2017.87260 -1.56805
2017.87530 -1.53105
2017.87810 -1.88805
2017.88080 -1.46505
2017.88360 -1.76405
2017.88630 -1.72505
2017.88900 -1.62105
2017.89180 -1.70805
2017.89450 -1.48905
2017.89730 -1.71005
2017.90000 -1.65805
2017.90270 -1.44705
2017.90550 -0.94805
2017.90820 -1.63505
2017.91100 -1.72605
2017.91370 -1.91705
2017.91640 -1.58305
2017.91920 -1.39405
2017.92190 -1.68305
2017.92470 -1.35105
2017.92740 -1.02405
2017.93010 -1.59205
2017.93290 -1.79305
2017.93560 -0.97005
2017.93840 -1.24305
2017.94110 -1.24905
2017.94380 -1.26105
2017.94660 -1.56705
2017.94930 -1.43405
2017.95210 -1.86405
2017.95480 -2.87997
2017.95750 -1.81297
2017.96030 -1.39497
2017.96300 -1.89597
2017.96580 -1.37097
2017.96850 -1.35597
2017.97120 -1.09197
2017.97400 -1.19697
2017.97670 -1.31497
2017.97950 -1.21997
2017.98220 -1.49797
2017.98490 -1.76597
2017.98770 -1.56297
2017.99040 -1.81097
2017.99320 -1.91197
2017.99590 -1.60597
2017.99860 -1.56197
2018.00140 -1.92297
2018.00410 -2.24697
2018.00690 -1.90097
2018.00960 -1.65497
2018.01230 -1.51697
2018.01510 -1.66697
2018.01780 -1.80397
2018.02060 -1.35497
2018.02330 -1.47797
2018.02600 -1.74497
2018.02880 -1.88397
2018.03150 -1.70997
2018.03420 -1.65197
2018.03700 -1.83997
2018.03970 -1.44197
2018.04250 -1.75897
2018.04520 -1.95797
2018.04790 -2.12797
2018.05070 -1.81397
2018.05340 -2.17897
2018.05620 -2.39497
2018.05890 -2.24797
2018.06160 -1.63997
2018.06440 -2.40697
2018.06990 -1.86697
2018.07260 -2.00297
2018.07530 -1.53897
2018.07810 -1.46097
2018.08080 -2.07397
2018.08360 -2.10697
2018.08630 -2.54897
2018.08900 -2.81897
2018.09180 -2.02897
2018.09450 -2.10697
2018.09730 -2.23297
2018.10000 -1.79097
2018.10270 -2.02497
2018.10550 -1.29497
2018.10820 -2.05997
2018.11100 -1.69797
2018.11370 -1.55997
2018.11640 -1.19197
2018.11920 -1.34297
2018.12190 -1.94597
2018.12470 -1.26497
2018.12740 -1.85897
2018.13010 -1.68297
2018.13290 -2.04397
2018.13560 -1.84697
2018.13840 -1.79797
2018.14110 -1.54597
2018.14380 -1.75997
2018.14660 -2.12197
2018.14930 -2.07897
2018.15200 -2.09497
2018.15480 -2.21997
2018.15750 -2.33797
2018.16030 -1.63997
2018.16300 -1.49997
2018.16570 -1.84097
2018.16850 -1.88097
2018.17120 -2.19297
2018.17400 -1.98297
2018.17670 -2.62897
2018.17950 -2.50397
2018.18220 -1.73097
2018.18490 -1.97497
2018.18770 -2.24997
2018.19040 -1.55697
2018.19320 -1.66897
2018.19590 -2.18397
2018.19860 -1.99197
2018.20140 -2.29497
2018.20410 -1.91397
2018.20690 -2.62597
2018.20960 -2.18797
2018.21230 -2.42297
2018.21510 -2.95997
2018.21780 -2.39197
2018.22060 -1.83197
2018.22330 -1.95897
2018.22600 -2.31497
2018.22880 -2.17097
2018.23150 -1.82497
2018.23430 -2.03597
2018.23700 -1.97797
2018.23970 -2.44497
2018.24250 -2.95597
2018.24520 -2.38797
2018.24790 -2.17297
2018.25070 -2.62997
2018.25340 -3.18897
2018.25620 -2.79897
2018.25890 -2.66897
2018.26160 -2.57697
2018.26440 -1.88397
2018.26710 -2.22197
2018.26990 -2.06997
2018.27260 -2.16697
2018.27530 -1.99597
2018.27810 -2.22497
2018.28080 -2.94845
2018.28360 -1.99745
2018.28630 -2.06545
2018.28900 -2.01545
2018.29180 -2.13745
2018.29450 -1.45545
2018.29730 -1.68145
2018.30270 -2.85745
2018.30820 -2.94045
2018.31100 -1.69845
2018.31370 -2.48345
2018.31640 -1.65245
2018.31920 -1.61745
2018.32190 -1.65845
2018.32470 -1.82845
2018.32740 -2.07845
2018.33010 -2.09845
2018.33290 -1.96145
2018.33560 -1.58445
2018.33840 -1.71345
2018.34110 -2.05245
2018.34380 -1.63745
2018.34660 -1.86945
2018.34930 -2.32945
2018.35210 -2.06845
2018.35480 -1.93745
2018.35750 -2.21945
2018.36030 -1.37045
2018.36300 -1.26145
2018.36570 -1.26445
2018.36850 -1.00545
2018.37120 -1.72145
2018.37400 -1.98345
2018.37670 -1.76245
2018.37940 -2.69845
2018.38490 -2.69345
2018.38770 -2.20045
2018.39040 -1.42345
2018.39320 -1.62745
2018.39590 -2.31445
2018.39860 -2.69745
2018.40140 -2.65245
2018.40410 -2.22545
2018.40690 -2.02645
2018.40960 -2.61045
2018.41230 -2.86845
2018.41510 -2.36545
2018.41780 -2.55645
2018.42060 -2.10245
2018.42330 -2.02445
2018.42600 -1.94045
2018.42880 -1.81545
2018.43150 -1.88245
2018.43430 -2.06545
2018.43700 -2.29845
2018.43970 -1.96945
2018.44250 -1.69945
2018.44520 -1.66545
2018.44800 -2.67345
2018.45070 -2.47645
2018.45340 -2.08545
2018.45620 -1.95645
2018.45890 -1.49145
2018.46160 -2.24945
2018.46440 -2.35245
2018.46710 -1.96045
2018.46990 -2.01845
2018.47260 -1.93145
2018.47530 -2.26645
2018.47810 -1.12145
2018.48080 -2.05445
2018.48360 -1.96945
2018.48630 -1.54145
2018.48900 -2.20945
2018.49180 -2.51245
2018.49450 -1.47345
2018.49730 -1.70645
2018.50000 -1.94245
2018.50270 -1.89045
2018.50550 -2.38145
2018.50820 -2.63345
2018.51100 -2.47845
2018.51370 -2.88545
2018.51640 -4.04245
2018.51920 -3.61145
2018.52190 -2.25245
2018.52470 -2.28645
2018.52740 -2.85545
2018.53560 -2.65945
2018.53840 -2.61745
2018.54110 -2.61945
2018.54380 -3.03645
2018.54660 -2.14974
2018.54930 -2.87274
2018.55210 -3.43474
2018.55750 -2.86774
2018.56300 -3.75874
2018.56580 -4.08274
2018.56850 -5.02474
2018.57120 -3.06174
2018.57400 -3.38474
2018.57670 -3.44174
2018.57950 -3.27174
2018.58220 -2.86074
2018.58490 -3.10374
2018.58770 -3.41374
2018.59040 -2.68574
2018.59310 -3.27974
2018.59590 -3.05874
2018.59860 -3.62274
2018.60140 -3.08074
2018.60410 -4.57874
2018.60680 -3.16874
2018.60960 -1.82374
2018.61510 -3.36774
2018.62060 -3.74174
2018.62330 -3.60374
2018.62600 -4.10574
2018.62880 -3.46874
2018.63430 -3.28674
2018.63700 -2.13974
2018.63970 -3.31974
2018.64250 -3.33074
2018.64520 -3.13174
2018.64800 -2.60474
2018.65070 -2.87274
2018.65340 -3.28074
2018.65620 -4.14774
2018.65890 -3.42874
2018.68360 -3.15074
2018.68630 -3.48874
2018.68900 -3.81374
2018.69180 -3.77674
2018.69450 -3.05974
2018.69730 -3.07574
2018.70000 -3.04474
2018.70270 -3.51274
2018.70550 -4.20374
2018.70820 -3.59974
2018.71920 -3.90074
2018.72190 -3.30174
2018.72470 -3.48874
2018.72740 -3.71874
2018.73010 -3.64874
2018.73560 -3.73174
2018.73840 -4.03774
2018.74110 -3.45074
2018.74380 -3.53974
2018.74660 -3.62574
2018.74930 -3.08474
2018.75210 -3.53274
2018.76580 -3.88274
2018.76850 -3.85074
2018.77120 -3.69374
2018.77400 -3.58974
2018.77670 -3.74974
2018.77950 -3.82574
2018.78220 -3.98774
2018.78490 -3.71874
2018.78770 -3.75274
2018.79040 -3.94974
2018.79320 -3.63474
2018.79590 -4.00074
2018.79860 -4.15974
2018.80140 -3.83374
2018.80410 -3.54574
2018.80680 -3.54474
2018.80960 -3.31874
2018.81230 -3.62774
2018.81510 -3.89274
2018.81780 -3.98674
2018.82050 -3.48974
2018.82330 -3.72974
2018.82600 -3.53874
2018.82880 -3.52974
2018.83150 -3.67174
2018.83430 -3.74974
2018.83700 -3.64874
2018.83970 -3.66274
2018.84250 -4.13474
2018.84520 -3.85974
2018.84800 -3.61774
2018.85070 -3.59474
2018.85340 -3.59674
2018.85620 -3.34474
2018.85890 -3.99474
2018.88630 -3.67874
2018.88900 -3.52774
2018.89180 -3.91674
2018.89450 -4.13174
2018.89730 -3.84074
2018.90000 -3.55674
2018.90270 -3.94974
2018.90550 -3.98674
2018.90820 -3.80774
2018.91100 -3.77074
2018.91370 -3.66374
2018.91640 -3.61274
2018.91920 -3.61874
2018.92190 -3.57774
2018.92470 -3.32074
2018.92740 -3.71074
2018.93010 -4.04874
2018.93290 -3.82474
2018.93560 -3.71374
2018.93840 -4.06774
2018.94110 -4.02474
2018.94380 -3.91674
2018.94660 -3.54174
2018.94930 -3.71974
2018.95210 -3.56974
2018.95480 -3.54874
2018.95750 -3.13874
2018.96030 -2.88274
2018.96300 -3.07274
2018.96580 -3.18574
2018.96850 -3.08474
2018.97120 -3.35674
2018.97400 -3.48274
2018.97670 -3.46874
2018.97950 -3.21874
2018.98220 -3.65874
2018.98490 -3.65974
2018.98770 -3.58574
2018.99040 -4.14474
2018.99320 -4.42774
2018.99590 -4.29774
2018.99860 -3.91474
2019.00140 -4.18774
2019.00410 -3.95174
2019.00690 -4.26174
2019.00960 -3.86974
2019.01230 -3.69274
2019.01510 -3.90374
2019.01780 -3.48374
2019.02060 -3.97974
2019.02330 -3.53574
2019.02600 -3.28374
2019.02880 -3.36774
2019.03150 -3.51774
2019.03420 -3.84474
2019.03700 -3.90474
2019.03970 -3.44074
2019.04250 -3.29874
2019.04520 -3.31174
2019.04790 -3.35174
2019.05070 -3.23374
2019.05340 -3.13074
2019.05620 -2.70574
2019.05890 -2.94174
2019.06160 -3.24574
2019.06440 -3.57474
2019.06710 -3.79574
2019.06990 -3.43374
2019.07260 -3.43674
2019.07530 -3.17574
2019.07810 -3.40674
2019.08080 -3.44074
2019.08360 -3.00674
2019.08630 -2.79874
2019.08900 -3.28374
2019.09180 -3.44874
2019.09450 -2.69874
2019.09730 -3.37774
2019.10000 -3.18274
2019.10270 -3.50674
2019.10550 -3.55474
2019.10820 -3.68574
2019.11100 -3.35574
2019.11370 -3.68574
2019.11640 -3.94074
2019.11920 -3.91574
2019.12190 -3.89574
2019.12470 -3.60074
2019.12740 -3.19174
2019.13010 -3.50374
2019.13290 -3.65574
2019.13560 -3.68474
2019.13840 -3.63574
2019.14110 -3.86374
2019.14380 -3.49174
2019.14660 -3.42474
2019.14930 -3.29774
2019.15200 -3.06474
2019.15480 -3.39174
2019.15750 -3.18874
2019.16030 -3.18074
2019.16300 -3.16974
2019.16570 -3.01374
2019.16850 -3.13274
2019.17120 -3.42774
2019.17400 -3.58574
2019.17670 -3.51174
2019.17950 -3.39874
2019.18220 -3.82774
2019.18490 -3.50574
2019.18770 -3.57974
2019.19040 -3.70574
2019.19320 -3.81474
2019.19590 -3.97974
2019.19860 -3.95974
2019.20140 -3.69774
2019.20410 -3.38274
2019.20690 -3.41474
2019.20960 -2.99374
2019.21230 -2.88974
2019.21510 -3.23074
2019.21780 -3.65274
2019.22060 -3.33774
2019.22330 -3.52674
2019.22600 -3.02974
2019.22880 -3.35674
2019.23150 -3.58274
2019.23430 -3.65074
2019.23700 -3.69674
2019.23970 -4.05274
2019.24250 -3.80174
2019.24520 -3.75874
2019.24790 -3.87074
2019.25070 -3.84674
2019.25340 -3.79374
2019.25620 -3.25374
2019.25890 -3.15874
2019.26160 -3.41874
2019.26440 -3.37074
2019.26710 -3.83274
2019.26990 -3.51374
2019.27260 -3.54774
2019.27530 -3.31874
2019.27810 -3.35674
2019.28080 -3.44074
2019.28360 -3.34874
2019.28630 -3.35274
2019.28900 -2.83374
2019.29180 -3.10274
2019.29450 -3.37074
2019.29730 -3.30374
2019.30000 -3.83374
2019.30270 -2.99974
2019.30550 -2.94474
2019.30820 -2.97374
2019.31100 -3.76074
2019.31370 -3.55674
2019.31640 -3.67474
2019.31920 -4.09274
2019.32190 -3.55974
2019.32470 -3.20274
2019.32740 -3.36574
2019.33010 -3.19174
2019.33290 -2.99474
2019.33560 -3.07774
2019.33840 -3.46274
2019.34110 -3.53474
2019.34380 -3.19274
2019.34660 -2.95974
2019.34930 -2.97374
2019.35210 -2.82774
2019.35480 -3.28974
2019.35750 -3.22274
2019.36030 -3.63774
2019.36300 -3.13574
2019.36570 -2.82574
2019.36850 -2.82774
2019.37120 -2.97174
2019.37400 -2.48974
2019.37670 -2.64274
2019.37940 -3.26574
2019.38220 -3.14974
2019.38490 -2.88774
2019.38770 -2.39574
2019.39040 -2.75774
2019.39320 -3.35174
2019.39590 -3.25074
2019.39860 -4.39774
2019.40140 -3.61774
2019.40410 -2.83674
2019.40690 -3.07774
2019.40960 -3.60274
2019.41230 -3.02974
2019.41510 -2.79474
2019.41780 -2.54274
2019.42060 -2.71374
2019.42330 -3.47974
2019.42880 -3.51974
2019.43150 -3.32474
2019.43430 -3.35074
2019.43700 -3.23374
2019.43970 -3.09574
2019.44250 -2.73374
2019.44520 -2.70774
2019.44800 -3.32874
2019.45070 -3.78874
2019.45340 -3.21574
2019.45620 -3.18074
2019.45890 -3.69374
2019.46160 -3.25174
2019.46440 -3.06274
2019.46710 -3.50974
2019.46990 -3.47774
2019.47260 -2.81074
2019.47530 -3.60474
2019.47810 -3.05574
2019.48080 -2.82874
2019.48360 -2.39774
2019.48630 -2.57874
2019.48900 -3.28074
2019.49180 -3.50874
2019.49450 -3.18574
2019.49730 -2.67074
2019.50000 -4.12174
2019.50270 -3.60374
2019.50550 -2.71474
2019.50820 -3.78574
2019.51100 -3.82574
2019.51370 -3.66474
2019.51640 -3.14274
2019.51920 -3.29574
2019.52190 -3.50274
2019.52470 -2.87074
2019.52740 -3.15774
2019.53010 -3.60174
2019.53290 -2.74274
2019.53560 -3.16974
2019.53840 -3.47074
2019.54380 -2.81774
2019.55210 -3.21674
2019.55480 -2.64474
2019.55750 -3.06774
2019.56030 -2.55674
2019.56300 -3.33374
2019.56580 -2.68574
2019.56850 -2.93574
2019.57120 -2.06774
2019.57400 -2.65274
2019.57670 -2.37774
2019.57950 -2.28974
2019.58770 -3.68574
2019.59040 -3.32874
2019.59310 -3.25274
2019.59590 -3.10174
2019.59860 -3.70974
2019.60140 -2.87874
2019.60410 -2.97374
2019.60680 -3.06274
2019.60960 -3.94374
2019.61230 -3.65374
2019.61510 -2.65774
2019.61780 -3.26874
2019.62060 -2.48774
2019.62330 -3.36374
2019.62600 -3.17274
2019.62880 -3.63374
2019.63150 -3.02874
2019.63430 -4.03874
2019.63700 -3.03274
2019.63970 -3.40874
2019.64250 -3.94674
2019.64520 -3.18474
2019.64800 -3.82374
2019.65070 -3.44074
2019.65340 -3.45974
2019.65620 -3.55474
2019.66160 -3.64074
2019.66440 -3.38674
2019.66710 -3.68674
2019.66990 -4.24474
2019.67260 -3.06974
2019.67530 -3.70774
2019.67810 -3.02174
2019.68080 -3.79374
2019.68360 -3.04874
2019.68630 -3.41774
2019.68900 -3.29074
2019.69180 -4.95374
2019.69450 -4.21574
2019.69730 -3.87774
2019.70270 -3.26874
2019.70550 -3.85174
2019.70820 -3.65574
2019.71100 -4.14874
2019.71370 -4.06074
2019.71640 -4.12274
2019.71920 -4.41374
2019.72190 -4.35474
2019.72470 -4.10274
2019.72740 -4.08474
2019.73010 -3.99674
2019.73290 -4.26874
2019.73560 -5.15074
2019.73840 -3.87374
2019.74110 -3.38474
2019.74380 -3.43174
2019.74660 -3.31974
2019.74930 -3.66574
2019.75210 -3.35874
2019.75480 -2.90474
2019.75750 -4.45374
2019.76030 -3.32674
2019.76300 -4.52774
2019.76580 -3.82674
2019.76850 -3.41274
2019.77120 -3.54974
2019.77400 -3.33574
2019.77670 -3.81774
2019.77950 -3.91574
2019.78220 -4.86674
2019.78490 -4.00874
2019.78770 -3.55674
2019.79040 -4.10974
2019.79320 -3.48774
2019.79590 -3.80874
2019.79860 -3.77574
2019.80140 -3.35274
2019.80410 -3.43274
2019.80680 -3.78874
2019.80960 -3.93074
2019.81230 -4.07074
2019.81510 -3.86974
2019.81780 -3.12274
2019.82050 -3.22274
2019.82330 -2.95574
2019.82600 -2.74374
2019.82880 -3.37774
2019.83150 -3.24974
2019.83430 -3.30474
2019.83700 -3.82374
2019.83970 -3.66074
2019.84250 -3.80174
2019.84520 -3.37474
2019.84800 -3.28874
2019.85070 -3.77774
2019.85340 -3.51574
2019.85620 -3.70274
2019.85890 -3.21874
2019.86160 -2.61174
2019.86440 -3.67574
2019.86710 -3.41474
2019.86990 -2.78774
2019.87260 -3.13474
2019.87530 -3.16574
2019.87810 -3.67874
2019.88080 -3.30674
2019.88360 -3.15974
2019.88630 -3.63374
2019.88900 -3.16574
2019.89180 -3.20174
2019.89450 -3.46274
2019.89730 -3.89074
2019.90000 -3.29374
2019.90270 -3.91774
2019.90550 -4.03974
2019.90820 -3.78074
2019.91100 -3.84474
2019.91370 -3.91874
2019.91640 -3.71274
2019.91920 -3.17774
2019.92190 -3.63874
2019.92470 -3.95874
2019.92740 -3.74574
2019.93010 -3.39774
2019.93290 -3.40274
2019.93560 -3.22274
2019.93840 -3.25274
2019.94110 -3.37574
2019.94380 -3.26174
2019.94930 -4.02374
2019.95210 -3.82774
2019.95480 -3.88474
2019.95750 -4.59674
2019.96030 -3.88274
2019.96300 -3.29974
2019.96580 -3.56474
2019.96850 -3.35974
2019.97120 -3.43974
2019.97400 -3.72874
2019.97670 -3.67074
2019.97950 -3.81774
2019.98220 -3.79374
2019.98490 -3.41574
2019.98770 -3.13274
2019.99040 -3.64174
2019.99320 -4.06774
2019.99590 -4.13774
2019.99860 -3.66374
2020.00140 -4.15074
2020.00410 -3.83474
2020.00680 -3.74974
2020.00960 -3.87974
2020.01230 -3.70474
2020.01500 -4.32274
2020.01780 -3.47674
2020.02050 -3.01074
2020.02320 -3.59974
2020.02600 -3.46074
2020.02870 -3.58074
2020.03140 -2.93274
2020.03420 -3.15474
2020.03690 -3.40874
2020.03960 -3.52574
2020.04230 -3.17874
2020.04510 -2.79574
2020.04780 -2.65274
2020.05050 -2.55674
2020.05330 -2.34774
2020.05600 -2.65374
2020.05870 -2.88974
2020.06150 -3.13174
2020.06420 -3.41074
2020.06690 -3.50574
2020.06970 -3.38074
2020.07240 -2.99874
2020.07510 -3.24474
2020.07790 -3.01674
2020.08060 -3.00674
2020.08330 -3.28474
2020.08610 -3.85874
2020.08880 -3.73774
2020.09150 -3.39774
2020.09430 -3.80574
2020.09700 -3.80074
2020.09970 -3.84174
2020.10250 -3.71274
2020.10520 -3.83974
2020.10790 -3.42274
2020.11070 -3.33574
2020.11340 -3.39474
2020.11610 -3.32674
2020.11890 -3.42474
2020.12160 -4.69674
2020.12430 -4.24074
2020.12710 -3.49274
2020.12980 -3.41374
2020.13250 -3.74474
2020.13530 -3.97874
2020.13800 -4.10774
2020.14070 -4.17574
2020.14340 -3.72174
2020.14620 -3.16974
2020.14890 -3.40874
2020.15160 -3.34774
2020.15440 -3.82274
2020.15710 -3.59674
2020.15980 -3.77674
2020.16260 -4.04074
2020.16530 -3.96474
2020.16800 -3.86274
2020.17080 -4.26974
2020.17350 -3.57474
2020.17620 -3.11774
2020.17900 -3.52974
2020.18170 -3.58674
2020.18440 -3.64474
2020.18720 -3.14474
2020.18990 -2.56574
2020.19260 -2.80774
2020.19540 -3.71474
2020.19810 -3.26374
2020.20080 -2.87074
2020.20360 -3.00674
2020.20630 -2.84874
2020.20900 -2.81974
2020.21170 -2.69474
2020.21450 -2.57674
2020.21720 -2.42474
2020.21990 -2.94574
2020.22270 -2.84474
2020.22540 -2.94974
2020.22810 -2.65074
2020.23090 -2.81174
2020.23360 -3.36874
2020.23630 -3.07374
2020.23910 -3.18974
2020.24180 -3.25274
2020.24450 -3.05174
2020.24730 -3.32774
2020.25000 -3.75374
2020.25270 -3.31974
2020.25550 -3.74274
2020.25820 -3.57874
2020.26090 -3.56674
2020.26370 -3.71074
2020.26640 -3.86874
2020.26910 -3.77374
2020.27190 -4.18474
2020.27460 -4.40974
2020.27730 -3.57574
2020.28010 -3.48974
2020.28280 -3.41674
2020.28550 -3.07974
2020.28830 -3.41574
2020.29100 -3.25174
2020.29370 -3.67574
2020.29650 -3.41874
2020.29920 -3.31474
2020.30190 -3.15174
2020.30460 -3.34874
2020.30740 -3.36874
2020.31010 -2.74674
2020.31280 -2.82274
2020.31560 -3.23974
2020.31830 -3.17374
2020.32100 -3.58974
2020.32380 -2.72274
2020.32650 -3.29274
2020.32920 -2.78574
2020.33200 -2.51874
2020.33470 -2.27574
2020.33740 -2.97274
2020.34020 -2.98574
2020.34290 -2.61974
2020.34560 -2.06674
2020.34840 -3.37674
2020.35110 -3.53674
2020.35380 -2.82774
2020.35660 -2.76274
2020.35930 -2.69874
2020.36200 -2.72074
2020.36480 -2.83874
2020.36750 -2.91474
2020.37020 -2.60574
2020.37290 -2.49874
2020.37570 -3.05774
2020.37840 -2.98774
2020.38110 -2.77574
2020.38390 -3.49174
2020.38660 -3.24574
2020.38930 -3.53074
2020.39210 -3.40774
2020.39480 -3.11674
2020.39750 -3.37374
2020.40030 -3.13274
2020.40300 -3.01274
2020.40570 -3.02574
2020.40850 -2.48174
2020.41120 -2.73474
2020.41390 -2.91374
2020.41670 -3.03974
2020.41940 -2.83474
2020.42210 -2.83474
2020.42490 -3.32074
2020.42760 -3.06274
2020.43030 -3.08974
2020.43310 -2.93174
2020.43580 -3.63874
2020.43850 -3.64874
2020.44130 -3.74174
2020.44400 -3.27274
2020.44670 -3.01374
2020.44950 -2.60574
2020.45220 -2.97774
2020.45490 -3.11474
2020.45770 -3.01474
2020.46040 -3.16474
2020.46310 -3.33274
2020.46590 -3.61374
2020.46860 -3.21874
2020.47130 -3.28174
2020.47400 -3.47174
2020.47680 -3.12574
2020.47950 -3.73974
2020.48220 -3.52374
2020.48500 -3.50674
2020.48770 -3.80374
2020.49040 -3.07374
2020.49320 -3.67074
2020.49590 -3.41874
2020.49860 -3.40574
2020.50140 -3.73774
2020.50410 -3.32874
2020.50680 -3.08674
2020.50960 -3.69074
2020.51230 -2.98174
2020.51500 -3.37774
2020.51780 -3.21074
2020.52050 -2.66774
2020.52320 -3.19574
2020.52600 -3.08074
2020.52870 -3.19574
2020.53140 -2.91874
2020.53420 -2.48974
2020.53960 -2.96774
2020.54230 -2.99974
2020.54510 -3.60774
2020.54780 -3.55574
2020.55050 -2.89074
2020.55330 -3.24574
2020.55600 -3.52274
2020.55870 -3.78374
2020.56420 -4.24374
2020.56690 -3.89474
2020.56970 -3.41674
2020.57240 -4.15774
2020.57510 -3.83374
2020.57790 -3.60374
2020.58060 -3.92774
2020.58610 -4.65174
2020.58880 -3.92274
2020.59150 -4.02274
2020.59430 -4.20374
2020.59700 -4.24274
2020.59970 -2.94474
2020.60250 -3.64774
2020.60520 -4.10174
2020.60790 -4.05274
2020.61070 -3.26174
2020.61340 -4.22174
2020.61610 -3.19074
2020.61890 -3.68874
2020.62160 -4.17474
2020.62430 -4.15674
2020.62710 -4.24574
2020.62980 -2.80974
2020.63530 -3.72174
2020.63800 -4.81774
2020.64070 -3.49474
2020.64620 -3.20574
2020.65440 -4.02874
2020.65980 -4.16674
2020.66260 -4.77274
2020.66530 -4.52974
2020.66800 -4.55974
2020.67080 -3.82174
2020.67620 -3.86174
2020.67900 -4.04974
2020.68170 -3.41474
2020.68440 -3.94774
2020.68720 -4.29274
2020.68990 -3.76274
2020.69260 -3.85974
2020.69540 -4.46574
2020.69810 -4.44074
2020.70080 -4.05774
2020.70360 -3.72574
2020.70630 -3.78974
2020.70900 -3.39874
2020.71170 -3.09974
2020.71450 -3.18874
2020.71720 -3.64474
2020.71990 -3.91074
2020.72270 -4.14374
2020.72540 -4.34574
2020.72810 -3.67074
2020.73090 -3.43874
2020.73360 -3.59274
2020.73630 -3.95674
2020.73910 -4.31274
2020.74180 -3.45574
2020.74450 -3.86174
2020.74730 -3.00174
2020.75000 -3.62474
2020.75270 -3.83774
2020.75550 -3.50174
2020.75820 -3.36074
2020.76090 -3.56774
2020.76370 -4.20274
2020.76640 -4.20674
2020.77190 -4.25674
2020.77460 -3.41074
2020.77730 -4.28474
2020.78010 -3.86974
2020.78280 -3.75374
2020.80460 -2.87974
2020.81560 -3.48474
2020.81830 -3.87474
2020.82100 -4.25874
2020.82380 -3.92774
2020.82650 -3.99874
2020.82920 -3.64574
2020.83200 -3.53674
2020.83470 -3.33474
2020.83740 -3.50774
2020.84020 -3.36074
2020.84290 -3.35974
2020.84560 -3.55974
2020.84840 -3.35774
2020.85110 -3.19274
2020.85380 -3.47374
2020.85660 -3.39174
2020.85930 -3.58974
2020.86200 -3.50274
2020.86480 -3.61774
2020.87020 -3.14574
2020.87290 -3.72474
2020.87570 -3.38374
2020.87840 -2.74374
2020.88110 -3.03274
2020.88390 -3.22374
2020.88660 -3.31574
2020.88930 -3.76874
2020.89210 -2.64174
2020.89480 -2.68874
2020.89750 -3.01874
2020.90030 -3.14574
2020.90300 -3.39874
2020.90570 -2.94874
2020.90850 -3.06574
2020.91120 -3.02574
2020.91390 -3.39674
2020.91670 -4.03874
2020.91940 -3.77874
2020.92210 -3.51574
2020.92490 -3.44974
2020.92760 -4.06374
2020.93030 -3.70574
2020.93310 -3.85274
2020.93580 -3.44574
2020.93850 -2.99274
2020.94130 -3.23874
2020.94400 -2.90974
2020.94670 -3.31874
2020.94950 -3.77874
2020.95220 -3.50374
2020.95490 -3.86374
2020.95770 -3.78774
2020.96040 -3.36274
2020.96310 -3.83274
2020.96590 -3.61574
2020.96860 -3.55474
2020.97130 -3.25074
2020.97400 -2.86274
2020.97680 -3.23574
2020.97950 -3.06774
2020.98220 -3.29874
2020.98500 -3.26274
2020.98770 -3.39774
2020.99040 -3.69874
2020.99320 -3.38574
2020.99590 -2.41974
2020.99860 -3.32474
2021.00140 -3.67174
2021.00410 -3.72574
2021.00690 -3.79574
2021.00960 -4.08874
2021.01230 -3.74374
2021.01510 -3.16874
2021.01780 -2.97874
2021.02060 -3.10374
2021.02330 -2.86174
2021.02880 -2.78174
2021.03150 -2.36674
2021.03420 -3.02274
2021.03700 -2.84774
2021.03970 -3.11774
2021.04250 -3.40474
2021.04520 -2.93174
2021.04790 -2.97774
2021.05070 -3.44274
2021.05340 -3.55374
2021.05620 -3.35774
2021.05890 -3.58074
2021.06160 -3.71274
2021.06440 -4.05974
2021.06710 -3.82274
2021.06990 -3.60674
2021.07260 -3.74574
2021.07530 -3.59274
2021.07810 -3.41974
2021.08080 -3.85274
2021.08360 -3.51574
2021.08630 -3.69974
2021.08900 -3.11874
2021.09180 -3.57174
2021.09450 -3.54374
2021.09730 -3.74474
2021.10000 -3.89874
2021.10270 -3.96674
2021.10550 -3.74674
2021.10820 -3.46374
2021.11100 -3.12174
2021.11370 -3.27074
2021.11640 -3.17074
2021.11920 -3.11174
2021.12190 -2.78874
2021.12470 -2.70174
2021.12740 -3.00974
2021.13010 -2.74774
2021.13290 -2.81574
2021.13560 -3.07374
2021.13840 -2.32174
2021.14110 -3.09374
2021.14380 -3.34874
2021.14660 -3.30874
2021.14930 -3.24974
2021.15200 -3.13874
2021.15480 -3.40474
2021.15750 -3.18674
2021.16030 -3.72374
2021.16300 -3.32974
2021.16570 -2.89074
2021.16850 -3.45274
2021.17120 -2.82274
2021.17400 -3.16174
2021.17670 -3.05674
2021.17950 -3.46674
2021.18220 -3.21974
2021.18490 -3.50274
2021.18770 -3.19774
2021.19040 -3.48674
2021.19320 -3.37274
2021.19590 -3.02874
2021.19860 -3.07074
2021.20140 -2.44774
2021.20410 -3.04674
2021.20690 -3.13674
2021.21510 -3.45874
2021.21780 -2.44274
2021.22060 -2.47874
2021.22330 -2.88574
2021.22600 -2.51274
2021.22880 -2.24374
2021.23150 -3.10474
2021.23430 -2.24474
2021.23700 -2.01374
2021.23970 -2.29574
2021.24250 -2.81074
2021.24520 -3.33774
2021.24790 -2.99574
2021.25070 -3.31774
2021.25340 -3.02974
2021.25620 -2.47674
2021.25890 -3.07874
2021.26160 -3.23874
2021.26440 -3.15274
2021.26710 -2.95374
2021.26990 -3.67474
2021.27260 -3.47874
2021.27530 -3.71774
2021.27810 -2.88774
2021.28080 -1.94574
2021.28360 -2.29874
2021.28630 -2.62674
2021.28900 -2.85274
2021.29180 -2.78274
2021.29450 -2.76374
2021.29730 -3.11074
2021.30000 -2.77774
2021.30270 -2.71374
2021.30550 -2.63674
2021.30820 -3.45474
2021.31100 -3.51274
2021.31370 -3.31974
2021.31640 -3.82474
2021.31920 -3.20874
2021.32190 -2.92174
2021.32470 -3.13674
2021.32740 -3.56974
2021.33010 -3.32274
2021.33840 -3.12174
2021.34110 -2.60574
2021.34380 -3.41974
2021.34660 -2.83474
2021.34930 -2.99374
2021.35210 -2.75174
2021.35480 -3.16474
2021.35750 -2.78974
2021.36030 -2.49374
2021.36300 -2.71674
2021.36570 -3.28074
2021.36850 -3.26574
2021.37120 -3.13274
2021.37400 -2.69974
2021.37670 -2.45474
2021.37940 -2.50174
2021.38220 -1.89674
2021.38490 -3.05774
2021.38770 -3.53374
2021.39040 -3.40574
2021.39320 -2.69574
2021.39590 -3.11374
2021.39860 -3.16074
2021.40140 -2.95874
2021.40410 -2.80374
2021.40690 -3.53974
2021.40960 -4.13774
2021.41230 -3.66374
2021.41510 -3.67374
2021.42060 -3.19974
2021.42600 -3.65274
2021.42880 -3.81274
2021.43150 -3.37874
2021.43700 -3.99074
2021.43970 -4.55974
2021.44250 -3.76074
2021.44520 -3.72174
2021.44800 -3.40074
2021.45070 -4.83274
2021.45340 -3.62374
2021.45620 -4.59674
2021.45890 -3.13974
2021.46160 -4.10874
2021.46440 -3.96174
2021.46710 -3.20174
2021.46990 -4.40974
2021.47260 -5.37174
2021.47530 -4.27274
2021.47810 -4.19374
2021.48080 -3.54274
2021.48360 -4.44274
2021.48630 -3.78074
2021.48900 -4.05274
2021.49180 -3.60974
2021.49450 -3.90374
2021.49730 -2.53874
2021.50550 -5.23174
2021.50820 -2.25474
2021.51100 -3.21574
2021.51370 -3.43974
2021.51640 -3.94574
2021.51920 -3.28874
2021.52190 -3.61674
2021.52470 -4.51474
2021.52740 -3.70274
2021.53010 -3.16574
2021.53840 -3.69374
2021.54660 -2.50674
2021.55210 -3.42674
2021.55480 -3.36574
2021.55750 -3.56274
2021.56030 -4.19574
2021.56580 -3.29074
2021.57120 -4.99974
2021.57400 -2.23474
2021.58770 -3.24374
2021.60410 -3.21374
2021.60680 -3.59874
2021.60960 -3.85874
2021.61230 -3.69474
2021.61510 -3.65674
2021.61780 -3.29474
2021.62060 -2.39974
2021.62600 -3.58974
2021.62880 -4.16174
2021.63150 -3.69774
2021.63700 -3.24374
2021.63970 -3.00074
2021.64520 -2.85574
2021.64800 -3.06574
2021.65070 -3.66174
2021.65340 -3.40874
2021.65620 -2.98074
2021.65890 -3.39774
2021.66160 -3.48874
2021.66440 -3.65474
2021.66710 -3.40874
2021.66990 -3.29174
2021.67260 -3.72974
2021.67530 -4.46374
2021.67810 -4.95174
2021.68080 -3.94774
2021.68630 -3.30674
2021.68900 -3.38574
2021.69180 -3.12574
2021.69450 -3.15674
2021.70000 -3.07674
2021.70550 -3.49874
2021.70820 -3.84074
2021.71100 -3.58274
2021.71370 -4.94974
2021.71640 -3.79974
2021.71920 -3.79874
2021.72190 -3.40874
2021.72470 -3.61874
2021.72740 -4.01174
2021.73010 -3.91374
2021.73290 -4.46074
2021.73560 -3.76074
2021.73840 -4.07374
2021.74110 -3.63274
2021.74380 -2.98274
2021.74660 -3.22574
2021.74930 -3.72574
2021.75210 -3.35974
2021.76030 -4.86974
2021.76300 -3.93674
2021.76580 -4.23574
2021.76850 -3.70674
2021.77120 -4.51874
2021.77400 -4.34674
2021.77670 -4.17174
2021.77950 -4.30874
2021.78220 -4.39415
2021.79040 -3.07815
2021.79320 -2.66715
2021.79590 -3.89015
2021.79860 -3.68215
2021.80140 -4.03015
2021.80410 -3.80715
2021.80680 -3.54415
2021.80960 -3.90215
2021.81230 -3.57715
2021.81510 -3.54615
2021.81780 -3.80115
2021.82330 -3.09115
2021.82600 -3.57215
2021.82880 -3.95715
2021.83150 -3.27615
2021.83430 -3.15415
2021.83700 -2.91315
2021.83970 -3.51515
2021.84250 -3.13815
2021.84520 -3.59715
2021.84800 -4.03515
2021.85070 -3.27715
2021.85340 -2.55215
2021.85620 -2.96515
2021.85890 -2.32015
2021.86160 -3.06215
2021.86440 -0.84315
2021.86710 -2.73815
2021.86990 -0.79015
2021.87260 -2.99015
2021.87530 -3.53015
2021.87810 -3.15515
2021.88360 -3.48115
2021.88630 -3.77015
2021.88900 -2.95115
2021.89180 -3.20615
2021.89450 -3.24215
2021.89730 -1.68215
2021.90000 -4.04315
2021.90270 -3.80715
2021.90550 -3.93815
2021.90820 -4.40815
2021.91100 -4.14215
2021.91370 -3.37815
2021.91640 -3.12815
2021.91920 -3.11615
2021.92190 -3.56615
2021.92470 -3.66415
2021.92740 -4.16015
2021.93010 -4.28315
2021.93290 -4.21915
2021.93560 -4.34315
2021.93840 -3.40815
2021.94110 -3.84515
2021.94380 -3.79515
2021.94660 -3.36115
2021.94930 -3.25115
2021.95210 -2.74115
2021.95480 -3.50615
2021.95750 -2.90515
2021.96030 -2.97015
2021.96300 -2.23415
2021.96580 -2.15015
2021.96850 -2.05815
2021.97120 -2.26515
2021.97950 -2.99115
2021.98220 -2.53115
2021.98490 -2.44215
2021.98770 -2.33915
2021.99040 -2.14015
2021.99320 -2.54115
2021.99590 -2.11815
2021.99860 -3.12415
2022.00140 -2.95915
2022.00410 -2.64915
2022.00690 -3.25515
2022.00960 -3.32415
2022.01230 -3.30215
2022.01510 -3.31315
2022.01780 -3.20915
2022.02060 -3.00015
2022.02330 -3.24915
2022.02600 -2.98015
2022.02880 -2.95515
2022.03150 -3.07915
2022.03420 -2.87615
2022.03700 -3.09115
2022.03970 -3.79315
2022.04250 -3.37415
2022.04520 -3.22515
2022.04790 -3.23015
2022.05070 -3.31315
2022.05340 -3.28515
2022.05620 -3.75915
2022.05890 -3.96015
2022.06160 -3.69215
2022.06710 -3.38115
2022.06990 -3.82915
2022.07260 -3.65915
2022.07530 -3.49715
2022.07810 -3.53715
2022.08080 -4.06015
2022.08360 -3.36215
2022.08630 -3.60815
2022.08900 -3.10715
2022.09180 -3.14815
2022.09450 -3.74115
2022.09730 -3.53615
2022.10000 -3.51815
2022.10270 -3.48415
2022.10550 -3.50315
2022.10820 -3.13715
2022.11100 -3.17115
2022.11370 -3.82715
2022.11640 -4.06915
2022.11920 -3.55915
2022.12190 -3.58915
2022.12470 -3.15415
2022.12740 -2.93215
2022.13010 -3.87315
2022.13290 -4.04415
2022.13560 -3.50215
2022.13840 -2.74215
2022.14110 -2.89215
2022.14380 -3.34515
2022.14660 -2.84115
2022.14930 -2.86715
2022.15200 -3.45415
2022.15480 -2.87215
2022.15750 -2.10315
2022.16030 -3.20715
2022.16300 -2.05315
2022.16570 -2.36215
2022.16850 -1.86415
2022.17120 -2.12615
2022.17400 -2.76215
2022.17670 -2.92215
2022.17950 -2.77015
2022.18220 -3.09315
2022.18490 -3.29915
2022.18770 -2.55215
2022.19040 -3.35015
2022.19320 -3.04415
2022.19590 -3.06515
2022.19860 -2.76615
2022.20140 -2.62915
2022.20410 -3.85415
2022.20690 -3.73315
2022.20960 -3.18215
2022.21230 -3.47615
2022.21510 -3.19815
2022.21780 -3.62315
2022.22060 -3.14515
2022.22330 -2.44115
2022.22600 -2.79915
2022.22880 -2.39615
2022.23150 -2.02615
2022.23430 -2.77115
2022.23700 -2.34115
2022.23970 -2.48015
2022.24250 -2.65015
2022.24520 -3.65315
2022.24790 -3.06615
2022.25070 -3.20215
2022.25340 -3.24015
2022.25620 -3.40515
2022.25890 -2.89715
2022.26160 -3.19715
2022.26440 -2.44015
2022.26710 -2.44315
2022.26990 -1.89215
2022.27260 -2.04315
2022.27530 -2.41415
2022.27810 -3.04215
2022.28080 -3.16015
2022.28360 -3.16615
2022.28630 -3.08215
2022.28900 -2.55015
2022.29180 -2.52315
2022.29450 -2.89415
2022.29730 -2.23515
2022.30000 -2.18615
2022.30270 -2.19815
2022.30550 -2.19315
