2019.0739 -15.875
2019.1560 -14.9417
2019.1587 -15.09
2019.1615 -15.0376
2019.1642 -14.7062
2019.1670 -14.6601
2019.1697 -14.8
2019.1724 -14.3174
2019.1752 -14.9269
2019.1779 -15.0045
2019.1806 -15.0908
2019.1834 -15.2643
2019.1861 -15.081
2019.1889 -15.7661
2019.1916 -15.3835
2019.1943 -15.7814
2019.1971 -15.7366
2019.1998 -15.985
2019.2026 -15.6694
2019.2053 -15.676
2019.2080 -15.1637
2019.2108 -15.1337
2019.2135 -14.8525
2019.2162 -15.7417
2019.2190 -15.5864
2019.2217 -15.9068
2019.2245 -16.0584
2019.2272 -15.4916
2019.2299 -15.8213
2019.2327 -15.4153
2019.2354 -15.5988
2019.2381 -15.3958
2019.2409 -16.1144
2019.2436 -16.6085
2019.2464 -15.6526
2019.2491 -15.9067
2019.2518 -15.8704
2019.2546 -15.636
2019.2573 -15.5737
2019.2600 -15.2711
2019.2628 -15.2569
2019.2655 -15.1924
2019.2683 -16.2332
2019.2710 -16.0363
2019.2737 -15.9239
2019.2765 -16.1087
2019.2792 -15.9018
2019.2819 -16.1994
2019.2847 -16.2425
2019.2874 -15.6549
2019.2902 -15.1876
2019.2929 -15.2286
2019.2956 -15.8513
2019.2984 -15.3492
2019.3011 -15.6089
2019.3039 -15.5166
2019.3066 -15.6035
2019.3093 -15.4097
2019.3121 -16.1265
2019.3148 -16.7987
2019.3175 -16.3854
2019.3203 -16.8833
2019.3230 -15.9791
2019.3258 -15.9093
2019.3285 -16.5239
2019.3312 -16.7174
2019.3340 -16.0209
2019.3367 -16.4049
2019.3394 -16.0705
2019.3422 -16.804
2019.3449 -16.8671
2019.3477 -16.3224
2019.3504 -16.2264
2019.3531 -16.1807
2019.3559 -15.9974
2019.3586 -15.9687
2019.3613 -16.7097
2019.3641 -16.6544
2019.3668 -16.1531
2019.3696 -15.6547
2019.3723 -16.0184
2019.3750 -16.5825
2019.3778 -16.2668
2019.3805 -16.1823
2019.3832 -15.8891
2019.3860 -15.7813
2019.3887 -15.9979
2019.3915 -16.7715
2019.3942 -15.8104
2019.3969 -16.5862
2019.3997 -16.4412
2019.4024 -16.436
2019.4052 -16.4695
2019.4079 -16.605
2019.4106 -16.9483
2019.4134 -16.6901
2019.4161 -15.677
2019.4188 -15.4612
2019.4216 -16.4104
2019.4243 -16.5489
2019.4271 -16.94
2019.4298 -16.7988
2019.4325 -16.045
2019.4353 -16.4596
2019.4380 -16.6215
2019.4407 -16.3465
2019.4435 -16.4423
2019.4462 -16.6639
2019.4490 -16.4606
2019.4517 -16.7134
2019.4544 -16.7342
2019.4572 -15.9298
2019.4599 -16.1806
2019.4626 -16.1345
2019.4654 -16.6498
2019.4681 -16.5568
2019.4709 -17.3366
2019.4736 -16.2942
2019.4763 -16.6523
2019.4791 -17.4674
2019.4818 -16.2593
2019.4845 -16.9127
2019.4873 -16.1513
2019.4900 -15.9843
2019.4928 -16.715
2019.4955 -17.0972
2019.4982 -17.9709
2019.5010 -18.0955
2019.5037 -17.4938
2019.5065 -16.8959
2019.5092 -16.7453
2019.5119 -17.0871
2019.5147 -17.2715
2019.5174 -17.2638
2019.5201 -16.838
2019.5229 -17.2826
2019.5256 -16.9385
2019.5284 -17.2818
2019.5311 -16.8083
2019.5338 -17.3259
2019.5366 -17.2929
2019.5393 -17.55
2019.5420 -17.5924
2019.5448 -17.0475
2019.5475 -16.6852
2019.5503 -17.3072
2019.5530 -16.7291
2019.5557 -16.3473
2019.5585 -16.3749
2019.5612 -16.9655
2019.5639 -17.4182
2019.5667 -16.5517
2019.5694 -17.738
2019.5722 -17.0982
2019.5749 -17.7221
2019.5776 -16.8361
2019.5804 -16.9953
2019.5831 -16.4202
2019.5859 -16.9737
2019.5886 -16.6672
2019.5913 -16.5356
2019.5941 -17.0347
2019.5968 -17.6825
2019.5995 -17.2739
2019.6023 -16.6185
2019.6050 -18.0182
2019.6078 -17.7212
2019.6105 -17.8014
2019.6132 -17.9672
2019.6160 -16.9214
2019.6187 -17.1696
2019.6214 -17.4764
2019.6242 -17.4372
2019.6269 -17.4644
2019.6297 -16.7548
2019.6324 -17.1093
2019.6351 -17.5476
2019.6379 -17.3104
2019.6406 -17.4426
2019.6433 -17.4693
2019.6461 -17.3808
2019.6488 -17.0738
2019.6516 -17.8215
2019.6543 -17.6624
2019.6570 -17.7118
2019.6598 -17.9394
2019.6625 -18.1
2019.6652 -18.0025
2019.6680 -18.107
2019.6707 -17.7654
2019.6735 -18.0964
2019.6762 -18.1835
2019.6789 -17.3892
2019.6817 -17.2875
2019.6844 -16.8699
2019.6872 -17.2449
2019.6899 -17.1719
2019.6926 -17.804
2019.6954 -17.5083
2019.6981 -17.3564
2019.7008 -17.5156
2019.7036 -17.5531
2019.7063 -17.4074
2019.7091 -17.8458
2019.7118 -17.9848
2019.7145 -17.7681
2019.7173 -17.7589
2019.7200 -18.3243
2019.7227 -18.4621
2019.7255 -17.8323
2019.7282 -17.8847
2019.7310 -17.9663
2019.7337 -18.0281
2019.7364 -18.0691
2019.7392 -18.1182
2019.7419 -17.5736
2019.7446 -17.6101
2019.7474 -17.4625
2019.7501 -17.4339
2019.7529 -17.4557
2019.7556 -17.7318
2019.7583 -18.1152
2019.7611 -17.8001
2019.7638 -18.1304
2019.7665 -18.2455
2019.7693 -17.8838
2019.7720 -17.5132
2019.7748 -17.8198
2019.7775 -18.0619
2019.7802 -18.5002
2019.7830 -19.1768
2019.7857 -18.5394
2019.7885 -18.1965
2019.7912 -18.492
2019.7939 -18.3598
2019.7967 -18.1268
2019.7994 -18.627
2019.8021 -18.2275
2019.8049 -17.8984
2019.8076 -17.5909
2019.8104 -18.0564
2019.8131 -18.4882
2019.8158 -18.5491
2019.8186 -17.3104
2019.8213 -18.027
2019.8240 -17.6903
2019.8268 -17.3324
2019.8295 -17.1369
2019.8323 -17.5687
2019.8350 -17.7572
2019.8377 -17.9897
2019.8405 -18.1028
2019.8432 -18.3133
2019.8459 -17.9051
2019.8487 -17.9999
2019.8514 -17.956
2019.8542 -18.21
2019.8569 -17.9329
2019.8596 -17.6329
2019.8624 -17.036
2019.8651 -17.8344
2019.8678 -17.8668
2019.8706 -17.3796
2019.8733 -17.9723
2019.8761 -17.7177
2019.8788 -18.1598
2019.8815 -17.2889
2019.8843 -17.7266
2019.8870 -17.7028
2019.8898 -18.0748
2019.8925 -17.2319
2019.8952 -17.6979
2019.8980 -18.4235
2019.9007 -17.9989
2019.9034 -18.4591
2019.9062 -18.4774
2019.9089 -17.5839
2019.9117 -17.729
2019.9144 -17.8059
2019.9171 -18.1149
2019.9199 -17.9113
2019.9226 -17.9316
2019.9253 -18.7016
2019.9281 -18.9367
2019.9308 -18.3189
2019.9336 -18.2081
2019.9363 -18.1016
2019.9390 -17.6699
2019.9418 -17.9281
2019.9445 -18.1224
2019.9472 -17.8283
2019.9500 -18.3498
2019.9527 -17.8012
2019.9555 -17.8542
2019.9582 -16.8863
2019.9609 -18.6665
2019.9637 -18.2058
2019.9664 -18.4408
2019.9691 -18.1378
2019.9719 -18.2423
2019.9746 -18.5943
2019.9774 -17.8965
2019.9801 -17.879
2019.9828 -18.2938
2019.9856 -18.098
2019.9883 -18.1388
2019.9911 -18.0975
2019.9938 -18.2929
2019.9965 -18.4924
2019.9993 -18.2203
2020.0027 -18.5437
2020.0054 -18.585
2020.0082 -17.8435
2020.0109 -18.1272
2020.0136 -17.577
2020.0164 -17.6559
2020.0191 -17.7047
2020.0219 -17.5167
2020.0246 -18.0025
2020.0273 -18.2454
2020.0301 -18.2064
2020.0328 -18.0853
2020.0355 -18.8006
2020.0383 -18.0858
2020.0410 -18.0378
2020.0438 -18.1062
2020.0465 -17.9034
2020.0492 -17.9212
2020.0520 -17.7863
2020.0547 -17.8659
2020.0574 -17.667
2020.0602 -18.1731
2020.0629 -18.288
2020.0657 -18.6573
2020.0684 -18.8434
2020.0711 -18.3614
2020.0739 -18.6767
2020.0766 -18.7891
2020.0793 -18.4888
2020.0821 -18.1829
2020.0848 -17.7329
2020.0876 -18.9454
2020.0903 -18.52
2020.0930 -18.6618
2020.0958 -18.594
2020.0985 -18.5308
2020.1013 -18.8386
2020.1040 -18.5093
2020.1067 -19.0108
2020.1095 -17.4839
2020.1122 -18.2477
2020.1149 -17.7962
2020.1177 -17.5833
2020.1204 -18.2712
2020.1232 -18.823
2020.1286 -19.098
2020.1314 -18.7197
2020.1341 -18.5698
2020.1368 -18.8954
2020.1396 -18.9749
2020.1423 -19.6198
2020.1451 -18.712
2020.1478 -17.8001
2020.1505 -18.3416
2020.1533 -18.7877
2020.1560 -18.6371
2020.1587 -18.4094
2020.1615 -18.4291
2020.1642 -19.1259
2020.1670 -19.1198
2020.1697 -19.404
2020.1724 -19.7922
2020.1752 -19.0796
2020.1779 -17.9327
2020.1806 -18.6508
2020.1834 -18.4914
2020.1861 -18.7873
2020.1889 -19.0322
2020.1916 -18.4065
2020.1943 -18.27
2020.1971 -18.8457
2020.1998 -19.3491
2020.2026 -18.1398
2020.2053 -18.1416
2020.2080 -17.8939
2020.2108 -17.6955
2020.2135 -18.1757
2020.2162 -17.6348
2020.2190 -17.1465
2020.2217 -18.1699
2020.2245 -18.0843
2020.2272 -18.0457
2020.2299 -17.4098
2020.2327 -18.1681
2020.2354 -17.9058
2020.2381 -18.1129
2020.2409 -18.2701
2020.2436 -18.4219
2020.2464 -18.2852
2020.2491 -18.8217
2020.2518 -18.529
2020.2546 -18.6255
2020.2573 -18.9044
2020.2600 -18.7742
2020.2628 -19.0998
2020.2655 -18.9405
2020.2683 -18.3152
2020.2710 -19.1043
2020.2737 -19.5337
2020.2765 -19.3214
2020.2792 -19.121
2020.2819 -18.922
2020.2847 -18.8179
2020.2874 -18.3676
2020.2902 -18.8985
2020.2929 -19.6001
2020.2956 -19.0863
2020.2984 -18.8631
2020.3011 -18.628
2020.3039 -19.3086
2020.3066 -19.2353
2020.3093 -19.6072
2020.3121 -18.9648
2020.3148 -18.8223
2020.3175 -19.3744
2020.3203 -19.187
2020.3230 -19.2698
2020.3258 -18.7381
2020.3285 -18.5832
2020.3312 -18.1491
2020.3340 -18.3942
2020.3367 -18.3125
2020.3394 -18.3795
2020.3422 -18.8899
2020.3449 -18.3513
2020.3477 -18.2929
2020.3504 -19.113
2020.3531 -18.8203
2020.3559 -18.8248
2020.3586 -18.9216
2020.3613 -18.5943
2020.3641 -18.7589
2020.3668 -18.4052
2020.3696 -18.5904
2020.3723 -19.082
2020.3750 -18.3121
2020.3778 -18.8203
2020.3805 -18.7988
2020.3832 -18.8606
2020.3860 -18.5092
2020.3887 -18.4624
2020.3915 -19.2298
2020.3942 -18.759
2020.3969 -18.8101
2020.3997 -19.2972
2020.4024 -19.2207
2020.4052 -19.0893
2020.4079 -17.5131
2020.4106 -18.9767
2020.4134 -19.0556
2020.4161 -18.4824
2020.4188 -18.7776
2020.4216 -18.3773
2020.4243 -18.4229
2020.4271 -18.1676
2020.4298 -18.0997
2020.4325 -18.0389
2020.4353 -18.831
2020.4380 -18.8458
2020.4407 -19.2656
2020.4435 -18.8304
2020.4462 -18.1036
2020.4490 -18.0389
2020.4517 -18.8918
2020.4544 -19.2971
2020.4572 -18.8768
2020.4599 -18.8598
2020.4626 -18.5683
2020.4654 -18.8198
2020.4681 -18.6767
2020.4709 -19.3625
2020.4736 -19.6224
2020.4763 -18.8154
2020.4791 -19.1524
2020.4818 -19.5043
2020.4845 -19.108
2020.4873 -19.0492
2020.4900 -19.2601
2020.4928 -19.835
2020.4955 -19.1384
2020.4982 -19.8265
2020.5010 -19.2868
2020.5037 -19.5612
2020.5065 -19.5213
2020.5092 -19.0068
2020.5119 -19.2025
2020.5147 -19.3625
2020.5174 -19.1774
2020.5201 -18.8276
2020.5229 -19.4591
2020.5256 -18.5859
2020.5284 -19.0548
2020.5311 -19.7092
2020.5338 -19.7153
2020.5366 -20.0131
2020.5393 -20.0442
2020.5420 -19.5484
2020.5448 -19.736
2020.5475 -18.7565
2020.5503 -19.5845
2020.5530 -19.3293
2020.5557 -19.6862
2020.5585 -19.9215
2020.5612 -20.2315
2020.5639 -18.8112
2020.5667 -18.672
2020.5694 -20.3295
2020.5722 -19.5949
2020.5749 -19.4349
2020.5776 -19.6294
2020.5804 -20.2616
2020.5831 -20.4415
2020.5859 -19.3978
2020.5886 -19.8194
2020.5913 -19.9734
2020.5941 -19.4666
2020.5968 -19.2926
2020.5995 -20.0514
2020.6023 -19.4557
2020.6050 -19.8636
2020.6105 -19.6552
2020.6132 -20.2036
2020.6160 -19.73
2020.6187 -20.2998
2020.6214 -19.8193
2020.6242 -20.6981
2020.6269 -20.2249
2020.6297 -20.7289
2020.6324 -20.9936
2020.6351 -21.2526
2020.6379 -21.1661
2020.6406 -20.6721
2020.6433 -20.5401
2020.6461 -19.7369
2020.6488 -20.9205
2020.6516 -20.5399
2020.6543 -20.4343
2020.6570 -20.0252
2020.6598 -20.3887
2020.6625 -20.7141
2020.6652 -20.185
2020.6680 -20.3017
2020.6707 -20.3452
2020.6735 -20.5597
2020.6762 -20.6312
2020.6789 -20.4644
2020.6817 -20.9111
2020.6844 -20.2851
2020.6872 -20.1808
2020.6899 -20.782
2020.6926 -20.3838
2020.6954 -20.2895
2020.6981 -20.5918
2020.7008 -21.1108
2020.7036 -20.5477
2020.7063 -20.8953
2020.7091 -20.4269
2020.7118 -19.7529
2020.7145 -20.9386
2020.7173 -20.4505
2020.7200 -20.9127
2020.7227 -21.106
2020.7255 -20.9001
2020.7282 -21.0126
2020.7337 -21.2284
2020.7364 -20.7708
2020.7392 -21.0677
2020.7419 -21.0783
2020.7446 -20.8976
2020.7474 -21.3642
2020.7501 -20.2169
2020.7529 -20.9531
2020.7556 -20.8966
2020.7583 -20.7337
2020.7611 -20.7924
2020.7638 -20.6281
2020.7665 -21.2864
2020.7693 -20.6716
2020.7720 -20.6804
2020.7748 -21.2563
2020.7775 -20.8597
2020.7802 -20.5675
2020.7830 -20.8166
2020.7857 -20.7537
2020.7885 -20.6443
2020.7912 -21.2449
2020.7939 -20.9119
2020.7967 -20.7636
2020.7994 -21.2025
2020.8021 -20.9538
2020.8049 -20.783
2020.8076 -20.8666
2020.8104 -20.7933
2020.8131 -20.002
2020.8158 -20.5449
2020.8186 -20.7356
2020.8213 -20.4152
2020.8240 -20.6043
2020.8268 -21.309
2020.8295 -20.6181
2020.8323 -21.1122
2020.8350 -20.8767
2020.8377 -20.6055
2020.8405 -20.7395
2020.8432 -20.8816
2020.8459 -20.2406
2020.8487 -20.0709
2020.8514 -20.0145
2020.8542 -20.6945
2020.8569 -20.4814
2020.8596 -19.8242
2020.8624 -20.684
2020.8651 -20.4734
2020.8678 -20.8249
2020.8706 -20.437
2020.8733 -20.3588
2020.8761 -20.3425
2020.8788 -19.8072
2020.8815 -19.7604
2020.8843 -19.4667
2020.8870 -19.5864
2020.8898 -20.0078
2020.8925 -20.2569
2020.8952 -20.501
2020.8980 -19.9442
2020.9007 -20.0817
2020.9034 -20.0778
2020.9062 -19.97
2020.9089 -20.9552
2020.9117 -20.4942
2020.9144 -20.3073
2020.9171 -20.7012
2020.9199 -20.6788
2020.9226 -20.5643
2020.9253 -20.8796
2020.9281 -20.1503
2020.9308 -20.4278
2020.9336 -19.9541
2020.9363 -20.0141
2020.9390 -20.2592
2020.9418 -19.7496
2020.9445 -19.7966
2020.9472 -19.6571
2020.9500 -19.8194
2020.9527 -19.663
2020.9555 -19.7129
2020.9582 -20.2067
2020.9609 -19.9261
2020.9637 -19.9313
2020.9664 -20.1357
2020.9691 -19.8278
2020.9719 -19.8879
2020.9746 -19.7626
2020.9774 -19.4936
2020.9801 -19.0067
2020.9828 -19.4703
2020.9856 -19.3467
2020.9883 -19.876
2020.9911 -19.3896
2020.9938 -20.2346
2020.9965 -20.5825
2020.9993 -19.6636
2021.0020 -19.5194
2021.0027 -20.4009
2021.0054 -19.8595
2021.0082 -20.2045
2021.0109 -20.9903
2021.0136 -20.7351
2021.0164 -20.8386
2021.0191 -20.6349
2021.0219 -20.5675
2021.0246 -20.0127
2021.0273 -20.5323
2021.0301 -19.6128
2021.0328 -19.3402
2021.0355 -19.3068
2021.0383 -19.453
2021.0410 -20.2461
2021.0438 -19.8992
2021.0465 -19.8043
2021.0492 -19.4088
2021.0520 -19.5424
2021.2272 -19.6564
2021.2299 -19.3163
2021.2327 -19.5958
2021.2354 -19.893
2021.2381 -19.6812
2021.2409 -20.1037
2021.2436 -19.2346
2021.2464 -19.6503
2021.2491 -19.4841
2021.2518 -19.9007
2021.2546 -19.9134
2021.2573 -19.365
2021.2600 -20.8913
2021.2628 -20.5852
2021.2655 -20.105
2021.2683 -20.464
2021.2710 -20.4127
2021.2737 -20.1793
2021.2765 -20.3881
2021.2792 -20.5803
2021.2819 -20.8887
2021.2847 -20.4429
2021.2874 -19.7711
2021.2902 -20.7048
2021.2929 -20.0832
2021.2956 -19.9721
2021.2984 -19.9425
2021.3011 -20.4711
2021.3039 -20.1543
2021.3066 -20.9394
2021.3093 -20.746
2021.3121 -21.3288
2021.3148 -20.919
2021.3175 -20.3265
2021.3203 -20.4335
2021.3230 -20.8753
2021.3258 -19.7161
2021.3285 -20.3827
2021.3312 -20.8844
2021.3340 -20.3726
2021.3367 -20.9117
2021.3394 -20.1409
2021.3422 -20.0519
2021.3449 -19.4834
2021.3477 -20.2766
2021.3504 -20.0188
2021.3531 -19.5635
2021.3559 -19.7272
2021.3586 -20.6004
2021.3613 -20.5482
2021.3641 -20.3247
2021.3668 -20.753
2021.3696 -20.488
2021.3723 -20.4984
2021.3750 -19.987
2021.3778 -20.3588
2021.3805 -20.4712
2021.3832 -20.3242
2021.3860 -20.5509
2021.3887 -20.6219
2021.3915 -20.7432
2021.3942 -20.9135
2021.3969 -20.1292
2021.3997 -19.843
2021.4024 -20.0439
2021.4052 -19.6747
2021.4079 -20.8769
2021.4106 -21.3991
2021.4134 -21.4421
2021.4161 -20.883
2021.4188 -21.4271
2021.4216 -20.7893
2021.4243 -19.9828
2021.4271 -20.7281
2021.4298 -21.1522
2021.4325 -21.2462
2021.4353 -20.7454
2021.4380 -20.8195
2021.4407 -20.3754
2021.4435 -21.1946
2021.4462 -21.0775
2021.4490 -20.9104
2021.4517 -20.9274
2021.4544 -21.1298
2021.4572 -21.3836
2021.4599 -21.0562
2021.4626 -20.6645
2021.4654 -20.8268
2021.4681 -21.584
2021.4709 -20.716
2021.4736 -20.8157
2021.4763 -21.2368
2021.4791 -20.9817
2021.4818 -20.5243
2021.4845 -21.3093
2021.4873 -20.9239
2021.4900 -21.1165
2021.4928 -21.303
2021.4955 -21.5633
2021.4982 -20.8696
2021.5010 -21.0596
2021.5037 -21.6399
2021.5065 -20.5836
2021.5092 -20.5935
2021.5119 -20.9676
2021.5147 -21.7228
2021.5174 -21.6852
2021.5201 -21.1278
2021.5229 -22.2177
2021.5256 -21.3678
2021.5284 -21.9788
2021.5338 -21.3862
2021.5366 -21.559
2021.5393 -21.5898
2021.5420 -20.7905
2021.5448 -21.7415
2021.5475 -22.5174
2021.5503 -20.8174
2021.5530 -21.4026
2021.5557 -21.7631
2021.5585 -20.6593
2021.5612 -21.0481
2021.5639 -20.7751
2021.5667 -22.0286
2021.5694 -21.7645
2021.5722 -21.8259
2021.5749 -22.2491
2021.5776 -22.2653
2021.5804 -21.7398
2021.5831 -22.2588
2021.5859 -21.6906
2021.5886 -22.2728
2021.5913 -21.9761
2021.5968 -21.9004
2021.5995 -21.327
2021.6023 -22.0091
2021.6050 -22.3197
2021.6105 -22.1403
2021.6132 -22.0678
2021.6160 -21.4671
2021.6187 -21.5405
2021.6214 -21.4258
2021.6242 -21.2541
2021.6269 -21.7181
2021.6297 -21.0303
2021.6324 -21.7638
2021.6351 -22.0503
2021.6379 -21.4526
2021.6406 -21.4126
2021.6433 -21.424
2021.6461 -22.1716
2021.6488 -21.2796
2021.6516 -21.5312
2021.6543 -21.7726
2021.6570 -21.5044
2021.6598 -21.3921
2021.6625 -22.4152
2021.6652 -22.4652
2021.6680 -21.6657
2021.6707 -20.9866
2021.6735 -22.3009
2021.6762 -21.8303
2021.6789 -22.3063
2021.6817 -23.0375
2021.6844 -22.3117
2021.6872 -21.0865
2021.6899 -21.2752
2021.6926 -21.0353
2021.6954 -21.3507
2021.6981 -21.7731
2021.7008 -21.4527
2021.7036 -22.0502
2021.7063 -21.6251
2021.7091 -22.5962
2021.7118 -22.0438
2021.7145 -22.1976
2021.7173 -22.2968
2021.7200 -22.2033
2021.7227 -22.2088
2021.7255 -22.3013
2021.7282 -21.4924
2021.7310 -23.2043
2021.7337 -21.5948
2021.7364 -22.3356
2021.7392 -22.2121
2021.7419 -22.2316
2021.7446 -22.1611
2021.7474 -22.2524
2021.7501 -22.1412
2021.7529 -21.2291
2021.7556 -23.0418
2021.7583 -22.9151
2021.7611 -23.279
2021.7638 -22.7882
2021.7665 -23.1127
2021.7693 -22.5794
2021.7720 -22.6528
2021.7748 -22.2047
2021.7775 -22.9705
2021.7802 -22.3394
2021.7830 -22.2667
2021.7857 -21.7641
2021.7885 -22.4206
2021.7912 -22.6226
2021.7939 -22.1853
2021.7967 -22.7103
2021.7994 -22.5965
2021.8021 -22.7204
2021.8049 -22.8442
2021.8076 -22.7724
2021.8104 -22.5386
2021.8131 -22.0146
2021.8158 -22.5882
2021.8186 -22.1126
2021.8213 -22.3487
2021.8240 -22.496
2021.8268 -23.1883
2021.8295 -23.0215
2021.8323 -22.673
2021.8350 -22.7124
2021.8377 -22.9432
2021.8405 -22.9731
2021.8432 -22.0363
2021.8459 -22.645
2021.8487 -22.0611
2021.8569 -20.9487
2021.8596 -21.5254
2021.8624 -21.8422
2021.8651 -20.9676
2021.8678 -21.3307
2021.8706 -20.7453
2021.8733 -21.2779
2021.8761 -21.5699
2021.8788 -21.165
2021.8815 -21.626
2021.8843 -21.0615
2021.8870 -21.564
2021.8898 -21.6785
2021.8925 -21.1317
2021.8952 -20.6271
2021.8980 -20.7995
2021.9007 -20.8493
2021.9034 -21.8161
2021.9062 -21.5292
2021.9089 -21.717
2021.9117 -21.5712
2021.9144 -21.7154
2021.9171 -21.1208
2021.9199 -21.0673
2021.9226 -21.261
2021.9253 -20.8711
2021.9281 -21.0989
2021.9308 -21.8218
2021.9336 -21.5171
2021.9363 -21.8435
2021.9390 -21.6906
2021.9418 -21.8334
2021.9445 -21.247
2021.9472 -21.2668
2021.9500 -20.9685
2021.9527 -20.8714
2021.9555 -21.2681
2021.9582 -21.8451
2021.9609 -21.665
2021.9637 -21.2509
2021.9664 -20.4868
2021.9691 -20.554
2021.9719 -21.4667
2021.9746 -21.2331
2021.9774 -21.7806
2021.9801 -21.8451
2021.9828 -21.4288
2021.9856 -21.4484
2021.9883 -21.3247
2021.9911 -20.7273
2021.9938 -20.7293
2021.9965 -20.8677
2021.9993 -20.6781
2022.0027 -21.1123
2022.0054 -21.1925
2022.0082 -21.124
2022.0109 -21.1141
2022.0136 -21.1754
2022.0164 -21.3712
2022.0191 -21.2077
2022.0219 -21.1258
2022.0246 -21.5444
2022.0273 -21.6225
2022.0301 -21.1005
2022.0328 -21.3239
2022.0355 -21.0939
2022.0383 -21.6946
2022.0410 -21.7204
2022.0438 -21.7023
2022.0465 -20.7638
2022.0492 -20.4393
2022.0520 -20.97
2022.0547 -21.2431
2022.0574 -21.0883
2022.0602 -21.1963
2022.0629 -21.1164
2022.0657 -21.073
2022.0684 -21.68
2022.0711 -21.4183
2022.0739 -21.1917
2022.0766 -21.3352
2022.0793 -21.3502
2022.0821 -21.7081
2022.0848 -22.0746
2022.0876 -21.7122
2022.0903 -21.7449
2022.0930 -21.2988
2022.0958 -21.5609
2022.0985 -21.6204
2022.1013 -21.8484
2022.1040 -21.8661
2022.1067 -21.7982
2022.1095 -21.7979
2022.1122 -21.8366
2022.1149 -21.5938
2022.1177 -21.4988
2022.1204 -21.4662
2022.1232 -21.4296
2022.1259 -21.2328
2022.1286 -21.232
2022.1314 -21.2543
2022.1341 -21.987
2022.1368 -21.9955
2022.1396 -21.7694
2022.1423 -21.5249
2022.1451 -21.6115
2022.1478 -21.3538
2022.1505 -21.3789
2022.1533 -21.073
2022.1560 -21.2158
2022.1587 -20.5001
2022.1615 -21.2021
2022.1642 -20.4512
2022.1670 -20.075
2022.1697 -20.3433
2022.1724 -21.0052
2022.1752 -20.8527
2022.1779 -20.917
2022.1806 -20.6631
2022.1834 -20.7763
2022.1861 -20.7399
2022.1889 -20.2794
2022.1916 -20.724
2022.1943 -20.585
2022.1971 -21.0769
2022.1998 -20.7978
2022.2026 -20.9462
2022.2053 -21.376
2022.2080 -21.4159
2022.2108 -21.1864
2022.2135 -20.3702
2022.2162 -21.6154
2022.2190 -21.6917
2022.2217 -21.1701
2022.2245 -20.4991
2022.2272 -19.9361
2022.2299 -20.5939
2022.2327 -20.212
2022.2354 -20.8917
2022.2381 -21.6185
2022.2409 -21.2607
2022.2436 -21.426
2022.2464 -21.8772
2022.2491 -21.5912
2022.2518 -22.079
2022.2546 -21.3822
2022.2573 -21.3139
2022.2600 -21.3978
2022.2628 -21.4871
2022.2655 -20.9704
2022.2683 -20.0382
2022.2710 -20.8186
2022.2737 -19.9928
2022.2765 -20.8447
2022.2792 -21.2548
2022.2819 -21.1752
2022.2847 -21.6032
2022.2874 -21.5902
2022.2902 -21.3164
2022.2929 -21.2537
2022.2956 -21.1063
2022.2984 -20.5419
2022.3011 -20.6876
2022.3039 -20.8774
2022.3066 -21.3212
2022.3093 -21.1367
2022.3121 -21.0353
2022.3148 -20.6609
2022.3175 -20.8534
2022.3203 -22.2725
2022.3230 -22.1003
2022.3258 -21.7748
2022.3285 -22.0049
2022.3312 -21.6949
2022.3340 -21.2467
2022.3367 -20.9445
2022.3394 -21.1687
2022.3422 -21.2413
2022.3449 -21.9253
2022.3477 -22.3514
2022.3504 -22.2835
2022.3531 -21.8087
2022.3559 -21.1704
2022.3586 -21.6447
2022.3613 -21.2715
2022.3641 -21.2809
2022.3668 -21.5172
2022.3696 -21.6994
2022.3723 -21.3901
2022.3750 -21.1427
2022.3778 -21.7636
2022.3805 -21.568
2022.3832 -20.9211
2022.3860 -21.5761
2022.3887 -21.7282
2022.3915 -22.6464
2022.3942 -22.183
2022.3969 -20.9369
2022.3997 -20.9207
2022.4024 -21.2515
2022.4052 -20.6483
2022.4079 -21.5246
2022.4106 -20.7129
2022.4134 -20.4878
2022.4161 -21.2291
2022.4188 -20.7428
2022.4216 -21.2407
2022.4243 -21.402
2022.4271 -21.6575
2022.4298 -21.1197
2022.4325 -21.2293
2022.4353 -21.0823
2022.4380 -21.7016
2022.4407 -20.5355
2022.4435 -22.0076
2022.4462 -22.2076
2022.4490 -22.1163
2022.4517 -21.941
2022.4544 -21.5197
2022.4572 -21.3363
2022.4599 -22.1512
2022.4626 -20.7621
2022.4654 -21.0689
2022.4681 -21.0479
2022.4709 -20.9805
2022.4736 -21.2142
2022.4763 -20.1898
2022.4791 -21.0557
2022.4818 -20.5458
2022.4845 -21.0849
2022.4873 -20.6028
2022.4900 -20.9644
2022.4928 -21.2844
2022.4955 -21.2724
2022.5010 -21.845
2022.5037 -22.3575
2022.5065 -21.9044
2022.5092 -21.4099
2022.5119 -22.1037
2022.5147 -21.9678
2022.5174 -20.2832
2022.5201 -21.7304
2022.5229 -22.5205
2022.5256 -22.1519
2022.5284 -20.725
2022.5311 -22.2409
2022.5366 -21.0558
2022.5393 -20.7466
2022.5420 -20.8639
2022.5448 -21.4281
2022.5475 -20.7706
2022.5503 -21.7374
2022.5530 -22.1997
2022.5557 -20.4011
2022.5585 -22.2457
2022.5612 -21.5545
2022.5639 -21.5094
2022.5667 -22.756
2022.5722 -21.363
2022.5749 -21.3066
2022.5776 -20.9789
2022.5804 -22.1542
2022.5831 -21.5875
2022.5859 -22.8676
2022.5886 -21.2683
2022.5913 -22.3651
2022.5941 -21.4223
2022.5968 -22.1958
2022.5995 -21.5085
2022.6023 -21.1112
2022.6050 -22.4889
2022.6078 -21.3926
2022.6105 -20.9865
2022.6132 -21.3289
2022.6160 -21.4343
2022.6187 -21.2833
2022.6214 -22.7063
2022.6242 -22.3887
2022.6269 -21.1709
2022.6324 -21.446
2022.6351 -21.9593
2022.6379 -21.954
2022.6406 -22.4284
2022.6433 -21.3777
2022.6461 -21.6449
2022.6488 -20.802
2022.6516 -21.1467
2022.6543 -21.536
2022.6570 -22.0199
2022.6598 -21.9787
2022.6625 -22.0153
2022.6652 -20.845
2022.6680 -21.4534
2022.6707 -21.8517
2022.6735 -21.5146
2022.6762 -20.3023
2022.6789 -20.3753
2022.6817 -21.4777
2022.6844 -21.5735
2022.6872 -21.1864
2022.6899 -21.6583
2022.6926 -21.5349
2022.6954 -21.4974
2022.6981 -21.3758
2022.7008 -20.9875
2022.7036 -21.9014
2022.7063 -21.3443
2022.7091 -20.3039
2022.7118 -21.1796
2022.7145 -21.5547
2022.7173 -20.7984
2022.7200 -21.3211
2022.7227 -21.2893
2022.7255 -21.3715
2022.7282 -21.1075
2022.7310 -21.2976
2022.7337 -21.4673
2022.7364 -21.3126
2022.7392 -21.1565
2022.7419 -20.596
2022.7446 -20.7457
2022.7474 -20.9886
2022.7501 -22.1081
2022.7529 -22.5235
2022.7556 -22.0204
2022.7583 -21.6975
2022.7611 -21.6801
2022.7638 -22.6556
2022.7665 -22.1628
2022.7693 -21.2678
2022.7720 -22.0241
2022.7748 -21.5274
2022.7775 -21.6496
2022.7802 -21.0985
2022.7830 -21.826
2022.7857 -21.4398
2022.7885 -21.3021
2022.7912 -21.5603
2022.7939 -21.7356
2022.7967 -21.0872
2022.7994 -21.064
2022.8021 -21.5591
2022.8049 -21.1283
2022.8076 -21.4547
2022.8104 -21.0568
2022.8131 -21.127
2022.8158 -20.5709
2022.8186 -21.2804
2022.8213 -20.9105
2022.8240 -21.1374
2022.8268 -22.0901
2022.8295 -21.5815
2022.8323 -21.0652
2022.8350 -21.0342
2022.8377 -21.52
2022.8405 -21.6235
2022.8432 -20.7121
2022.8459 -21.2426
2022.8487 -21.0191
2022.8514 -20.3325
2022.8542 -19.7205
2022.8569 -20.5604
2022.8596 -20.6575
2022.8624 -21.4198
2022.8651 -20.83
2022.8678 -20.5828
2022.8706 -20.9917
2022.8733 -20.6594
2022.8761 -20.5917
2022.8788 -21.4814
2022.8815 -21.4613
2022.8843 -21.3015
2022.8870 -21.2769
2022.8898 -21.587
2022.8925 -21.0794
2022.8952 -21.1651
2022.8980 -21.367
2022.9007 -20.7624
2022.9034 -20.5509
2022.9062 -21.1342
2022.9089 -21.6368
2022.9117 -21.8392
2022.9144 -20.7206
2022.9171 -20.8896
2022.9199 -21.2362
2022.9226 -21.5909
2022.9253 -20.9922
2022.9281 -20.2066
2022.9308 -20.1611
2022.9336 -20.6149
2022.9363 -20.5834
2022.9390 -20.5652
2022.9418 -20.7324
2022.9445 -20.213
2022.9472 -20.6959
2022.9500 -20.7783
2022.9527 -20.3298
2022.9555 -20.9918
2022.9582 -21.278
2022.9609 -21.0535
2022.9637 -20.158
2022.9664 -20.712
2022.9691 -20.5056
2022.9719 -19.9421
2022.9746 -20.3063
2022.9774 -20.2194
2022.9801 -20.3261
2022.9828 -20.9289
2022.9856 -21.073
2022.9883 -21.4734
2022.9911 -21.3786
2022.9938 -21.2445
2022.9965 -21.0573
2022.9993 -21.0388
2023.0027 -20.8576
2023.0054 -21.1512
2023.0082 -21.2543
2023.0109 -21.084
2023.0136 -20.7092
2023.0164 -20.6062
2023.0191 -20.4227
2023.0219 -21.3177
2023.0246 -21.3355
2023.0273 -20.6498
2023.0301 -20.6183
2023.0328 -20.8912
2023.0355 -20.8515
2023.0383 -21.3264
2023.0410 -21.5778
2023.0438 -21.3514
2023.0465 -21.3302
2023.0492 -20.9242
2023.0520 -21.4532
2023.0547 -21.0331
2023.0574 -21.3791
2023.0602 -21.594
2023.0629 -22.0807
2023.0657 -21.3459
2023.0684 -21.5397
2023.0711 -21.5261
2023.0739 -21.2029
2023.0766 -21.0156
2023.0793 -20.4518
2023.0821 -20.64
2023.0848 -21.2719
2023.0876 -21.1426
2023.0903 -21.4264
2023.0930 -20.9406
2023.0958 -20.7995
2023.0985 -20.4343
2023.1013 -20.5088
2023.1040 -21.2227
2023.1067 -21.058
2023.1095 -21.2474
2023.1122 -21.0983
2023.1149 -21.0501
2023.1177 -22.0974
2023.1204 -21.5516
2023.1232 -22.0903
2023.1259 -21.8119
2023.1286 -21.5487
2023.1314 -21.2615
2023.1341 -21.033
2023.1368 -21.26
2023.1396 -21.5479
2023.1423 -20.8871
2023.1451 -20.6632
2023.1478 -20.594
2023.1505 -21.5441
2023.1533 -21.7643
2023.1560 -21.1975
2023.1587 -21.0404
2023.1615 -21.1885
2023.1642 -20.9217
