2010.42055 9.82
2010.42329 10.691
2010.42603 10.795
2010.42877 10.588
2010.43151 9.365
2010.43425 10.63
2010.43699 9.918
2010.44247 10.734
2010.44521 10.791
2010.44795 10.114
2010.45068 10.947
2010.45616 11.572
2010.4589 12.621
2010.46164 10.583
2010.46438 10.736
2010.46712 10.877
2010.46986 10.26
2010.4726 11.887
2010.47534 10.256
2010.47808 10.504
2010.48082 10.407
2010.48356 10.835
2010.4863 11.028
2010.48904 11.151
2010.49178 10.784
2010.49452 10.676
2010.49726 10.662
2010.5 11.096
2010.50274 10.4
2010.50548 9.395
2010.50822 10.193
2010.51096 10.947
2010.5137 11.174
2010.51644 10.124
2010.51918 10.699
2010.52192 9.357
2010.52466 10.512
2010.5274 10.481
2010.53014 11.443
2010.53288 9.939
2010.53562 9.837
2010.53836 10.316
2010.5411 9.533
2010.54384 9.192
2010.54658 10.499
2010.54932 10.241
2010.55205 9.523
2010.55479 9.33
2010.55753 9.422
2010.56027 9.827
2010.56301 9.798
2010.56575 10.442
2010.56849 10.3
2010.57123 10.586
2010.57397 11.058
2010.57671 10.12
2010.57945 10.229
2010.58219 10.058
2010.58493 10.48
2010.58767 10.664
2010.59041 7.627
2010.59315 9.69
2010.59589 8.915
2010.59863 9.668
2010.60137 8.736
2010.60411 10.292
2010.60685 9.404
2010.60959 10.097
2010.61233 9.885
2010.61507 9.805
2010.61781 9.546
2010.62055 10.088
2010.62329 9.56
2010.62603 9.661
2010.62877 9.194
2010.63151 9.72
2010.63425 10.757
2010.63699 9.267
2010.63973 8.593
2010.64247 8.503
2010.64521 9.194
2010.64795 9.124
2010.65068 9.243
2010.65342 9.35
2010.65616 9.191
2010.6589 9.712
2010.66164 8.979
2010.66438 9.283
2010.66712 9.086
2010.66986 8.843
2010.6726 9.65
2010.67534 9.233
2010.67808 9.04
2010.68082 9.493
2010.68356 9.125
2010.6863 9.494
2010.68904 9.532
2010.69178 9.469
2010.69452 9.636
2010.69726 9.47
2010.7 9.189
2010.70274 9.594
2010.70548 9.788
2010.70822 9.704
2010.71096 10.185
2010.7137 9.43
2010.71644 8.968
2010.71918 9.621
2010.72192 8.8
2010.72466 9.526
2010.7274 8.858
2010.73014 8.842
2010.73288 9.208
2010.73562 8.801
2010.73836 8.655
2010.7411 8.986
2010.74384 9.104
2010.74658 8.919
2010.74932 8.735
2010.75205 8.792
2010.75479 9.18
2010.75753 9.253
2010.76027 9.328
2010.76301 9.13
2010.76575 9.244
2010.76849 9.277
2010.77123 9.458
2010.77397 9.628
2010.77671 8.784
2010.77945 9.337
2010.78219 9.294
2010.78493 9.015
2010.78767 9.017
2010.79041 8.921
2010.79315 8.338
2010.79589 8.978
2010.79863 8.767
2010.80137 9.036
2010.80411 9.244
2010.80685 8.993
2010.80959 8.72
2010.81233 8.697
2010.81507 8.764
2010.81781 8.449
2010.82055 8.066
2010.82329 8.586
2010.82603 8.744
2010.82877 8.475
2010.83151 8.559
2010.83425 8.312
2010.83699 8.496
2010.83973 8.556
2010.84247 8.639
2010.84521 8.714
2010.84795 8.675
2010.85068 8.329
2010.85342 8.395
2010.85616 8.531
2010.8589 8.797
2010.86164 8.616
2010.86438 8.641
2010.86712 7.835
2010.86986 8.2
2010.8726 8.655
2010.87534 8.925
2010.87808 8.853
2010.88082 8.904
2010.88356 9.148
2010.8863 9.04
2010.88904 9.096
2010.89178 9.101
2010.89452 8.91
2010.89726 8.628
2010.9 8.823
2010.90274 8.968
2010.90548 9.045
2010.90822 9.096
2010.91096 8.71
2010.9137 8.843
2010.91644 9.04
2010.91918 9.07
2010.92192 9.614
2010.92466 9.416
2010.9274 8.8
2010.93014 8.945
2010.93288 9.713
2010.93562 9.463
2010.93836 9.467
2010.9411 8.476
2010.94384 9.326
2010.94658 8.678
2010.94932 8.68
2010.95205 8.786
2010.95479 9.091
2010.95753 9.68
2010.96027 9.112
2010.96301 9.138
2010.96575 8.962
2010.96849 9.073
2010.97123 9.172
2010.97397 8.633
2010.97671 8.277
2010.97945 8.812
2010.98219 9.092
2010.98493 9.034
2010.98767 9.156
2010.99041 8.817
2010.99315 8.503
2010.99589 8.763
2010.99863 8.667
2011.00137 7.831
2011.00411 7.981
2011.00685 8.402
2011.00959 8.096
2011.01233 7.827
2011.01507 7.92
2011.01781 8.053
2011.02055 7.955
2011.02329 8.336
2011.02603 8.459
2011.02877 8.664
2011.03151 8.636
2011.03425 8.19
2011.03699 8.08
2011.03973 7.795
2011.04247 7.863
2011.04521 7.831
2011.04795 7.558
2011.05068 7.844
2011.05342 8.003
2011.05616 8.24
2011.0589 8.061
2011.06164 8.08
2011.06438 8.024
2011.06712 7.92
2011.06986 7.632
2011.0726 7.541
2011.07534 8.223
2011.07808 8.096
2011.08082 8.369
2011.08356 8.502
2011.0863 8.713
2011.08904 8.716
2011.09178 8.873
2011.09452 8.71
2011.09726 8.728
2011.1 8.904
2011.10274 8.78
2011.10548 8.651
2011.10822 8.321
2011.11096 8.27
2011.1137 8.33
2011.11644 8.508
2011.11918 8.062
2011.12192 8.368
2011.12466 8.675
2011.1274 8.74
2011.13014 8.474
2011.13288 8.431
2011.13562 8.408
2011.13836 8.226
2011.1411 8.383
2011.14384 8.798
2011.14658 8.643
2011.14932 8.042
2011.15205 8.408
2011.15479 8.232
2011.15753 8.07
2011.16027 8.249
2011.16301 8.591
2011.16575 8.479
2011.16849 8.597
2011.17123 9.042
2011.17397 8.906
2011.17671 8.48
2011.17945 8.861
2011.18219 8.498
2011.18493 8.258
2011.18767 8.498
2011.19041 9.33
2011.19315 9.129
2011.19589 8.52
2011.19863 7.884
2011.20137 8.984
2011.20411 8.888
2011.20685 8.878
2011.20959 8.751
2011.21233 8.91
2011.21507 8.884
2011.21781 8.325
2011.22055 8.551
2011.22329 8.236
2011.22603 8.321
2011.22877 8.668
2011.23151 8.51
2011.23425 8.436
2011.23699 8.641
2011.23973 8.21
2011.24247 8.217
2011.24521 8.232
2011.24795 8.211
2011.25068 7.834
2011.25342 8.123
2011.25616 7.798
2011.2589 8.229
2011.26164 7.701
2011.26438 8.237
2011.26712 7.718
2011.26986 8.027
2011.2726 7.467
2011.27534 8.162
2011.27808 8.169
2011.28082 7.964
2011.28356 8.115
2011.2863 7.934
2011.28904 7.873
2011.29178 8.08
2011.29452 8.119
2011.29726 8.052
2011.3 7.919
2011.30274 7.888
2011.30548 7.6
2011.30822 7.878
2011.31096 7.954
2011.3137 8.635
2011.31644 7.736
2011.31918 8.112
2011.32192 8.497
2011.32466 7.671
2011.3274 8.329
2011.33014 7.999
2011.33288 7.776
2011.33562 7.893
2011.33836 8.229
2011.3411 8.363
2011.34384 7.967
2011.34658 8.122
2011.34932 8.501
2011.35205 8.137
2011.35479 7.529
2011.35753 8.405
2011.36027 8.191
2011.36301 8.431
2011.36575 8.017
2011.36849 7.867
2011.37123 8.529
2011.37397 8.672
2011.37671 8.663
2011.37945 8.39
2011.38219 7.983
2011.38493 7.792
2011.38767 7.836
2011.39041 7.815
2011.39315 8.205
2011.40137 7.745
2011.40411 7.814
2011.40685 7.592
2011.40959 7.662
2011.41233 7.433
2011.41507 7.81
2011.41781 7.822
2011.42055 7.883
2011.42329 6.828
2011.42603 7.667
2011.42877 8.456
2011.43151 8.031
2011.43425 8.388
2011.43699 7.982
2011.43973 9.193
2011.44247 8.874
2011.44521 8.341
2011.45068 8.742
2011.45342 9.203
2011.45616 8.238
2011.4589 6.668
2011.46164 7.883
2011.46438 7.857
2011.46712 8.319
2011.46986 7.988
2011.4726 7.473
2011.47534 8.047
2011.47808 7.489
2011.48082 7.673
2011.48356 7.404
2011.48904 8.334
2011.49178 8.042
2011.49452 8.15
2011.49726 8.683
2011.5 8.148
2011.50274 8.786
2011.50548 7.923
2011.50822 7.719
2011.51096 8.759
2011.5137 8.251
2011.51644 8.4
2011.51918 7.991
2011.5274 7.879
2011.53014 7.204
2011.53288 7.236
2011.53562 8.467
2011.53836 8.359
2011.5411 7.477
2011.54384 7.377
2011.54932 7.39
2011.55205 7.411
2011.55479 7.797
2011.55753 7.683
2011.56027 8.086
2011.56301 8.437
2011.56575 7.494
2011.56849 7.991
2011.57397 7.951
2011.57671 6.892
2011.57945 7.173
2011.58219 7.492
2011.58493 7.781
2011.58767 8.204
2011.59041 7.766
2011.59315 7.135
2011.59589 7.248
2011.59863 6.717
2011.60137 7.043
2011.60411 7.809
2011.60685 6.62
2011.60959 7.629
2011.61233 7.75
2011.61507 8.208
2011.61781 8.38
2011.62055 7.261
2011.62329 6.913
2011.62603 7.282
2011.63151 6.318
2011.63425 6.931
2011.63699 7.157
2011.63973 7.333
2011.64247 7.311
2011.64521 6.559
2011.64795 6.976
2011.65068 7.739
2011.65342 8.1
2011.65616 6.734
2011.6589 6.616
2011.66164 7.153
2011.66438 7.3
2011.66712 6.812
2011.66986 6.404
2011.6726 7.019
2011.67534 6.662
2011.67808 6.394
2011.68082 6.686
2011.68356 6.452
2011.6863 6.43
2011.68904 6.746
2011.69178 7.163
2011.69452 5.991
2011.69726 6.865
2011.70274 5.43
2011.70548 6.603
2011.70822 6.693
2011.71096 5.669
2011.7137 5.884
2011.71644 6.443
2011.71918 6.575
2011.72192 6.61
2011.72466 6.606
2011.7274 6.673
2011.73014 6.58
2011.73288 6.369
2011.73562 6.029
2011.73836 6.904
2011.7411 5.806
2011.74384 6.189
2011.74658 6.239
2011.74932 5.066
2011.75205 5.629
2011.75479 5.94
2011.75753 6.017
2011.76027 6.354
2011.76301 6.223
2011.76575 6.457
2011.76849 6.08
2011.77123 5.485
2011.77397 5.801
2011.77671 6.339
2011.77945 6.18
2011.78219 6.915
2011.78493 6.681
2011.78767 6.283
2011.79041 6.875
2011.79315 6.029
2011.79589 6.021
2011.79863 6.21
2011.80137 5.979
2011.80411 6.256
2011.80685 6.086
2011.80959 5.507
2011.81233 6.261
2011.81507 6.715
2011.81781 5.987
2011.82055 6.213
2011.82329 6.086
2011.82603 6.287
2011.82877 6.468
2011.83151 6.071
2011.83425 5.714
2011.83699 5.722
2011.83973 5.179
2011.84247 5.725
2011.84521 5.695
2011.84795 5.845
2011.85068 5.672
2011.85342 5.752
2011.85616 6.506
2011.8589 6.547
2011.86164 6.615
2011.86438 6.192
2011.86712 6.381
2011.86986 5.697
2011.8726 5.436
2011.87534 6.078
2011.87808 5.834
2011.88082 6.042
2011.88356 6.32
2011.8863 5.904
2011.88904 5.325
2011.89178 6.069
2011.89452 6.233
2011.89726 6.069
2011.9 6.033
2011.90274 6.081
2011.90548 6.086
2011.90822 5.899
2011.91096 5.745
2011.9137 5.813
2011.91644 6.103
2011.91918 6.194
2011.9274 5.733
2011.93014 5.362
2011.93288 5.411
2011.93562 5.8
2011.93836 6.026
2011.9411 6.194
2011.94384 6.015
2011.94658 5.715
2011.94932 5.786
2011.95205 5.561
2011.95479 5.704
2011.95753 5.521
2011.96027 5.702
2011.96301 5.318
2011.96575 5.455
2011.96849 5.521
2011.97123 5.303
2011.97397 5.772
2011.97671 5.732
2011.97945 5.555
2011.98219 5.52
2011.98493 5.708
2011.98767 5.435
2011.99041 5.321
2011.99315 5.437
2011.99589 5.399
2011.99863 5.308
2012.00137 5.696
2012.0041 5.458
2012.00683 5.755
2012.00956 6.272
2012.0123 5.388
2012.01503 5.008
2012.01776 5.277
2012.02049 5.447
2012.02322 5.535
2012.02596 5.33
2012.02869 5.346
2012.03415 4.937
2012.03689 5.845
2012.03962 6.075
2012.04235 6.031
2012.04508 6.116
2012.04781 6.202
2012.05055 5.953
2012.05328 5.53
2012.05601 6.13
2012.05874 6.197
2012.06148 5.956
2012.06421 6.078
2012.06694 5.993
2012.06967 5.802
2012.0724 5.765
2012.07514 5.617
2012.07787 5.714
2012.0806 5.918
2012.08333 5.934
2012.08607 5.872
2012.0888 6.153
2012.09153 6.436
2012.09426 6.117
2012.09699 6.14
2012.09973 5.722
2012.10246 6.388
2012.10519 6.278
2012.10792 5.91
2012.11066 5.894
2012.11339 5.962
2012.11612 5.951
2012.11885 5.961
2012.12158 5.672
2012.12432 5.712
2012.12705 5.764
2012.12978 5.66
2012.13251 5.775
2012.13525 5.901
2012.13798 5.995
2012.14071 6.141
2012.14344 5.852
2012.14617 5.995
2012.14891 6.036
2012.15164 5.85
2012.15437 5.963
2012.1571 6.202
2012.15984 5.959
2012.16257 5.644
2012.16803 5.811
2012.17077 5.69
2012.1735 5.998
2012.17623 5.817
2012.17896 5.891
2012.18169 5.461
2012.18443 5.586
2012.18716 5.786
2012.18989 5.773
2012.19262 5.345
2012.19536 5.721
2012.19809 5.779
2012.20082 5.541
2012.20355 5.664
2012.20628 5.574
2012.20902 5.598
2012.21175 5.65
2012.21448 5.754
2012.21721 5.866
2012.21995 5.54
2012.22268 5.651
2012.22541 6.218
2012.22814 5.908
2012.23087 6.077
2012.23361 5.953
2012.23634 5.646
2012.23907 5.912
2012.2418 5.395
2012.24454 5.669
2012.24727 5.721
2012.25 5.788
2012.25273 5.29
2012.25546 6.598
2012.2582 6.729
2012.26093 5.677
2012.26366 5.397
2012.26639 5.761
2012.26913 5.474
2012.27186 6.114
2012.27459 5.84
2012.27732 6.24
2012.28005 5.57
2012.28279 5.928
2012.28552 5.704
2012.28825 5.838
2012.29098 5.575
2012.29372 6.178
2012.29645 5.859
2012.29918 5.613
2012.30191 5.713
2012.30464 5.539
2012.30738 6.157
2012.31011 6.023
2012.31284 5.484
2012.31557 5.626
2012.31831 6.216
2012.32104 5.707
2012.32377 5.723
2012.3265 5.47
2012.32923 5.538
2012.33197 6.034
2012.3347 6.172
2012.33743 6.399
2012.34016 5.468
2012.3429 5.841
2012.34563 6.318
2012.34836 5.911
2012.35109 5.537
2012.35383 5.598
2012.35656 5.393
2012.35929 6.288
2012.36202 5.685
2012.36475 5.576
2012.36749 5.851
2012.37022 5.643
2012.37295 5.931
2012.37568 5.696
2012.37842 5.795
2012.38115 5.944
2012.38388 5.169
2012.38661 4.647
2012.38934 5.379
2012.39208 5.458
2012.39481 5.203
2012.39754 5.489
2012.40027 6.386
2012.40301 5.598
2012.40574 5.111
2012.40847 5.811
2012.4112 5.603
2012.41393 5.033
2012.41667 5.461
2012.4194 5.497
2012.42213 4.962
2012.42486 6.292
2012.4276 5.726
2012.43033 5.928
2012.43306 5.908
2012.43579 5.85
2012.43852 6.386
2012.44126 5.836
2012.44399 5.718
2012.44672 6.046
2012.44945 5.656
2012.45219 4.922
2012.45492 5.578
2012.45765 6.159
2012.46038 5.667
2012.46311 6.038
2012.46585 6.038
2012.46858 5.583
2012.47131 5.866
2012.47404 5.993
2012.47678 5.28
2012.47951 5.823
2012.48224 5.18
2012.48497 5.762
2012.4877 5.135
2012.49044 5.073
2012.49317 5.386
2012.4959 5.062
2012.49863 5.911
2012.50137 5.429
2012.5041 4.982
2012.50683 5.761
2012.50956 6.339
2012.5123 5.994
2012.51503 5.779
2012.51776 5.782
2012.52049 4.609
2012.52322 5.174
2012.52596 5.348
2012.52869 5.844
2012.53142 4.826
2012.53415 4.836
2012.53689 5.252
2012.53962 5.336
2012.54235 5.042
2012.54508 5.244
2012.54781 6.28
2012.55055 5.983
2012.55328 5.387
2012.55601 4.98
2012.55874 6.582
2012.56148 4.742
2012.56694 5.814
2012.56967 6.357
2012.5724 4.554
2012.57514 5.925
2012.57787 4.806
2012.5806 5.513
2012.58333 4.956
2012.58607 5.903
2012.5888 4.297
2012.59153 5.011
2012.59426 4.968
2012.59699 5.002
2012.59973 4.976
2012.60246 5.467
2012.60519 4.904
2012.60792 4.792
2012.61066 5.136
2012.61339 4.735
2012.61612 4.648
2012.61885 4.895
2012.62158 4.731
2012.62432 5.253
2012.62705 4.509
2012.62978 5.069
2012.63251 4.753
2012.63525 4.175
2012.63798 4.352
2012.64071 4.535
2012.64344 5.095
2012.64617 4.738
2012.64891 3.975
2012.65164 3.952
2012.65437 4.42
2012.6571 4.88
2012.65984 4.738
2012.66257 4.358
2012.6653 4.367
2012.66803 5.287
2012.67077 4.151
2012.6735 4.063
2012.67623 4.435
2012.67896 3.816
2012.68169 3.632
2012.68443 3.664
2012.68716 3.892
2012.68989 3.756
2012.69262 3.366
2012.69536 4.086
2012.69809 4.071
2012.70082 4.809
2012.70355 4.143
2012.70628 4.022
2012.70902 3.907
2012.71175 4.188
2012.71448 3.858
2012.71721 4.667
2012.71995 3.966
2012.72268 4.021
2012.72541 3.823
2012.72814 3.672
2012.73087 3.6
2012.73361 4.269
2012.73634 3.238
2012.73907 3.995
2012.7418 4.341
2012.74454 4.224
2012.74727 4.111
2012.75 4.184
2012.75273 3.888
2012.75546 4.125
2012.7582 3.898
2012.76093 3.362
2012.76366 3.566
2012.76639 3.549
2012.76913 3.51
2012.77186 3.666
2012.77459 4.37
2012.77732 4.028
2012.78005 3.342
2012.78279 3.755
2012.78552 3.719
2012.78825 3.718
2012.79098 3.504
2012.79372 4.238
2012.79645 3.711
2012.79918 3.325
2012.80191 3.264
2012.80464 3.567
2012.80738 4.101
2012.81011 4.73
2012.81284 3.707
2012.81557 3.774
2012.81831 4.26
2012.82104 3.942
2012.82377 4.224
2012.8265 3.894
2012.82923 4.146
2012.83197 4.234
2012.8347 3.978
2012.83743 3.757
2012.84016 4.122
2012.8429 3.826
2012.84563 3.848
2012.84836 3.799
2012.85109 4.027
2012.85383 3.699
2012.85656 3.594
2012.85929 3.194
2012.86202 3.9
2012.86475 4.484
2012.86749 4.291
2012.87022 3.721
2012.87295 3.638
2012.87568 3.768
2012.87842 4.129
2012.88115 4.329
2012.88388 4.423
2012.88661 4.141
2012.88934 4.111
2012.89208 4.066
2012.89481 4.182
2012.89754 4.202
2012.90027 4.262
2012.90301 4.609
2012.90574 4.402
2012.90847 3.898
2012.9112 4.115
2012.91393 3.681
2012.91667 3.79
2012.9194 3.798
2012.92213 4.062
2012.92486 4.333
2012.9276 3.829
2012.93033 4.618
2012.93306 4.311
2012.93579 4.292
2012.93852 4.006
2012.94126 3.462
2012.94399 3.707
2012.94672 3.548
2012.94945 3.726
2012.95219 3.634
2012.95492 3.497
2012.95765 3.233
2012.96038 3.271
2012.96311 3.573
2012.96585 3.461
2012.96858 3.589
2012.97131 3.416
2012.97404 3.632
2012.97678 3.586
2012.97951 3.537
2012.98224 3.337
2012.98497 3.237
2012.9877 3.282
2012.99044 3.148
2012.99317 3.469
2012.9959 3.987
2012.99863 3.843
2013.00137 3.72
2013.00411 3.138
2013.00685 3.527
2013.00959 4.051
2013.01233 3.908
2013.01507 3.658
2013.01781 3.68
2013.02055 3.333
2013.02329 3.738
2013.02603 3.676
2013.02877 3.789
2013.03151 3.732
2013.03425 3.744
2013.03699 3.819
2013.03973 3.671
2013.04247 3.332
2013.04521 3.812
2013.04795 3.647
2013.05068 3.357
2013.05342 3.649
2013.05616 3.446
2013.0589 3.807
2013.06164 3.874
2013.06438 3.71
2013.06712 3.597
2013.06986 3.343
2013.0726 3.573
2013.07534 3.544
2013.07808 3.204
2013.08082 3.32
2013.08356 3.199
2013.0863 3.257
2013.08904 3.707
2013.09178 3.707
2013.09452 3.348
2013.09726 3.492
2013.1 3.219
2013.10274 3.332
2013.10548 3.174
2013.10822 3.282
2013.11096 3.222
2013.1137 3.441
2013.11644 3.553
2013.11918 3.557
2013.12192 3.448
2013.12466 3.417
2013.1274 3.891
2013.13014 3.397
2013.13288 3.453
2013.13562 3.286
2013.13836 3.563
2013.1411 3.427
2013.14384 3.49
2013.14658 3.371
2013.14932 3.646
2013.15205 3.354
2013.15479 3.703
2013.15753 3.652
2013.16027 3.556
2013.16301 3.496
2013.16575 3.53
2013.16849 3.618
2013.17123 3.494
2013.17397 3.893
2013.17671 3.737
2013.17945 4.289
2013.18219 4.119
2013.18493 3.601
2013.18767 3.682
2013.19041 3.339
2013.19315 3.286
2013.19589 3.583
2013.19863 3.237
2013.20137 3.395
2013.20685 3.837
2013.20959 3.917
2013.21233 3.422
2013.21507 4.1
2013.21781 3.903
2013.22055 3.706
2013.22329 3.793
2013.22603 3.682
2013.22877 4.163
2013.23151 3.97
2013.23425 3.562
2013.23699 3.735
2013.23973 3.702
2013.24247 3.274
2013.24521 3.904
2013.24795 3.714
2013.25068 3.924
2013.25342 3.986
2013.25616 3.745
2013.2589 3.566
2013.26164 4.108
2013.26438 4.077
2013.26712 3.39
2013.26986 3.493
2013.2726 3.871
2013.27534 3.918
2013.27808 3.948
2013.28082 3.799
2013.28356 4.399
2013.2863 4.622
2013.28904 4.309
2013.29178 4.347
2013.29452 4.443
2013.29726 2.996
2013.3 3.51
2013.30274 3.71
2013.30548 3.601
2013.30822 3.609
2013.31096 4.25
2013.3137 4.209
2013.31644 4.073
2013.31918 4.244
2013.32192 3.362
2013.32466 3.5
2013.3274 3.463
2013.33014 3.203
2013.33288 3.334
2013.33562 3.674
2013.33836 3.759
2013.3411 3.22
2013.34384 3.554
2013.34658 3.062
2013.34932 3.016
2013.35205 3.935
2013.35479 4.301
2013.35753 3.577
2013.36027 3.537
2013.36301 3.491
2013.36575 3.221
2013.36849 3.263
2013.37123 3.041
2013.37397 2.566
2013.37671 3.636
2013.37945 3.92
2013.38219 3.913
2013.38493 3.525
2013.38767 3.27
2013.39041 4.145
2013.39315 2.962
2013.39589 3.023
2013.39863 2.815
2013.40137 3.325
2013.40411 3.221
2013.40685 2.999
2013.40959 3.804
2013.41233 3.082
2013.41507 3.137
2013.41781 3.463
2013.42055 3.037
2013.42329 4.014
2013.42603 3.282
2013.42877 4.179
2013.43425 3.528
2013.43699 3.485
2013.43973 3.491
2013.44247 3.528
2013.44521 3.386
2013.44795 3.99
2013.45068 3.814
2013.45342 4.076
2013.45616 3.563
2013.4589 3.829
2013.46164 4.312
2013.46438 3.481
2013.46712 3.939
2013.46986 4.081
2013.4726 3.749
2013.47534 4.015
2013.47808 3.597
2013.48082 2.948
2013.48356 3.386
2013.4863 3.67
2013.48904 5.207
2013.49178 4.575
2013.49452 4.332
2013.49726 3.423
2013.5 3.97
2013.50274 3.758
2013.50548 4.767
2013.50822 4.592
2013.51096 4.497
2013.5137 5.045
2013.51644 4.554
2013.51918 4
2013.52192 3.931
2013.52466 3.504
2013.5274 3.017
2013.53014 2.749
2013.53288 4.237
2013.53562 2.405
2013.53836 3.526
2013.5411 3.64
2013.54384 4.48
2013.54658 2.485
2013.54932 3.751
2013.55205 3.111
2013.55479 4.009
2013.55753 3.297
2013.56027 3.667
2013.56301 3.389
2013.56575 3.536
2013.56849 3.855
2013.57123 3.266
2013.57397 2.591
2013.57671 3.991
2013.57945 3.54
2013.58219 2.669
2013.58493 3.367
2013.58767 3.511
2013.59041 3.492
2013.59315 3.325
2013.59589 3.142
2013.59863 4.45
2013.60137 3.092
2013.60411 3.769
2013.60685 3.532
2013.60959 5.061
2013.61233 3.467
2013.61507 2.71
2013.61781 3.987
2013.62055 3.907
2013.62329 3.775
2013.62603 3.433
2013.62877 2.205
2013.63151 3.739
2013.63425 2.936
2013.63699 3.127
2013.63973 3.297
2013.64247 3.195
2013.64521 2.533
2013.64795 2.877
2013.65068 3.454
2013.65342 3.349
2013.65616 2.988
2013.6589 3.235
2013.66164 3.327
2013.66438 2.78
2013.66712 2.257
2013.66986 2.398
2013.6726 2.585
2013.67534 2.635
2013.67808 2.505
2013.68082 2.353
2013.68356 2.455
2013.6863 2.05
2013.68904 2.843
2013.69178 2.184
2013.69452 2.029
2013.69726 3.476
2013.7 3.689
2013.70274 2.461
2013.70548 2.684
2013.70822 2.775
2013.71096 2.688
2013.7137 2.646
2013.71644 2.807
2013.71918 2.005
2013.72192 2.541
2013.72466 2.228
2013.7274 2.057
2013.73014 2.335
2013.73288 2.416
2013.73562 2.909
2013.73836 2.319
2013.7411 2.85
2013.74384 2.303
2013.74658 2.753
2013.74932 2.56
2013.75205 2.602
2013.75479 2.577
2013.75753 2.696
2013.76027 1.868
2013.76301 2.294
2013.76575 2.039
2013.76849 2.294
2013.77123 2.642
2013.77397 2.787
2013.77671 2.358
2013.77945 2.683
2013.78219 2.712
2013.78493 1.875
2013.78767 2.513
2013.79041 2.259
2013.79315 2.177
2013.79589 2.022
2013.79863 2.075
2013.80137 1.963
2013.80411 2.034
2013.80685 2.035
2013.80959 2.318
2013.81233 2.855
2013.81507 2.911
2013.81781 2.953
2013.82055 2.898
2013.82329 2.225
2013.82603 2.076
2013.82877 2.025
2013.83151 1.972
2013.83425 2.113
2013.83699 1.979
2013.83973 2.377
2013.84247 2.38
2013.84521 2.253
2013.84795 2.688
2013.85068 2.744
2013.85342 2.708
2013.85616 2.328
2013.8589 2.691
2013.86164 2.817
2013.86438 2.688
2013.86712 2.615
2013.86986 2.675
2013.8726 3.01
2013.87534 2.529
2013.87808 3.073
2013.88082 3.027
2013.88356 2.87
2013.8863 2.691
2013.88904 2.608
2013.89178 2.959
2013.89452 2.477
2013.89726 2.64
2013.9 3.332
2013.90274 2.962
2013.90548 2.997
2013.90822 3.21
2013.91096 3.235
2013.9137 2.647
2013.91644 2.956
2013.91918 2.613
2013.92192 2.603
2013.92466 2.342
2013.9274 2.856
2013.93014 2.722
2013.93288 2.49
2013.93562 2.783
2013.93836 2.851
2013.9411 2.85
2013.94384 2.805
2013.94658 2.645
2013.94932 2.436
2013.95205 1.832
2013.95479 1.547
2013.95753 1.751
2013.96027 1.537
2013.96301 2.025
2013.96575 1.984
2013.96849 2.081
2013.97123 1.855
2013.97397 1.953
2013.97671 1.819
2013.97945 1.787
2013.98219 1.647
2013.98493 2.01
2013.98767 2.113
2013.99041 2.056
2013.99315 2.572
2013.99589 2.863
2013.99863 2.61
2014.00137 2.607
2014.00411 2.402
2014.00685 1.829
2014.00959 2.372
2014.01233 2.375
2014.01507 2.248
2014.01781 1.858
2014.02055 1.971
2014.02329 2.005
2014.02603 1.664
2014.02877 1.426
2014.03151 1.425
2014.03425 1.56
2014.03699 1.558
2014.03973 1.412
2014.04247 1.944
2014.04521 2.047
2014.04795 1.848
2014.05068 2.025
2014.05342 2.021
2014.05616 2.413
2014.0589 2.262
2014.06164 2.628
2014.06438 2.357
2014.06712 2.244
2014.06986 2.396
2014.0726 1.957
2014.07534 2.285
2014.07808 2.716
2014.08082 2.32
2014.08356 2.315
2014.0863 2.497
2014.08904 2.562
2014.09178 2.494
2014.09452 2.112
2014.09726 1.981
2014.1 1.716
2014.10274 2.017
2014.10548 1.941
2014.10822 1.917
2014.11096 1.719
2014.1137 1.669
2014.11644 1.332
2014.11918 1.71
2014.12192 1.526
2014.12466 1.65
2014.1274 1.358
2014.13014 1.306
2014.13288 1.464
2014.13562 1.431
2014.13836 1.444
2014.1411 1.571
2014.14384 1.515
2014.14658 1.329
2014.14932 1.34
2014.15205 1.461
2014.15479 1.387
2014.15753 1.488
2014.16027 1.556
2014.16301 1.574
2014.16575 1.382
2014.16849 1.209
2014.17123 1.273
2014.17397 1.585
2014.17671 0.985
2014.17945 1.439
2014.18219 1.783
2014.18493 1.658
2014.18767 1.766
2014.19041 1.524
2014.19315 1.729
2014.19589 2.32
2014.19863 2.061
2014.20137 2.263
2014.20411 2.08
2014.20685 1.991
2014.20959 2.248
2014.21233 1.753
2014.21507 1.878
2014.21781 2.405
2014.22055 1.532
2014.22329 2.104
2014.22603 2.548
2014.22877 2.325
2014.23151 2.554
2014.23425 2.442
2014.23699 2.477
2014.23973 2.156
2014.24247 2.288
2014.24521 1.82
2014.24795 2.221
2014.25068 1.984
2014.25342 1.914
2014.25616 2.403
2014.2589 1.871
2014.26164 2.256
2014.26438 2.134
2014.26712 2.167
2014.26986 1.682
2014.2726 2.074
2014.27534 2.17
2014.27808 1.874
2014.28082 1.577
2014.28356 1.55
2014.2863 2.387
2014.28904 2.07
2014.29178 1.295
2014.29452 1.244
2014.29726 1.333
2014.3 1.245
2014.30274 1.46
2014.30548 1.886
2014.30822 1.898
2014.31096 1.399
2014.3137 1.862
2014.31644 1.405
2014.31918 1.42
2014.32192 1.506
2014.32466 1.872
2014.3274 2.187
2014.33014 1.607
2014.33288 1.901
2014.33562 2.101
2014.33836 1.629
2014.3411 1.742
2014.34384 1.471
2014.34658 1.567
2014.34932 1.973
2014.35205 2.326
2014.35479 1.685
2014.35753 1.902
2014.36027 2.328
2014.36301 2.49
2014.36575 1.648
2014.36849 1.789
2014.37123 1.706
2014.37397 1.65
2014.37671 1.574
2014.37945 2.608
2014.38219 1.484
2014.38493 1.803
2014.38767 1.478
2014.39041 1.288
2014.39315 1.497
2014.39589 2.127
2014.39863 2.33
2014.40137 2.368
2014.40411 2.37
2014.40685 2.554
2014.40959 1.729
2014.41233 2.065
2014.41507 1.652
2014.41781 1.455
2014.42055 2.387
2014.42329 1.742
2014.42603 2.076
2014.42877 1.676
2014.43151 1.721
2014.43425 2.968
2014.43699 2.76
2014.43973 1.516
2014.44247 2.116
2014.44521 2.028
2014.44795 2.38
2014.45068 1.704
2014.45342 2.353
2014.45616 2.446
2014.4589 2.608
2014.46164 1.754
2014.46438 1.629
2014.46712 1.458
2014.46986 2.252
2014.4726 1.446
2014.47534 2.884
2014.47808 2.55
2014.48082 2.408
2014.48356 1.962
2014.4863 1.678
2014.48904 1.791
2014.49178 2.28
2014.49452 1.393
2014.49726 1.86
2014.5 2.755
2014.50274 2.315
2014.50548 1.735
2014.50822 1.848
2014.51096 2.156
2014.5137 3.255
2014.51644 1.919
2014.51918 1.733
2014.52192 2.387
2014.52466 2.639
2014.5274 2.701
2014.53014 2.011
2014.53288 2.165
2014.53562 2.525
2014.53836 2.29
2014.5411 3.377
2014.54384 1.838
2014.54658 2.051
2014.54932 2.325
2014.55205 0.709
2014.55479 2.036
2014.55753 2.131
2014.56027 1.54
2014.56301 2.148
2014.56575 2.152
2014.56849 1.627
2014.57123 2.562
2014.57397 1.099
2014.57671 1.2
2014.57945 1.784
2014.58219 1.178
2014.58493 1.285
2014.58767 1.709
2014.59041 2.406
2014.59315 1.986
2014.59863 0.997
2014.60137 1.15
2014.60411 1.419
2014.60685 1.199
2014.60959 -0.051
2014.61233 0.684
2014.61507 0.57
2014.61781 1.044
2014.62055 1.243
2014.62329 1.243
2014.62603 0.561
2014.62877 0.495
2014.63151 1.476
2014.63425 0.889
2014.63699 0.655
2014.63973 0.556
2014.64247 1.027
2014.64521 1.163
2014.64795 0.468
2014.65342 0.547
2014.65616 0.923
2014.6589 0.057
2014.66164 0.555
2014.66438 1.164
2014.66712 0.205
2014.66986 0.258
2014.6726 1.033
2014.67534 1.095
2014.67808 0.812
2014.68082 0.896
2014.68356 1.092
2014.6863 0.337
2014.68904 0.475
2014.69178 0.205
2014.69452 -0.161
2014.69726 0.299
2014.7 0.623
2014.70274 -0.603
2014.70548 -0.578
2014.70822 -0.819
2014.71096 -0.416
2014.7137 -0.032
2014.71644 -0.094
2014.71918 -0.13
2014.72192 -0.135
2014.72466 -0.62
2014.7274 -0.378
2014.73014 -0.791
2014.73288 0.451
2014.73562 0.24
2014.73836 -0.678
2014.7411 -0.008
2014.74384 -0.334
2014.74658 -0.132
2014.74932 0.219
2014.75205 -0.465
2014.75479 -0.068
2014.75753 -0.793
2014.76027 -0.709
2014.76301 -0.053
2014.76575 -0.414
2014.76849 -0.681
2014.77123 -0.386
2014.77397 -0.132
2014.77671 -0.347
2014.77945 -0.436
2014.78219 0.023
2014.78493 -0.009
2014.78767 -0.348
2014.79041 -0.083
2014.79315 -0.218
2014.79589 -0.053
2014.79863 -0.32
2014.80137 0
2014.80411 -0.168
2014.80685 -0.344
2014.80959 -0.261
2014.81233 -0.294
2014.81507 -0.221
2014.81781 -0.548
2014.82055 -0.963
2014.82329 -0.247
2014.82603 -0.437
2014.82877 -0.295
2014.83151 -0.204
2014.83425 -0.311
2014.83699 -0.219
2014.83973 0.232
2014.84247 -0.244
2014.84521 -0.121
2014.84795 -0.417
2014.85068 -0.36
2014.85342 -0.399
2014.85616 -0.434
2014.8589 -0.733
2014.86164 0.001
2014.86438 0.019
2014.86712 0.165
2014.86986 0.048
2014.8726 -0.29
2014.87534 -0.275
2014.87808 -0.545
2014.88082 -0.303
2014.88356 -0.182
2014.8863 0.271
2014.88904 -0.481
2014.89178 -0.881
2014.89452 -0.848
2014.89726 -0.605
2014.9 -0.177
2014.90274 -0.28
2014.90548 -0.378
2014.90822 -0.587
2014.91096 -0.572
2014.9137 -0.5
2014.91644 -0.103
2014.91918 -0.283
2014.92192 -0.833
2014.92466 -0.679
2014.9274 -0.463
2014.93014 -0.53
2014.93288 -0.821
2014.93562 -0.906
2014.93836 -1.008
2014.9411 -0.867
2014.94384 -0.625
2014.94658 -0.96
2014.94932 -1.032
2014.95205 -1.275
2014.95479 -1.026
2014.95753 -0.676
2014.96027 -0.743
2014.96301 -1.068
2014.96575 -0.996
2014.96849 -0.898
2014.97123 -0.936
2014.97397 -0.745
2014.97671 -1.103
2014.97945 -1.611
2014.98219 -1.544
2014.98493 -1.495
2014.98767 -1.178
2014.99041 -0.731
2014.99315 -0.803
2014.99589 -1.102
2014.99863 -1.327
2015.00137 -0.814
2015.00411 -1.145
2015.00685 -0.83
2015.00959 -0.585
2015.01233 -0.956
2015.01507 -0.634
2015.01781 -1.225
2015.02055 -1.098
2015.02329 -0.875
2015.02603 -0.795
2015.02877 -1.134
2015.03151 -0.979
2015.03425 -1.165
2015.03699 -1.135
2015.03973 -1.066
2015.04247 -1.435
2015.04521 -0.984
2015.04795 -0.941
2015.05068 -0.935
2015.05342 -0.974
2015.05616 -0.971
2015.0589 -0.742
2015.06164 -0.656
2015.06438 -1.336
2015.06712 -0.973
2015.06986 -1.122
2015.0726 -1.043
2015.07534 -1.169
2015.07808 -1.329
2015.08082 -1.41
2015.08356 -1.614
2015.0863 -1.666
2015.08904 -1.55
2015.09178 -1.319
2015.09452 -1.399
2015.09726 -1.235
2015.1 -1.318
2015.10274 -1.502
2015.10548 -0.938
2015.10822 -0.886
2015.11096 -0.55
2015.1137 -1.102
2015.11644 -0.824
2015.11918 -0.639
2015.12192 -1.245
2015.12466 -0.991
2015.1274 -0.905
2015.13014 -1.39
2015.13288 -1.389
2015.13562 -1.622
2015.13836 -1.987
2015.1411 -1.341
2015.14384 -1.096
2015.14658 -0.815
2015.14932 -1.157
2015.15205 -1.396
2015.15479 -1.652
2015.15753 -1.479
2015.16027 -1.386
2015.16301 -1.032
2015.16575 -0.866
2015.16849 -1.148
2015.17123 -1.206
2015.17397 -1.021
2015.17671 -1.235
2015.17945 -1.279
2015.18219 -1.739
2015.18493 -1.288
2015.18767 -1.054
2015.19041 -0.949
2015.19315 -0.863
2015.19589 -1.039
2015.19863 -0.686
2015.20137 -0.784
2015.20411 -0.504
2015.20685 -0.969
2015.20959 -0.44
2015.21233 -0.639
2015.21507 -0.723
2015.21781 -0.554
2015.22055 -1.176
2015.22329 -0.836
2015.22603 -1.012
2015.22877 -1.034
2015.23151 -0.443
2015.23425 -0.319
2015.23699 -0.214
2015.23973 -0.676
2015.24247 -0.659
2015.24521 -1.102
2015.24795 -0.632
2015.25068 -0.756
2015.25342 -0.517
2015.25616 -0.705
2015.2589 -1.619
2015.26164 -0.983
2015.26438 -1.111
2015.26712 -0.828
2015.26986 -1.356
2015.2726 -1.22
2015.27534 -1.003
2015.27808 -1.538
2015.28082 -1.13
2015.28356 -0.455
2015.2863 -0.607
2015.28904 -1.048
2015.29178 -1.083
2015.29452 -1.251
2015.29726 -1.268
2015.3 -0.89
2015.30274 -1.523
2015.30548 -1.18
2015.30822 -1.603
2015.31096 -1.157
2015.3137 -1.023
2015.31644 -1.38
2015.31918 -0.894
2015.32192 -0.82
2015.32466 -0.976
2015.3274 -1.102
2015.33014 -1.126
2015.33288 -1.433
2015.33562 -1.962
2015.33836 -1.548
2015.3411 -1.877
2015.34384 -1.699
2015.34658 -1.526
2015.34932 -1.192
2015.35205 -1.027
2015.35479 -1.225
2015.35753 -0.553
2015.36027 -0.529
2015.36301 -1.476
2015.36575 -1.782
2015.36849 -1.429
2015.37123 -1.501
2015.37397 -1.032
2015.37671 -1.132
2015.37945 -1.112
2015.38219 -1.599
2015.38493 -1.333
2015.38767 -1.278
2015.39041 -0.829
2015.39315 -0.586
2015.39589 -0.776
2015.39863 -1.283
2015.40137 -0.454
2015.40411 -0.546
2015.40685 -1.078
2015.40959 -0.691
2015.41233 -1.27
2015.41507 -1.348
2015.41781 -1.389
2015.42055 -1.865
2015.42329 -1.103
2015.42603 -0.473
2015.42877 -1.918
2015.43151 -1.25
2015.43425 -1.073
2015.43699 -1.16
2015.43973 -1.808
2015.44247 -1.097
2015.44521 -0.872
2015.44795 -1.401
2015.45068 -1.445
2015.45342 -0.868
2015.45616 -0.899
2015.4589 -1.541
2015.46164 -1.151
2015.46438 -1.988
2015.46712 -1.303
2015.46986 -1.147
2015.4726 -1.844
2015.47534 -1.608
2015.47808 -0.884
2015.48082 -0.711
2015.48356 -1.151
2015.4863 -1.286
2015.48904 -0.834
2015.49178 -1.636
2015.49452 -1.47
2015.49726 -0.968
2015.5 -1.714
2015.50274 -1.432
2015.50548 -2.404
2015.50822 -2.313
2015.51096 -1.692
2015.5137 -1.412
2015.51644 -1.366
2015.51918 -1.989
2015.52466 -1.244
2015.5274 -1.596
2015.53014 -1.244
2015.53288 -2.024
2015.53562 -2.637
2015.53836 -2.82
2015.5411 -2.221
2015.54384 -2.528
2015.54658 -1.755
2015.54932 -2.127
2015.55205 -2.152
2015.55479 -2.867
2015.55753 -2.57
2015.56027 -2.494
2015.56301 -2.427
2015.56575 -2.995
2015.56849 -2.416
2015.57123 -2.324
2015.57397 -2.571
2015.57671 -3.685
2015.57945 -3.016
2015.58219 -2.813
2015.58767 -3.374
2015.59315 -3.294
2015.59589 -3.257
2015.59863 -3.634
2015.60137 -3.135
2015.60411 -4.044
2015.60685 -4.234
2015.60959 -4.486
2015.61233 -3.593
2015.61507 -3.072
2015.61781 -3.279
2015.62055 -3.707
2015.62329 -2.504
2015.62603 -4.03
2015.62877 -3.723
2015.63151 -3.855
2015.63425 -3.958
2015.63699 -3.249
2015.63973 -3.605
2015.64247 -3.9
2015.64521 -4.054
2015.64795 -4.65
2015.65068 -3.268
2015.65342 -4.675
2015.65616 -4.1
2015.6589 -4.499
2015.66164 -4.306
2015.66438 -3.768
2015.66712 -4.474
2015.66986 -4.628
2015.6726 -4.248
2015.67534 -4.781
2015.67808 -4.13
2015.68082 -3.982
2015.68356 -4.977
2015.6863 -5.14
2015.68904 -4.965
2015.69178 -4.821
2015.69452 -4.36
2015.69726 -4.095
2015.7 -4.219
2015.70274 -4.33
2015.70548 -4.717
2015.70822 -4.278
2015.71096 -4.974
2015.7137 -5.322
2015.71644 -4.601
2015.71918 -4.191
2015.72192 -4.473
2015.72466 -4.601
2015.7274 -4.651
2015.73014 -4.252
2015.73288 -4.335
2015.73562 -4.076
2015.73836 -4.288
2015.7411 -4.731
2015.74384 -4.824
2015.74658 -4.4
2015.74932 -3.848
2015.75205 -4.129
2015.75479 -4.853
2015.75753 -4.595
2015.76027 -4.037
2015.76301 -4.577
2015.76575 -4.242
2015.76849 -4.252
2015.77123 -3.895
2015.77397 -4.184
2015.77671 -4.128
2015.77945 -4.195
2015.78219 -4.921
2015.78493 -4.497
2015.78767 -4.358
2015.79041 -4.864
2015.79315 -4.543
2015.79589 -4.636
2015.79863 -4.843
2015.80137 -4.726
2015.80411 -4.263
2015.80685 -4.746
2015.80959 -4.776
2015.81233 -4.678
2015.81507 -4.789
2015.81781 -4.812
2015.82055 -4.692
2015.82329 -5.279
2015.82603 -5.242
2015.82877 -5
2015.83151 -5.034
2015.83425 -4.663
2015.83699 -5.173
2015.83973 -4.429
2015.84247 -4.922
2015.84521 -4.918
2015.84795 -5.544
2015.85068 -5.276
2015.85342 -4.828
2015.85616 -4.952
2015.8589 -5.06
2015.86164 -5.658
2015.86438 -5.425
2015.86712 -4.323
2015.86986 -4.741
2015.8726 -4.523
2015.87534 -5.44
2015.87808 -5.08
2015.88082 -5.359
2015.88356 -5.038
2015.8863 -4.827
2015.88904 -5.208
2015.89178 -5.486
2015.89452 -5.245
2015.89726 -5.062
2015.9 -4.763
2015.90274 -4.594
2015.90548 -5.062
2015.90822 -5.114
2015.91096 -4.851
2015.9137 -5.025
2015.91644 -5.165
2015.91918 -4.565
2015.92192 -4.637
2015.92466 -4.69
2015.9274 -5.285
2015.93014 -5.269
2015.93288 -5.259
2015.93562 -5.544
2015.93836 -5.105
2015.9411 -5.423
2015.94384 -5.169
2015.94658 -5.829
2015.94932 -5.622
2015.95205 -5.398
2015.95479 -5.478
2015.95753 -5.19
2015.96027 -5.485
2015.96301 -5.53
2015.96575 -5.222
2015.96849 -5.278
2015.97123 -5.035
2015.97397 -5.417
2015.97671 -5.827
2015.97945 -5.218
2015.98219 -5.154
2015.98493 -5.58
2015.98767 -5.372
2015.99041 -5.492
2015.99315 -5.338
2015.99589 -5.384
2015.99863 -5.401
2016.00137 -5.1
2016.0041 -4.896
2016.00683 -4.848
2016.00956 -5.04
2016.0123 -5.31
2016.01503 -4.991
2016.01776 -4.823
2016.02049 -4.865
2016.02322 -4.861
2016.02596 -5.28
2016.02869 -5.225
2016.03142 -4.878
2016.03415 -4.671
2016.03689 -4.539
2016.03962 -4.517
2016.04235 -4.766
2016.04508 -4.55
2016.04781 -4.506
2016.05055 -4.935
2016.05328 -5.58
2016.05601 -5.764
2016.05874 -5.441
2016.06148 -5.401
2016.06421 -4.689
2016.06694 -5.053
2016.06967 -5.457
2016.0724 -5.036
2016.07514 -5.545
2016.07787 -5.79
2016.0806 -5.556
2016.08333 -5.512
2016.08607 -5.292
2016.0888 -5.108
2016.09153 -5.254
2016.09426 -5.301
2016.09699 -5.207
2016.09973 -4.796
2016.10246 -4.841
2016.10519 -4.806
2016.10792 -4.761
2016.11066 -5.024
2016.11339 -5.341
2016.11612 -5.104
2016.11885 -5.493
2016.12158 -4.635
2016.12432 -5.151
2016.12705 -5.223
2016.12978 -5.005
2016.13251 -4.989
2016.13525 -4.8
2016.13798 -5.154
2016.14071 -5.415
2016.14344 -5.539
2016.14617 -5.46
2016.14891 -5.323
2016.15164 -5.089
2016.15437 -5.027
2016.1571 -5.27
2016.15984 -5.496
2016.16257 -4.949
2016.1653 -4.994
2016.16803 -4.749
2016.17077 -4.491
2016.1735 -5.312
2016.17623 -4.916
2016.17896 -4.708
2016.18169 -4.976
2016.18443 -5.236
2016.18716 -5.127
2016.18989 -5.215
2016.19262 -4.833
2016.19536 -5.087
2016.19809 -5.164
2016.20082 -5.13
2016.20355 -5.076
2016.20628 -4.813
2016.20902 -4.466
2016.21175 -4.225
2016.21448 -4.76
2016.21721 -4.894
2016.21995 -4.893
2016.22268 -5.199
2016.22541 -5.278
2016.22814 -4.811
2016.23087 -5.221
2016.23361 -4.992
2016.23634 -4.682
2016.23907 -4.64
2016.2418 -5.14
2016.24454 -4.635
2016.24727 -4.579
2016.25 -4.979
2016.25273 -5.033
2016.25546 -5.009
2016.2582 -5.007
2016.26093 -5.403
2016.26366 -4.755
2016.26639 -5.306
2016.26913 -5.325
2016.27186 -4.92
2016.27459 -5.425
2016.27732 -5.125
2016.28005 -5.295
2016.28279 -5.003
2016.28552 -5.62
2016.28825 -5.769
2016.29098 -5.377
2016.29372 -5.187
2016.29645 -5.085
2016.29918 -5.243
2016.30191 -5.087
2016.30464 -4.795
2016.30738 -5.176
2016.31011 -5.493
2016.31284 -4.982
2016.31557 -5.498
2016.31831 -5.642
2016.32104 -5.421
2016.32377 -5.415
2016.3265 -5.051
2016.32923 -5.225
2016.33197 -5.496
2016.3347 -5.893
2016.33743 -5.059
2016.34016 -5.195
2016.3429 -5.7
2016.34563 -6.087
2016.34836 -6.427
2016.35109 -6
2016.35383 -5.593
2016.35656 -5.099
2016.35929 -5.105
2016.36202 -6.042
2016.36475 -5.724
2016.36749 -6.169
2016.37022 -5.435
2016.37295 -5.197
2016.37568 -5.633
2016.37842 -5.731
2016.38115 -5.66
2016.38388 -5.913
2016.38661 -5.801
2016.38934 -6.228
2016.39208 -5.451
2016.39481 -5.501
2016.39754 -6.045
2016.40027 -5.894
2016.40301 -6.592
2016.40574 -6.044
2016.40847 -5.135
2016.4112 -5.761
2016.41393 -5.773
2016.41667 -6.422
2016.4194 -5.905
2016.42213 -5.06
2016.42486 -5.865
2016.4276 -5.948
2016.43033 -5.157
2016.43306 -5.669
2016.43579 -5.589
2016.43852 -5.826
2016.44126 -5.905
2016.44399 -6.051
2016.44672 -5.36
2016.44945 -6.337
2016.45219 -5.126
2016.45492 -5.332
2016.45765 -5.285
2016.46038 -4.362
2016.46311 -6.352
2016.46585 -6.17
2016.46858 -6.143
2016.47131 -5.922
2016.47404 -5.618
2016.47678 -6.532
2016.47951 -5.689
2016.48224 -6.126
2016.48497 -6.063
2016.4877 -4.886
2016.49044 -5.854
2016.49317 -5.979
2016.4959 -6.022
2016.49863 -5.941
2016.50137 -6.23
2016.5041 -6.714
2016.50683 -6.094
2016.50956 -5.56
2016.5123 -5.992
2016.51503 -5.939
2016.51776 -5.304
2016.52049 -5.996
2016.52322 -6.272
2016.52596 -5.727
2016.52869 -6.527
2016.53142 -7.27
2016.53415 -6.421
2016.53689 -6.549
2016.53962 -5.857
2016.54235 -5.722
2016.54508 -6.639
2016.54781 -6.646
2016.55055 -6.501
2016.55328 -7.055
2016.55601 -7.215
2016.55874 -6.504
2016.56148 -6.784
2016.56694 -7.875
2016.56967 -7.535
2016.5724 -6.994
2016.57514 -7.558
2016.57787 -7.062
2016.5806 -8.005
2016.58333 -7.388
2016.58607 -7.368
2016.5888 -7.547
2016.59153 -7.267
2016.59426 -6.663
2016.59699 -6.521
2016.59973 -6.994
2016.60519 -7.522
2016.60792 -7.636
2016.61066 -7.335
2016.61339 -7.432
2016.61612 -7.641
2016.61885 -6.54
2016.62158 -7.25
2016.62705 -6.504
2016.62978 -7.638
2016.63251 -7.971
2016.63525 -7.672
2016.63798 -7.745
2016.64071 -7.148
2016.64344 -6.249
2016.64891 -8.159
2016.65164 -7.923
2016.65437 -7.287
2016.6571 -7.148
2016.65984 -6.995
2016.66257 -7.203
2016.6653 -6.879
2016.66803 -7.123
2016.67077 -7.797
2016.6735 -7.17
2016.67623 -7.592
2016.67896 -8.027
2016.68169 -7.056
2016.68443 -7.147
2016.68716 -8.209
2016.68989 -7.573
2016.69262 -7.272
2016.69536 -8.238
2016.69809 -7.479
2016.70082 -7.639
2016.70355 -7.879
2016.70628 -7.589
2016.70902 -7.666
2016.71175 -7.96
2016.71448 -8.308
2016.71721 -8.099
2016.71995 -7.711
2016.72268 -7.916
2016.72541 -7.216
2016.72814 -7.832
2016.73087 -8.153
2016.73361 -8.166
2016.73634 -7.702
2016.73907 -8.35
2016.7418 -8.211
2016.74454 -7.7
2016.74727 -7.588
2016.75 -7.928
2016.75273 -7.972
2016.75546 -7.567
2016.7582 -7.686
2016.76093 -8.136
2016.76366 -7.78
2016.76639 -7.992
2016.76913 -8.026
2016.77186 -7.926
2016.77459 -8.047
2016.77732 -8.108
2016.78005 -8.409
2016.78279 -7.692
2016.78552 -7.953
2016.78825 -7.981
2016.79098 -8.925
2016.79372 -8.249
2016.79645 -8.013
2016.79918 -8.371
2016.80191 -7.961
2016.80464 -8.241
2016.80738 -8.61
2016.81011 -8.316
2016.81284 -8.397
2016.81557 -8.235
2016.81831 -8.502
2016.82104 -8.829
2016.82377 -8.439
2016.8265 -8.118
2016.82923 -8.464
2016.83197 -8.594
2016.8347 -8.333
2016.83743 -8.53
2016.84016 -8.152
2016.8429 -7.809
2016.84563 -8.189
2016.84836 -8.716
2016.85109 -8.963
2016.85383 -8.657
2016.85656 -8.385
2016.85929 -8.484
2016.86202 -8.48
2016.86475 -8.694
2016.86749 -8.711
2016.87022 -8.627
2016.87295 -8.851
2016.87568 -9.211
2016.87842 -8.904
2016.88115 -8.199
2016.88388 -8.798
2016.88661 -8.851
2016.88934 -9.232
2016.89208 -9.263
2016.89481 -8.895
2016.89754 -8.854
2016.90027 -8.697
2016.90301 -9.085
2016.90574 -9.02
2016.90847 -9.49
2016.9112 -9.283
2016.91393 -8.954
2016.91667 -9.246
2016.9194 -9.294
2016.92213 -9.266
2016.92486 -8.839
2016.9276 -9.08
2016.93033 -8.724
2016.93306 -8.869
2016.93579 -8.554
2016.93852 -8.708
2016.94126 -8.766
2016.94399 -8.85
2016.94672 -9.384
2016.94945 -9.197
2016.95219 -8.913
2016.95492 -8.734
2016.95765 -8.402
2016.96038 -8.608
2016.96311 -8.568
2016.96585 -8.87
2016.96858 -8.937
2016.97131 -8.858
2016.97404 -8.596
2016.97678 -8.67
2016.97951 -8.886
2016.98224 -9.477
2016.98497 -9.065
2016.9877 -8.821
2016.99044 -9.237
2016.99317 -8.703
2016.9959 -8.729
2016.99863 -9.062
2017.00137 -8.596
2017.00411 -8.666
2017.00685 -8.483
2017.00959 -8.82
2017.01233 -8.863
2017.01507 -8.587
2017.01781 -8.234
2017.02055 -8.331
2017.02329 -8.616
2017.02603 -8.776
2017.02877 -8.861
2017.03151 -8.773
2017.03425 -8.685
2017.03699 -9.079
2017.03973 -8.84
2017.04247 -9.003
2017.04521 -9.161
2017.04795 -9.387
2017.05068 -9.364
2017.05342 -9.089
2017.05616 -9.376
2017.0589 -9.366
2017.06164 -9.49
2017.06438 -9.382
2017.06712 -8.949
2017.06986 -8.897
2017.0726 -8.879
2017.07534 -9.057
2017.07808 -9.223
2017.08082 -8.593
2017.08356 -8.901
2017.0863 -9.016
2017.08904 -8.734
2017.09178 -8.58
2017.09452 -8.414
2017.09726 -8.373
2017.1 -8.896
2017.10274 -9.148
2017.10548 -8.972
2017.10822 -8.064
2017.11096 -8.278
2017.1137 -8.566
2017.11644 -8.756
2017.11918 -9.081
2017.12192 -8.682
2017.12466 -8.115
2017.1274 -8.458
2017.13014 -8.336
2017.13288 -8.194
2017.13562 -8.48
2017.13836 -8.72
2017.1411 -9.193
2017.14384 -9.079
2017.14658 -8.592
2017.14932 -8.904
2017.15205 -8.915
2017.15479 -8.885
2017.15753 -8.695
2017.16027 -8.558
2017.16301 -8.607
2017.16575 -7.955
2017.16849 -8.407
2017.17123 -8.733
2017.17397 -8.737
2017.17671 -8.561
2017.17945 -8.493
2017.18219 -8.027
2017.18493 -8.303
2017.18767 -8.329
2017.19041 -8.855
2017.19315 -9.12
2017.19589 -8.688
2017.19863 -8.827
2017.20137 -8.871
2017.20411 -9.124
2017.20685 -9.229
2017.20959 -9.277
2017.21233 -9.268
2017.21507 -9.296
2017.21781 -9.274
2017.22055 -9.516
2017.22329 -9.887
2017.22603 -9.482
2017.22877 -9.3
2017.23151 -9.163
2017.23425 -9.57
2017.23699 -9.647
2017.23973 -9.27
2017.24247 -9.471
2017.24521 -8.79
2017.24795 -9.134
2017.25068 -9.427
2017.25342 -9.628
2017.25616 -9.523
2017.2589 -9.31
2017.26164 -9.056
2017.26438 -8.9
2017.26712 -9.64
2017.26986 -9.596
2017.2726 -9.121
2017.27534 -9.385
2017.27808 -9.31
2017.28082 -9.889
2017.28356 -9.117
2017.2863 -9.62
2017.28904 -9.488
2017.29178 -8.855
2017.29452 -9.149
2017.29726 -9.426
2017.3 -9.561
2017.30274 -9.029
2017.30548 -8.824
2017.30822 -8.897
2017.31096 -8.971
2017.3137 -9.538
2017.31644 -9.492
2017.31918 -8.947
2017.32192 -9.036
2017.32466 -8.943
2017.3274 -9.19
2017.33014 -9.078
2017.33288 -9.755
2017.33562 -9.549
2017.33836 -8.968
2017.3411 -9.386
2017.34384 -8.972
2017.34658 -9.014
2017.34932 -8.541
2017.35205 -9.049
2017.35479 -9.009
2017.35753 -9.422
2017.36027 -8.931
2017.36301 -8.981
2017.36575 -9.006
2017.36849 -8.744
2017.37123 -8.855
2017.37397 -9.152
2017.37671 -9.134
2017.37945 -9.562
2017.38219 -8.361
2017.38493 -9.572
2017.38767 -9.427
2017.39041 -9.298
2017.39315 -9.181
2017.39589 -9.138
2017.39863 -9.137
2017.40137 -8.976
2017.40411 -9.325
2017.40685 -9.11
2017.40959 -9.243
2017.41233 -9.274
2017.41507 -8.866
2017.41781 -9.434
2017.42055 -9.759
2017.42329 -9.852
2017.42603 -9.879
2017.42877 -9.488
2017.43151 -9.195
2017.43425 -9.325
2017.43699 -9.475
2017.43973 -9.271
2017.44247 -10.177
2017.44521 -9.529
2017.44795 -9.916
2017.45068 -9.562
2017.45342 -9.551
2017.45616 -9.524
2017.4589 -9.17
2017.46164 -9.778
2017.46438 -9.422
2017.46712 -9.177
2017.46986 -9.887
2017.4726 -10.143
2017.47534 -10.058
2017.47808 -10.057
2017.48082 -9.684
2017.48356 -9.807
2017.4863 -9.152
2017.48904 -9.708
2017.49178 -9.672
2017.49452 -9.748
2017.49726 -8.688
2017.5 -9.426
2017.50274 -8.999
2017.50548 -9.055
2017.50822 -10.459
2017.51096 -9.773
2017.5137 -8.987
2017.51644 -10.082
2017.51918 -9.437
2017.52192 -9.963
2017.52466 -10.171
2017.5274 -10.514
2017.53014 -9.611
2017.53288 -10.982
2017.53562 -11.284
2017.53836 -10.907
2017.54384 -10.355
2017.54658 -10.487
2017.54932 -9.828
2017.55205 -10.765
2017.55479 -10.558
2017.55753 -10.153
2017.56027 -10.99
2017.56301 -9.586
2017.56575 -11.317
2017.56849 -10.572
2017.57397 -10.726
2017.57671 -11.034
2017.57945 -10.629
2017.58219 -11.237
2017.58493 -10.284
2017.58767 -10.546
2017.59041 -10.993
2017.59315 -9.605
2017.59589 -10.477
2017.59863 -10.701
2017.60137 -10.486
2017.60411 -10.936
2017.60685 -10.133
2017.60959 -10.102
2017.61233 -10.005
2017.61507 -10.708
2017.61781 -11.415
2017.62055 -10.938
2017.62329 -11.031
2017.62603 -10.994
2017.62877 -11.496
2017.63151 -10.774
2017.63425 -11.55
2017.63699 -11.082
2017.63973 -10.602
2017.64521 -10.603
2017.64795 -11.042
2017.65068 -11.185
2017.65342 -11.651
2017.65616 -11.852
2017.6589 -11.833
2017.66164 -11.453
2017.66438 -11.173
2017.66712 -11.472
2017.66986 -11.343
2017.6726 -11.047
2017.67534 -11.221
2017.67808 -11.832
2017.68082 -11.393
2017.68356 -11.373
2017.6863 -11.806
2017.68904 -11.326
2017.69178 -11.594
2017.69452 -11.483
2017.69726 -11.654
2017.7 -11.508
2017.70274 -11.653
2017.70548 -11.484
2017.70822 -11.826
2017.71096 -11.631
2017.7137 -11.777
2017.71644 -11.282
2017.71918 -11.41
2017.72192 -11.774
2017.72466 -11.459
2017.7274 -11.489
2017.73014 -11.183
2017.73288 -11.615
2017.73562 -11.485
2017.73836 -10.783
2017.7411 -11.546
2017.74384 -11.395
2017.74658 -11.543
2017.74932 -11.69
2017.75205 -11.762
2017.75479 -11.928
2017.75753 -12.116
2017.76027 -11.659
2017.76301 -11.841
2017.76575 -12.037
2017.76849 -12.221
2017.77123 -12.102
2017.77397 -12.289
2017.77671 -12.649
2017.77945 -12.23
2017.78219 -12.463
2017.78493 -12.418
2017.78767 -12.411
2017.79041 -12.796
2017.79315 -12.158
2017.79589 -12.217
2017.79863 -12.298
2017.80137 -12.01
2017.80411 -12.375
2017.80685 -12.493
2017.80959 -12.176
2017.81233 -12.321
2017.81507 -11.777
2017.81781 -11.95
2017.82055 -11.835
2017.82329 -12.135
2017.82603 -11.562
2017.82877 -11.64
2017.83151 -11.865
2017.83425 -11.371
2017.83699 -11.898
2017.83973 -11.882
2017.84247 -11.511
2017.84521 -11.982
2017.84795 -12.077
2017.85068 -12.032
2017.85342 -11.627
2017.85616 -11.592
2017.8589 -12.157
2017.86164 -11.663
2017.86438 -11.919
2017.86712 -11.743
2017.86986 -11.604
2017.8726 -11.936
2017.87534 -12.032
2017.87808 -12.517
2017.88082 -12.26
2017.88356 -11.959
2017.8863 -12.251
2017.88904 -11.981
2017.89178 -11.97
2017.89452 -11.77
2017.89726 -11.935
2017.9 -12.14
2017.90274 -11.852
2017.90548 -11.704
2017.90822 -12.2
2017.91096 -12.153
2017.9137 -11.907
2017.91644 -11.957
2017.91918 -11.895
2017.92192 -11.971
2017.92466 -12.109
2017.9274 -11.787
2017.93014 -12.12
2017.93288 -11.977
2017.93562 -11.56
2017.93836 -11.894
2017.9411 -11.646
2017.94384 -11.671
2017.94658 -12.299
2017.94932 -12.406
2017.95205 -12.232
2017.95479 -12.459
2017.95753 -12.125
2017.96027 -12.212
2017.96301 -12.268
2017.96575 -12.012
2017.96849 -12.12
2017.97123 -11.886
2017.97397 -11.907
2017.97671 -11.652
2017.97945 -11.596
2017.98219 -11.6
2017.98493 -12.117
2017.98767 -12.127
2017.99041 -12.212
2017.99315 -12.421
2017.99589 -12.229
2017.99863 -12.225
2018.00137 -12.488
2018.00411 -12.876
2018.00685 -12.854
2018.00959 -12.244
2018.01233 -12.206
2018.01507 -12.399
2018.01781 -12.135
2018.02055 -11.789
2018.02329 -12.201
2018.02603 -11.953
2018.02877 -12.176
2018.03151 -12.162
2018.03425 -12.217
2018.03699 -12.322
2018.03973 -12.352
2018.04247 -12.137
2018.04521 -12.393
2018.04795 -12.688
2018.05068 -12.411
2018.05342 -12.713
2018.05616 -12.504
2018.0589 -12.53
2018.06164 -12.417
2018.06438 -12.515
2018.06986 -12.368
2018.0726 -12.453
2018.07534 -12.319
2018.07808 -11.967
2018.08082 -12.403
2018.08356 -12.441
2018.0863 -12.644
2018.08904 -12.92
2018.09178 -12.325
2018.09452 -12.644
2018.09726 -12.545
2018.1 -12.148
2018.10274 -12.139
2018.10548 -12.021
2018.10822 -12.382
2018.11096 -12.34
2018.1137 -12.019
2018.11644 -12.017
2018.11918 -11.774
2018.12192 -12.604
2018.12466 -12.198
2018.1274 -12.203
2018.13014 -12.194
2018.13288 -12.427
2018.13562 -12.464
2018.13836 -12.402
2018.1411 -12.291
2018.14384 -12.551
2018.14658 -12.335
2018.14932 -12.237
2018.15205 -12.22
2018.15479 -12.544
2018.15753 -12.219
2018.16027 -11.956
2018.16301 -11.953
2018.16575 -11.828
2018.16849 -12.056
2018.17123 -12.409
2018.17397 -12.503
2018.17671 -12.997
2018.17945 -12.582
2018.18219 -11.987
2018.18493 -11.998
2018.18767 -12.42
2018.19041 -11.437
2018.19315 -11.47
2018.19589 -11.591
2018.19863 -11.556
2018.20137 -12.549
2018.20411 -12.577
2018.20685 -12.313
2018.20959 -12.748
2018.21233 -12.628
2018.21507 -12.958
2018.21781 -12.211
2018.22055 -11.598
2018.22329 -11.902
2018.22603 -11.94
2018.22877 -11.618
2018.23151 -11.242
2018.23425 -10.997
2018.23699 -11.674
2018.23973 -11.916
2018.24247 -11.426
2018.24521 -11.329
2018.24795 -11.756
2018.25068 -12.106
2018.25342 -12.899
2018.25616 -13.233
2018.2589 -12.908
2018.26164 -13.336
2018.26438 -12.298
2018.26712 -12.137
2018.26986 -11.73
2018.2726 -12.547
2018.27534 -12.11
2018.27808 -12.663
2018.28082 -12.328
2018.28356 -12.409
2018.2863 -12.523
2018.28904 -12.355
2018.29178 -12.104
2018.29452 -11.545
2018.29726 -11.917
2018.3 -11.997
2018.30274 -12.296
2018.30548 -12.119
2018.30822 -12.862
2018.31096 -12.722
2018.3137 -12.549
2018.31644 -12.381
2018.31918 -12.315
2018.32192 -12.384
2018.32466 -13.162
2018.3274 -13.615
2018.33014 -13.06
2018.33288 -13.356
2018.33562 -13.061
2018.33836 -11.927
2018.3411 -12.714
2018.34384 -12.549
2018.34658 -12.006
2018.34932 -12.815
2018.35205 -12.783
2018.35479 -12.501
2018.35753 -12.838
2018.36027 -12.795
2018.36301 -12.086
2018.36575 -11.487
2018.36849 -12.347
2018.37123 -11.716
2018.37397 -12.965
2018.37671 -12.94
2018.37945 -12.484
2018.38219 -12.99
2018.38493 -13.251
2018.38767 -13.208
2018.39041 -12.288
2018.39315 -12.465
2018.39589 -13.432
2018.39863 -12.913
2018.40137 -12.798
2018.40411 -13.463
2018.40685 -12.929
2018.40959 -13.202
2018.41233 -12.988
2018.41507 -12.615
2018.41781 -12.282
2018.42055 -12.176
2018.42329 -12.597
2018.42603 -12.457
2018.42877 -12.259
2018.43151 -12.701
2018.43425 -12.756
2018.43699 -12.551
2018.43973 -12.685
2018.44247 -12.939
2018.44521 -11.984
2018.44795 -12.756
2018.45068 -13.345
2018.45342 -13.118
2018.45616 -12.803
2018.4589 -13.029
2018.46164 -13.255
2018.46438 -13.088
2018.46712 -12.554
2018.46986 -12.857
2018.4726 -12.277
2018.47534 -12.953
2018.47808 -12.396
2018.48356 -12.663
2018.4863 -11.896
2018.48904 -12.95
2018.49178 -13.008
2018.49452 -12.342
2018.49726 -12.762
2018.5 -12.752
2018.50274 -12.935
2018.50548 -12.583
2018.50822 -12.558
2018.51096 -13.198
2018.5137 -13.054
2018.51644 -13.795
2018.51918 -13.978
2018.52192 -13.983
2018.52466 -12.953
2018.5274 -13.316
2018.53014 -12.451
2018.53562 -13.962
2018.53836 -13.088
2018.5411 -14.016
2018.54384 -13.332
2018.54658 -12.667
2018.54932 -13.066
2018.55205 -13.551
2018.55479 -13.357
2018.55753 -13.139
2018.56027 -13.012
2018.56301 -13.78
2018.57123 -14.116
2018.57397 -14.01
2018.57671 -13.572
2018.57945 -13.074
2018.58219 -13.533
2018.58493 -12.593
2018.58767 -13.079
2018.59041 -14.295
2018.59315 -14.264
2018.59589 -13.231
2018.59863 -13.665
2018.60137 -13.238
2018.60411 -13.957
2018.60685 -13.566
2018.60959 -12.709
2018.61233 -12.62
2018.61507 -13.404
2018.61781 -12.463
2018.62055 -13.864
2018.62329 -13.682
2018.62603 -13.829
2018.62877 -14.015
2018.63151 -14.513
2018.63425 -14.164
2018.63699 -13.621
2018.63973 -13.648
2018.64247 -13.833
2018.64521 -13.597
2018.64795 -14.074
2018.65068 -14.062
2018.65342 -13.769
2018.65616 -14.431
2018.6589 -14.567
2018.66164 -13.853
2018.66438 -14.664
2018.66712 -13.699
2018.66986 -13.792
2018.6726 -13.585
2018.67534 -14.265
2018.67808 -13.953
2018.68082 -14.218
2018.68356 -14.243
2018.6863 -14.009
2018.68904 -14.275
2018.69178 -14.268
2018.69452 -13.713
2018.69726 -14.071
2018.7 -13.847
2018.70274 -14.057
2018.70548 -14.214
2018.70822 -14.206
2018.71096 -14.009
2018.7137 -14.146
2018.71644 -13.601
2018.71918 -14.304
2018.72192 -13.427
2018.72466 -14.269
2018.7274 -14.118
2018.73014 -14.662
2018.73288 -14.384
2018.73562 -14.513
2018.73836 -14.597
2018.7411 -14.098
2018.74384 -14.082
2018.74658 -13.744
2018.74932 -13.371
2018.75205 -14.228
2018.75479 -14.245
2018.75753 -14.388
2018.76027 -14.035
2018.76301 -13.86
2018.76575 -14.407
2018.76849 -14.265
2018.77123 -14.136
2018.77397 -14.434
2018.77671 -14.499
2018.77945 -14.728
2018.78219 -14.242
2018.78493 -14.352
2018.78767 -14.275
2018.79041 -14.812
2018.79315 -14.326
2018.79589 -14.612
2018.79863 -14.786
2018.80137 -14.544
2018.80411 -14.31
2018.80685 -14.04
2018.80959 -14.709
2018.81233 -14.506
2018.81507 -14.782
2018.81781 -14.483
2018.82055 -14.575
2018.82329 -14.537
2018.82603 -14.277
2018.82877 -14.685
2018.83151 -14.824
2018.83425 -14.573
2018.83699 -14.585
2018.83973 -14.202
2018.84247 -14.833
2018.84521 -14.534
2018.84795 -14.918
2018.85068 -14.359
2018.85342 -14.342
2018.85616 -14.568
2018.8589 -14.922
2018.86164 -14.453
2018.86438 -14.236
2018.86712 -14.4
2018.86986 -14.538
2018.8726 -14.627
2018.87534 -14.631
2018.87808 -14.782
2018.88082 -14.368
2018.88356 -14.466
2018.8863 -14.567
2018.88904 -14.505
2018.89178 -14.566
2018.89452 -14.632
2018.89726 -14.544
2018.9 -14.632
2018.90274 -14.9
2018.90548 -14.721
2018.90822 -14.702
2018.91096 -14.661
2018.9137 -14.367
2018.91644 -14.645
2018.91918 -14.73
2018.92192 -14.887
2018.92466 -14.97
2018.9274 -14.961
2018.93014 -15.272
2018.93288 -14.922
2018.93562 -15.081
2018.93836 -15.486
2018.9411 -15.294
2018.94384 -15.118
2018.94658 -14.638
2018.94932 -15.087
2018.95205 -14.8
2018.95479 -14.539
2018.95753 -14.456
2018.96027 -14.43
2018.96301 -14.531
2018.96575 -14.597
2018.96849 -14.575
2018.97123 -15.153
2018.97397 -14.851
2018.97671 -14.901
2018.97945 -14.748
2018.98219 -14.861
2018.98493 -15.028
2018.98767 -15.103
2018.99041 -15.386
2018.99315 -15.588
2018.99589 -15.445
2018.99863 -15.359
2019.00137 -15.199
2019.00411 -15.032
2019.00685 -15.267
2019.00959 -15.041
2019.01233 -14.514
2019.01507 -14.914
2019.01781 -14.812
2019.02055 -15.197
2019.02329 -14.781
2019.02603 -14.372
2019.02877 -14.53
2019.03151 -14.809
2019.03425 -14.876
2019.03699 -15.216
2019.03973 -14.748
2019.04247 -14.473
2019.04521 -14.657
2019.04795 -14.543
2019.05068 -14.49
2019.05342 -14.394
2019.05616 -13.936
2019.0589 -14.152
2019.06164 -14.629
2019.06438 -14.832
2019.06712 -15.001
2019.06986 -14.57
2019.0726 -14.47
2019.07534 -14.457
2019.07808 -14.511
2019.08082 -14.618
2019.08356 -14.389
2019.0863 -13.968
2019.08904 -14.494
2019.09178 -14.486
2019.09452 -13.903
2019.09726 -14.623
2019.1 -14.536
2019.10274 -14.61
2019.10548 -14.712
2019.10822 -15.068
2019.11096 -14.896
2019.1137 -14.93
2019.11644 -15.324
2019.11918 -14.858
2019.12192 -14.897
2019.12466 -14.937
2019.1274 -14.536
2019.13014 -14.735
2019.13288 -14.529
2019.13562 -14.801
2019.13836 -14.77
2019.1411 -14.815
2019.14384 -14.768
2019.14658 -14.624
2019.14932 -14.692
2019.15205 -14.378
2019.15479 -14.672
2019.15753 -14.342
2019.16027 -14.34
2019.16301 -14.309
2019.16575 -14.198
2019.16849 -14.302
2019.17123 -14.32
2019.17397 -14.733
2019.17671 -14.83
2019.17945 -14.801
2019.18219 -14.877
2019.18493 -14.561
2019.18767 -14.83
2019.19041 -14.653
2019.19315 -14.865
2019.19589 -15.118
2019.19863 -15.103
2019.20137 -14.653
2019.20411 -14.774
2019.20685 -14.408
2019.20959 -14.225
2019.21233 -14.158
2019.21507 -14.227
2019.21781 -14.538
2019.22055 -14.629
2019.22329 -14.656
2019.22603 -14.286
2019.22877 -14.552
2019.23151 -14.676
2019.23425 -14.512
2019.23699 -14.623
2019.23973 -14.445
2019.24247 -14.718
2019.24521 -14.75
2019.24795 -14.874
2019.25068 -14.795
2019.25342 -14.603
2019.25616 -14.396
2019.2589 -14.409
2019.26164 -14.714
2019.26438 -14.507
2019.26712 -14.951
2019.26986 -14.493
2019.2726 -14.689
2019.27534 -14.81
2019.27808 -14.743
2019.28082 -14.738
2019.28356 -14.789
2019.2863 -14.173
2019.28904 -13.898
2019.29178 -14.107
2019.29452 -14.459
2019.29726 -13.477
2019.3 -14.186
2019.30274 -14.624
2019.30548 -14.688
2019.30822 -14.462
2019.31096 -14.217
2019.31644 -14.963
2019.31918 -15.309
2019.32192 -14.742
2019.32466 -14.472
2019.3274 -14.638
2019.33014 -14.774
2019.33288 -14.892
2019.33562 -14.453
2019.33836 -15.351
2019.3411 -15.298
2019.34384 -15.046
2019.34658 -14.899
2019.34932 -14.594
2019.35205 -14.944
2019.35479 -14.949
2019.35753 -14.136
2019.36027 -15.465
2019.36301 -14.49
2019.36575 -14.145
2019.36849 -14.658
2019.37123 -14.819
2019.37397 -14.384
2019.37671 -14.433
2019.37945 -14.636
2019.38219 -14.608
2019.38493 -14.746
2019.38767 -14.643
2019.39041 -14.563
2019.39315 -14.748
2019.39589 -14.125
2019.39863 -14.371
2019.40137 -15.027
2019.40411 -14.765
2019.40685 -14.592
2019.40959 -14.624
2019.41233 -14.662
2019.41507 -14.412
2019.41781 -14.699
2019.42055 -14.415
2019.42329 -14.747
2019.42603 -14.875
2019.42877 -14.634
2019.43151 -14.715
2019.43425 -14.504
2019.43699 -14.699
2019.43973 -14.803
2019.44247 -14.594
2019.44521 -14.816
2019.44795 -14.356
2019.45068 -15.258
2019.45342 -14.652
2019.45616 -15.053
2019.4589 -15.766
2019.46164 -14.774
2019.46438 -15.386
2019.46712 -15.304
2019.46986 -15.084
2019.4726 -15.325
2019.47534 -14.994
2019.47808 -14.9
2019.48082 -15.804
2019.48356 -15.007
2019.4863 -14.483
2019.48904 -15.288
2019.49178 -14.565
2019.49452 -15.247
2019.49726 -14.936
2019.5 -15.402
2019.50274 -15.817
2019.50548 -14.304
2019.50822 -14.243
2019.51096 -15.739
2019.5137 -14.974
2019.51644 -15.831
2019.51918 -15.287
2019.52192 -15.51
2019.52466 -14.975
2019.5274 -15.062
2019.53014 -14.69
2019.53288 -14.649
2019.53562 -15.084
2019.53836 -15.419
2019.5411 -15.398
2019.54384 -15.18
2019.54658 -15.584
2019.54932 -14.843
2019.55205 -15.181
2019.55479 -14.736
2019.55753 -15.649
2019.56027 -14.668
2019.56301 -14.896
2019.56575 -14.593
2019.56849 -14.948
2019.57123 -13.858
2019.57397 -14.787
2019.57671 -15.478
2019.57945 -15.365
2019.58219 -13.444
2019.58493 -14.915
2019.58767 -15.853
2019.59041 -14.805
2019.59315 -15.034
2019.59589 -15.169
2019.59863 -15.075
2019.60137 -15.783
2019.60411 -15.526
2019.60685 -14.928
2019.60959 -14.923
2019.61233 -14.821
2019.61507 -15.548
2019.61781 -14.949
2019.62055 -14.499
2019.62329 -15.649
2019.62603 -15.573
2019.62877 -15.747
2019.63151 -15.461
2019.63425 -15.12
2019.63699 -15.715
2019.63973 -15.857
2019.64247 -15.368
2019.64521 -16.445
2019.64795 -15.856
2019.65068 -15.549
2019.65342 -15.428
2019.65616 -15.814
2019.66164 -15.49
2019.66438 -15.464
2019.66712 -15.445
2019.66986 -15.39
2019.6726 -15.585
2019.67534 -14.996
2019.68082 -15.325
2019.68356 -14.789
2019.6863 -15.39
2019.68904 -16.193
2019.69178 -16.056
2019.69452 -16.092
2019.69726 -15.865
2019.7 -16.295
2019.70274 -16.152
2019.70548 -16.153
2019.70822 -16.174
2019.71096 -16.21
2019.7137 -16.545
2019.71644 -16.487
2019.71918 -16.016
2019.72192 -16.516
2019.72466 -16.263
2019.7274 -16.473
2019.73014 -16.099
2019.73288 -16.214
2019.73562 -15.851
2019.73836 -15.991
2019.7411 -15.955
2019.74384 -15.908
2019.74658 -15.504
2019.74932 -16.138
2019.75205 -15.76
2019.75479 -15.471
2019.75753 -16.852
2019.76027 -16.094
2019.76301 -16.215
2019.76575 -16.114
2019.76849 -15.651
2019.77123 -15.895
2019.77397 -16.047
2019.77671 -16.566
2019.77945 -16.674
2019.78219 -17.085
2019.78493 -16.888
2019.78767 -16.435
2019.79041 -16.34
2019.79315 -16.512
2019.79589 -16.138
2019.79863 -16.221
2019.80137 -16.474
2019.80411 -16.238
2019.80685 -16.327
2019.80959 -16.596
2019.81233 -16.149
2019.81507 -16.483
2019.81781 -16.113
2019.82055 -15.969
2019.82329 -16.016
2019.82603 -15.738
2019.82877 -15.982
2019.83151 -16.119
2019.83425 -16.17
2019.83699 -15.927
2019.83973 -16.433
2019.84247 -16.439
2019.84521 -16.383
2019.84795 -16.302
2019.85068 -16.51
2019.85342 -15.989
2019.85616 -16.141
2019.8589 -15.334
2019.86164 -15.825
2019.86438 -16.672
2019.86712 -16.43
2019.86986 -15.836
2019.8726 -16.295
2019.87534 -16.036
2019.87808 -16.516
2019.88082 -16.065
2019.88356 -16.068
2019.8863 -16.506
2019.88904 -15.766
2019.89178 -16.186
2019.89452 -16.377
2019.89726 -16.882
2019.9 -16.069
2019.90274 -16.648
2019.90548 -16.687
2019.90822 -16.201
2019.91096 -16.54
2019.9137 -16.536
2019.91644 -16.182
2019.91918 -16.297
2019.92192 -16.669
2019.92466 -17.027
2019.9274 -16.463
2019.93014 -16.485
2019.93288 -16.677
2019.93562 -15.935
2019.93836 -16.328
2019.9411 -16.295
2019.94384 -16.348
2019.94658 -16.266
2019.94932 -16.927
2019.95205 -16.621
2019.95479 -16.417
2019.95753 -16.386
2019.96027 -16.594
2019.96301 -16.32
2019.96575 -16.49
2019.96849 -16.387
2019.97123 -16.555
2019.97397 -16.712
2019.97671 -16.788
2019.97945 -16.485
2019.98219 -16.34
2019.98493 -16.418
2019.98767 -16.346
2019.99041 -16.67
2019.99315 -16.513
2019.99589 -17.002
2019.99863 -16.397
2020.00137 -17.091
2020.0041 -16.973
2020.00683 -16.687
2020.00956 -16.782
2020.0123 -16.786
2020.01503 -16.751
2020.01776 -16.492
2020.02049 -15.788
2020.02322 -16.619
2020.02596 -16.561
2020.02869 -16.338
2020.03142 -16.111
2020.03415 -16.169
2020.03689 -16.419
2020.03962 -16.384
2020.04235 -16.604
2020.04508 -16.009
2020.04781 -16.002
2020.05055 -15.879
2020.05328 -15.652
2020.05601 -16.06
2020.05874 -16.23
2020.06148 -16.405
2020.06421 -16.445
2020.06694 -16.696
2020.06967 -16.57
2020.0724 -16.196
2020.07514 -16.497
2020.07787 -16.342
2020.0806 -16.274
2020.08333 -16.54
2020.08607 -16.939
2020.0888 -16.92
2020.09153 -16.396
2020.09426 -16.732
2020.09699 -16.764
2020.09973 -16.615
2020.10246 -16.794
2020.10519 -16.772
2020.10792 -16.507
2020.11066 -16.279
2020.11339 -16.393
2020.11612 -16.214
2020.11885 -16.058
2020.12158 -17.197
2020.12432 -17.132
2020.12705 -16.651
2020.12978 -16.828
2020.13251 -16.925
2020.13525 -16.971
2020.13798 -16.941
2020.14071 -17.009
2020.14344 -16.732
2020.14617 -16.632
2020.14891 -16.412
2020.15164 -16.573
2020.15437 -16.924
2020.1571 -16.941
2020.15984 -16.686
2020.1653 -17.049
2020.16803 -17.003
2020.17077 -17.495
2020.1735 -16.854
2020.17623 -16.384
2020.17896 -16.37
2020.18169 -16.546
2020.18443 -16.346
2020.18716 -16.537
2020.18989 -16.034
2020.19262 -15.938
2020.19536 -16.716
2020.19809 -16.65
2020.20082 -16.222
2020.20355 -16.253
2020.20628 -16.347
2020.20902 -15.978
2020.21175 -15.813
2020.21448 -15.649
2020.21721 -15.729
2020.21995 -15.963
2020.22268 -15.76
2020.22541 -16.203
2020.22814 -16.014
2020.23087 -16.063
2020.23361 -16.502
2020.23634 -16.314
2020.23907 -16.516
2020.2418 -16.058
2020.24454 -16.321
2020.24727 -16.786
2020.25 -16.78
2020.25273 -16.443
2020.25546 -16.915
2020.2582 -17.042
2020.26093 -16.695
2020.26366 -17.117
2020.26639 -16.869
2020.26913 -17.065
2020.27186 -16.973
2020.27459 -17.291
2020.27732 -16.876
2020.28005 -16.713
2020.28279 -17.095
2020.28552 -16.063
2020.28825 -16.324
2020.29098 -16.386
2020.29372 -16.812
2020.29645 -16.219
2020.29918 -16.723
2020.30191 -16.556
2020.30464 -16.886
2020.30738 -16.76
2020.31011 -16.255
2020.31284 -16.532
2020.31557 -16.779
2020.31831 -16.961
2020.32104 -17.006
2020.32377 -16.168
2020.3265 -16.607
2020.32923 -16.478
2020.33197 -16.302
2020.3347 -15.809
2020.33743 -15.998
2020.34016 -16.266
2020.3429 -16.531
2020.34563 -16.353
2020.34836 -17.111
2020.35109 -16.643
2020.35383 -16.336
2020.35656 -16.266
2020.35929 -16.496
2020.36202 -16.661
2020.36475 -16.504
2020.36749 -16.311
2020.37022 -16.453
2020.37295 -15.685
2020.37568 -16.193
2020.37842 -16.414
2020.38115 -16.177
2020.38388 -16.703
2020.38661 -16.856
2020.38934 -16.704
2020.39208 -17.02
2020.39481 -16.403
2020.39754 -16.336
2020.40027 -16.84
2020.40301 -16.425
2020.40574 -16.34
2020.40847 -16.258
2020.4112 -16.796
2020.41393 -17.039
2020.41667 -16.581
2020.4194 -16.345
2020.42213 -16.158
2020.42486 -16.207
2020.4276 -16.331
2020.43033 -15.784
2020.43306 -16.354
2020.43579 -15.999
2020.43852 -16.286
2020.44126 -16.879
2020.44399 -15.753
2020.44672 -16.131
2020.44945 -16.437
2020.45219 -16.234
2020.45492 -15.87
2020.45765 -16.14
2020.46038 -16.284
2020.46311 -16.357
2020.46585 -16.098
2020.46858 -16.287
2020.47131 -16.45
2020.47404 -16.689
2020.47678 -16.365
2020.47951 -16.383
2020.48224 -16.292
2020.48497 -16.056
2020.4877 -16.458
2020.49044 -16.491
2020.49317 -15.85
2020.4959 -16.472
2020.49863 -16.112
2020.50137 -16.673
2020.5041 -16.543
2020.50683 -16.84
2020.50956 -16.632
2020.5123 -16.281
2020.51503 -17.493
2020.51776 -16.778
2020.52049 -16.809
2020.52322 -17.256
2020.52596 -16.468
2020.52869 -17.123
2020.53142 -17.188
2020.53415 -17.212
2020.53689 -16.755
2020.53962 -17.055
2020.54235 -16.381
2020.54508 -16.922
2020.54781 -16.359
2020.55055 -16.544
2020.55328 -17.042
2020.55601 -17.502
2020.55874 -17.001
2020.56148 -16.824
2020.56421 -17.174
2020.56694 -17.493
2020.56967 -16.744
2020.5724 -16.4
2020.57514 -17.196
2020.57787 -17.548
2020.5806 -17.434
2020.58333 -16.531
2020.58607 -17.938
2020.5888 -17.405
2020.59153 -17.673
2020.59426 -17.669
2020.59699 -16.185
2020.59973 -17.321
2020.60246 -17.318
2020.60519 -17.752
2020.60792 -17.299
2020.61066 -15.841
2020.61339 -16.93
2020.61612 -16.913
2020.61885 -16.951
2020.62158 -17.814
2020.62432 -17.26
2020.62705 -17.785
2020.62978 -18.169
2020.63251 -18.271
2020.63525 -18.753
2020.63798 -18.385
2020.64071 -17.666
2020.64344 -18.036
2020.64617 -17.266
2020.64891 -18.65
2020.65164 -17.735
2020.65437 -17.484
2020.6571 -18.004
2020.65984 -18.278
2020.66257 -17.873
2020.6653 -17.981
2020.66803 -18.094
2020.67077 -17.749
2020.6735 -18.007
2020.67623 -18.299
2020.67896 -17.435
2020.68169 -18.011
2020.68443 -17.992
2020.68716 -18.147
2020.68989 -18.249
2020.69262 -17.889
2020.69536 -18.476
2020.69809 -18.517
2020.70082 -18.261
2020.70355 -17.313
2020.70628 -17.915
2020.70902 -17.768
2020.71175 -17.487
2020.71448 -18.216
2020.71721 -18.468
2020.71995 -18.339
2020.72268 -18.258
2020.72541 -18.424
2020.72814 -18.301
2020.73087 -18.665
2020.73361 -18.684
2020.73634 -18.84
2020.73907 -18.886
2020.7418 -18.77
2020.74454 -18.687
2020.74727 -17.948
2020.75 -19.165
2020.75273 -18.607
2020.75546 -18.911
2020.7582 -18.593
2020.76093 -18.583
2020.76366 -19.099
2020.76639 -18.942
2020.76913 -19.045
2020.77186 -19.141
2020.77459 -18.571
2020.77732 -18.722
2020.78005 -18.674
2020.78279 -18.627
2020.78552 -18.798
2020.78825 -18.758
2020.79098 -18.55
2020.79372 -18.172
2020.79645 -18.67
2020.79918 -18.452
2020.80191 -18.702
2020.80464 -17.913
2020.80738 -18.107
2020.81011 -18.1
2020.81284 -18.306
2020.81557 -18.43
2020.81831 -18.384
2020.82104 -18.996
2020.82377 -18.624
2020.8265 -18.688
2020.82923 -18.519
2020.83197 -18.555
2020.8347 -18.168
2020.83743 -18.438
2020.84016 -18.535
2020.8429 -18.242
2020.84563 -18.407
2020.84836 -17.923
2020.85109 -18.335
2020.85383 -18.363
2020.85656 -18.291
2020.85929 -18.439
2020.86202 -18.26
2020.86475 -18.406
2020.86749 -18.599
2020.87295 -18.385
2020.87568 -18.126
2020.87842 -18.367
2020.88388 -18.08
2020.88661 -18.229
2020.88934 -18.561
2020.89208 -18.377
2020.89481 -18.365
2020.89754 -18.546
2020.90027 -18.814
2020.90301 -19.013
2020.90847 -18.517
2020.9112 -18.677
2020.91393 -18.907
2020.91667 -18.89
2020.9194 -18.912
2020.92213 -18.796
2020.92486 -18.61
2020.9276 -18.798
2020.93306 -18.83
2020.93579 -18.608
2020.93852 -18.592
2020.94399 -18.382
2020.94672 -18.479
2020.94945 -19.069
2020.95219 -18.487
2020.95765 -18.672
2020.96311 -18.812
2020.96585 -18.582
2020.96858 -18.679
2020.97404 -18.323
2020.97678 -18.453
2020.98224 -18.504
2020.98497 -18.438
2020.9877 -18.511
2020.99044 -18.821
2020.99317 -18.957
2020.99863 -18.555
2021.00137 -18.698
2021.00411 -18.923
2021.00685 -18.762
2021.00959 -19.394
2021.01233 -18.975
2021.01507 -18.623
2021.01781 -18.142
2021.02055 -18.383
2021.02329 -18.224
2021.02603 -18.334
2021.02877 -18.066
2021.03151 -17.685
2021.03425 -18.193
2021.03699 -18.307
2021.03973 -18.562
2021.04247 -18.805
2021.04521 -18.415
2021.04795 -18.356
2021.05068 -18.633
2021.05342 -18.686
2021.0589 -18.332
2021.06164 -18.537
2021.06438 -19.001
2021.06712 -18.56
2021.06986 -18.665
2021.0726 -18.68
2021.07534 -18.593
2021.07808 -18.456
2021.08082 -18.984
2021.08356 -18.623
2021.0863 -18.694
2021.09178 -18.768
2021.09452 -18.557
2021.09726 -18.244
2021.1 -18.762
2021.10274 -19.008
2021.10548 -18.638
2021.10822 -18.381
2021.11096 -18.414
2021.1137 -18.062
2021.11644 -18.382
2021.11918 -18.383
2021.12192 -18.5
2021.1274 -18.709
2021.13014 -18.206
2021.13288 -18.123
2021.13836 -17.543
2021.1411 -18.607
2021.14384 -18.695
2021.14658 -18.667
2021.14932 -18.348
2021.15205 -18.585
2021.15479 -18.665
2021.15753 -18.431
2021.16027 -18.818
2021.16301 -18.524
2021.16575 -18.382
2021.16849 -18.506
2021.17123 -18.516
2021.17397 -18.544
2021.17671 -18.554
2021.17945 -18.781
2021.18219 -18.431
2021.18493 -18.894
2021.18767 -18.834
2021.19041 -19.088
2021.19315 -18.981
2021.19589 -18.357
2021.19863 -18.409
2021.20137 -18.157
2021.20411 -18.337
2021.20685 -18.452
2021.20959 -18.846
2021.21233 -18.869
2021.21507 -19.006
2021.21781 -18.228
2021.22055 -18.633
2021.22329 -18.196
2021.22603 -18.42
2021.22877 -17.997
2021.23151 -18.643
2021.23425 -17.982
2021.23699 -17.619
2021.23973 -18.114
2021.24247 -18.006
2021.24521 -18.29
2021.24795 -18.605
2021.25068 -18.653
2021.25342 -18.295
2021.25616 -18.399
2021.2589 -18.651
2021.26164 -18.644
2021.26438 -18.332
2021.26712 -18.636
2021.26986 -18.868
2021.2726 -18.944
2021.27534 -18.367
2021.27808 -18.726
2021.28082 -18.177
2021.2863 -18.675
2021.28904 -18.353
2021.29178 -18.177
2021.29452 -18.384
2021.30274 -18.257
2021.30548 -18.684
2021.30822 -19.472
2021.31096 -18.784
2021.3137 -18.842
2021.31644 -19.082
2021.31918 -18.345
2021.32192 -19.018
2021.3274 -18.406
2021.33014 -18.929
2021.33836 -18.923
2021.3411 -18.196
2021.34384 -18.533
2021.34658 -18.135
2021.34932 -18.389
2021.35205 -18.131
2021.35479 -18.785
2021.35753 -18.953
2021.36027 -18.7
2021.36301 -18.999
2021.36575 -19.089
2021.36849 -18.894
2021.37123 -18.463
2021.37397 -18.991
2021.37945 -18.488
2021.38219 -18.409
2021.39315 -18.952
2021.39589 -18.583
2021.39863 -19.149
2021.40137 -18.759
2021.40411 -18.426
2021.40685 -18.759
2021.40959 -19.093
2021.41233 -18.983
2021.41507 -18.902
2021.41781 -19.08
2021.42055 -18.722
2021.42329 -18.462
2021.42603 -18.86
2021.42877 -18.636
2021.43151 -18.756
2021.43973 -18.577
2021.44247 -19.682
2021.44521 -19.204
2021.44795 -18.457
2021.45068 -19.856
2021.45342 -18.668
2021.45616 -19.442
2021.4589 -18.954
2021.46164 -19.34
2021.46438 -18.895
2021.46712 -18.818
2021.46986 -19.007
2021.4726 -19.22
2021.47534 -19.322
2021.47808 -18.875
2021.48082 -18.381
2021.4863 -19.331
2021.49178 -19.614
2021.49452 -19.135
2021.49726 -19.597
2021.5 -18.366
2021.50548 -19.319
2021.51096 -18.613
2021.5137 -19.184
2021.51644 -19.486
2021.51918 -18.63
2021.52192 -18.268
2021.52466 -18.891
2021.5274 -18.961
2021.53014 -18.816
2021.53562 -18.847
2021.53836 -19.284
2021.5411 -19.063
2021.54658 -19.532
2021.54932 -19.867
2021.55205 -19.381
2021.55479 -19.962
2021.56027 -19.709
2021.56301 -19.134
2021.56575 -20.176
2021.56849 -18.76
2021.57123 -19.632
2021.57397 -18.134
2021.57945 -18.442
2021.58219 -19.781
2021.58493 -19.007
2021.58767 -19.407
2021.59315 -19.151
2021.59589 -19.398
2021.59863 -18.992
2021.60137 -20.563
2021.60411 -20.033
2021.60685 -19.547
2021.60959 -20.202
2021.61233 -19.906
2021.61507 -20.254
2021.61781 -19.29
2021.62329 -20.477
2021.62603 -20.286
2021.62877 -19.813
2021.63151 -19.652
2021.63699 -20.75
2021.63973 -20.032
2021.64247 -18.883
2021.64521 -19.489
2021.64795 -19.507
2021.65068 -19.804
2021.65342 -18.987
2021.65616 -19.78
2021.6589 -19.845
2021.66164 -20.027
2021.66438 -20.625
2021.66712 -19.802
2021.66986 -19.634
2021.6726 -20.376
2021.67534 -19.623
2021.67808 -20.354
2021.68082 -20.201
2021.6863 -19.676
2021.69178 -19.355
2021.69452 -19.224
2021.69726 -18.315
2021.7 -19.539
2021.70274 -20.183
2021.70548 -20.181
2021.70822 -20.098
2021.71096 -19.995
2021.7137 -20.095
2021.71644 -19.866
2021.71918 -19.912
2021.72466 -19.935
2021.7274 -20.837
2021.73014 -20.665
2021.73562 -20.052
2021.73836 -20.226
2021.7411 -19.548
2021.74384 -19.642
2021.74658 -19.319
2021.74932 -19.343
2021.75205 -19.578
2021.76027 -20.439
2021.76301 -20.174
2021.76575 -20.731
2021.76849 -19.977
2021.77123 -20.38
2021.77397 -20.718
2021.77671 -20.331
2021.77945 -20.235
2021.78219 -20.538
2021.78493 -20.518
2021.78767 -20.59
2021.79041 -20.381
2021.79589 -19.959
2021.79863 -19.989
2021.80137 -20.218
2021.80411 -20.154
2021.80685 -20.418
2021.80959 -20.241
2021.81233 -20.044
2021.81507 -20.005
2021.81781 -20.258
2021.82329 -20.016
2021.82603 -20.353
2021.82877 -20.501
2021.83151 -20.257
2021.83425 -20.382
2021.83699 -19.822
2021.83973 -20.034
2021.84521 -20.448
2021.84795 -20.76
2021.85068 -20.621
2021.85342 -19.793
2021.85616 -19.563
2021.8589 -19.465
2021.86164 -19.835
2021.86438 -19.548
2021.86712 -20.032
2021.86986 -19.782
2021.8726 -20.405
2021.88082 -19.733
2021.88356 -19.968
2021.8863 -20.342
2021.88904 -20.315
2021.89178 -20.036
2021.89452 -19.817
2021.89726 -20.199
2021.9 -20.21
2021.90274 -20.439
2021.90548 -20.773
2021.90822 -20.701
2021.91096 -20.473
2021.9137 -20.19
2021.91644 -19.335
2021.91918 -19.754
2021.92192 -19.874
2021.92466 -19.879
2021.9274 -19.969
2021.93014 -20.676
2021.93288 -20.519
2021.93562 -20.568
2021.93836 -20.509
2021.9411 -20.63
2021.94384 -20.752
2021.94658 -20.189
2021.94932 -19.957
2021.95205 -20.002
2021.95479 -20.373
2021.95753 -20.272
2021.96027 -19.774
2021.96301 -19.853
2021.96575 -19.362
2021.96849 -19.486
2021.97123 -20.026
2021.97671 -20.364
2021.97945 -20.281
2021.98219 -20.211
2021.98493 -19.964
2021.98767 -20.005
2021.99041 -20.079
2021.99315 -20.086
2021.99589 -19.856
2021.99863 -19.955
2022.00137 -20.127
2022.00411 -20.084
2022.00685 -20.269
2022.00959 -20.221
2022.01233 -20.504
2022.01507 -20.423
2022.01781 -20.22
2022.02055 -20.315
2022.02329 -20.341
2022.02603 -20.18
2022.02877 -19.756
2022.03151 -19.968
2022.03425 -19.781
2022.03699 -19.484
2022.03973 -19.905
2022.04247 -20.08
2022.04521 -20.222
2022.05068 -20.58
2022.05342 -20.145
2022.05616 -20.608
2022.0589 -21.365
2022.06164 -21.044
2022.06712 -20.282
2022.06986 -20.541
2022.0726 -20.412
2022.07534 -20.255
2022.07808 -20.24
2022.08082 -20.59
2022.0863 -20.348
2022.08904 -20.25
2022.09178 -20.323
2022.09452 -20.182
2022.09726 -20.158
2022.1 -20.229
2022.10548 -20.385
2022.10822 -20.11
2022.11096 -20.306
2022.1137 -20.551
2022.11644 -20.429
2022.11918 -20.062
2022.12192 -20.421
2022.12466 -20.024
2022.13014 -20.155
2022.13288 -20.871
2022.13562 -20.783
2022.13836 -19.689
2022.1411 -20.168
2022.14384 -20.008
2022.14658 -20.338
2022.14932 -19.937
2022.15205 -19.802
2022.15479 -20.122
2022.15753 -19.708
2022.16575 -19.717
2022.16849 -19.94
2022.17123 -19.755
2022.17397 -19.735
2022.17671 -19.597
2022.17945 -19.609
2022.18219 -20.162
2022.18767 -19.748
2022.19041 -19.624
2022.19589 -19.826
2022.19863 -19.956
2022.20137 -19.956
2022.20411 -20.309
2022.20685 -19.986
2022.20959 -20.577
2022.21233 -19.937
2022.21507 -20.231
2022.21781 -19.979
2022.22055 -19.579
2022.22329 -19.392
2022.22603 -20.126
2022.22877 -19.709
2022.23151 -19.729
2022.23425 -19.631
2022.23699 -19.462
2022.23973 -20.204
2022.24247 -20.273
2022.24521 -20.868
2022.25068 -20.337
2022.25342 -19.913
2022.25616 -20.08
2022.2589 -20.138
2022.26164 -20.074
2022.26438 -19.72
2022.26712 -19.68
2022.26986 -19.254
2022.2726 -18.983
2022.27534 -20.027
2022.27808 -19.995
2022.28082 -20.172
2022.2863 -19.802
2022.28904 -19.846
2022.29178 -19.801
2022.29452 -19.78
2022.30274 -19.326
2022.30548 -19.577
2022.30822 -19.777
2022.33014 -20.395
2022.33288 -20.352
2022.33562 -20.407
2022.33836 -20.367
2022.3411 -19.599
2022.34384 -21.121
2022.34658 -20.18
2022.34932 -20.647
2022.36027 -20.29
2022.36301 -20.134
2022.36575 -19.958
2022.42603 -18.812
2022.42877 -19.243
2022.43151 -19.029
2022.43425 -19.692
2022.43973 -19.59
2022.44247 -18.683
2022.44521 -19.619
2022.44795 -19.93
2022.45068 -19.587
2022.45342 -20.048
2022.45616 -18.955
2022.4589 -19.353
2022.46164 -19.595
2022.46438 -19.332
2022.46986 -18.357
2022.4726 -18.885
2022.47534 -19.589
2022.47808 -18.619
2022.48082 -18.714
2022.48356 -20.081
2022.48904 -18.982
2022.49178 -18.947
2022.49452 -19.773
2022.49726 -18.981
2022.5 -19.305
2022.50274 -18.21
2022.50548 -19.137
2022.50822 -19.74
2022.51096 -18.976
2022.5137 -18.725
2022.51644 -18.877
2022.51918 -18.816
2022.52192 -19.021
2022.52466 -19.869
2022.5274 -19.292
2022.53014 -19.648
2022.53288 -19.344
2022.53562 -18.955
2022.53836 -19.707
2022.54384 -18.645
2022.54658 -19.33
2022.54932 -19.328
2022.55205 -19.871
2022.55479 -19.975
2022.55753 -19.181
