2014.00140 1.512
2014.00410 1.311
2014.00690 0.913
2014.00960 1.474
2014.01230 1.308
2014.01510 1.172
2014.01780 1.071
2014.02060 1.396
2014.02330 1.391
2014.02600 1.003
2014.02880 0.594
2014.03150 0.603
2014.03420 0.387
2014.03700 0.315
2014.03970 0.546
2014.04250 1.072
2014.04520 0.556
2014.04790 0.684
2014.05070 1.485
2014.05340 1.201
2014.05620 1.314
2014.06160 1.614
2014.06440 1.067
2014.06990 1.19
2014.07260 0.84
2014.07530 1.388
2014.07810 1.31
2014.08080 1.38
2014.08360 1.198
2014.08630 1.332
2014.08900 1.264
2014.09180 1.384
2014.09450 1.334
2014.09730 0.9
2014.10000 0.85
2014.10270 1.063
2014.10550 0.976
2014.10820 1.392
2014.11100 0.791
2014.11370 0.499
2014.11640 0.398
2014.11920 0.62
2014.12190 0.607
2014.12470 0.717
2014.12740 0.144
2014.13010 0.203
2014.13290 0.242
2014.13560 0.153
2014.13840 0.278
2014.14110 0.567
2014.14380 0.177
2014.14660 0.428
2014.14930 0.454
2014.15200 0.619
2014.15750 0.407
2014.16030 0.958
2014.16300 0.56
2014.16570 0.663
2014.16850 0.306
2014.17120 0.602
2014.17400 0.93
2014.17670 0.283
2014.17950 0.728
2014.18220 0.718
2014.18490 0.733
2014.19590 1.169
2014.19860 0.955
2014.20140 1.055
2014.20410 0.999
2014.22060 0.442
2014.25890 0.851
2014.26710 1.254
2014.28360 0.923
2014.39320 1.351
2014.39860 2.251
2014.40140 2.064
2014.40410 1.543
2014.40690 2.253
2014.41510 1.51
2014.41780 1.087
2014.42060 1.973
2014.42330 1.455
2014.42600 1.527
2014.42880 1.34
2014.43150 1.552
2014.43430 1.143
2014.43700 1.666
2014.43970 1.54
2014.44250 1.179
2014.44520 2.155
2014.44800 2.117
2014.45070 1.234
2014.45340 2.306
2014.45620 1.754
2014.45890 1.415
2014.46160 1.119
2014.46440 1.975
2014.46710 1.346
2014.46990 1.489
2014.47260 1.811
2014.47530 2.175
2014.47810 2.524
2014.48080 1.524
2014.48360 1.563
2014.48630 2.397
2014.48900 1.819
2014.49180 1.762
2014.49450 2.246
2014.49730 2.054
2014.50000 1.776
2014.50270 2.03
2014.50550 1.702
2014.50820 1.888
2014.51100 2.041
2014.51370 1.966
2014.51640 1.542
2014.51920 1.437
2014.52190 1.742
2014.52470 0.921
2014.52740 2.185
2014.53010 1.723
2014.53290 1.664
2014.53560 2.411
2014.53840 0.799
2014.54110 1.699
2014.54380 1.875
2014.54660 2.056
2014.54930 1.958
2014.55210 1.987
2014.55480 1.914
2014.55750 2.266
2014.56030 0.827
2014.56300 1.546
2014.56580 1.998
2014.56850 1.748
2014.57120 2.121
2014.57400 2.081
2014.57670 1.184
2014.57950 0.712
2014.58220 1.07
2014.58490 1.764
2014.58770 1.382
2014.59040 1.828
2014.59310 2.004
2014.59590 0.322
2014.59860 1.535
2014.60140 1.919
2014.60410 1.177
2014.60680 1.28
2014.60960 0.518
2014.61230 1.141
2014.61510 0.715
2014.61780 1.554
2014.62060 1.613
2014.62330 1.019
2014.62600 0.932
2014.62880 0.937
2014.63150 1.593
2014.63430 1.608
2014.63700 1.066
2014.63970 1.343
2014.64250 0.524
2014.64520 1.136
2014.64800 1.871
2014.65070 1.269
2014.65340 0.928
2014.65620 2.889
2014.65890 0.925
2014.66160 1.215
2014.66440 1.33
2014.66710 1.127
2014.66990 1.047
2014.67260 1.362
2014.67530 1.954
2014.67810 1.325
2014.68080 1.66
2014.68360 1.08
2014.68630 1.055
2014.68900 1.865
2014.69180 0.811
2014.69450 1.207
2014.69730 0.829
2014.70000 1.164
2014.70270 0.595
2014.70550 1.232
2014.70820 1.233
2014.71100 0.893
2014.71370 0.588
2014.71640 1.176
2014.71920 0.886
2014.72470 0.774
2014.72740 0.832
2014.73010 0.961
2014.73290 1.383
2014.73560 0.254
2014.73840 0.938
2014.74110 0.871
2014.74380 0.476
2014.74660 0.898
2014.74930 0.778
2014.75210 1.016
2014.75480 1.017
2014.75750 -0.166
2014.76030 0.133
2014.76300 0.41
2014.76580 0.301
2014.76850 0.218
2014.77120 0.315
2014.77400 0.304
2014.77670 -0.447
2014.77950 0.02
2014.78220 0.688
2014.78490 0.579
2014.78770 0.466
2014.79040 0.46
2014.79320 0.547
2014.79590 0.047
2014.80140 0
2014.80410 0.355
2014.80680 0.402
2014.80960 0.635
2014.81230 0.852
2014.81510 0.31
2014.81780 0.324
2014.82050 0.556
2014.82330 0.171
2014.82600 0.496
2014.82880 0.304
2014.83150 0.777
2014.83430 0.423
2014.83700 0.762
2014.83970 0.848
2014.84250 0.465
2014.84520 0.295
2014.84800 0.221
2014.85070 0.261
2014.85340 0.202
2014.85620 0.321
2014.85890 0.511
2014.86160 0.515
2014.86440 0.872
2014.86710 0.945
2014.86990 0.221
2014.87260 0.396
2014.87530 0.006
2014.87810 0.121
2014.88080 0.217
2014.88360 0.258
2014.88630 0.515
2014.88900 0.171
2014.89180 -0.028
2014.89450 0.057
2014.89730 0.169
2014.90000 0.809
2014.90270 0.434
2014.90550 0.462
2014.90820 0.693
2014.91100 0.47
2014.91370 0.23
2014.91640 1.242
2014.91920 0.917
2014.92190 0.707
2014.92470 0.729
2014.92740 0.903
2014.93010 0.558
2014.93290 0.249
2014.93560 0.206
2014.93840 0.208
2014.94110 0.156
2014.94380 0.434
2014.94660 0.345
2014.94930 0.133
2014.95210 -0.298
2014.95480 -0.132
2014.95750 0.445
2014.96030 0.545
2014.96300 -0.083
2014.96580 -0.236
2014.96850 0.553
2014.97120 0.222
2014.97400 0.337
2014.97670 -0.201
2014.97950 -0.281
2014.98220 -0.021
2014.98490 -0.26
2014.98770 0.022
2014.99040 0.443
2014.99320 0.517
2014.99590 0.035
2014.99860 0.486
2015.00140 0.65
2015.00410 0.101
2015.00690 0.441
2015.00960 0.517
2015.01230 0.419
2015.01510 0.591
2015.01780 0.173
2015.02060 0.348
2015.02330 0.125
2015.02600 0.489
2015.02880 0.081
2015.03150 0.069
2015.03420 -0.261
2015.03700 0.318
2015.03970 0.347
2015.04250 -0.105
2015.04520 0.434
2015.04790 0.078
2015.05070 0.663
2015.05340 0.032
2015.05620 0.175
2015.05890 0.928
2015.06160 0.655
2015.06440 -0.098
2015.06710 0.473
2015.06990 0.184
2015.07260 0.437
2015.07530 -0.079
2015.07810 -0.174
2015.08080 -0.138
2015.08360 -0.042
2015.08630 -0.336
2015.08900 -0.309
2015.09180 -0.676
2015.09450 0.118
2015.09730 0.39
2015.10000 0.094
2015.10270 -0.292
2015.10550 0.478
2015.10820 0.508
2015.11100 0.758
2015.11370 0.335
2015.11640 0.665
2015.11920 0.598
2015.12190 0.206
2015.12470 -0.101
2015.12740 0.192
2015.13010 0.209
2015.13290 0.212
2015.13560 0.071
2015.14110 -0.179
2015.14380 0.74
2015.14660 0.595
2015.14930 0.537
2015.15200 -0.003
2015.15480 0.149
2015.15750 -0.113
2015.16030 -0.234
2015.16300 0.646
2015.16570 0.511
2015.16850 0.235
2015.17120 0.402
2015.17400 0.253
2015.17670 0.189
2015.17950 0.38
2015.18220 -0.108
2015.18490 0.176
2015.18770 0.516
2015.19040 0.523
2015.19320 0.805
2015.19590 0.256
2015.19860 0.393
2015.20140 0.66
2015.20410 0.945
2015.20690 0.783
2015.20960 0.947
2015.21230 0.832
2015.21510 0.446
2015.21780 0.488
2015.22060 0.523
2015.22330 0.095
2015.22600 0.092
2015.22880 0.218
2015.23150 0.723
2015.23430 0.588
2015.23700 0.376
2015.23970 0.727
2015.24250 0.958
2015.24520 0.425
2015.24790 0.97
2015.25070 0.666
2015.25340 1.244
2015.25620 0.648
2015.25890 0.042
2015.26160 0.47
2015.26440 0.196
2015.26710 0.325
2015.26990 -0.137
2015.27260 0.473
2015.27530 0.142
2015.27810 -0.25
2015.28080 0.52
2015.28360 1.391
2015.28630 1.005
2015.28900 0.84
2015.29180 0.838
2015.29450 0.511
2015.29730 0.544
2015.30000 0.677
2015.30270 0.516
2015.30550 0.163
2015.30820 0.36
2015.31100 0.356
2015.31370 0.475
2015.31640 1.022
2015.31920 1.149
2015.32190 0.575
2015.32470 0.809
2015.32740 0.743
2015.33010 0.895
2015.33290 0.179
2015.33560 0.169
2015.33840 0.425
2015.34110 0.125
2015.34380 0.234
2015.34660 0.928
2015.34930 0.293
2015.35210 0.222
2015.35480 0.327
2015.35750 1.243
2015.36030 1.938
2015.36300 0.637
2015.36570 0.435
2015.36850 0.461
2015.37120 1.128
2015.37400 0.502
2015.37670 0.294
2015.37940 1.093
2015.38220 0.531
2015.38490 0.442
2015.38770 0.959
2015.39590 1.264
2015.39860 1.358
2015.40140 1.701
2015.40410 2.436
2015.40690 0.621
2015.40960 0.376
2015.41230 1.077
2015.41510 0.665
2015.41780 0.468
2015.42060 1.469
2015.42330 0.89
2015.42600 1.278
2015.42880 0.584
2015.43150 0.616
2015.43430 1.729
2015.43700 1.56
2015.43970 0.763
2015.44250 1.351
2015.44520 1.627
2015.44800 0.93
2015.45070 1.022
2015.45340 1.612
2015.45620 1.147
2015.45890 0.933
2015.46160 0.944
2015.46440 1.231
2015.46710 1.293
2015.46990 1.932
2015.47260 1.022
2015.47530 0.727
2015.47810 1.41
2015.48080 0.965
2015.48360 1.161
2015.48630 0.968
2015.48900 1.094
2015.49180 1.314
2015.49450 1.317
2015.49730 1.267
2015.50000 1.096
2015.50270 0.87
2015.50550 1.151
2015.50820 0.652
2015.51100 0.647
2015.51370 0.619
2015.51640 0.813
2015.51920 0.465
2015.52190 1.887
2015.52470 0.736
2015.52740 1.29
2015.53290 0.506
2015.53560 1.416
2015.53840 0.358
2015.54110 0.945
2015.54380 1.215
2015.54660 1.354
2015.54930 1.046
2015.55210 2.176
2015.55480 0.427
2015.55750 1.202
2015.56030 1.169
2015.56300 1.484
2015.56580 1.718
2015.56850 1.623
2015.57120 1.641
2015.57400 0.34
2015.57670 0.424
2015.57950 0.803
2015.58220 1.143
2015.58490 1.145
2015.58770 0.844
2015.59040 -0.071
2015.59310 0.512
2015.59590 0.555
2015.59860 0.35
2015.60140 1.16
2015.60410 0.259
2015.60680 1.145
2015.60960 0.281
2015.61230 0.196
2015.61510 0.512
2015.61780 1.193
2015.62060 3.04
2015.62330 0.399
2015.62600 0.581
2015.62880 1.03
2015.63150 -0.09
2015.63430 1.041
2015.63700 0.978
2015.63970 0.007
2015.64250 1.392
2015.64520 0.857
2015.64800 0.446
2015.65070 0.572
2015.65340 0.64
2015.65620 1.336
2015.65890 1.028
2015.66160 0.774
2015.66440 0.585
2015.66710 0.23
2015.66990 0.731
2015.67530 0.485
2015.67810 0.528
2015.68080 0.608
2015.68360 0.524
2015.68900 0.389
2015.69180 -0.095
2015.69450 -0.223
2015.69730 0.51
2015.70000 0.719
2015.70270 0.371
2015.70550 0.064
2015.70820 0.103
2015.71100 0.051
2015.71370 0.102
2015.71640 0.242
2015.71920 0.492
2015.72190 0.581
2015.72470 0.638
2015.72740 0.753
2015.73010 0.923
2015.73290 0.485
2015.73560 0.681
2015.73840 0.124
2015.74110 -0.445
2015.74380 0.016
2015.74660 0.479
2015.74930 0.454
2015.75210 1.032
2015.75480 0.203
2015.75750 0.268
2015.76300 0.424
2015.76580 0.427
2015.76850 0.329
2015.77120 0.497
2015.77400 0.135
2015.77670 0.657
2015.77950 0.249
2015.78220 0.031
2015.78490 0.473
2015.78770 0.19
2015.79040 0.051
2015.79320 -0.504
2015.79590 -0.231
2015.79860 0.501
2015.80140 0.237
2015.80410 -0.037
2015.80680 -0.033
2015.80960 0.514
2015.81230 -0.784
2015.81510 -0.019
2015.81780 -0.168
2015.82050 0.385
2015.82330 -0.31
2015.82600 -0.47
2015.82880 -0.129
2015.83150 -0.22
2015.83430 0.078
2015.83700 0.251
2015.83970 0.306
2015.84250 0.085
2015.84520 -0.421
2015.84800 -0.839
2015.85070 -0.922
2015.85340 -0.378
2015.85620 -0.2
2015.85890 -0.478
2015.86160 -0.47
2015.86440 -0.594
2015.86710 -0.015
2015.86990 0.522
2015.87260 0.068
2015.87530 -0.242
2015.87810 -0.497
2015.88080 -0.18
2015.88360 -0.23
2015.88630 -0.418
2015.88900 -0.874
2015.89180 -1.701
2015.89450 -0.813
2015.89730 -0.505
2015.90000 -0.457
2015.90270 0.452
2015.90550 -0.283
2015.90820 -0.795
2015.91100 -0.457
2015.91370 0.031
2015.91640 -0.628
2015.91920 0.281
2015.92190 0.383
2015.92470 0.415
2015.92740 -0.65
2015.93010 -0.671
2015.93290 -0.556
2015.93560 -0.615
2015.93840 -0.561
2015.94110 -0.676
2015.94380 -0.427
2015.94660 -1.038
2015.94930 -0.512
2015.95210 -0.688
2015.95480 -0.647
2015.95750 -0.664
2015.96030 -0.516
2015.96300 -0.968
2015.96580 -0.627
2015.96850 -0.561
2015.97120 -0.724
2015.97400 -0.773
2015.97670 -0.838
2015.97950 -0.526
2015.98220 -0.193
2015.98490 -1.069
2015.98770 -0.615
2015.99040 -0.718
2015.99320 -0.929
2015.99590 -0.772
2015.99860 -0.582
2016.00140 -0.467
2016.00410 -0.43
2016.00680 -0.509
2016.00960 -0.421
2016.01230 -0.635
2016.01500 -0.779
2016.01780 -0.467
2016.02050 -0.399
2016.02320 -0.693
2016.02600 -0.919
2016.02870 -0.837
2016.03140 -0.348
2016.03420 -0.039
2016.03690 -0.312
2016.03960 -0.185
2016.04230 -0.512
2016.04510 -0.243
2016.04780 0.039
2016.05050 -0.323
2016.05330 -0.904
2016.05600 -1.233
2016.05870 -1.382
2016.06150 -0.769
2016.06420 0.501
2016.06690 -0.367
2016.06970 -0.363
2016.07240 -0.388
2016.07510 -1.03
2016.07790 -1.227
2016.08060 -0.967
2016.08330 -0.654
2016.08610 -0.557
2016.08880 -0.365
2016.09150 -0.695
2016.09430 -0.747
2016.09700 -0.712
2016.09970 -0.678
2016.10250 -0.471
2016.10520 -0.395
2016.10790 -0.276
2016.11070 -0.401
2016.11340 -0.948
2016.11610 -0.577
2016.11890 -0.816
2016.12160 -0.297
2016.14890 -0.536
2016.15160 -0.696
2016.15440 -0.507
2016.15710 -0.565
2016.15980 -1.033
2016.16260 0.072
2016.16530 -0.461
2016.16800 -0.498
2016.17080 -0.059
2016.17350 -0.91
2016.17620 -0.542
2016.17900 -0.243
2016.18170 -0.495
2016.18440 -0.84
2016.18720 -0.677
2016.18990 -0.426
2016.19260 -0.182
2016.19540 -0.8
2016.19810 -0.493
2016.20080 0.13
2016.20360 -0.16
2016.20630 -0.124
2016.20900 0.249
2016.21170 0.405
2016.21450 -0.098
2016.21720 -0.315
2016.21990 -0.36
2016.22270 -0.647
2016.22540 -0.472
2016.22810 -0.688
2016.23090 -0.53
2016.23360 -0.135
2016.23630 0.178
2016.23910 -0.232
2016.24180 -0.307
2016.24450 0.192
2016.24730 0.07
2016.25000 -0.754
2016.25270 -0.458
2016.25550 -0.331
2016.25820 -0.072
2016.26090 -0.004
2016.26370 0.401
2016.26640 -0.683
2016.26910 -0.317
2016.27190 -0.788
2016.27460 -0.69
2016.27730 -0.209
2016.28010 -0.142
2016.28280 -0.109
2016.28550 -0.247
2016.28830 -0.525
2016.29100 -0.573
2016.29370 0.062
2016.29650 -0.259
2016.29920 -0.54
2016.30190 -0.147
2016.30460 0.406
2016.30740 0.301
2016.31010 -0.616
2016.31280 -0.279
2016.31560 -0.58
2016.31830 -0.002
2016.32100 -0.363
2016.32380 -0.392
2016.32650 -0.055
2016.32920 0.334
2016.33200 0.574
2016.33470 -0.351
2016.33740 0.26
2016.34020 0.468
2016.34290 -0.492
2016.34560 -0.642
2016.34840 0.067
2016.35110 -0.037
2016.35380 0.002
2016.35660 0.6
2016.35930 0.427
2016.36200 0.009
2016.36480 0.03
2016.36750 -0.682
2016.37020 0.257
2016.37290 0.883
2016.37570 0.478
2016.37840 -0.169
2016.38110 -0.008
2016.38390 -0.129
2016.38660 -0.464
2016.38930 -0.205
2016.39210 -0.013
2016.39480 0.505
2016.39750 -0.19
2016.40030 0.125
2016.40300 -0.502
2016.40570 0.283
2016.40850 0.696
2016.41120 0.437
2016.41390 0.242
2016.41670 0.006
2016.41940 0.087
2016.42210 -0.204
2016.42490 0.063
2016.42760 -0.397
2016.43030 0.873
2016.43310 0.344
2016.43580 0.206
2016.43850 1.417
2016.44130 0.608
2016.44400 0.768
2016.44670 0.591
2016.44950 0.136
2016.45220 0.288
2016.45490 0.866
2016.45770 0.759
2016.46040 0.578
2016.46310 0.619
2016.46590 1.669
2016.46860 0.325
2016.47130 0.263
2016.47400 1.023
2016.47680 -0.364
2016.47950 0.359
2016.48220 0.532
2016.48500 -0.143
2016.48770 0.243
2016.49040 0
2016.49320 0.824
2016.49590 0.067
2016.49860 0.163
2016.50140 0.866
2016.50410 0.193
2016.50680 -0.035
2016.51230 0.418
2016.51500 -0.21
2016.51780 0.566
2016.52050 1.059
2016.52320 1.065
2016.52600 1.027
2016.52870 0.473
2016.53140 0.589
2016.53420 0.22
2016.53690 0.015
2016.53960 0.393
2016.54230 1.002
2016.54510 0.71
2016.54780 0.668
2016.55050 0.771
2016.55330 0.809
2016.55600 0.125
2016.56150 -2.06
2016.56420 0.629
2016.56970 0.791
2016.57240 0.581
2016.57510 -0.554
2016.57790 0.402
2016.58060 0.805
2016.58330 -1.067
2016.58610 -0.289
2016.58880 0.145
2016.59150 -0.527
2016.59430 -0.315
2016.59700 -0.284
2016.59970 0.117
2016.60520 -0.581
2016.60790 -0.36
2016.61070 -0.074
2016.61340 0.796
2016.61610 0.408
2016.61890 -0.147
2016.62160 -0.297
2016.62430 0.411
2016.62710 0.291
2016.62980 -0.043
2016.63250 0.134
2016.63530 -0.391
2016.63800 -0.92
2016.64070 -0.06
2016.64340 -0.1
2016.64620 -1.272
2016.64890 -0.213
2016.65160 0.232
2016.65440 -1.096
2016.65710 0.66
2016.65980 0.026
2016.66260 1.142
2016.66530 0.806
2016.66800 0.269
2016.67080 -0.353
2016.67350 -0.221
2016.67620 -0.266
2016.67900 -0.021
2016.68170 0.828
2016.68440 0.537
2016.68720 0.25
2016.68990 0.388
2016.69260 0.031
2016.69540 -0.04
2016.69810 -0.757
2016.70080 -0.601
2016.70360 -0.377
2016.70630 -0.184
2016.70900 0.572
2016.71170 -0.547
2016.71450 -1.004
2016.71720 -0.239
2016.71990 -0.327
2016.72270 -0.646
2016.72540 -0.552
2016.72810 -0.22
2016.73090 -0.59
2016.73360 -0.542
2016.73630 -0.966
2016.73910 -0.991
2016.74180 -0.828
2016.74450 -0.82
2016.74730 -0.687
2016.75270 -0.423
2016.75550 -0.266
2016.75820 -0.759
2016.76090 -0.736
2016.76370 -0.482
2016.76640 -1.082
2016.76910 -0.278
2016.77190 -0.033
2016.77460 -0.737
2016.77730 -0.83
2016.78010 -1.203
2016.78280 -0.843
2016.78550 -1.303
2016.78830 -1.212
2016.79100 -1.48
2016.79370 -0.804
2016.79650 -0.565
2016.79920 -1.163
2016.80190 -0.962
2016.80460 -1.112
2016.81010 -1.018
2016.81280 -0.928
2016.81560 -0.2
2016.81830 -0.943
2016.82100 -1.326
2016.82650 -0.98
2016.82920 -1.194
2016.83200 -1.214
2016.83470 -1.069
2016.83740 -0.908
2016.84020 -0.606
2016.84290 -0.48
2016.84560 -1.281
2016.84840 -1.491
2016.85110 -1.48
2016.85380 -0.99
2016.85660 -1.056
2016.85930 -1.154
2016.86200 -0.996
2016.86480 -1.436
2016.86750 -1.154
2016.87020 -1.251
2016.87290 -1.237
2016.87570 -1.134
2016.87840 -1.173
2016.88110 -0.799
2016.88390 -1.087
2016.88660 -1.484
2016.88930 -2.052
2016.89210 -1.243
2016.89480 -1.465
2016.89750 -1.334
2016.90030 -1.608
2016.90300 -1.641
2016.90570 -1.812
2016.90850 -1.736
2016.91120 -1.638
2016.91390 -1.748
2016.91670 -1.559
2016.91940 -1.566
2016.92210 -1.407
2016.92490 -1.437
2016.92760 -1.654
2016.93030 -1.074
2016.93310 -1.464
2016.93580 -1.11
2016.93850 -1.322
2016.94130 -1.465
2016.94400 -1.587
2016.94670 -1.649
2016.94950 -1.671
2016.95220 -1.116
2016.95490 -1.226
2016.95770 -0.89
2016.96040 -1.294
2016.96310 -1.39
2016.96590 -1.209
2016.96860 -1.563
2016.97130 -1.719
2016.97400 -0.825
2016.97680 -0.953
2016.97950 -1.556
2016.98220 -1.112
2016.98500 -1.519
2016.98770 -0.856
2016.99040 -1.467
2016.99320 -1.174
2016.99590 -1.099
2017.00140 -1.067
2017.00410 -0.818
2017.00690 -0.747
2017.00960 -1.299
2017.01230 -0.908
2017.01510 -1.122
2017.01780 -0.487
2017.02060 -0.274
2017.02330 -0.768
2017.02600 -0.941
2017.02880 -0.926
2017.03150 -0.717
2017.03420 -1.039
2017.03700 -1.257
2017.03970 -1.578
2017.04250 -1.546
2017.04520 -1.502
2017.04790 -1.718
2017.05070 -1.568
2017.05340 -0.995
2017.05620 -2.022
2017.05890 -1.35
2017.06160 -1.677
2017.06440 -1.918
2017.06710 -1.343
2017.06990 -1.338
2017.07260 -0.86
2017.07530 -1.568
2017.07810 -1.832
2017.08080 -0.731
2017.08360 -1.484
2017.08630 -1.233
2017.08900 -0.933
2017.09180 -1.063
2017.09450 -0.906
2017.09730 -1.072
2017.10000 -1.123
2017.10270 -1.335
2017.10550 -1.586
2017.10820 -0.765
2017.11100 -0.978
2017.11370 -1.053
2017.11640 -1.433
2017.11920 -1.523
2017.12190 -1.342
2017.12470 -0.911
2017.12740 -1.288
2017.13010 -0.923
2017.13290 -0.758
2017.13560 -1.294
2017.13840 -0.762
2017.14110 -2.042
2017.14380 -1.416
2017.14660 -0.904
2017.14930 -1.59
2017.15200 -1.741
2017.15480 -1.396
2017.15750 -1.178
2017.16030 -1.372
2017.16300 -1.176
2017.16570 -0.219
2017.16850 -1.151
2017.17120 -1.349
2017.17400 -1.408
2017.17670 -0.922
2017.17950 -0.792
2017.18220 -0.784
2017.18490 -0.872
2017.18770 -1.049
2017.19040 -1.745
2017.19320 -1.306
2017.19590 -1.14
2017.19860 -1.221
2017.20140 -1.219
2017.20410 -1.632
2017.20690 -1.689
2017.20960 -1.756
2017.21230 -1.824
2017.21510 -1.82
2017.21780 -1.324
2017.22060 -1.706
2017.22330 -1.859
2017.22600 -1.9
2017.22880 -1.866
2017.23150 -1.793
2017.23430 -1.342
2017.23700 -1.478
2017.23970 -1.946
2017.24250 -1.551
2017.24520 -1.352
2017.24790 -1.46
2017.25070 -1.445
2017.25340 -1.43
2017.25620 -1.371
2017.25890 -1.187
2017.26160 -1.042
2017.26440 -1.525
2017.26710 -1.795
2017.26990 -1.338
2017.27260 -1.515
2017.27530 -1.13
2017.27810 -1.01
2017.28080 -1.431
2017.28360 -0.91
2017.28630 -1.069
2017.28900 -1.186
2017.29180 -0.988
2017.29450 -0.911
2017.29730 -1.32
2017.30000 -1.686
2017.30270 -0.838
2017.30550 -1.243
2017.30820 -1.073
2017.31100 -1.423
2017.31370 -1.489
2017.31640 -1.261
2017.31920 -0.793
2017.32190 -0.627
2017.32470 -0.822
2017.32740 -0.895
2017.33010 -0.823
2017.33290 -0.981
2017.33560 -1.562
2017.33840 -0.581
2017.34110 -0.833
2017.34380 -0.636
2017.34660 -0.714
2017.34930 -0.813
2017.35210 -0.706
2017.35480 -0.494
2017.35750 -0.752
2017.36030 -0.595
2017.36300 -0.956
2017.36570 -0.718
2017.36850 -0.341
2017.37120 -0.257
2017.37400 -0.763
2017.37670 -0.843
2017.37940 -0.503
2017.38220 -0.067
2017.38490 -1.256
2017.38770 -1.688
2017.39040 -0.246
2017.39320 -0.249
2017.39590 -0.723
2017.39860 -0.362
2017.40140 -0.193
2017.40410 -0.476
2017.40960 -0.203
2017.41230 -0.438
2017.41510 -0.028
2017.41780 -1.158
2017.42060 -0.731
2017.42330 -0.921
2017.42600 -0.78
2017.42880 -1.008
2017.43150 -0.753
2017.43430 -0.337
2017.43700 -0.257
2017.43970 -0.587
2017.44250 -0.611
2017.44520 -0.086
2017.44800 -0.954
2017.45070 -0.478
2017.45340 -0.604
2017.45620 -0.756
2017.45890 -0.074
2017.46160 -0.264
2017.46440 -1.317
2017.46710 -0.639
2017.46990 -0.554
2017.47260 -0.818
2017.47530 1.36
2017.47810 -0.427
2017.48080 -0.842
2017.48360 -0.865
2017.48630 -0.638
2017.48900 0.039
2017.49180 -0.595
2017.49450 -0.043
2017.49730 0.425
2017.50000 -0.476
2017.50270 -0.145
2017.50550 0.047
2017.50820 -1.016
2017.51100 -0.235
2017.51370 -0.317
2017.51640 -0.644
2017.51920 -1.227
2017.52190 -0.251
2017.52740 -0.689
2017.53560 -0.427
2017.53840 -0.608
2017.54380 -0.429
2017.54660 -0.385
2017.54930 -0.753
2017.55210 -1.374
2017.55480 -0.96
2017.55750 -0.852
2017.56030 -2.194
2017.56300 -0.669
2017.56580 -1.373
2017.56850 -1.25
2017.57400 -1.673
2017.57670 -0.509
2017.57950 -1.014
2017.58220 -0.521
2017.58490 -0.502
2017.58770 -0.595
2017.59040 -0.126
2017.59310 0.383
2017.59590 -0.338
2017.59860 -0.107
2017.60140 0.097
2017.60410 -0.19
2017.60680 0.019
2017.61230 0.183
2017.61510 -1.078
2017.61780 -1.036
2017.62060 -0.207
2017.62330 -0.502
2017.62600 -0.855
2017.62880 -0.754
2017.63150 -1.405
2017.63430 -1.063
2017.63700 -0.505
2017.63970 -0.192
2017.64520 -0.229
2017.64800 -0.663
2017.65070 -0.85
2017.65340 -1.284
2017.65620 -2.083
2017.65890 -0.833
2017.66160 -0.9
2017.66440 -0.408
2017.66710 -0.675
2017.66990 -1.293
2017.67260 -0.667
2017.67530 -1.378
2017.67810 -1.302
2017.68080 0.297
2017.68360 -0.884
2017.68630 -0.515
2017.68900 -1.011
2017.69180 -1.283
2017.69730 -1.364
2017.70000 -1.166
2017.70270 -1.695
2017.70550 -1.698
2017.70820 -1.874
2017.71100 -0.711
2017.71370 -1.031
2017.71640 -1.387
2017.71920 -0.946
2017.72190 -1.087
2017.72470 -0.969
2017.72740 -1.726
2017.73010 -0.633
2017.73290 -1.187
2017.73560 -1.277
2017.73840 -1.077
2017.74110 -0.774
2017.74380 -0.903
2017.74660 -1.378
2017.74930 -1.385
2017.75210 -1.926
2017.75480 -1.577
2017.75750 -1.483
2017.76030 -1.717
2017.76300 -1.39
2017.76580 -2.004
2017.76850 -2.084
2017.77120 -2.15
2017.77400 -2.115
2017.77670 -1.931
2017.77950 -1.874
2017.78220 -1.662
2017.78490 -1.714
2017.78770 -2.104
2017.79040 -2.111
2017.79320 -2.109
2017.79590 -1.858
2017.79860 -1.666
2017.80140 -1.628
2017.80410 -1.724
2017.80680 -2.096
2017.80960 -2.03
2017.81230 -1.997
2017.81510 -1.575
2017.81780 -1.239
2017.82050 -1.498
2017.82330 -2.269
2017.82600 -1.519
2017.82880 -1.439
2017.83150 -1.863
2017.83430 -1.413
2017.83700 -2.093
2017.83970 -1.854
2017.84250 -1.481
2017.84520 -1.624
2017.84800 -1.472
2017.85070 -1.514
2017.85340 -1.048
2017.85620 -1.453
2017.85890 -1.632
2017.86160 -0.975
2017.86440 -1.619
2017.86710 -1.649
2017.86990 -1.212
2017.87260 -1.877
2017.87530 -1.819
2017.87810 -2.191
2017.88080 -1.26
2017.88360 -1.965
2017.88630 -1.947
2017.88900 -1.626
2017.89180 -1.576
2017.89450 -1.398
2017.89730 -1.499
2017.90000 -1.758
2017.90270 -1.322
2017.90550 -0.995
2017.90820 -1.597
2017.91100 -1.686
2017.91370 -1.844
2017.91640 -1.506
2017.91920 -1.433
2017.92190 -1.86
2017.92470 -1.341
2017.92740 -1.151
2017.93010 -1.561
2017.93290 -1.958
2017.93560 -1.258
2017.93840 -1.331
2017.94110 -1.666
2017.94380 -1.242
2017.94660 -1.678
2017.94930 -1.789
2017.95210 -1.934
2017.95480 -2.302
2017.95750 -1.841
2017.96030 -1.588
2017.96300 -2.036
2017.96580 -1.279
2017.96850 -1.377
2017.97120 -0.716
2017.97400 -1.067
2017.97670 -1.051
2017.97950 -1.026
2017.98220 -1.275
2017.98490 -1.535
2017.98770 -1.129
2017.99040 -1.656
2017.99320 -1.802
2017.99590 -1.589
2017.99860 -1.417
2018.00140 -1.898
2018.00410 -2.226
2018.00690 -1.918
2018.00960 -1.688
2018.01230 -1.436
2018.01510 -1.491
2018.01780 -1.918
2018.02060 -1.307
2018.02330 -1.316
2018.02600 -1.924
2018.02880 -1.782
2018.03150 -1.65
2018.03420 -1.611
2018.03700 -1.846
2018.03970 -1.463
2018.04250 -1.65
2018.04520 -1.695
2018.04790 -1.956
2018.05070 -1.542
2018.05340 -2.083
2018.05620 -2.213
2018.06440 -2.341
2018.06990 -1.628
2018.07260 -2.103
2018.07530 -2.904
2018.07810 -1.235
2018.08080 -2.019
2018.08360 -2.089
2018.08630 -2.437
2018.08900 -2.681
2018.09180 -1.824
2018.09450 -1.819
2018.09730 -2.117
2018.10000 -1.639
2018.10270 -2.077
2018.10550 -1.239
2018.10820 -2.092
2018.11100 -1.706
2018.11370 -1.437
2018.11640 -1.199
2018.11920 -1.053
2018.12190 -2.016
2018.12470 -1.228
2018.12740 -1.857
2018.13010 -1.698
2018.13290 -1.73
2018.13560 -1.646
2018.13840 -1.74
2018.14110 -1.249
2018.14380 -1.608
2018.14660 -2.056
2018.14930 -2.13
2018.15200 -1.92
2018.15480 -2.159
2018.15750 -2.168
2018.16030 -1.832
2018.16300 -0.982
2018.16570 -1.53
2018.16850 -1.87
2018.17120 -2.233
2018.17400 -1.697
2018.17670 -2.523
2018.17950 -2.355
2018.18220 -1.585
2018.18490 -1.785
2018.18770 -2.066
2018.19040 -1.291
2018.19320 -1.516
2018.19590 -1.827
2018.19860 -1.646
2018.20140 -2.093
2018.20410 -1.519
2018.20690 -2.254
2018.20960 -1.833
2018.21230 -2.106
2018.21510 -2.6
2018.21780 -1.91
2018.22060 -1.261
2018.22330 -1.78
2018.22600 -1.652
2018.22880 -1.649
2018.23150 -1.256
2018.23430 -1.38
2018.23700 -1.499
2018.23970 -2.053
2018.24250 -1.76
2018.24520 -1.851
2018.24790 -1.414
2018.25070 -1.406
2018.25340 -1.791
2018.25620 -1.127
2018.25890 -1.866
2018.26160 -1.721
2018.26440 -1.016
2018.26710 -1.659
2018.26990 -1.547
2018.27260 -1.526
2018.27530 -1.206
2018.27810 -1.821
2018.28080 -1.936
2018.28360 -1.384
2018.28630 -0.865
2018.28900 -1.038
2018.29180 -1.306
2018.29450 -0.498
2018.29730 -1.204
2018.30000 -0.88
2018.30270 -1.77
2018.30550 -1.323
2018.30820 -2.192
2018.31100 -1.353
2018.31370 -1.835
2018.31640 -1.46
2018.31920 -1.344
2018.32190 -1.257
2018.32470 -1.815
2018.32740 -1.988
2018.33010 -1.746
2018.33290 -1.469
2018.33560 -1.138
2018.33840 -1.18
2018.34110 -1.806
2018.34380 -1.703
2018.34660 -1.44
2018.34930 -1.787
2018.35210 -1.856
2018.35480 -1.401
2018.35750 -1.702
2018.36030 -1.253
2018.36300 -0.945
2018.36570 -0.516
2018.36850 -1.323
2018.37120 -1.052
2018.37400 -1.42
2018.37670 -0.945
2018.37940 -2.103
2018.38490 -1.748
2018.38770 -1.389
2018.39040 -0.486
2018.39320 -0.826
2018.39590 -1.45
2018.39860 -1.47
2018.40140 -1.278
2018.40410 -1.357
2018.40690 -1.467
2018.40960 -1.252
2018.41230 -1.244
2018.41510 -0.962
2018.41780 -1.198
2018.42060 -1.358
2018.42330 -1.172
2018.42600 -0.657
2018.42880 -0.815
2018.43150 -1.62
2018.43430 -0.538
2018.43700 -1.407
2018.43970 -0.979
2018.44250 -1.193
2018.44520 -0.866
2018.44800 -1.173
2018.45070 -1.26
2018.45340 -1.465
2018.45620 -0.594
2018.45890 -0.986
2018.46160 -0.502
2018.46440 -1.153
2018.46710 -0.306
2018.46990 -0.807
2018.47260 -0.525
2018.47530 -1.228
2018.47810 -0.491
2018.48080 -0.413
2018.48360 -1.415
2018.48630 -0.207
2018.48900 -0.528
2018.49180 -1.161
2018.49450 -0.638
2018.49730 -1.047
2018.50000 -0.423
2018.50270 -0.452
2018.50550 -0.849
2018.50820 -0.372
2018.51100 -1.075
2018.51370 -1.342
2018.51640 -2.271
2018.51920 -1.153
2018.52190 -1.197
2018.52740 0.298
2018.53010 -1.463
2018.53290 -2.227
2018.53560 -0.731
2018.53840 -0.93
2018.54110 -1.767
2018.54380 -0.612
2018.54660 -0.29
2018.54930 -0.753
2018.55210 -0.732
2018.55480 -0.72
2018.55750 -1.009
2018.56300 -1.544
2018.56580 -2.416
2018.56850 -1.427
2018.57120 -0.614
2018.57400 -1.099
2018.57670 -0.807
2018.58220 -1.123
2018.58490 -0.913
2018.58770 -1.254
2018.59040 -1.354
2018.59310 -0.782
2018.59590 -1.061
2018.59860 -0.763
2018.60140 -1.995
2018.60410 -1.126
2018.60680 -0.979
2018.60960 -2.799
2018.61510 -0.443
2018.61780 -1.474
2018.62060 -2.313
2018.62330 -1.419
2018.62600 -2.466
2018.62880 -1.839
2018.63150 -1.511
2018.63430 -1.554
2018.63700 -1.057
2018.63970 -0.731
2018.64250 -2.066
2018.64520 -1.143
2018.64800 -1.655
2018.65070 -1.192
2018.65340 -1.302
2018.65620 -2.583
2018.65890 -2.038
2018.66160 -1.196
2018.66440 -1.545
2018.66710 -1.735
2018.66990 -1.146
2018.67260 -1.332
2018.67530 -1.445
2018.67810 -1.047
2018.68080 -1.365
2018.68360 -1.738
2018.68630 -2.197
2018.68900 -2.602
2018.69180 -2.136
2018.69450 -1.598
2018.69730 -1.708
2018.70000 -1.742
2018.70270 -1.736
2018.70550 -2.57
2018.70820 -1.57
2018.71100 -2.441
2018.71370 -2.253
2018.71640 -2.163
2018.71920 -1.783
2018.72190 -1.713
2018.72470 -2.024
2018.72740 -2.047
2018.73010 -1.931
2018.73560 -1.634
2018.73840 -2.617
2018.74110 -1.76
2018.74380 -1.926
2018.74660 -1.595
2018.74930 -1.279
2018.75210 -1.952
2018.75480 -1.8
2018.75750 -2.098
2018.76030 -2.13
2018.76300 -1.728
2018.76580 -2.346
2018.76850 -2.237
2018.77120 -2.072
2018.77400 -1.848
2018.77670 -2.116
2018.77950 -2.193
2018.78220 -2.332
2018.78490 -2.101
2018.78770 -1.83
2018.79040 -2.345
2018.79320 -1.741
2018.79590 -2.248
2018.79860 -2.244
2018.80140 -2.139
2018.80410 -1.848
2018.80680 -1.81
2018.80960 -1.809
2018.81230 -1.972
2018.81510 -2.249
2018.81780 -1.954
2018.82050 -1.728
2018.82330 -2.15
2018.82600 -2.056
2018.82880 -1.991
2018.83150 -1.851
2018.83430 -1.846
2018.83700 -1.936
2018.83970 -1.733
2018.84250 -2.329
2018.84520 -2.235
2018.84800 -2.248
2018.85070 -1.741
2018.85340 -2.212
2018.85620 -1.623
2018.85890 -2.266
2018.86160 -1.432
2018.86440 -1.585
2018.86710 -1.872
2018.86990 -1.917
2018.87260 -2.404
2018.87530 -1.785
2018.87810 -1.961
2018.88080 -1.637
2018.88360 -1.739
2018.88630 -2.116
2018.88900 -2.286
2018.89180 -2.282
2018.89450 -2.445
2018.89730 -2.34
2018.90000 -1.933
2018.90270 -2.231
2018.90550 -2.326
2018.90820 -2.285
2018.91100 -2.13
2018.91370 -2.071
2018.91640 -1.931
2018.91920 -2.161
2018.92190 -2.024
2018.92470 -1.902
2018.92740 -2.027
2018.93010 -2.292
2018.93290 -2.101
2018.93560 -2.353
2018.93840 -2.673
2018.94110 -2.722
2018.94380 -2.517
2018.94660 -2.031
2018.94930 -2.569
2018.95210 -2.285
2018.95480 -1.981
2018.95750 -1.874
2018.96030 -1.47
2018.96300 -1.78
2018.96580 -1.754
2018.96850 -1.838
2018.97120 -2.231
2018.97400 -2.298
2018.97670 -2.286
2018.97950 -2.241
2018.98220 -2.513
2018.98490 -2.415
2018.98770 -2.381
2018.99040 -2.716
2018.99320 -3.152
2018.99590 -3.108
2018.99860 -2.692
2020.68720 -2.684
2020.68990 -1.955
2020.71720 -2.46
2020.74180 -2.484
2020.74450 -2.767
2020.74730 -1.865
2020.75270 -2.974
2020.75550 -2.156
2020.75820 -2.577
2020.76090 -2.682
2020.76370 -3.252
2020.76640 -2.985
2020.77190 -3.592
2020.77460 -2.251
2020.77730 -3.221
2020.78010 -3.238
2020.78280 -2.923
2020.78550 -2.497
2020.78830 -2.277
2020.79100 -2.382
2020.79370 -2.392
2020.80190 -2.35
2020.80460 -2.331
2020.81560 -2.607
2020.81830 -3.261
2020.82100 -3.549
2020.82380 -3
2020.82650 -2.761
2020.82920 -2.687
2020.83200 -2.75
2020.83470 -2.834
2020.83740 -2.81
2020.84020 -2.642
2020.84290 -2.621
2020.84560 -3.253
2020.84840 -2.757
2020.85110 -2.76
2020.85380 -2.907
2020.85660 -2.986
2020.85930 -2.765
2020.86200 -2.896
2020.86480 -2.99
2020.87020 -2.975
2020.87290 -2.797
2020.87570 -2.809
2020.87840 -2.272
2020.88110 -2.308
2020.88390 -2.552
2020.88660 -2.154
2020.88930 -3.006
2020.89210 -1.94
2020.89480 -1.987
2020.89750 -2.344
2020.90030 -2.388
2020.90300 -2.785
2020.90570 -2.391
2020.90850 -2.47
2020.91120 -2.434
2020.91390 -2.796
2020.91670 -3.522
2020.91940 -3.296
2020.92210 -3.165
2020.92490 -2.87
2020.92760 -3.659
2020.93030 -3.198
2020.93310 -3.462
2020.93580 -3.17
2020.93850 -2.566
2020.94130 -2.712
2020.94400 -2.442
2020.94670 -2.53
2020.94950 -3.514
2020.95220 -2.983
2020.95490 -3.35
2020.95770 -3.17
2020.96040 -3.022
2020.96310 -3.396
2020.96590 -3.102
2020.96860 -3.029
2020.97130 -2.774
2020.97400 -2.432
2020.97680 -2.922
2020.97950 -2.562
2020.98220 -2.732
2020.98500 -3.043
2020.98770 -3.002
2020.99040 -3.496
2020.99320 -3.007
2020.99590 -1.94
2020.99860 -2.941
2021.00140 -3.582
2021.00410 -3.625
2021.00690 -3.475
2021.00960 -3.783
2021.01230 -3.606
2021.01510 -2.871
2021.01780 -2.598
2021.02060 -2.926
2021.02330 -2.867
2021.02880 -2.744
2021.03150 -2.424
2021.03420 -3.172
2021.03700 -2.911
2021.03970 -3.22
2021.04250 -3.188
2021.04520 -2.873
2021.04790 -2.998
2021.05070 -3.276
2021.05340 -3.611
2021.05620 -3.324
2021.05890 -3.535
2021.06160 -3.893
2021.06440 -4.112
2021.06710 -3.754
2021.06990 -3.596
2021.07260 -3.896
2021.07530 -3.504
2021.07810 -3.242
2021.08080 -3.82
2021.08360 -3.661
2021.08630 -3.631
2021.08900 -2.854
2021.09180 -3.848
2021.09450 -3.518
2021.09730 -3.965
2021.10000 -4.172
2021.10270 -4.21
2021.10550 -3.79
2021.10820 -3.728
2021.11100 -3.317
2021.11370 -3.316
2021.11640 -3.322
2021.11920 -3.274
2021.12470 -3.07
2021.12740 -3.239
2021.13010 -2.211
2021.13290 -2.84
2021.13560 -3.2
2021.13840 -2.519
2021.14110 -3.489
2021.14380 -3.6
2021.14660 -3.521
2021.14930 -3.696
2021.15200 -3.43
2021.15480 -3.799
2021.15750 -3.63
2021.16030 -4.448
2021.16300 -3.525
2021.16570 -3.095
2021.16850 -3.378
2021.17120 -2.905
2021.17400 -3.333
2021.17670 -3.267
2021.17950 -3.644
2021.18220 -3.258
2021.18490 -3.331
2021.18770 -3.402
2021.19040 -3.852
2021.19320 -3.547
2021.19590 -3.251
2021.19860 -2.754
2021.20140 -2.904
2021.20410 -3.277
2021.20690 -3.037
2021.20960 -3.705
2021.21230 -3.523
2021.21510 -3.659
2021.21780 -2.684
2021.22060 -2.774
2021.22330 -3.151
2021.22600 -2.822
2021.22880 -2.614
2021.23150 -3.253
2021.23430 -2.781
2021.23700 -2.185
2021.23970 -2.603
2021.24250 -2.842
2021.24520 -3.671
2021.24790 -3.309
2021.25070 -3.65
2021.25340 -3.166
2021.25620 -2.799
2021.25890 -3.37
2021.26160 -3.562
2021.26440 -3.432
2021.26710 -3.129
2021.26990 -4.182
2021.27260 -3.913
2021.27530 -3.824
2021.27810 -3.644
2021.28080 -2.33
2021.28360 -2.598
2021.28630 -3.139
2021.28900 -2.967
2021.29180 -2.791
2021.29450 -2.643
2021.29730 -3.257
2021.30000 -3.075
2021.30270 -3.031
2021.30550 -3.205
2021.30820 -3.576
2021.31100 -3.634
2021.31370 -3.683
2021.31640 -3.805
2021.31920 -3.601
2021.32190 -2.987
2021.32470 -3.294
2021.32740 -3.574
2021.33010 -3.592
2021.33840 -3.874
2021.34110 -3.025
2021.34380 -3.765
2021.34660 -3.036
2021.34930 -3.43
2021.35210 -3.225
2021.35480 -3.186
2021.35750 -2.965
2021.36030 -2.848
2021.36300 -2.494
2021.36570 -3.39
2021.36850 -2.798
2021.37120 -3.142
2021.37400 -2.554
2021.37670 -2.347
2021.37940 -2.624
2021.38220 -2.12
2021.38490 -2.309
2021.38770 -2.737
2021.39040 -2.9
2021.39320 -2.381
2021.39590 -2.715
2021.39860 -2.719
2021.40140 -3.047
2021.40410 -2.412
2021.40690 -3.598
2021.40960 -3.337
2021.41230 -3.046
2021.41510 -3.162
2021.41780 -4.033
2021.42060 -2.702
2021.42330 -2.199
2021.42600 -2.652
2021.42880 -2.531
2021.43150 -3.03
2021.43700 -2.063
2021.44800 -2.41
2021.45070 -3.731
2021.45340 -2.884
2021.45620 -3.376
2021.45890 -2.631
2021.46160 -3.145
2021.46440 -2.719
2021.46710 -2.431
2021.46990 -4.008
2021.47260 -3.791
2021.47530 -3.587
2021.47810 -3.151
2021.48080 -2.585
2021.48360 -3.835
2021.48630 -2.551
2021.48900 -3.48
2021.49180 -3.519
2021.49450 -3.385
2021.49730 -2.382
2021.50550 -4.543
2021.50820 -3.709
2021.51100 -3.28
2021.51370 -2.627
2021.51640 -2.873
2021.51920 -1.9
2021.52190 -3.095
2021.52470 -3.31
2021.53010 -3.328
2021.53290 -2.957
2021.53560 -2.096
2021.53840 -2.62
2021.54110 -3.46
2021.54380 -3.013
2021.54660 -1.21
2021.54930 -3.097
2021.55210 -3.091
2021.55480 -3.784
2021.55750 -3.006
2021.56030 -3.215
2021.56300 -3.357
2021.56580 -3.51
2021.56850 -2.902
2021.57120 -4.836
2021.57400 -2.577
2021.57670 -2.835
2021.57950 -2.958
2021.58220 -2.634
2021.58490 -2.358
2021.58770 -2.77
2021.60410 -3.766
2021.60960 -3.953
2021.61230 -3.279
2021.61510 -3.115
2021.61780 -3.25
2021.62060 -2.543
2021.62330 -4.557
2021.62600 -3.276
2021.62880 -4.366
2021.63150 -2.819
2021.63970 -3.336
2021.64250 -1.1
2021.64520 -2.912
2021.64800 -2.914
2021.65070 -3.296
2021.65340 -3.738
2021.65620 -3.494
2021.65890 -3.161
2021.66160 -3.649
2021.66440 -4.119
2021.66710 -3
2021.66990 -4.027
2021.67260 -4.483
2021.67530 -3.524
2021.67810 -3.909
2021.68080 -3.448
2021.68360 -3.081
2021.68630 -3.559
2021.68900 -3.339
2021.69180 -3.72
2021.69450 -2.8
2021.69730 -2.927
2021.70000 -2.73
2021.70270 -3.044
2021.70550 -3.403
2021.70820 -3.865
2021.71100 -3.476
2021.71370 -3.563
2021.71640 -3.297
2021.71920 -4.003
2021.72190 -2.624
2021.72470 -2.885
2021.72740 -4.103
2021.73010 -4.085
2021.73290 -4.243
2021.73560 -3.976
2021.73840 -4.064
2021.74110 -2.953
2021.74380 -3.158
2021.74660 -2.748
2021.74930 -3.738
2021.75210 -3.103
2021.76030 -4.298
2021.76300 -4.022
2021.76580 -4.207
2021.76850 -3.69
2021.77120 -4.373
2021.77400 -4.301
2021.77670 -3.952
2021.77950 -4.099
2021.78220 -3.9285
2021.79040 -2.8135
2021.79320 -2.7485
2021.79590 -3.8895
2021.79860 -3.6345
2021.80140 -3.7265
2021.80410 -3.7605
2021.80680 -3.5745
2021.80960 -3.6825
2021.81230 -3.7025
2021.81510 -3.4075
2021.81780 -3.5475
2021.82330 -3.1225
2021.82600 -3.4235
2021.82880 -3.1845
2021.83150 -3.2285
2021.83430 -3.2475
2021.83700 -2.7665
2021.83970 -3.0785
2021.84250 -2.9565
2021.84520 -3.3955
2021.84800 -4.0715
2021.85070 -4.2655
2021.85340 -2.3285
2021.85620 -2.4825
2021.85890 -2.1845
2021.86160 -2.6605
2021.86440 -0.4395
2021.86710 -2.4605
2021.86990 -0.5485
2021.87260 -3.0855
2021.87530 -2.9235
2021.87810 -2.6935
2021.88360 -3.4545
2021.88630 -3.3575
2021.88900 -2.5415
2021.89180 -2.7785
2021.89450 -2.7575
2021.89730 -1.4325
2021.90000 -3.8095
2021.90270 -3.5465
2021.90550 -3.5905
2021.90820 -3.8455
2021.91100 -4.1195
2021.91370 -3.0135
2021.91640 -2.4625
2021.91920 -3.1695
2021.92190 -3.4735
2021.92470 -3.6505
2021.92740 -3.9105
2021.93010 -4.2685
2021.93290 -4.0075
2021.93560 -3.7995
2021.93840 -3.0925
2021.94110 -3.6005
2021.94380 -4.0565
2021.94660 -2.9915
2021.94930 -3.0705
2021.95210 -2.6105
2021.95480 -3.2935
2021.95750 -2.6835
2021.96030 -2.7625
2021.96300 -1.9885
2021.96850 -2.1705
2021.97120 -2.4125
2021.97400 -2.7445
2021.97670 -3.0585
2021.97950 -2.9315
2021.98220 -2.4265
2021.98490 -2.2675
2021.98770 -2.2735
2021.99040 -2.3575
2021.99320 -2.6565
2021.99590 -2.1425
2021.99860 -3.2485
2022.00140 -3.2955
2022.00410 -2.8525
2022.00690 -3.3585
2022.00960 -3.4355
2022.01230 -3.3555
2022.01510 -3.2875
2022.01780 -3.1785
2022.02060 -3.3225
2022.02330 -3.4595
2022.02600 -3.1955
2022.02880 -2.9605
2022.03150 -3.2665
2022.03420 -2.9515
2022.03700 -3.2105
2022.03970 -3.9495
2022.04250 -3.3965
2022.04520 -3.4935
2022.04790 -3.5525
2022.05070 -3.6135
2022.05340 -3.5745
2022.05620 -4.0525
2022.05890 -4.2535
2022.06160 -4.1465
2022.06710 -3.8325
2022.06990 -4.1735
2022.07260 -3.8295
2022.07530 -3.8075
2022.07810 -3.9935
2022.08080 -4.4685
2022.08360 -3.5835
2022.08630 -3.9415
2022.08900 -3.7015
2022.09180 -3.8235
2022.09450 -3.9645
2022.09730 -3.4785
2022.10000 -3.9435
2022.10270 -4.0345
2022.10550 -4.0485
2022.10820 -3.7815
2022.11100 -3.7125
2022.11370 -4.2995
2022.11640 -4.4475
2022.11920 -4.2745
2022.12190 -3.8395
2022.12470 -3.3715
2022.12740 -3.2545
2022.13010 -4.0205
2022.13290 -4.8165
2022.13560 -3.8385
2022.13840 -3.2785
2022.14110 -3.5465
2022.14380 -3.8555
2022.14660 -3.4595
2022.14930 -3.3325
2022.15200 -3.9975
2022.15480 -3.3645
2022.15750 -2.7115
2022.16030 -3.9385
2022.16300 -2.6945
2022.16570 -2.7005
2022.16850 -2.5175
2022.17120 -2.9765
2022.17400 -2.9825
2022.17670 -3.3745
2022.17950 -3.2035
2022.18220 -3.5875
2022.18490 -4.1775
2022.18770 -3.0715
2022.19040 -3.8835
2022.19320 -3.0385
2022.19590 -3.9265
2022.19860 -3.5185
2022.20140 -3.2015
2022.20410 -4.4555
2022.20690 -4.3485
2022.20960 -3.8055
2022.21230 -4.1705
2022.21510 -3.7245
2022.21780 -4.4895
2022.22060 -3.7495
2022.22330 -2.6585
2022.22600 -3.1745
2022.22880 -3.1865
2022.23150 -2.8015
2022.23430 -3.4025
2022.23700 -3.2325
2022.23970 -3.2965
2022.24250 -3.4875
2022.24520 -4.3165
2022.24790 -3.5015
2022.25070 -3.8305
2022.25340 -3.7335
2022.25620 -4.0045
2022.25890 -3.6145
2022.26160 -3.8905
2022.26440 -3.3935
2022.26710 -3.1215
2022.26990 -2.7005
2022.27260 -2.8115
2022.27530 -3.1455
2022.27810 -3.7545
2022.28080 -3.6765
2022.28360 -3.8795
2022.28630 -3.4165
2022.28900 -2.9525
2022.29180 -2.7565
2022.29450 -3.1545
2022.29730 -3.0195
2022.30000 -2.8055
2022.30270 -2.8565
2022.30550 -2.6785
