2014.00140 3.501
2014.00410 3.206
2014.00690 2.994
2014.00960 3.264
2014.01230 3.201
2014.01510 3.039
2014.01780 2.827
2014.02060 2.911
2014.02330 2.946
2014.02600 2.699
2014.02880 2.168
2014.03150 2.308
2014.03420 2.191
2014.03700 2.187
2014.03970 2.363
2014.04250 2.832
2014.04520 2.471
2014.04790 2.68
2014.05070 3.294
2014.05340 3.048
2014.05620 3.035
2014.06160 3.473
2014.06440 3.055
2014.06710 3.425
2014.06990 3.1
2014.07260 2.792
2014.07530 3.146
2014.07810 3.216
2014.08080 3.467
2014.08360 3.151
2014.08630 3.379
2014.08900 3.081
2014.09180 3.073
2014.09450 2.984
2014.09730 3.019
2014.10000 2.519
2014.10270 3.22
2014.10550 2.959
2014.10820 2.99
2014.11100 2.697
2014.11370 2.624
2014.11640 2.545
2014.11920 2.537
2014.12190 2.589
2014.12470 2.754
2014.12740 2.205
2014.13010 2.358
2014.13290 2.391
2014.13560 2.261
2014.13840 2.23
2014.14110 2.338
2014.14380 2.134
2014.14660 2.264
2014.14930 2.253
2014.15200 2.484
2014.15480 2.489
2014.15750 2.288
2014.16030 2.787
2014.16300 2.403
2014.16570 2.655
2014.16850 2.148
2014.17120 2.45
2014.17400 2.534
2014.17670 2.172
2014.17950 2.555
2014.18220 2.47
2014.18490 2.602
2014.18770 2.709
2014.19040 2.739
2014.19320 2.593
2014.19590 2.881
2014.19860 2.915
2014.20140 3.096
2014.20410 2.888
2014.20690 2.449
2014.20960 2.378
2014.21230 2.562
2014.21510 2.376
2014.21780 2.728
2014.22060 2.374
2014.22330 2.803
2014.22600 3.182
2014.22880 3.101
2014.23150 3.03
2014.23430 3.242
2014.23700 2.998
2014.23970 3.146
2014.24250 3.016
2014.24520 2.417
2014.24790 2.933
2014.25070 2.931
2014.25340 2.402
2014.25620 2.574
2014.25890 2.246
2014.26160 2.303
2014.26440 2.411
2014.26710 2.561
2014.26990 2.601
2014.27260 2.362
2014.27530 2.479
2014.27810 2.456
2014.28080 2.398
2014.28360 2.536
2014.28630 3.156
2014.28900 2.782
2014.29180 2.054
2014.29450 1.364
2014.29730 2.076
2014.30000 2.18
2014.30270 2.021
2014.30820 2.77
2014.31100 2.121
2014.31370 2.601
2014.31640 2.246
2014.31920 2.155
2014.32190 2.213
2014.32470 2.665
2014.32740 2.736
2014.33010 2.558
2014.33290 1.919
2014.33560 2.287
2014.33840 2.127
2014.34110 2.287
2014.34380 1.993
2014.34660 2.366
2014.34930 2.719
2014.35210 2.577
2014.35480 2.286
2014.35750 2.931
2014.36030 3.132
2014.36300 3.159
2014.36570 2.927
2014.36850 2.72
2014.37120 2.547
2014.37400 2.234
2014.37670 2.699
2014.37940 2.411
2014.38220 2.939
2014.38490 2.061
2014.38770 2.456
2014.39040 2.418
2014.39320 2.292
2014.39590 2.379
2014.39860 2.859
2014.40140 2.815
2014.40410 2.676
2014.40690 2.645
2014.40960 2.842
2014.41230 1.852
2014.41510 2.759
2014.41780 1.816
2014.42060 2.479
2014.42330 2.701
2014.42600 2.335
2014.42880 2.34
2014.43150 2.055
2014.43430 2.736
2014.43700 3.216
2014.43970 2.544
2014.44250 2.506
2014.44520 2.232
2014.44800 2.095
2014.45070 2.049
2014.45340 2.282
2014.45620 2.325
2014.45890 2.059
2014.46160 2.585
2014.46440 2.287
2014.46710 2.138
2014.46990 2.491
2014.47260 1.744
2014.47530 3.106
2014.47810 2.689
2014.48080 2.127
2014.48360 2.407
2014.48630 2.917
2014.48900 2.259
2014.49180 3.093
2014.49450 2.375
2014.49730 3.202
2014.50000 2.422
2014.50270 2.603
2014.50550 2.308
2014.50820 3.336
2014.51100 3.213
2014.51370 2.683
2014.51640 2.621
2014.51920 2.406
2014.52190 2.635
2014.52470 2.31
2014.52740 2.421
2014.53010 2.448
2014.53290 2.218
2014.53560 2.71
2014.53840 2.175
2014.54110 2.732
2014.54380 2.406
2014.54660 2.066
2014.54930 2.959
2014.55210 2.548
2014.55480 3.021
2014.55750 2.952
2014.56300 2.818
2014.56580 2.773
2014.56850 2.659
2014.57120 2.227
2014.57400 2.857
2014.57670 2.337
2014.57950 2.073
2014.58220 1.388
2014.58770 2.584
2014.59040 2.75
2014.59310 2.362
2014.59590 1.047
2014.59860 1.744
2014.60140 1.88
2014.60410 1.37
2014.60680 1.699
2014.60960 1.165
2014.61230 0.907
2014.61510 1.811
2014.61780 1.612
2014.62060 1.54
2014.62330 0.543
2014.62600 1.607
2014.62880 1.453
2014.63150 1.625
2014.63430 1.963
2014.63700 1.849
2014.63970 2.078
2014.64250 0.305
2014.64520 1.058
2014.64800 1.037
2014.65070 0.741
2014.65340 0.867
2014.65620 0.756
2014.65890 0.853
2014.66160 1.406
2014.66440 1.224
2014.66710 1.424
2014.66990 1.315
2014.67260 1.041
2014.67530 1.556
2014.67810 1.688
2014.68080 1.067
2014.68360 1.243
2014.68630 1.041
2014.68900 1.681
2014.69180 1.237
2014.69450 0.526
2014.69730 0.893
2014.70000 0.73
2014.70270 0.253
2014.70550 0.959
2014.70820 1.238
2014.71100 0.467
2014.71370 0.548
2014.71640 0.404
2014.71920 0.52
2014.72470 0.814
2014.72740 0.715
2014.73010 0.887
2014.73290 0.956
2014.73560 -0.105
2014.73840 0.793
2014.74110 0.672
2014.74380 0.364
2014.74660 0.52
2014.74930 0.796
2014.75210 0.664
2014.75480 0.853
2014.75750 -0.377
2014.76030 0.292
2014.76300 0.194
2014.76580 0.304
2014.77120 0.204
2014.77400 0.76
2014.77670 -0.07
2014.77950 0.056
2014.78220 0.39
2014.78490 1.182
2014.78770 0.268
2014.79040 0.403
2014.79320 0.386
2014.79590 1.166
2014.80140 0
2014.80410 0.342
2014.80680 0.228
2014.80960 0.722
2014.81230 0.815
2014.81510 0.432
2014.81780 -0.063
2014.82050 0.352
2014.82330 0.329
2014.82600 0.491
2014.82880 0.197
2014.83150 0.728
2014.83430 0.208
2014.83700 0.285
2014.83970 0.512
2014.84250 0.232
2014.84520 0.216
2014.84800 0.055
2014.85070 0.152
2014.85340 0.117
2014.85620 0.16
2014.85890 0.281
2014.86160 0.312
2014.86440 0.036
2014.86710 0.492
2014.86990 -0.015
2014.87260 -0.056
2014.87530 -0.236
2014.87810 -0.15
2014.88080 0.016
2014.88360 0.14
2014.88630 0.501
2014.88900 -0.038
2014.89180 -0.2
2014.89450 -0.227
2014.89730 -0.125
2014.90000 0.297
2014.90270 0.293
2014.90550 0.353
2014.90820 0.322
2014.91100 -0.094
2014.91370 -0.084
2014.91640 0.16
2014.91920 0.228
2014.92190 -0.013
2014.92470 0.078
2014.92740 0.234
2014.93010 -0.116
2014.93290 -0.093
2014.93560 -0.272
2014.93840 -0.294
2014.94110 -0.253
2014.94380 -0.386
2014.94660 -0.396
2014.94930 -0.623
2014.95210 -0.779
2014.95480 -0.616
2014.95750 -0.667
2014.96030 -0.252
2014.96300 -0.707
2014.96580 -0.787
2014.96850 -0.397
2014.97120 -0.552
2014.97400 -0.308
2014.97670 -0.656
2014.97950 -0.922
2014.98220 -0.84
2014.98490 -0.76
2014.98770 -0.724
2014.99040 -0.228
2014.99320 -0.096
2014.99590 -0.522
2014.99860 -0.684
2015.00140 -0.366
2015.00410 -0.566
2015.00690 -0.091
2015.00960 -0.16
2015.01230 -0.264
2015.01510 -0.239
2015.01780 -0.638
2015.02060 -0.413
2015.02330 -0.656
2015.02600 -0.381
2015.02880 -0.727
2015.03150 -0.821
2015.03420 -0.816
2015.03700 -0.384
2015.03970 -0.345
2015.04250 -0.707
2015.04520 -0.4
2015.04790 -0.523
2015.05070 -0.277
2015.05340 -0.684
2015.05620 -0.423
2015.05890 -0.072
2015.06160 -0.076
2015.06440 -0.462
2015.06710 -0.293
2015.06990 -0.563
2015.07260 -0.394
2015.07530 -0.712
2015.07810 -0.801
2015.08080 -0.814
2015.08360 -1.05
2015.08630 -1.057
2015.08900 -1.05
2015.09180 -1.386
2015.09450 -0.699
2015.09730 -0.608
2015.10000 -0.781
2015.10270 -0.9
2015.10550 -0.648
2015.10820 -0.331
2015.11100 -0.211
2015.11370 -0.493
2015.11640 -0.103
2015.11920 -0.119
2015.12190 -0.612
2015.12470 -0.705
2015.12740 -0.493
2015.13010 -0.567
2015.13290 -0.605
2015.13560 -0.686
2015.13840 0.167
2015.14110 -0.846
2015.14380 -0.304
2015.14660 -0.266
2015.14930 -0.408
2015.15200 -0.537
2015.15480 -0.681
2015.15750 -0.93
2015.16030 -0.985
2015.16300 -0.156
2015.16570 -0.467
2015.16850 -0.699
2015.17120 -0.666
2015.17400 -0.52
2015.17670 -0.592
2015.17950 -0.409
2015.18220 -0.823
2015.18490 -0.881
2015.18770 -0.722
2015.19040 -0.447
2015.19320 0.022
2015.19590 -0.636
2015.19860 -0.638
2015.20140 -0.216
2015.20410 -0.235
2015.20690 -0.172
2015.20960 0.093
2015.21230 -0.247
2015.21510 -0.546
2015.21780 -0.505
2015.22060 -0.617
2015.22330 -0.811
2015.22600 -0.821
2015.22880 -0.619
2015.23150 -0.411
2015.23430 -0.428
2015.23700 -0.383
2015.23970 -0.525
2015.24250 0.242
2015.24520 -0.741
2015.24790 0.176
2015.25070 -0.046
2015.25340 0.038
2015.25620 -0.385
2015.25890 -0.94
2015.26160 -0.752
2015.26440 -0.716
2015.26710 -0.57
2015.26990 -1.038
2015.27260 -0.744
2015.27530 -0.733
2015.27810 -1.081
2015.28080 -0.56
2015.28360 -0.025
2015.28630 -0.231
2015.28900 -0.503
2015.29180 -0.241
2015.29450 -0.411
2015.29730 -0.329
2015.30000 -0.248
2015.30270 -0.307
2015.30550 -0.475
2015.30820 -0.624
2015.31100 -0.455
2015.31370 -0.435
2015.31640 -0.123
2015.31920 -0.409
2015.32190 -0.44
2015.32470 -0.38
2015.32740 -0.31
2015.33010 0.157
2015.33290 -0.709
2015.33560 -0.904
2015.33840 -0.615
2015.34110 -1.236
2015.34380 -0.687
2015.34660 -0.379
2015.34930 -0.524
2015.35210 -0.683
2015.35480 -0.668
2015.35750 -0.194
2015.36030 0.341
2015.36570 -0.883
2015.36850 -0.605
2015.37120 0.174
2015.37400 -0.588
2015.37670 -0.392
2015.37940 -0.244
2015.38220 -0.721
2015.38490 -0.553
2015.38770 -0.222
2015.39590 0.207
2015.39860 -0.322
2015.40140 0.266
2015.40410 0.301
2015.40690 -0.392
2015.40960 -1.865
2015.41230 -0.234
2015.41510 -0.207
2015.41780 -1.18
2015.42060 -0.477
2015.42330 -0.573
2015.42600 -0.777
2015.42880 -0.948
2015.43150 -0.743
2015.43430 -0.178
2015.43700 -0.489
2015.43970 -0.161
2015.44250 -0.43
2015.44520 -0.52
2015.44800 -0.477
2015.45070 -0.748
2015.45340 -0.186
2015.45620 -0.453
2015.45890 -0.509
2015.46160 -0.896
2015.46440 -0.863
2015.46710 -0.346
2015.46990 0.08
2015.47260 -0.189
2015.47530 -0.545
2015.47810 0.067
2015.48080 -0.361
2015.48360 -0.906
2015.48630 -1.013
2015.48900 -0.479
2015.49180 -0.466
2015.49450 -0.939
2015.49730 -0.313
2015.50000 -0.916
2015.50270 -1.024
2015.50550 -0.913
2015.50820 -0.949
2015.51100 -0.698
2015.51640 -0.799
2015.51920 -0.947
2015.52190 -1.189
2015.52470 -0.439
2015.52740 -0.149
2015.53290 -2.32
2015.53560 -0.973
2015.53840 -1.346
2015.54110 -1.097
2015.54380 -0.753
2015.54660 -0.613
2015.54930 -1.526
2015.55210 -1.867
2015.55480 -1.521
2015.55750 -1.591
2015.56030 -1.922
2015.56300 -0.629
2015.56580 -0.18
2015.57120 -0.912
2015.57670 -2.275
2015.57950 -1.94
2015.58220 -1.574
2015.58490 -1.19
2015.59040 -1.724
2015.59310 -1.799
2015.59590 -1.717
2015.59860 -2.383
2015.60140 -2.043
2015.60410 -1.722
2015.60680 -1.563
2015.60960 -1.764
2015.61230 -2.287
2015.61510 -1.355
2015.61780 -1.283
2015.62060 -1.84
2015.62330 -1.363
2015.62600 -2.162
2015.62880 -0.997
2015.63150 -2.896
2015.63430 -2.224
2015.63700 -1.847
2015.63970 -2.045
2015.64250 -0.999
2015.64520 -1.795
2015.64800 -1.721
2015.65070 -1.906
2015.65340 -2.171
2015.65620 -1.902
2015.65890 -1.467
2015.66160 -1.084
2015.66440 -1.882
2015.66710 -1.983
2015.66990 -2.144
2015.67530 -1.946
2015.67810 -2.095
2015.68080 -2.099
2015.68360 -2.485
2015.68900 -1.968
2015.69180 -2.718
2015.69450 -2.927
2015.69730 -2.216
2015.70000 -2.274
2015.70270 -2.29
2015.70550 -2.865
2015.70820 -2.621
2015.71100 -2.908
2015.71370 -3.458
2015.71640 -2.051
2015.71920 -2.191
2015.72190 -2.14
2015.72470 -2.459
2015.72740 -1.883
2015.73010 -2.086
2015.73290 -2.341
2015.73560 -2.551
2015.73840 -2.305
2015.74110 -3.107
2015.74380 -2.385
2015.74660 -2.586
2015.74930 -2.563
2015.75210 -2.232
2015.75480 -2.644
2015.75750 -2.427
2015.76300 -2.187
2015.76580 -2.294
2015.76850 -2.758
2015.77120 -2.343
2015.77400 -2.783
2015.77670 -2.703
2015.77950 -2.707
2015.78220 -2.699
2015.78490 -2.535
2015.78770 -2.811
2015.79040 -2.752
2015.79320 -3.237
2015.79590 -3.169
2015.79860 -2.532
2015.80140 -2.758
2015.80410 -3.111
2015.80680 -2.839
2015.80960 -2.578
2015.81230 -3.832
2015.81510 -2.916
2015.81780 -2.933
2015.82050 -2.657
2015.82330 -3.326
2015.82600 -3.459
2015.82880 -3.482
2015.83150 -3.299
2015.83430 -2.988
2015.83700 -3.076
2015.83970 -2.88
2015.84250 -2.778
2015.84520 -3.322
2015.84800 -3.312
2015.85070 -3.622
2015.85340 -3.361
2015.85620 -3.417
2018.00690 -11.366
2018.00960 -11.186
2018.01230 -10.944
2018.01510 -11.209
2018.01780 -11.273
2018.02060 -10.87
2018.02330 -11.217
2018.02600 -11.2
2018.02880 -11.316
2018.03150 -11.202
2018.03420 -10.928
2018.03700 -11.226
2018.03970 -11.01
2018.04250 -11.06
2018.04520 -11.268
2018.04790 -11.321
2018.05070 -11.232
2018.05340 -11.511
2018.05620 -11.506
2018.05890 -11.555
2018.06160 -11.158
2018.06440 -11.702
2018.06990 -11.42
2018.07260 -11.483
2018.07530 -11.144
2018.07810 -10.831
2018.08080 -11.489
2018.08360 -11.497
2018.08630 -11.851
2018.08900 -11.911
2018.09180 -11.513
2018.09450 -11.298
2018.09730 -11.554
2018.10000 -10.958
2018.10270 -11.274
2018.10550 -10.821
2018.10820 -11.476
2018.11100 -11.087
2018.11370 -11.019
2018.11640 -11.075
2018.11920 -10.574
2018.12190 -11.356
2018.12470 -10.788
2018.12740 -11.15
2018.13010 -11.162
2018.13290 -11.126
2018.13560 -11.185
2018.13840 -11.124
2018.14110 -10.907
2018.14660 -11.284
2018.14930 -11.37
2018.15200 -11.284
2018.15480 -11.481
2018.15750 -11.366
2018.16030 -11.072
2018.16300 -11.071
2018.16570 -11.019
2018.16850 -11.139
2018.17120 -11.349
2018.17400 -11.354
2018.17670 -11.93
2018.17950 -11.789
2018.18220 -11.215
2018.18490 -11.436
2018.18770 -11.586
2018.19040 -10.948
2018.19320 -10.885
2018.19590 -11.171
2018.19860 -11.034
2018.20140 -11.514
2018.20410 -11.319
2018.20690 -11.824
2018.20960 -11.698
2018.21230 -11.534
2018.21510 -12.191
2018.21780 -11.428
2018.22060 -10.99
2018.22330 -11.418
2018.22600 -11.462
2018.22880 -11.183
2018.23150 -11.263
2018.23430 -10.821
2018.23700 -11.07
2018.23970 -11.393
2018.24250 -11.378
2018.24520 -11.538
2018.24790 -11.141
2018.25070 -10.782
2018.25340 -11.264
2018.25620 -11.372
2018.25890 -11.558
2018.26160 -11.541
2018.26440 -10.808
2018.26710 -11.182
2018.26990 -11.131
2018.27260 -11.198
2018.27530 -11.049
2018.27810 -11.279
2018.28080 -11.773
2018.28360 -11.495
2018.28630 -10.805
2018.28900 -10.743
2018.29180 -10.838
2018.29450 -10.409
2018.29730 -10.604
2018.30270 -11.904
2018.30550 -11.296
2018.30820 -11.889
2018.31100 -11.315
2018.31370 -11.636
2018.31640 -11.346
2018.31920 -11.266
2018.32190 -10.986
2018.32470 -11.391
2018.32740 -11.781
2018.33010 -11.969
2018.33290 -11.43
2018.33560 -11.181
2018.33840 -11.083
2018.34110 -12.209
2018.34380 -11.194
2018.34660 -11.291
2018.34930 -11.699
2018.35210 -11.826
2018.35480 -11.243
2018.35750 -11.743
2018.36030 -11.272
2018.36300 -11.359
2018.36570 -10.575
2018.36850 -10.401
2018.37120 -10.884
2018.37400 -11.879
2018.37670 -11.179
2018.37940 -12.479
2018.38490 -12.42
2018.38770 -11.663
2018.39040 -10.971
2018.39320 -11.332
2018.39590 -11.646
2018.39860 -11.966
2018.40140 -11.498
2018.40410 -11.579
2018.40690 -11.437
2018.40960 -11.56
2018.41230 -12.016
2018.41510 -11.996
2018.41780 -11.88
2018.42060 -11.925
2018.42330 -11.593
2018.42600 -11.432
2018.42880 -11.796
2018.43150 -11.889
2018.43430 -11.364
2018.43700 -11.67
2018.43970 -11.898
2018.44250 -11.61
2018.44520 -10.942
2018.44800 -11.456
2018.45070 -11.472
2018.45340 -11.559
2018.45620 -11.204
2018.45890 -11.565
2018.46160 -11.586
2018.46440 -11.689
2018.46710 -11.145
2018.46990 -11.406
2018.47260 -11.586
2018.47530 -11.908
2018.47810 -10.961
2018.48360 -11.541
2018.48630 -11.594
2018.48900 -11.466
2018.49180 -11.113
2018.49450 -11.653
2018.49730 -11.435
2018.50000 -11.563
2018.50270 -11.297
2018.50550 -11.912
2018.50820 -11.987
2018.51100 -11.417
2018.51370 -12.668
2018.51640 -12.346
2018.51920 -12.491
2018.52190 -12.261
2018.52740 -11.643
2018.53010 -11.499
2018.53560 -13.062
2018.53840 -12.469
2018.54110 -12.613
2018.54380 -12.194
2018.54930 -11.901
2018.55210 -10.954
2018.55750 -11.876
2018.56300 -11.6
2018.56580 -12.576
2018.56850 -11.922
2018.57120 -12.167
2018.57400 -12.018
2018.57670 -12.747
2018.57950 -11.391
2018.58220 -11.716
2018.58490 -11.328
2018.58770 -12.531
2018.59040 -11.788
2018.59590 -12.153
2018.59860 -12.736
2018.60140 -13.411
2018.60410 -11.853
2018.60680 -10.614
2018.60960 -13.232
2018.61510 -11.246
2018.62060 -12.691
2018.62330 -12.316
2018.62600 -12.404
2018.63430 -12.927
2018.63700 -11.43
2018.63970 -12.523
2018.64250 -12.646
2018.64520 -12.411
2018.64800 -12.144
2018.65070 -12.515
2018.65340 -12.861
2018.65890 -13.53
2018.66160 -12.437
2018.66440 -12.899
2018.66710 -12.519
2018.66990 -12.868
2018.67260 -12.443
2018.67530 -12.52
2018.67810 -12.234
2018.68080 -12.355
2018.68360 -12.698
2018.68630 -12.758
2018.68900 -13.203
2018.69180 -13.115
2018.69450 -12.766
2018.69730 -13.007
2018.70000 -12.219
2018.70270 -13.114
2018.70550 -13.373
2018.70820 -13.112
2018.71100 -13.129
2018.71640 -13.62
2018.71920 -14.569
2018.72190 -12.484
2018.72470 -13.609
2018.72740 -13.113
2018.73010 -13.022
2018.73560 -14.028
2018.73840 -12.986
2018.74110 -12.94
2018.74380 -13.28
2018.74660 -13.347
2018.74930 -12.376
2018.75210 -12.891
2018.75480 -12.802
2018.75750 -13.194
2018.76030 -12.57
2018.76300 -12.814
2018.76580 -13.359
2018.77120 -14.266
2018.77400 -13.111
2018.77670 -12.73
2018.77950 -12.568
2018.78220 -13.053
2018.78490 -13.039
2018.78770 -13.075
2018.79040 -12.001
2018.79320 -13.74
2018.79590 -13.641
2018.79860 -13.58
2018.80140 -13.322
2018.80410 -13.871
2018.80680 -13.936
2018.80960 -13.035
2018.81230 -12.682
2018.81510 -13.984
2018.81780 -13.335
2018.82050 -13.241
2018.82330 -13.46
2018.82600 -13.085
2018.82880 -13.371
2018.83150 -13.504
2018.83430 -13.292
2018.83700 -13.232
2018.83970 -13.168
2018.84250 -13.897
2018.84520 -13.81
2018.84800 -13.618
2018.85070 -13.283
2018.85340 -13.574
2018.85620 -13.665
2018.85890 -13.475
2018.86160 -13.335
2018.86440 -13.318
2018.86710 -13.707
2018.86990 -13.525
2018.87260 -13.642
2018.87530 -13.242
2018.87810 -13.087
2018.88080 -12.856
2018.88360 -13.165
2018.88630 -13.335
2018.88900 -13.539
2018.89180 -13.623
2018.89450 -13.987
2018.89730 -13.917
2018.90000 -13.591
2018.90270 -13.937
2018.90550 -13.74
2018.90820 -13.832
2018.91100 -14.011
2018.91370 -13.765
2018.91640 -13.55
2018.91920 -13.504
2018.92190 -13.614
2018.92470 -13.422
2018.92740 -13.687
2018.93010 -13.925
2018.93290 -13.855
2018.93560 -13.688
2018.93840 -13.881
2018.94110 -14.194
2018.94380 -14.026
2018.94660 -13.525
2018.94930 -13.85
2018.95210 -13.643
2018.95480 -13.614
2018.95750 -13.452
2018.96030 -13.281
2018.96300 -13.167
2018.96580 -13.295
2018.96850 -13.193
2018.97120 -13.523
2018.97400 -13.664
2018.97670 -13.873
2018.97950 -13.553
2018.98220 -13.832
2018.98490 -13.91
2018.98770 -14.062
2018.99040 -14.446
2018.99320 -14.799
2018.99590 -14.764
2018.99860 -14.441
2019.00140 -14.588
2019.00410 -14.289
2019.00690 -14.381
2019.00960 -14.129
2019.01230 -14.153
2019.01510 -14.013
2019.01780 -13.798
2019.02060 -14.187
2019.02330 -13.843
2019.02600 -13.632
2019.02880 -13.762
2019.03150 -13.863
2019.03420 -14.158
2019.03700 -14.533
2019.03970 -14.069
2019.04250 -13.99
2019.04520 -13.874
2019.04790 -14.111
2019.05070 -13.75
2019.05340 -13.592
2019.05620 -13.16
2019.05890 -13.455
2019.06160 -13.821
2019.06440 -14.232
2019.06710 -14.295
2019.06990 -13.833
2019.07260 -13.74
2019.07530 -13.648
2019.07810 -13.766
2019.08080 -13.824
2019.08360 -13.822
2019.08630 -13.352
2019.08900 -13.618
2019.09180 -13.972
2019.09450 -13.171
2019.09730 -13.739
2019.10000 -13.772
2019.10270 -14.06
2019.10550 -14.035
2019.10820 -14.372
2019.11100 -13.915
2019.11370 -14.08
2019.11640 -14.493
2019.11920 -14.439
2019.12190 -14.303
2019.12470 -14.218
2019.12740 -13.775
2019.13010 -13.916
2019.13290 -13.921
2019.13560 -14.304
2019.13840 -14.154
2019.14110 -14.277
2019.14380 -14.203
2019.14660 -14
2019.14930 -13.985
2019.15200 -13.741
2019.15480 -13.985
2019.15750 -13.648
2019.16030 -13.773
2019.16300 -13.468
2019.16570 -13.493
2019.16850 -13.603
2019.17120 -13.462
2019.17400 -14.125
2019.17670 -14.151
2019.17950 -14.072
2019.18220 -14.131
2019.18490 -13.775
2019.18770 -13.953
2019.19040 -14.067
2019.19320 -14.223
2019.19590 -14.595
2019.19860 -14.499
2019.20140 -14.219
2019.20410 -13.865
2019.20690 -13.915
2019.20960 -13.683
2019.21230 -13.14
2019.21510 -13.797
2019.21780 -14.041
2019.22060 -14.083
2019.22330 -13.933
2019.22600 -13.594
2019.22880 -13.723
2019.23150 -14.117
2019.23430 -13.315
2019.23700 -13.937
2019.23970 -13.897
2019.24250 -14.1
2019.24520 -13.897
2019.24790 -14.095
2019.25070 -13.961
2019.25340 -13.993
2019.25620 -13.497
2019.25890 -13.434
2019.26160 -13.526
2019.26440 -13.518
2019.26710 -14.022
2019.26990 -13.635
2019.27260 -13.91
2019.27530 -13.738
2019.27810 -13.719
2019.28080 -13.701
2019.28360 -13.844
2019.28630 -13.602
2019.28900 -13.328
2019.29180 -13.425
2019.29450 -13.742
2019.29730 -13.566
2019.30000 -14.426
2019.30270 -13.609
2019.30550 -13.674
2019.30820 -13.491
2019.31100 -14.129
2019.31370 -14.017
2019.31640 -14.009
2019.31920 -14.931
2019.32190 -13.896
2019.32470 -13.587
2019.32740 -13.743
2019.33010 -13.924
2019.33290 -14.087
2019.33560 -13.708
2019.33840 -14.235
2019.34110 -14.362
2019.34380 -14.189
2019.34660 -13.758
2019.34930 -13.699
2019.35210 -13.655
2019.35480 -14.432
2019.35750 -13.912
2019.36030 -14.727
2019.36300 -13.916
2019.36570 -13.829
2019.36850 -13.647
2019.37120 -13.818
2019.37400 -13.696
2019.37670 -13.17
2019.37940 -13.559
2019.38220 -13.686
2019.38490 -13.501
2019.38770 -13.358
2019.39040 -13.392
2019.39320 -13.435
2019.39590 -13.976
2019.39860 -14.215
2019.40140 -14.273
2019.40410 -14.078
2019.40690 -13.454
2019.40960 -13.752
2019.41230 -13.635
2019.41510 -13.576
2019.41780 -13.577
2019.42060 -13.625
2019.42330 -14.306
2019.42600 -14.359
2019.42880 -13.963
2019.43150 -14.242
2019.43430 -14.017
2019.43700 -13.893
2019.43970 -13.952
2019.44250 -13.952
2019.44520 -14.185
2019.44800 -14.078
2019.45070 -14.816
2019.45340 -14.188
2019.45620 -14.18
2019.45890 -14.799
2019.46160 -14.407
2019.46440 -14.374
2019.46710 -14.205
2019.46990 -14.374
2019.47260 -13.977
2019.47530 -14.194
2019.47810 -14.229
2019.48080 -14.043
2019.48630 -13.68
2019.48900 -13.979
2019.49180 -14.282
2019.49450 -14.347
2019.49730 -13.871
2019.50000 -14.736
2019.50270 -14.299
2019.50550 -13.663
2019.50820 -14.822
2019.51100 -14.804
2019.51370 -14.552
2019.51640 -14.479
2019.51920 -14.303
2019.52190 -14.088
2019.52470 -14.152
2019.52740 -14.029
2019.53010 -14.23
2019.53290 -13.926
2019.53560 -13.531
2019.53840 -14.009
2019.54380 -13.405
2019.54930 -14.215
2019.55480 -13.62
2019.55750 -14.028
2019.56030 -13.962
2019.56300 -13.804
2019.56580 -13.632
2019.56850 -14.283
2019.57400 -13.993
2019.57670 -13.702
2019.57950 -14.739
2019.58220 -13.453
2019.58770 -13.791
2019.59040 -14.525
2019.59310 -16.422
2019.59590 -14.304
2019.59860 -13.807
2019.60140 -13.776
2019.60410 -14.133
2019.60680 -14.218
2019.60960 -14.896
2019.61230 -14.415
2019.61510 -15.197
2019.61780 -13.815
2019.62060 -14.415
2019.62330 -15.097
2019.62600 -14.416
2019.62880 -15.284
2019.63150 -15.186
2019.63430 -15.216
2019.63700 -14.622
2019.63970 -14.653
2019.64250 -15.211
2019.64520 -14.901
2019.64800 -15.192
2019.65070 -15.078
2019.65340 -15.113
2019.65620 -14.559
2019.66160 -14.892
2019.66440 -15.046
2019.66710 -15.452
2019.66990 -15.443
2019.67260 -15.067
2019.67530 -15.226
2019.67810 -14.605
2019.68080 -15.093
2019.68360 -14.288
2019.68630 -14.71
2019.68900 -14.387
2019.69180 -15.649
2019.69450 -15.884
2019.69730 -15.214
2019.70000 -15.417
2019.70270 -15.001
2019.70550 -15.68
2019.70820 -15.183
2019.71100 -15.702
2019.71370 -15.091
2019.71640 -15.138
2019.71920 -15.84
2019.72190 -15.906
2019.72470 -16.048
2019.72740 -16.019
2019.73010 -15.716
2019.73290 -15.861
2019.73560 -16.552
2019.73840 -16.054
2019.74110 -15.537
2019.74380 -15.188
2019.74660 -14.646
2019.74930 -15.023
2019.75210 -14.911
2019.75480 -14.893
2019.75750 -16.148
2019.76030 -15.221
2019.76300 -16.121
2019.76580 -15.608
2019.76850 -15.046
2019.77120 -15.159
2019.77400 -15.104
2019.77670 -15.554
2019.77950 -15.858
2019.78220 -16.601
2019.78490 -15.987
2019.78770 -15.087
2019.79040 -15.551
2019.79320 -15.457
2019.79590 -15.645
2019.79860 -15.544
2019.80140 -15.045
2019.80410 -15.415
2019.80680 -15.175
2019.80960 -15.421
2019.81230 -15.509
2019.81510 -15.797
2019.81780 -14.999
2019.82050 -15.049
2019.82330 -14.799
2019.82600 -14.417
2019.82880 -15.094
2019.83150 -14.977
2019.83430 -15.218
2019.83700 -15.556
2019.83970 -15.46
2019.84250 -15.736
2019.84520 -15.264
2019.84800 -15.21
2019.85070 -15.585
2019.85340 -15.723
2019.85620 -15.46
2019.85890 -15.128
2019.86160 -14.443
2019.86440 -15.354
2019.86710 -15.334
2019.86990 -14.715
2019.87260 -15.128
2019.87530 -15.256
2019.87810 -15.384
2019.88080 -14.942
2019.88360 -14.887
2019.88630 -15.4
2019.88900 -15.125
2019.89180 -15.127
2019.89450 -15.265
2019.89730 -15.882
2019.90000 -15.204
2019.90270 -15.628
2019.90550 -15.969
2019.90820 -15.58
2019.91100 -15.702
2019.91370 -15.586
2019.91640 -15.56
2019.91920 -15.277
2019.92190 -15.715
2019.92470 -16.073
2019.92740 -15.97
2019.93010 -15.542
2019.93290 -15.786
2019.93560 -15.408
2019.93840 -15.502
2019.94110 -15.538
2019.94380 -15.727
2019.94660 -15.649
2019.94930 -16.26
2019.95210 -15.887
2019.95480 -16.114
2019.95750 -16.15
2019.96030 -16.124
2019.96300 -15.608
2019.96580 -15.719
2019.96850 -15.579
2019.97120 -15.752
2019.97400 -15.934
2019.97670 -16.055
2019.97950 -15.895
2019.98220 -15.75
2019.98490 -15.725
2019.98770 -15.393
2019.99040 -15.84
2019.99320 -16.159
2019.99590 -16.477
2019.99860 -16.016
2020.00140 -16.317
2020.00410 -16.228
2020.00680 -16.187
2020.00960 -16.237
2020.01230 -16.77
2020.01500 -16.475
2020.01780 -15.986
2020.02050 -15.468
2020.02320 -15.892
2020.02600 -15.908
2020.02870 -15.813
2020.03140 -15.469
2020.03420 -15.573
2020.03690 -15.712
2020.03960 -15.913
2020.04230 -15.627
2020.04510 -15.372
2020.04780 -15.138
2020.05050 -15.034
2020.05330 -14.897
2020.05600 -15.271
2020.05870 -15.384
2020.06150 -15.674
2020.06420 -15.886
2020.50140 -15.306
2020.50410 -15.355
2020.50680 -14.79
2020.50960 -15.09
2020.51230 -15.013
2020.51500 -15.25
2020.52050 -15.509
2020.52320 -15.715
2020.52600 -16.075
2020.52870 -16.294
2020.53140 -16.222
2020.53420 -15.298
2020.53690 -15.497
2020.53960 -15.352
2020.54230 -15.188
2020.54510 -15.181
2020.54780 -15.957
2020.55050 -15.227
2020.55330 -15.76
2020.55600 -15.654
2020.55870 -15.836
2020.56150 -15.723
2020.56420 -15.646
2020.56690 -15.759
2020.56970 -15.96
2020.57240 -15.855
2020.57510 -16.156
2020.57790 -15.75
2020.58060 -17.004
2020.58330 -16.704
2020.58610 -16.735
2020.58880 -16.523
2020.59150 -15.714
2020.59430 -16.282
2020.59700 -16.496
2020.59970 -16.001
2020.60250 -15.542
2020.60520 -16.195
2020.60790 -15.789
2020.61070 -16.024
2020.61340 -16.04
2020.61610 -16.181
2020.61890 -15.628
2020.62160 -17.308
2020.62710 -16.554
2020.62980 -16.229
2020.63530 -17.252
2020.63800 -17.213
2020.64070 -16.254
2020.64340 -15.701
2020.64620 -16.066
2020.68170 -16.41
2020.68440 -16.798
2020.68720 -16.724
2020.68990 -16.598
2020.69260 -16.624
2020.69540 -17.094
2020.69810 -17.399
2020.70080 -16.562
2020.70360 -16.882
2020.70630 -16.577
2020.70900 -16.131
2020.71170 -15.954
2020.71450 -15.806
2020.71720 -16.447
2020.71990 -16.344
2020.72270 -17.055
2020.72540 -15.501
2020.72810 -17.008
2020.73090 -16.512
2020.73360 -16.293
2020.73630 -17.208
2020.73910 -17.063
2020.74180 -16.577
2020.74450 -17.038
2020.74730 -16.133
2020.75000 -16.532
2020.75270 -16.805
2020.75550 -16.553
2020.75820 -16.649
2020.76090 -16.868
2020.76370 -17.13
2020.76640 -17.288
2020.76910 -16.676
2020.77190 -17.302
2020.77460 -16.41
2020.77730 -16.783
2020.78010 -16.888
2020.78280 -16.631
2020.81560 -16.646
2020.81830 -17.065
2020.82100 -17.294
2020.82380 -16.773
2020.82650 -17.296
2020.82920 -16.615
2020.83200 -16.564
2020.83470 -16.512
2020.83740 -16.7
2020.84020 -16.628
2020.84290 -16.452
2020.84560 -17.119
2020.84840 -16.605
2020.85110 -16.616
2020.85380 -16.769
2020.85660 -16.795
2020.85930 -16.857
2020.86200 -16.673
2020.86480 -16.897
2020.87020 -16.692
2020.87290 -16.723
2020.87570 -16.615
2020.87840 -16.107
2020.88110 -16.051
2020.88390 -16.425
2020.88660 -16.436
2020.88930 -17.023
2020.89210 -15.668
2020.89480 -15.898
2020.89750 -16.115
2020.90030 -16.092
2020.90300 -16.523
2020.90570 -16.295
2020.90850 -16.314
2020.91120 -16.114
2020.91390 -16.432
2020.91670 -17.262
2020.91940 -16.958
2020.92210 -16.784
2020.92490 -16.763
2020.92760 -17.142
2020.93030 -16.848
2020.93310 -17.135
2020.93580 -16.855
2020.93850 -16.408
2020.94130 -16.502
2020.94400 -16.287
2020.94670 -16.533
2020.94950 -16.856
2020.95220 -16.931
2020.95490 -17.087
2020.95770 -16.969
2020.96040 -16.76
2020.96310 -17.134
2020.96590 -17.056
2020.96860 -16.93
2020.97130 -16.649
2020.97400 -16.416
2020.97680 -16.631
2020.97950 -16.466
2020.98220 -16.465
2020.98500 -16.806
2020.98770 -16.759
2020.99040 -17.065
2020.99320 -17.115
2020.99590 -16.075
2020.99860 -16.616
2021.00140 -17.158
2021.00410 -17.277
2021.00690 -17.125
2021.00960 -17.557
2021.01230 -17.359
2021.01510 -16.848
2021.01780 -16.564
2021.02060 -16.536
2021.02330 -16.325
2021.02880 -16.158
2021.03150 -15.785
2021.03420 -16.517
2021.03700 -16.317
2021.03970 -16.617
2021.04250 -16.843
2021.04520 -16.297
2021.04790 -16.345
2021.05070 -16.754
2021.05340 -17.164
2021.05620 -16.857
2021.05890 -17.084
2021.06160 -17.27
2021.06440 -17.502
2021.06710 -17.376
2021.06990 -16.848
2021.07260 -17.154
2021.07530 -17.071
2021.07810 -17.101
2021.08080 -17.129
2021.08360 -17.093
2021.08630 -17.208
2021.08900 -16.793
2021.09180 -17.215
2021.09450 -17.093
2021.09730 -17.332
2021.10000 -17.3
2021.10270 -17.612
2021.10550 -17.377
2021.10820 -17.126
2021.11100 -16.885
2021.11370 -16.851
2021.11640 -17.077
2021.11920 -16.827
2021.12470 -16.462
2021.12740 -17.059
2021.13010 -16.917
2021.13290 -16.725
2021.13560 -16.643
2021.13840 -16.149
2021.14110 -17.047
2021.14380 -17.139
2021.14660 -17.124
2021.14930 -16.751
2021.15200 -16.843
2021.15480 -17.214
2021.15750 -17.135
2021.16030 -17.555
2021.16300 -17.294
2021.16570 -16.965
2021.16850 -17.351
2021.17120 -16.88
2021.17400 -16.935
2021.17670 -16.946
2021.17950 -17.204
2021.18220 -17.093
2021.18490 -17.132
2021.18770 -17.12
2021.19040 -17.542
2021.19320 -17.425
2021.19590 -17.018
2021.19860 -16.817
2021.20140 -16.448
2021.20410 -16.788
2021.20690 -17.312
2021.20960 -17.327
2021.21230 -17.215
2021.21510 -16.934
2021.21780 -16.603
2021.22060 -16.2
2021.22330 -16.837
2021.22600 -16.472
2021.22880 -16.144
2021.23150 -16.91
2021.23430 -16.53
2021.23700 -15.888
2021.23970 -16.369
2021.24250 -16.584
2021.24520 -17.287
2021.24790 -16.774
2021.25070 -17.37
2021.25340 -17.091
2021.25620 -16.766
2021.25890 -17.222
2021.26160 -17.361
2021.26440 -17.154
2021.26710 -17.251
2021.26990 -17.696
2021.27260 -17.443
2021.27530 -17.402
2021.27810 -17.098
2021.28080 -16.229
2021.28360 -16.524
2021.28630 -16.87
2021.28900 -16.982
2021.29180 -16.649
2021.29450 -16.634
2021.29730 -16.907
2021.30000 -16.627
2021.30270 -16.471
2021.30550 -16.624
2021.30820 -17.442
2021.31100 -17.278
2021.31370 -17.662
2021.31640 -17.383
2021.31920 -17.264
2021.32190 -17.035
2021.32470 -16.622
2021.32740 -17.629
2021.33010 -17.617
2021.33840 -17.332
2021.34110 -16.818
2021.34380 -17.623
2021.34660 -16.986
2021.34930 -16.787
2021.35210 -17.121
2021.35480 -17.277
2021.35750 -16.746
2021.36030 -16.451
2021.36300 -16.843
2021.36570 -17.469
2021.36850 -16.98
2021.37120 -17.381
2021.37400 -16.923
2021.37670 -16.709
2021.37940 -16.559
2021.38220 -16.709
2021.38490 -16.668
2021.38770 -17.079
2021.39040 -17.091
2021.39320 -16.643
2021.39590 -16.931
2021.39860 -17.331
2021.40140 -16.653
2021.40410 -16.795
2021.40690 -17.487
2021.40960 -17.608
2021.41230 -17.905
2021.41510 -18.013
2021.42060 -16.878
2021.42330 -17.615
2021.42600 -16.702
2021.42880 -16.339
2021.43150 -16.848
2021.43700 -16.716
2021.43970 -17.554
2021.44520 -17.501
2021.45070 -17.313
2021.45340 -17.354
2021.45620 -18.442
2021.45890 -17.477
2021.46160 -17.528
2021.46440 -17.507
2021.46710 -17.105
2021.46990 -17.704
2021.47260 -18.073
2021.47530 -18.05
2021.47810 -17.415
2021.48080 -17.336
2021.48360 -18.124
2021.48630 -17.245
2021.48900 -17.156
2021.49180 -17.742
2021.49450 -17.001
2021.49730 -16.038
2021.50550 -18.941
2021.50820 -18.26
2021.51370 -17.457
2021.51640 -17.936
2021.51920 -17.055
2021.52190 -17.676
2021.52470 -18.191
2021.52740 -16.058
2021.53010 -18.283
2021.53290 -17.11
2021.53560 -17.28
2021.53840 -17.216
2021.54660 -17.017
2021.55210 -17.357
2021.55480 -17.869
2021.55750 -17.371
2021.56030 -17.208
2021.56300 -17.406
2021.57120 -19.617
2021.57400 -16.793
2021.58220 -17.127
2021.58490 -17.241
2021.58770 -17.726
2021.60410 -16.8
2021.61230 -17.549
2021.61780 -17.899
2021.62330 -18.183
2021.62600 -18.231
2021.63150 -18.264
2021.63700 -17.264
2021.63970 -17.707
2021.64250 -15.862
2021.64520 -18.764
2021.64800 -17.714
2021.65070 -18.351
2021.65340 -17.935
2021.65620 -17.583
2021.65890 -17.418
2021.66160 -18.21
2021.66440 -18.525
2021.66710 -17.683
2021.66990 -18.086
2021.67530 -18.571
2021.67810 -19.132
2021.68080 -18.688
2021.68360 -17.535
2021.68630 -18.156
2021.68900 -17.527
2021.69180 -17.691
2021.69450 -17.349
2021.70820 -17.82
2021.71100 -18.046
2021.71370 -18.781
2021.71640 -18.618
2021.71920 -18.061
2021.72190 -17.692
2021.72470 -17.79
2021.72740 -18.719
2021.73010 -18.526
2021.73290 -19.453
2021.73560 -18.985
2021.73840 -18.729
2021.74110 -18.269
2021.74380 -17.746
2021.74660 -17.866
2021.74930 -18.108
2021.75210 -17.608
2021.76030 -19.306
2021.76300 -18.343
2021.76580 -18.519
2021.76850 -18.171
2021.77120 -18.942
2021.77400 -18.903
2021.77670 -18.724
2021.77950 -18.648
2021.78220 -18.279
2021.78490 -18.722
2021.79320 -17.381
2021.79590 -18.176
2021.79860 -18.559
2021.80140 -18.604
2021.80410 -18.573
2021.80680 -18.323
2021.80960 -18.671
2021.81230 -18.416
2021.81510 -18.286
2021.81780 -18.384
2021.82330 -17.849
2021.82600 -18.895
2021.82880 -18.415
2021.83150 -18.324
2021.83430 -18.173
2021.83700 -17.947
2021.83970 -18.234
2021.84250 -18.089
2021.84520 -18.788
2021.84800 -18.817
2021.85070 -18.429
2021.85340 -17.698
2021.85620 -17.495
2021.85890 -16.966
2021.86160 -17.828
2021.86710 -17.628
2021.86990 -15.843
2021.87260 -17.957
2021.87530 -18.4
2021.87810 -18.015
2021.88360 -18.019
2021.88630 -18.423
2021.88900 -17.798
2021.89180 -18.148
2021.89450 -18.081
2021.89730 -16.391
2021.90000 -18.844
2021.90270 -18.594
2021.90550 -18.45
2021.90820 -18.93
2021.91100 -19.126
2021.91370 -18.331
2021.91640 -18.089
2021.91920 -18.158
2021.92190 -18.559
2021.92470 -18.561
2021.92740 -18.673
2021.93010 -18.897
2021.93290 -18.875
2021.93560 -18.561
2021.93840 -18.226
2021.94110 -18.798
2021.94380 -18.931
2021.94660 -17.919
2021.94930 -18.14
2021.95210 -17.505
2021.95480 -18.289
2021.95750 -17.745
2021.96030 -17.906
2021.96300 -17.254
2021.96850 -16.833
2021.97120 -17.26
2021.97950 -17.902
2021.98220 -17.579
2021.98490 -17.31
2021.98770 -17.197
2021.99040 -17.056
2021.99320 -17.146
2021.99590 -17.021
2021.99860 -18.149
2022.00140 -17.848
2022.00410 -17.467
2022.00690 -17.84
2022.00960 -18.012
2022.01230 -18.272
2022.01510 -18.042
2022.01780 -17.921
2022.02060 -17.847
2022.02330 -18.292
2022.02600 -17.739
2022.02880 -17.766
2022.03150 -17.801
2022.03420 -17.659
2022.03700 -17.628
2022.03970 -18.366
2022.04250 -18.137
2022.04520 -17.964
2022.04790 -17.985
2022.05070 -18.111
2022.05340 -18.348
2022.05620 -18.832
2022.05890 -18.895
2022.06160 -18.484
2022.06710 -18.41
2022.06990 -18.629
2022.07260 -18.476
2022.07530 -18.356
2022.07810 -18.393
2022.08080 -19.222
2022.08360 -18.343
2022.08630 -18.513
2022.08900 -18.186
2022.09180 -18.343
2022.09450 -18.586
2022.09730 -18.297
2022.10000 -18.607
2022.10270 -18.51
2022.10550 -18.5
2022.10820 -18.128
2022.11100 -18.187
2022.11370 -18.715
2022.11640 -18.587
2022.11920 -18.172
2022.12190 -18.29
2022.12470 -18.069
2022.12740 -17.814
2022.13010 -18.367
2022.13290 -18.926
2022.13560 -18.573
2022.13840 -17.802
2022.14110 -18.026
2022.14380 -18.298
2022.14660 -17.966
2022.14930 -17.931
2022.15200 -18.548
2022.15480 -17.896
2022.15750 -17.251
2022.16030 -18.299
2022.16300 -17.165
2022.16570 -17.337
2022.16850 -17.152
2022.17120 -17.065
2022.17400 -17.695
2022.17670 -17.74
2022.17950 -17.501
2022.18220 -18.064
2022.18490 -18.732
2022.18770 -17.339
2022.19040 -18.381
2022.19320 -17.527
2022.19590 -18.334
2022.19860 -17.838
2022.20140 -17.553
2022.20410 -18.799
2022.20690 -18.705
2022.20960 -18.483
2022.21230 -18.561
2022.21780 -18.932
2022.22060 -18.184
2022.22330 -17.234
2022.22600 -18.297
2022.22880 -17.55
2022.23150 -17.355
2022.23430 -17.878
2022.23700 -17.57
2022.23970 -17.958
2022.24250 -17.885
2022.24520 -19.068
2022.24790 -18.192
2022.25070 -18.337
2022.25340 -18.296
2022.25620 -18.216
2022.25890 -17.928
2022.26160 -18.324
2022.26440 -17.721
2022.26710 -17.417
2022.26990 -17.09
2022.27260 -17.132
2022.27530 -17.68
2022.27810 -18.186
2022.28080 -17.731
2022.28360 -18.151
2022.28630 -18.051
2022.28900 -17.363
2022.29180 -17.578
2022.29450 -17.872
2022.29730 -17.513
2022.30000 -17.13
2022.30270 -17.032
2022.30550 -17.135
