2014.00140 3.974
2014.00410 3.638
2014.00690 3.312
2014.00960 3.749
2014.01230 3.557
2014.01510 3.466
2014.01780 3.356
2014.02060 3.623
2014.02330 3.69
2014.02600 3.256
2014.02880 2.898
2014.03150 2.901
2014.03420 2.893
2014.03700 2.807
2014.03970 2.927
2014.04250 2.919
2014.04520 2.876
2014.04790 2.947
2014.05070 3.116
2014.05340 3.375
2014.05620 3.821
2014.06160 4.02
2014.06440 3.663
2014.06710 3.665
2014.06990 3.749
2014.07260 3.206
2014.07530 3.866
2014.07810 3.841
2014.08080 3.903
2014.08360 3.632
2014.08630 3.778
2014.08900 3.635
2014.09180 3.955
2014.09450 3.505
2014.09730 3.25
2014.10000 3.1
2014.10270 3.485
2014.10550 3.304
2014.10820 3.525
2014.11100 3.447
2014.11370 3.205
2014.11640 3.168
2014.11920 3.213
2014.12190 3.183
2014.12470 3.238
2014.12740 2.808
2014.13010 2.992
2014.13290 2.874
2014.13560 2.739
2014.13840 2.894
2014.14110 2.931
2014.14380 2.855
2014.14660 3.066
2014.14930 2.963
2014.15200 3.087
2014.15480 2.929
2014.15750 3.008
2014.16030 3.663
2014.16300 3.248
2014.16570 3.293
2014.16850 3.013
2014.17120 3.01
2014.17400 3.302
2014.17670 2.755
2014.17950 2.91
2014.18220 3.204
2014.18490 3.427
2014.18770 3.131
2014.19040 3.103
2014.19320 3.214
2014.19590 3.696
2014.19860 3.592
2014.20140 3.595
2014.20410 3.609
2014.20690 3.221
2014.20960 3.519
2014.21230 3.018
2014.21510 3.376
2014.21780 3.659
2014.22060 3.029
2014.22330 3.559
2014.22600 3.836
2014.22880 3.894
2014.23150 4.198
2014.23430 3.984
2014.23700 3.88
2014.23970 3.962
2014.24250 3.678
2014.24520 3.226
2014.24790 3.546
2014.25070 3.371
2014.25340 3.051
2014.25620 3.378
2014.25890 3.233
2014.26160 3.454
2014.26440 3.39
2014.26710 3.716
2014.26990 3.348
2014.27260 3.192
2014.27530 3.232
2014.27810 2.963
2014.28080 2.91
2014.28360 3.178
2014.28630 3.755
2014.28900 3.71
2014.29180 2.788
2014.29450 2.519
2014.29730 2.59
2014.30000 3.053
2014.30270 3.018
2014.30550 3.498
2014.30820 3.48
2014.31100 3.359
2014.31370 3.033
2014.31640 2.879
2014.31920 2.766
2014.32190 2.867
2014.32470 3.706
2014.32740 3.366
2014.33010 3.355
2014.33290 2.988
2014.33560 2.884
2014.33840 3.11
2014.34110 3.384
2014.34380 3.457
2014.34660 3.081
2014.34930 3.666
2014.35210 3.385
2014.35480 2.674
2014.35750 3.183
2014.36030 3.957
2014.36300 3.54
2014.36570 3.703
2014.36850 3.418
2014.37120 3.022
2014.37400 2.918
2014.37670 3.354
2014.37940 3.161
2014.38220 3.247
2014.38490 3.441
2014.38770 2.887
2014.39040 2.412
2014.39320 2.492
2014.39590 2.787
2014.39860 2.911
2014.40140 3.335
2014.40410 2.886
2014.40690 3.082
2014.40960 2.386
2014.41230 2.625
2014.41510 2.656
2014.41780 2.111
2014.42060 2.552
2014.42330 2.845
2014.42600 2.736
2014.42880 2.036
2014.43150 2.606
2014.43430 2.618
2014.43700 2.901
2014.43970 2.356
2014.44250 2.347
2014.44520 2.792
2014.44800 2.203
2014.45070 2.251
2014.45340 2.006
2014.45620 2.638
2014.45890 2.317
2014.46160 1.162
2014.46440 2.018
2014.46710 1.914
2014.46990 2.666
2014.47260 2.68
2014.47530 2.905
2014.48080 2.595
2014.48360 2.634
2014.48630 2.907
2014.48900 1.968
2014.49180 2.617
2014.49450 2.079
2014.49730 2.422
2014.50270 2.533
2014.50550 1.884
2014.51100 2.21
2014.51370 2.613
2014.51640 1.893
2014.51920 1.999
2014.52190 2.431
2014.52470 2.948
2014.52740 2.086
2014.53010 2.476
2014.53290 2.432
2014.53560 2.592
2014.53840 1.207
2014.54110 3.145
2014.54380 2.375
2014.54660 2.234
2014.54930 2.2
2014.55210 1.965
2014.55480 1.519
2014.55750 2.495
2014.56030 1.402
2014.56300 2.034
2014.56580 2.231
2014.56850 1.824
2014.57120 1.297
2014.57670 1.15
2014.57950 1.282
2014.58220 1.223
2014.58770 1.733
2014.59040 2.684
2014.59310 1.648
2014.59590 0.981
2014.59860 1.467
2014.60140 1.952
2014.60410 2.723
2014.60680 1.281
2014.60960 0.966
2014.61510 0.378
2014.61780 1.748
2014.62060 1.214
2014.62330 0.664
2014.62600 1.18
2014.62880 0.581
2014.63150 1.584
2014.63430 1.338
2014.63700 2.339
2014.63970 0.847
2014.64250 0.866
2014.64520 0.751
2014.64800 1.684
2014.65070 0.907
2014.65340 1.007
2014.65620 0.961
2014.65890 0.83
2014.66160 0.978
2014.66440 0.755
2014.66710 0.926
2014.66990 0.997
2014.67260 1.225
2014.67530 1.679
2014.67810 1.208
2014.68080 0.546
2014.68360 1.21
2014.68630 0.386
2014.68900 1.17
2014.69180 0.661
2014.69450 1.229
2014.69730 0.736
2014.70000 0.556
2014.70270 0.162
2014.70550 0.477
2014.70820 0.953
2014.71100 0.125
2014.71370 -0.016
2014.71640 0.803
2014.71920 0.729
2014.72470 0.588
2014.72740 0.685
2014.73010 0.593
2014.73290 1.008
2014.73560 0.1
2014.73840 0.403
2014.74110 0.127
2014.74380 0.365
2014.74660 0.563
2014.74930 0.431
2014.75210 0.308
2014.75480 0.831
2014.75750 -0.197
2014.76030 -0.086
2014.76300 0.484
2014.76580 0.184
2014.76850 -0.031
2014.77120 -0.087
2014.77400 0.211
2014.77670 -0.375
2014.77950 -0.127
2014.78220 0.493
2014.78490 0.45
2014.78770 0.627
2014.79040 0.531
2014.79320 0.439
2014.79590 0.39
2014.79860 -0.025
2014.80140 0
2014.80410 0.204
2014.80680 0.522
2014.80960 0.78
2014.81230 0.75
2014.81510 0.608
2014.81780 0.405
2014.82050 0.431
2014.82330 0.527
2014.82600 0.42
2014.82880 -0.027
2014.83150 0.679
2014.83430 0.798
2014.83700 0.849
2014.83970 0.929
2014.84250 0.518
2014.84520 0.542
2014.84800 0.303
2014.85070 0.354
2014.85340 0.438
2014.85620 0.445
2014.85890 0.482
2014.86160 0.9
2014.86440 0.728
2014.86710 0.966
2014.86990 0.607
2014.87260 0.354
2014.87530 0.173
2014.87810 0.341
2014.88080 0.429
2014.88360 0.444
2014.88630 0.742
2014.88900 0.294
2014.89180 0.122
2014.89450 0.108
2014.89730 0.34
2014.90000 0.888
2014.90270 0.925
2014.90550 0.791
2014.90820 0.842
2014.91100 0.39
2014.91370 0.39
2014.91640 1.196
2014.91920 1.018
2014.92190 0.91
2014.92470 1.101
2014.92740 1.149
2014.93010 0.79
2014.93290 0.539
2014.93560 0.447
2014.93840 0.363
2014.94110 0.536
2014.94380 0.536
2014.94660 0.559
2014.94930 0.259
2014.95210 -0.084
2014.95480 0.149
2014.95750 0.571
2014.96030 0.586
2014.96300 0.08
2014.96580 0.032
2014.96850 0.599
2014.97120 0.532
2014.97400 0.685
2014.97670 0.126
2014.97950 -0.009
2014.98220 0.194
2014.98490 -0.007
2014.98770 0.141
2014.99040 0.676
2014.99320 0.73
2014.99590 0.262
2014.99860 -0.05
2015.00140 0.602
2015.00410 0.272
2015.00690 0.711
2015.00960 1.066
2015.01230 0.853
2015.01510 0.948
2015.01780 0.44
2015.02060 0.532
2015.02330 0.417
2015.02600 0.646
2015.02880 0.345
2015.03150 0.29
2015.03420 0.112
2015.03700 0.313
2015.03970 0.371
2015.04250 0.139
2015.04520 0.7
2015.04790 0.435
2015.05070 0.861
2015.05340 0.489
2015.05620 0.547
2015.05890 1.083
2015.06160 0.95
2015.06440 0.247
2015.06710 0.656
2015.06990 0.386
2015.07260 0.748
2015.07530 0.378
2015.07810 0.213
2015.08080 0.289
2015.08360 0.295
2015.08630 0.414
2015.08900 0.284
2015.09180 0
2015.09450 0.575
2015.09730 0.684
2015.10000 0.539
2015.10270 0.423
2015.10550 0.821
2015.10820 0.868
2015.11100 1.001
2015.11370 0.794
2015.11640 1.143
2015.11920 1.067
2015.12190 0.494
2015.12470 0.128
2015.12740 0.72
2015.13010 0.627
2015.13290 0.725
2015.13560 0.369
2015.13840 -0.53
2015.14110 0.251
2015.14380 1.198
2015.14660 1.025
2015.14930 1.074
2015.15200 0.644
2015.15480 0.726
2015.15750 0.557
2015.16030 0.388
2015.16300 1.249
2015.16570 1.01
2015.16850 0.644
2015.17120 0.907
2015.17400 0.734
2015.17670 0.845
2015.17950 0.94
2015.18220 0.361
2015.18490 0.821
2015.18770 0.868
2015.19040 1.048
2015.19320 1.281
2015.19590 0.884
2015.19860 0.91
2015.20140 1.172
2015.20410 1.379
2015.20690 1.538
2015.20960 1.443
2015.21230 1.184
2015.21510 0.954
2015.21780 1.062
2015.22060 0.786
2015.22330 0.698
2015.22600 0.722
2015.22880 0.864
2015.23150 1.209
2015.23430 1.147
2015.23700 1.274
2015.23970 1.077
2015.24250 1.319
2015.24520 0.958
2015.24790 1.349
2015.25070 0.966
2015.25340 1.439
2015.25620 1.097
2015.25890 0.469
2015.26160 0.855
2015.26440 0.598
2015.26710 0.843
2015.26990 0.139
2015.27260 0.576
2015.27530 0.164
2015.27810 0.006
2015.28080 0.42
2015.28360 1.437
2015.28630 1.12
2015.28900 0.801
2015.29180 0.812
2015.29450 0.798
2015.29730 0.374
2015.30000 0.842
2015.30270 0.93
2015.30550 0.452
2015.30820 -0.04
2015.31100 0.499
2015.31370 0.362
2015.31640 0.359
2015.31920 0.6
2015.32190 0.141
2015.32470 0.315
2015.32740 0.374
2015.33010 0.2
2015.33290 0.036
2015.33560 -0.124
2015.33840 0.115
2015.34110 0.307
2015.34380 0.001
2015.34660 0.325
2015.34930 -0.04
2015.35210 -0.315
2015.35480 -0.736
2015.35750 0.33
2015.36030 1.225
2015.36300 0.581
2015.36570 -0.088
2015.36850 0.212
2015.37120 0.28
2015.37400 0.601
2015.37670 0.187
2015.37940 0.492
2015.38220 -0.042
2015.38490 -0.073
2015.38770 0.219
2015.39040 0.41
2015.39320 0.241
2015.39590 0.289
2015.39860 0.109
2015.40140 0.295
2015.40410 0.879
2015.40690 -0.04
2015.40960 0.401
2015.41230 -0.303
2015.41510 -0.67
2015.41780 -0.675
2015.42060 0.336
2015.42330 0.212
2015.42600 -0.564
2015.42880 -0.72
2015.43150 -1.031
2015.43430 -0.092
2015.43700 -0.311
2015.43970 -0.491
2015.44250 0.23
2015.44520 -0.03
2015.44800 -0.79
2015.45070 -0.221
2015.45340 -0.057
2015.45620 -0.353
2015.45890 -0.818
2015.46160 -0.277
2015.46440 -0.395
2015.46710 -0.001
2015.46990 -0.114
2015.47260 0.341
2015.47530 -0.473
2015.47810 -0.308
2015.48080 0.342
2015.48360 -0.486
2015.48630 -0.691
2015.48900 -0.393
2015.49180 -0.281
2015.49450 -0.129
2015.49730 -0.131
2015.50000 -0.608
2015.50270 -0.521
2015.50550 -0.76
2015.50820 -0.89
2015.51100 -0.685
2015.51370 -0.463
2015.51640 -1.277
2015.51920 -0.782
2015.52190 -0.616
2015.52470 -0.62
2015.53010 -0.405
2015.53290 -0.681
2015.53560 -0.444
2015.53840 -0.804
2015.54110 -1.733
2015.54380 -0.501
2015.54660 -0.939
2015.54930 -0.227
2015.55210 -1.196
2015.55480 -1.017
2015.55750 -1.635
2015.56030 -0.243
2015.56300 -0.864
2015.56580 -1.068
2015.56850 -0.224
2015.57120 -0.5
2015.57400 -1.068
2015.57670 -1.274
2015.57950 -1.726
2015.58220 -0.628
2015.58490 -1.21
2015.58770 -1.508
2015.59040 -1.85
2015.59310 -1.467
2015.59590 -1.562
2015.59860 -1.604
2015.60140 -1.37
2015.60410 -1.704
2015.60680 -2.492
2015.60960 -2.043
2015.61230 -1.604
2015.61510 -1.396
2015.61780 -0.997
2015.62060 -1.743
2015.62330 -1.518
2015.62600 -1.517
2015.62880 -1.964
2015.63150 -2.795
2015.63430 -2
2015.63700 -1.84
2015.63970 -2.387
2015.64250 -1.653
2015.64520 -2.552
2015.64800 -1.741
2015.65070 -2.065
2015.65340 -2.142
2015.65620 -1.185
2015.65890 -1.713
2015.66160 -1.631
2015.66440 -2.52
2015.66710 -2.39
2015.66990 -1.982
2015.67530 -2.477
2015.67810 -2.077
2015.68080 -2.353
2015.68360 -2.112
2015.68900 -2.696
2015.69180 -2.815
2015.69450 -2.422
2015.69730 -1.868
2015.70000 -1.471
2015.70270 -2.134
2015.70550 -2.571
2015.70820 -2.314
2015.71100 -2.216
2015.71370 -2.438
2015.71640 -2.218
2015.71920 -2.073
2015.72190 -1.781
2015.72470 -2.171
2015.72740 -2.412
2015.73010 -1.961
2015.73290 -2.264
2015.73560 -2.169
2015.73840 -2.065
2015.74110 -3.283
2015.74380 -2.769
2015.74660 -2.081
2015.74930 -2.031
2015.75210 -1.601
2015.75480 -2.581
2015.75750 -2.343
2015.76300 -1.775
2015.76580 -2.21
2015.76850 -2.212
2015.77120 -2.271
2015.77400 -2.278
2015.77670 -1.866
2015.77950 -2.27
2015.78220 -2.368
2015.78490 -2.347
2015.78770 -2.596
2015.79040 -2.407
2015.79320 -2.605
2015.79590 -2.258
2015.79860 -2.073
2015.80140 -2.171
2015.80410 -2.734
2015.80680 -2.736
2015.80960 -2.608
2015.81230 -2.911
2015.81510 -2.608
2015.81780 -2.418
2015.82050 -1.85
2015.82330 -2.643
2015.82600 -2.787
2015.82880 -2.608
2015.83150 -2.556
2015.83430 -2.43
2015.83700 -2.154
2015.83970 -1.976
2015.84250 -2.296
2015.84520 -2.754
2015.84800 -3.405
2015.85070 -3.301
2015.85340 -2.807
2015.85620 -2.39
2015.85890 -2.773
2015.86160 -2.762
2015.86440 -3.171
2015.86710 -2.343
2015.86990 -1.853
2015.87260 -2.239
2015.87530 -2.291
2015.87810 -2.629
2015.88080 -2.315
2015.88360 -2.741
2015.88630 -3.029
2015.90270 -1.708
2015.90550 -2.461
2015.90820 -2.802
2015.91100 -2.497
2015.91370 -2.362
2015.91640 -2.716
2015.91920 -2.142
2015.92190 -1.908
2015.92470 -1.85
2015.92740 -2.814
2015.93010 -2.661
2015.93290 -2.742
2015.93560 -3.099
2015.93840 -2.869
2015.94110 -2.657
2015.94380 -2.679
2015.94660 -3.038
2015.94930 -2.687
2015.95210 -2.679
2015.95480 -2.776
2015.95750 -2.824
2015.96030 -2.859
2015.96300 -3.249
2015.96580 -2.924
2015.96850 -2.676
2015.97120 -2.886
2015.97400 -2.927
2015.97670 -2.905
2015.97950 -2.83
2015.98220 -2.442
2015.98490 -2.99
2015.98770 -2.633
2015.99040 -2.604
2015.99320 -2.956
2015.99590 -2.903
2015.99860 -2.749
2016.00140 -2.462
2016.00410 -2.362
2016.00680 -2.434
2016.00960 -2.532
2016.01230 -2.619
2016.01500 -2.674
2016.01780 -2.47
2016.02050 -2.369
2016.02320 -2.527
2016.02600 -2.819
2016.02870 -2.837
2016.03140 -2.248
2016.03420 -2.119
2016.03690 -2.065
2016.03960 -2.193
2016.04230 -2.268
2016.04510 -2.206
2016.04780 -1.769
2016.05050 -2.29
2016.05330 -2.76
2016.05600 -3.037
2016.05870 -3.079
2016.06150 -2.744
2016.06420 -1.833
2016.06690 -2.366
2016.06970 -2.401
2016.07240 -2.515
2016.07510 -2.956
2016.07790 -3.068
2016.08060 -2.962
2016.08330 -2.58
2016.08610 -2.579
2016.08880 -2.527
2016.09150 -2.648
2016.09430 -2.735
2016.09700 -2.679
2016.09970 -2.71
2016.10250 -2.696
2016.10520 -2.367
2016.10790 -2.168
2016.11070 -2.49
2016.11340 -2.712
2016.11610 -2.565
2016.11890 -2.729
2016.12160 -2.08
2016.12430 -2.54
2016.12710 -2.419
2016.12980 -2.25
2016.13250 -2.515
2016.13530 -2.674
2016.13800 -2.734
2016.14070 -2.676
2016.14340 -3.362
2016.14620 -2.904
2016.14890 -2.793
2016.15160 -2.875
2016.15440 -2.828
2016.15710 -2.649
2016.15980 -2.732
2016.16260 -2.287
2016.16530 -2.468
2016.16800 -2.078
2016.17080 -2.085
2016.17350 -2.84
2016.17620 -2.493
2016.17900 -2.353
2016.18170 -2.493
2016.18440 -2.857
2016.18720 -2.697
2016.18990 -2.304
2016.19260 -2.23
2016.19540 -2.604
2016.19810 -2.365
2016.20080 -1.967
2016.20360 -2.106
2016.20630 -1.833
2016.20900 -1.826
2016.21170 -1.841
2016.21450 -2.167
2016.21720 -2.375
2016.21990 -2.506
2016.22270 -2.536
2016.22540 -2.827
2016.22810 -2.998
2016.23090 -2.629
2016.23360 -2.318
2016.23630 -2.27
2016.23910 -2.661
2016.24180 -2.216
2016.24450 -2.216
2016.24730 -2.494
2016.25000 -2.856
2016.25270 -2.741
2016.25550 -2.571
2016.25820 -2.408
2016.26090 -2.333
2016.26370 -2.054
2016.26640 -3
2016.26910 -2.513
2016.27190 -2.804
2016.27460 -2.99
2016.27730 -2.354
2016.28010 -3.127
2016.28280 -3.011
2016.28550 -3.187
2016.28830 -3.423
2016.29100 -3.298
2016.29370 -2.791
2016.29650 -2.833
2016.29920 -3.279
2016.30190 -3.05
2016.30460 -2.544
2016.30740 -2.871
2016.31010 -3.334
2016.31280 -2.955
2016.31560 -3.556
2016.31830 -3.133
2016.32100 -3.195
2016.32380 -3.085
2016.32650 -3.107
2016.32920 -2.749
2016.33200 -3.433
2016.33470 -3.59
2016.33740 -2.973
2016.34020 -2.713
2016.34290 -3.324
2016.34560 -4.092
2016.34840 -3.066
2016.35110 -3.078
2016.35380 -2.82
2016.35660 -0.533
2016.35930 -3.156
2016.36200 -2.764
2016.36480 -3.112
2016.36750 -5.261
2016.37020 -3.201
2016.37290 -3.509
2016.37570 -6.626
2016.37840 -3.618
2016.38110 -2.445
2016.38390 -4.025
2016.38660 -5.837
2016.38930 -4.171
2016.39210 -3.679
2016.39480 -3.254
2016.39750 -3.601
2016.40030 -2.9
2016.40300 -3.547
2016.40570 -3.554
2016.40850 -3.091
2016.41120 -3.169
2016.41390 -3.68
2016.41670 -3.658
2016.41940 -3.239
2016.42210 -3.708
2016.42490 -3.194
2016.42760 -3.631
2016.43030 -3.443
2016.43310 -3.987
2016.43580 -3.577
2016.43850 -3.141
2016.44130 -2.74
2016.44400 -3.574
2016.44670 -3.256
2016.44950 -3.249
2016.45220 -3.906
2016.45490 -3.26
2016.45770 -3.156
2016.46040 -3.519
2016.46310 -4.258
2016.46590 -3.31
2016.46860 -3.728
2016.47130 -3.82
2016.47400 -3.844
2016.47680 -4.137
2016.47950 -3.22
2016.48220 -3.257
2016.48500 -3.687
2016.48770 -3.722
2016.49040 -2.843
2016.49320 -3.64
2016.49590 -5.032
2016.49860 -3.803
2016.50140 -3.625
2016.51230 -4.29
2016.51500 -3.478
2016.51780 -3.818
2016.52050 -3.414
2016.52320 -3.147
2016.52600 -3.605
2016.52870 -3.502
2016.53140 -3.6
2016.53420 -3.279
2016.53690 -3.716
2016.53960 -3.858
2016.54230 -3.598
2016.54510 -3.382
2016.54780 -3.717
2016.55050 -4.091
2016.55330 -4.7
2016.55600 -4.15
2016.55870 -4.804
2016.56150 -4.338
2016.56420 -4.258
2016.56970 -4.654
2016.57240 -3.956
2016.57510 -4.954
2016.57790 -3.588
2016.58060 -3.441
2016.58330 -4.372
2016.58610 -4.873
2016.58880 -4.698
2016.59150 -3.661
2016.59430 -4.286
2016.59700 -4.478
2016.60520 -4.713
2016.60790 -3.453
2016.61070 -4.112
2016.61340 -3.73
2016.61610 -4.579
2016.61890 -4.248
2016.62160 -4.753
2016.62430 -4.599
2016.62710 -4.21
2016.62980 -4.343
2016.63250 -5.103
2016.63530 -4.489
2016.63800 -4.819
2016.64070 -4.496
2016.64340 -3.527
2016.64620 -4.782
2016.64890 -5.202
2016.65160 -4.329
2016.65440 -5.191
2016.65710 -4.435
2016.65980 -4.179
2016.66260 -3.743
2016.66530 -3.292
2016.66800 -4.025
2016.67080 -5.423
2016.67350 -4.409
2016.67620 -4.728
2016.67900 -4.665
2016.68170 -4.786
2016.68440 -4.067
2016.68720 -4.348
2016.68990 -4.018
2016.69260 -4.496
2016.69540 -5.324
2016.69810 -4.699
2016.70080 -5.225
2016.70360 -4.653
2016.70630 -4.652
2016.70900 -4.627
2016.71170 -4.938
2016.71450 -5.146
2016.71720 -4.384
2016.71990 -4.615
2016.72270 -4.584
2016.72540 -4.356
2016.72810 -4.559
2016.73090 -4.613
2016.73360 -4.986
2016.73630 -5.144
2016.73910 -4.956
2016.74180 -5.137
2016.74450 -4.853
2016.74730 -4.77
2016.75270 -4.909
2016.75550 -4.585
2016.75820 -4.996
2016.76090 -5.011
2016.76370 -4.836
2016.76640 -5.357
2016.76910 -4.531
2016.77190 -4.301
2016.77460 -4.895
2016.77730 -4.905
2016.78010 -5.281
2016.78280 -5.201
2016.78550 -5.27
2016.78830 -5.123
2016.79100 -5.099
2016.79370 -5.276
2016.79650 -5.012
2016.79920 -5.325
2016.80190 -4.765
2016.80460 -4.85
2016.80740 -5.251
2016.81010 -4.584
2016.81280 -4.972
2016.81560 -4.77
2016.81830 -4.807
2016.82100 -5.355
2016.82650 -4.931
2016.82920 -4.964
2016.83200 -5.235
2016.83470 -5.109
2016.83740 -4.902
2016.84020 -5.069
2016.84290 -4.642
2016.84560 -4.924
2016.84840 -5.491
2016.85110 -5.759
2016.85380 -5.114
2016.85660 -4.946
2016.85930 -5.314
2016.86200 -5.33
2016.86480 -5.232
2016.86750 -5.545
2016.87020 -5.15
2016.87290 -5.348
2016.87570 -5.54
2016.87840 -4.965
2016.88110 -4.858
2016.88390 -5.317
2016.88660 -5.665
2016.88930 -5.895
2016.89210 -5.235
2016.89480 -5.295
2016.89750 -5.259
2016.90030 -5.315
2016.90300 -5.304
2016.90570 -5.38
2016.90850 -5.405
2016.91120 -5.423
2016.91390 -5.391
2016.91670 -5.283
2016.91940 -5.282
2016.92210 -5.387
2016.92490 -5.226
2016.92760 -5.45
2016.93030 -5.045
2016.93310 -5.421
2016.93580 -4.948
2016.93850 -5.133
2016.94130 -5.088
2016.94400 -5.381
2016.94670 -5.418
2016.94950 -5.398
2016.95220 -4.976
2016.95490 -5.049
2016.95770 -4.812
2016.96040 -5.11
2016.96310 -5.188
2016.96590 -5.004
2016.96860 -5.635
2016.97130 -5.62
2016.97400 -4.553
2016.97680 -4.717
2016.97950 -5.258
2016.98220 -4.932
2016.98500 -5.075
2016.98770 -4.755
2016.99040 -5.041
2016.99320 -4.844
2016.99590 -4.779
2017.00140 -4.651
2017.00410 -4.609
2017.00690 -4.448
2017.00960 -4.831
2017.01230 -4.633
2017.01510 -4.838
2017.01780 -4.586
2017.02060 -4.113
2017.02330 -4.31
2017.02600 -4.664
2017.02880 -4.643
2017.03150 -4.51
2017.03420 -4.675
2017.03700 -4.951
2017.03970 -5.07
2017.04250 -5.252
2017.04520 -5.318
2017.04790 -5.283
2017.05070 -5.561
2017.05340 -4.911
2017.05620 -5.642
2017.05890 -5.086
2017.06160 -5.369
2017.06440 -5.576
2017.06710 -5.022
2017.06990 -5.019
2017.07260 -4.699
2017.07530 -5.019
2017.07810 -5.124
2017.08080 -4.477
2017.08360 -4.949
2017.08630 -4.861
2017.08900 -4.629
2017.09180 -4.876
2017.09450 -4.662
2017.09730 -4.548
2017.10000 -4.715
2017.10270 -4.859
2017.10550 -5.06
2017.10820 -4.312
2017.11100 -4.599
2017.11370 -4.599
2017.11640 -4.926
2017.11920 -5.017
2017.12190 -4.828
2017.12470 -4.032
2017.12740 -4.463
2017.13010 -4.501
2017.13290 -4.264
2017.13560 -4.764
2017.13840 -4.451
2017.14110 -5.285
2017.14380 -5.005
2017.14660 -4.318
2017.14930 -4.916
2017.15200 -4.932
2017.15480 -4.683
2017.15750 -4.449
2017.16030 -4.578
2017.16300 -4.666
2017.16570 -3.712
2017.16850 -4.368
2017.17120 -4.711
2017.17400 -4.62
2017.17670 -4.128
2017.17950 -3.966
2017.18220 -4.102
2017.18490 -4.087
2017.18770 -4.301
2017.19040 -4.705
2017.19320 -4.922
2017.19590 -4.362
2017.19860 -4.506
2017.20140 -4.451
2017.20410 -4.664
2017.20690 -4.709
2017.20960 -5.094
2017.21230 -4.805
2017.21510 -4.959
2017.21780 -4.474
2017.22060 -4.66
2017.22330 -5.06
2017.22600 -5.002
2017.22880 -5.077
2017.23150 -4.685
2017.23430 -4.561
2017.23700 -4.812
2017.23970 -4.841
2017.24250 -4.96
2017.24520 -4.487
2017.24790 -4.568
2017.25070 -4.726
2017.25340 -4.669
2017.25620 -4.768
2017.25890 -4.491
2017.26160 -4.081
2017.26440 -5.103
2017.26710 -4.987
2017.26990 -4.621
2017.27260 -4.756
2017.27530 -4.742
2017.27810 -4.17
2017.28080 -4.535
2017.28360 -4.169
2017.28630 -4.686
2017.28900 -4.678
2017.29180 -4.215
2017.29450 -4.197
2017.29730 -4.788
2017.30000 -4.875
2017.30270 -4.218
2017.30550 -4.6
2017.30820 -4.448
2017.31100 -5.116
2017.31370 -4.747
2017.31640 -4.804
2017.31920 -4.544
2017.32190 -4.202
2017.32470 -4.218
2017.32740 -4.471
2017.33010 -4.724
2017.33290 -4.736
2017.33560 -5.357
2017.33840 -4.466
2017.34110 -4.843
2017.34380 -4.422
2017.34660 -4.682
2017.34930 -4.729
2017.35210 -4.876
2017.35480 -4.566
2017.35750 -4.587
2017.36030 -4.672
2017.36300 -4.772
2017.36570 -4.841
2017.36850 -4.911
2017.37120 -4.622
2017.37400 -4.521
2017.37670 -4.853
2017.37940 -5.251
2017.38220 -4.202
2017.38490 -4.333
2017.38770 -5.489
2017.39040 -4.694
2017.39320 -4.701
2017.39590 -5.15
2017.39860 -4.767
2017.40140 -4.613
2017.40410 -4.85
2017.40960 -5.552
2017.41230 -4.985
2017.41510 -4.69
2017.41780 -5.185
2017.42060 -5.001
2017.42330 -5.125
2017.42600 -5.416
2017.42880 -5.484
2017.43150 -4.902
2017.43430 -4.914
2017.43700 -4.941
2017.43970 -5.283
2017.44250 -5.169
2017.44520 -5.613
2017.44800 -6.503
2017.45070 -5.307
2017.45340 -5.497
2017.45620 -5.487
2017.46160 -5.694
2017.46440 -6.277
2017.46710 -5.27
2017.46990 -6.055
2017.47260 -6.371
2017.47530 -5.815
2017.47810 -5.944
2017.48080 -5.787
2017.48360 -5.972
2017.48630 -5.697
2017.48900 -5.546
2017.49180 -5.675
2017.49450 -4.829
2017.49730 -5.842
2017.50000 -4.785
2017.50550 -5.425
2017.50820 -6.226
2017.51100 -5.849
2017.51370 -6.007
2017.51640 -6.259
2017.51920 -6.139
2017.52190 -5.978
2017.52470 -6.297
2017.52740 -5.983
2017.53010 -5.67
2017.53560 -6.574
2017.53840 -6.728
2017.54380 -5.817
2017.54660 -6.566
2017.54930 -5.645
2017.55210 -7.32
2017.55480 -6.625
2017.55750 -6.498
2017.56030 -8.137
2017.56300 -6.525
2017.56580 -6.321
2017.56850 -6.917
2017.57670 -6.24
2017.57950 -6.775
2017.58220 -6.004
2017.58490 -6.786
2017.58770 -6.49
2017.59040 -6.617
2017.59310 -6.157
2017.59590 -6.663
2017.59860 -6.773
2017.60140 -6.272
2017.60410 -6.483
2017.60680 -6.327
2017.60960 -6.414
2017.61230 -6.815
2017.61510 -7.583
2017.61780 -7.432
2017.62060 -7.077
2017.62330 -7.198
2017.62600 -6.781
2017.62880 -6.507
2017.63150 -6.838
2017.63430 -7.299
2017.63700 -7.131
2017.63970 -6.511
2017.64250 -7.007
2017.64520 -6.69
2017.64800 -6.66
2017.65070 -7.293
2017.65340 -7.19
2017.65620 -7.911
2017.65890 -6.986
2017.66160 -6.382
2017.66440 -6.615
2017.66710 -7.071
2017.66990 -7.103
2017.67260 -7.127
2017.67530 -7.518
2017.67810 -6.798
2017.68080 -6.84
2017.68360 -6.722
2017.68630 -6.781
2017.68900 -6.82
2017.69180 -7.04
2017.69450 -7.156
2017.69730 -6.873
2017.70000 -7.503
2017.70270 -8.024
2017.70550 -7.35
2017.70820 -7.623
2017.71100 -6.653
2017.71370 -7.189
2017.71640 -7.325
2017.71920 -6.481
2017.72190 -6.737
2017.72470 -7.049
2017.72740 -7.472
2017.73010 -6.891
2017.73290 -7.017
2017.73560 -7.846
2017.73840 -7.492
2017.74110 -6.828
2017.74380 -7.125
2017.74660 -7.335
2017.74930 -7.65
2017.75210 -7.76
2017.75480 -7.26
2017.75750 -7.481
2017.76030 -7.668
2017.76300 -7.479
2017.76580 -7.585
2017.76850 -7.944
2017.77120 -8.476
2017.77400 -8.238
2017.77670 -7.982
2017.77950 -7.95
2017.78220 -7.517
2017.78490 -7.845
2017.78770 -8.542
2017.79040 -7.981
2017.79320 -8.109
2017.79590 -8.161
2017.79860 -8.01
2017.80140 -7.742
2017.80410 -7.642
2017.80680 -8.071
2017.80960 -8.113
2017.81230 -7.56
2017.81510 -7.59
2017.81780 -7.443
2017.82050 -7.71
2017.82330 -8.094
2017.82600 -7.218
2017.82880 -7.362
2017.83150 -7.777
2017.83430 -7.264
2017.83700 -7.765
2017.83970 -7.577
2017.84250 -7.099
2017.84520 -7.413
2017.84800 -7.52
2017.85070 -7.262
2017.85340 -6.887
2017.85620 -7.546
2017.85890 -7.42
2017.86160 -6.85
2017.86440 -7.578
2017.86710 -7.248
2017.86990 -6.978
2017.87260 -7.509
2017.87530 -7.597
2017.87810 -8.139
2017.88080 -7.355
2017.88360 -7.625
2017.88630 -7.552
2017.88900 -7.309
2017.89180 -7.417
2017.89450 -7.353
2017.89730 -7.432
2017.90000 -7.489
2017.90270 -7.218
2017.90550 -6.807
2017.90820 -7.567
2017.91100 -7.52
2017.91370 -7.615
2017.91640 -7.348
2017.91920 -7.346
2017.92190 -7.726
2017.92470 -7.193
2017.92740 -6.847
2017.93010 -7.366
2017.93290 -7.387
2017.93560 -7.024
2017.93840 -6.967
2017.94110 -7.369
2017.94380 -7.242
2017.94660 -7.402
2017.94930 -7.374
2017.95210 -7.7
2017.95480 -7.545
2017.95750 -7.345
2017.96030 -7.365
2017.96300 -7.702
2017.96580 -7.26
2017.96850 -7.053
2017.97120 -6.531
2017.97400 -6.614
2017.97670 -6.66
2017.97950 -6.64
2017.98220 -6.971
2017.98490 -7.327
2017.98770 -7.058
2017.99040 -7.221
2017.99320 -7.493
2017.99590 -7.205
2017.99860 -7.037
2018.00140 -7.347
2018.00410 -7.584
2018.00690 -7.486
2018.00960 -7.178
2018.01230 -6.863
2018.01510 -7.072
2018.01780 -7.248
2018.02060 -6.908
2018.02330 -6.98
2018.02600 -7.079
2018.02880 -7.055
2018.03150 -7.095
2018.03420 -7.018
2018.03700 -7.232
2018.03970 -6.805
2018.04250 -7.056
2018.04520 -7.386
2018.04790 -7.312
2018.05070 -7.18
2018.05340 -7.402
2018.05620 -7.367
2018.05890 -7.201
2018.06160 -6.906
2018.06440 -7.427
2018.06710 -7.82
2018.06990 -7.044
2018.07260 -7.508
2018.07530 -7.299
2018.07810 -6.555
2018.08080 -7.196
2018.08360 -7.396
2018.08630 -7.85
2018.08900 -8.063
2018.09180 -7.249
2018.09450 -7.374
2018.09730 -7.33
2018.10000 -6.837
2018.10270 -7.215
2018.10550 -6.657
2018.10820 -7.262
2018.11100 -6.714
2018.11370 -6.663
2018.11640 -6.545
2018.11920 -6.491
2018.12190 -7.143
2018.12470 -6.499
2018.12740 -6.952
2018.13010 -6.715
2018.13290 -6.891
2018.13560 -6.82
2018.13840 -6.948
2018.14110 -6.389
2018.14380 -6.679
2018.14660 -7.001
2018.14930 -7.058
2018.15200 -7.043
2018.15480 -7.18
2018.15750 -7.175
2018.16030 -6.597
2018.16300 -6.487
2018.16570 -6.644
2018.16850 -6.651
2018.17120 -7.27
2018.17400 -6.935
2018.17670 -7.569
2018.17950 -7.359
2018.18220 -6.667
2018.18490 -7.002
2018.18770 -7.102
2018.19040 -6.314
2018.19320 -6.614
2018.19590 -6.93
2018.19860 -6.848
2018.20140 -7.153
2018.20410 -6.867
2018.20690 -7.332
2018.20960 -7.681
2018.21230 -7.302
2018.21510 -7.814
2018.21780 -7.129
2018.22060 -6.569
2018.22330 -6.939
2018.22600 -7.048
2018.22880 -6.847
2018.23150 -6.705
2018.23430 -6.783
2018.23700 -6.783
2018.23970 -7.184
2018.24250 -7.046
2018.24520 -6.886
2018.24790 -6.652
2018.25070 -7.027
2018.25340 -7.29
2018.25620 -8.12
2018.25890 -7.435
2018.26160 -7.244
2018.26440 -6.31
2018.26710 -6.929
2018.26990 -6.824
2018.27260 -6.714
2018.27530 -6.636
2018.27810 -7.031
2018.28080 -7.394
2018.28360 -6.956
2018.28630 -6.478
2018.28900 -6.455
2018.29180 -6.778
2018.29450 -6.389
2018.29730 -6.707
2018.30000 -6.494
2018.30270 -7.442
2018.30550 -7.077
2018.30820 -8.043
2018.31100 -7.11
2018.31370 -7.456
2018.31640 -7.353
2018.31920 -6.868
2018.32190 -7.136
2018.32470 -7.17
2018.32740 -7.603
2018.33010 -7.615
2018.33290 -7.428
2018.33560 -6.976
2018.33840 -7.116
2018.34110 -7.451
2018.34380 -7.287
2018.34660 -7.129
2018.34930 -7.492
2018.35210 -7.731
2018.35480 -7.342
2018.35750 -7.261
2018.36030 -6.792
2018.36300 -6.671
2018.36570 -6.756
2018.36850 -6.817
2018.37120 -6.649
2018.37400 -7.461
2018.37670 -7.341
2018.37940 -7.565
2018.38490 -8.027
2018.38770 -8.007
2018.39040 -6.922
2018.39320 -6.955
2018.39590 -7.02
2018.39860 -7.714
2018.40140 -7.44
2018.40410 -8.275
2018.40690 -7.541
2018.40960 -7.572
2018.41230 -8.017
2018.41510 -7.575
2018.41780 -7.581
2018.42060 -7.413
2018.42330 -7.652
2018.42600 -7.531
2018.42880 -7.511
2018.43150 -7.432
2018.43430 -8.034
2018.43700 -7.911
2018.43970 -7.649
2018.44250 -7.404
2018.44520 -7.321
2018.44800 -7.607
2018.45070 -7.782
2018.45340 -7.947
2018.45620 -7.623
2018.45890 -7.465
2018.46160 -7.648
2018.46440 -7.864
2018.46710 -7.909
2018.46990 -7.652
2018.47260 -7.446
2018.47530 -7.738
2018.48080 -7.517
2018.48360 -7.975
2018.48630 -7.617
2018.48900 -7.609
2018.49180 -8.181
2018.49450 -8.422
2018.49730 -7.753
2018.50000 -7.673
2018.50270 -7.482
2018.50550 -7.957
2018.50820 -8.513
2018.51100 -7.798
2018.51370 -8.699
2018.51640 -9.683
2018.51920 -8.844
2018.52470 -7.954
2018.52740 -9.201
2018.53010 -8.8
2018.53560 -8.477
2018.53840 -8.654
2018.54110 -7.945
2018.54660 -7.213
2018.54930 -8.227
2018.55210 -7.686
2018.55750 -7.642
2018.56030 -8.507
2018.56300 -8.306
2018.56580 -8.322
2018.56850 -9.324
2018.57120 -8.343
2018.57400 -8.293
2018.57670 -7.959
2018.57950 -7.775
2018.58220 -7.306
2018.58490 -8.244
2018.58770 -8.035
2018.59040 -8.375
2018.59310 -7.994
2018.59590 -8.337
2018.59860 -9.355
2018.60140 -8.701
2018.60410 -8.682
2018.60680 -7.9
2018.60960 -7.562
2018.61510 -8.635
2018.62060 -9.43
2018.62600 -8.312
2018.63430 -8.766
2018.63700 -8.151
2018.63970 -8.541
2018.64250 -8.741
2018.64520 -9.207
2018.64800 -8.533
2018.65070 -8.5
2018.65340 -8.783
2018.65620 -9.645
2018.65890 -8.619
2018.66160 -9.176
2018.66440 -8.935
2018.66710 -8.423
2018.66990 -9.368
2018.67260 -8.259
2018.67530 -9.065
2018.67810 -8.441
2018.68080 -8.989
2018.68360 -9.048
2018.68630 -9.111
2018.68900 -9.362
2018.69180 -9.408
2018.69450 -8.427
2018.69730 -9.266
2018.70000 -8.462
2018.70270 -9.226
2018.70550 -9.543
2018.70820 -8.424
2018.71920 -9.409
2018.72190 -8.987
2018.72470 -9.253
2018.72740 -9.276
2018.73010 -9.199
2018.73290 -9.718
2018.73560 -8.999
2018.73840 -9.582
2018.74110 -9.23
2018.74380 -9.08
2018.74660 -9.443
2018.74930 -8.725
2018.75210 -9.11
2018.75480 -9.626
2018.75750 -9.844
2018.76030 -9.455
2018.76300 -9.135
2018.76580 -9.547
2018.76850 -9.437
2018.77120 -9.335
2018.77400 -9.07
2018.77670 -9.335
2018.77950 -9.283
2018.78220 -8.788
2018.78490 -8.748
2018.78770 -9.197
2018.79040 -9.6
2018.79320 -9.319
2018.79590 -9.428
2018.79860 -9.851
2018.80140 -9.284
2018.80410 -9.141
2018.80680 -9.235
2018.80960 -8.992
2018.81230 -9.426
2018.81510 -9.572
2018.81780 -9.09
2018.82050 -9.048
2018.82330 -9.325
2018.82600 -9.094
2018.82880 -9.394
2018.83150 -9.126
2018.83430 -9.275
2018.83700 -9.022
2018.83970 -9.286
2018.84250 -9.69
2018.84520 -9.807
2018.84800 -9.258
2018.85070 -8.716
2018.85340 -9.199
2018.85620 -8.966
2018.85890 -9.375
2018.86160 -8.936
2018.86440 -8.991
2018.86710 -9.217
2018.86990 -9.129
2018.87260 -9.81
2018.87530 -9.077
2018.87810 -9.241
2018.88080 -8.777
2018.88360 -8.949
2018.88630 -9.067
2018.88900 -9.249
2018.89180 -9.324
2018.89450 -9.467
2018.89730 -9.292
2018.90000 -9.123
2018.90270 -9.753
2018.90550 -9.435
2018.90820 -9.321
2018.91100 -9.397
2018.91370 -9.265
2018.91640 -9.092
2018.91920 -9.219
2018.92190 -9.13
2018.92470 -9.02
2018.92740 -9.199
2018.93010 -9.238
2018.93290 -9.211
2018.93560 -9.043
2018.93840 -9.474
2018.94110 -9.525
2018.94380 -9.38
2018.94660 -9.141
2018.94930 -9.42
2018.95210 -9.149
2018.95480 -9.131
2018.95750 -8.827
2018.96030 -8.591
2018.96300 -8.758
2018.96580 -8.891
2018.96850 -8.852
2018.97120 -9.2
2018.97400 -9.294
2018.97670 -9.268
2018.97950 -8.975
2018.98220 -9.47
2018.98490 -9.336
2018.98770 -9.45
2018.99040 -9.773
2018.99320 -9.984
2018.99590 -9.967
2018.99860 -9.588
2019.00140 -9.746
2019.00410 -9.516
2019.00690 -9.796
2019.00960 -9.543
2019.01230 -9.309
2019.01510 -9.477
2019.01780 -9.399
2019.02060 -9.556
2019.02330 -9.052
2019.02600 -8.958
2019.02880 -8.941
2019.03150 -9.168
2019.03420 -9.34
2019.03700 -9.644
2019.03970 -9.07
2019.04250 -8.903
2019.04520 -8.883
2019.04790 -8.891
2019.05070 -8.942
2019.05340 -8.701
2019.05620 -8.259
2019.05890 -8.674
2019.06160 -9.099
2019.06440 -9.306
2019.06710 -9.426
2019.06990 -8.975
2019.07260 -8.861
2019.07530 -8.874
2019.07810 -8.892
2019.08080 -9.222
2019.08360 -8.712
2019.08630 -8.596
2019.08900 -8.95
2019.09180 -8.955
2019.09450 -8.376
2019.09730 -9.083
2019.10000 -8.921
2019.10270 -9.246
2019.10550 -9.168
2019.10820 -9.288
2019.11100 -9.221
2019.11370 -9.33
2019.11640 -9.662
2019.11920 -9.471
2019.12190 -9.259
2019.12470 -9.165
2019.12740 -8.906
2019.13010 -9.22
2019.13290 -9.289
2019.13560 -9.473
2019.13840 -9.399
2019.14110 -9.453
2019.14380 -9.431
2019.14660 -9.094
2019.14930 -9.017
2019.15200 -8.814
2019.15480 -9.064
2019.15750 -8.836
2019.16030 -8.777
2019.16300 -8.805
2019.16570 -8.684
2019.16850 -8.79
2019.17120 -8.927
2019.17400 -9.547
2019.17670 -9.439
2019.17950 -9.148
2019.18220 -9.693
2019.18490 -9.058
2019.18770 -9.181
2019.19040 -9.198
2019.19320 -9.225
2019.19590 -9.639
2019.19860 -9.65
2019.20140 -9.394
2019.20410 -9.112
2019.20690 -9.238
2019.20960 -9.008
2019.21230 -8.722
2019.21510 -9.053
2019.21780 -9.297
2019.22060 -9.291
2019.22330 -9.19
2019.22600 -8.763
2019.22880 -8.999
2019.23150 -9.147
2019.23430 -9.062
2019.23700 -9.18
2019.23970 -9.531
2019.24250 -9.443
2019.24520 -9.197
2019.24790 -9.456
2019.25070 -9.213
2019.25340 -9.076
2019.25620 -8.981
2019.25890 -8.676
2019.26160 -8.736
2019.26440 -8.864
2019.26710 -9.38
2019.26990 -9.074
2019.27260 -8.991
2019.27530 -9.019
2019.27810 -9.302
2019.28080 -9.505
2019.28360 -9.205
2019.28630 -9.03
2019.28900 -8.665
2019.29180 -9.009
2019.29450 -9.507
2019.29730 -9.262
2019.30000 -10.056
2019.30270 -9.126
2019.30550 -9.539
2019.30820 -9.063
2019.31100 -9.551
2019.31370 -9.629
2019.31640 -9.845
2019.31920 -10.129
2019.32190 -9.502
2019.32470 -9.286
2019.32740 -9.506
2019.33010 -9.655
2019.33290 -9.446
2019.33560 -8.995
2019.33840 -9.487
2019.34110 -10.009
2019.34380 -9.537
2019.34660 -9.499
2019.34930 -9.485
2019.35210 -9.21
2019.35480 -9.967
2019.35750 -9.722
2019.36030 -9.914
2019.36300 -9.564
2019.36570 -9.166
2019.36850 -9.088
2019.37120 -9.595
2019.37400 -8.878
2019.37670 -8.859
2019.37940 -8.911
2019.38220 -9.32
2019.38490 -8.875
2019.38770 -8.658
2019.39040 -9.002
2019.39320 -9.235
2019.39590 -8.899
2019.39860 -10.537
2019.40140 -9.68
2019.40410 -9.46
2019.40690 -9.218
2019.40960 -9.393
2019.41230 -9.156
2019.41510 -8.882
2019.41780 -9.179
2019.42060 -8.864
2019.42330 -9.936
2019.42600 -10.001
2019.42880 -9.673
2019.43150 -9.233
2019.43430 -9.288
2019.43700 -9.871
2019.43970 -8.894
2019.44250 -9.07
2019.44520 -9.069
2019.44800 -9.746
2019.45070 -9.834
2019.45340 -9.217
2019.45620 -9.596
2019.45890 -10.078
2019.46160 -9.766
2019.46440 -10.106
2019.46710 -10.191
2019.47260 -9.155
2019.47530 -9.63
2019.47810 -8.943
2019.48080 -9.384
2019.48360 -8.205
2019.48630 -8.887
2019.48900 -9.507
2019.49180 -9.405
2019.49450 -9.504
2019.49730 -9.672
2019.50000 -9.922
2019.50270 -9.79
2019.50550 -8.727
2019.50820 -10.47
2019.51100 -10.125
2019.51370 -9.787
2019.51640 -9.443
2019.51920 -9.372
2019.52190 -10.606
2019.52470 -9.342
2019.52740 -8.847
2019.53010 -9.747
2019.53290 -9.392
2019.53560 -9.706
2019.53840 -9.532
2019.54380 -9.259
2019.54930 -9.213
2019.55210 -9.643
2019.55480 -9.134
2019.55750 -9.789
2019.56030 -9.156
2019.56300 -9.596
2019.56580 -9.559
2019.56850 -9.748
2019.57400 -9.287
2019.57670 -9.434
2019.57950 -9.599
2019.58220 -10.847
2019.58770 -9.404
2019.59040 -9.775
2019.59310 -10.112
2019.59860 -10
2019.60140 -9.698
2019.60680 -10.729
2019.60960 -10.703
2019.61230 -10.421
2019.61510 -9.627
2019.61780 -9.662
2019.62060 -9.612
2019.62330 -10.577
2019.62600 -10.582
2019.62880 -10.795
2019.63150 -9.688
2019.63430 -10.966
2019.63700 -9.87
2019.63970 -10.073
2019.64250 -10.391
2019.64520 -9.993
2019.64800 -10.288
2019.65070 -10.572
2019.65340 -10.36
2019.65620 -9.97
2019.66160 -10.443
2019.66440 -10.192
2019.66710 -10.75
2019.66990 -11.001
2019.67260 -10.107
2019.67530 -9.819
2019.67810 -9.815
2019.68080 -10.092
2019.68360 -9.834
2019.68630 -10.011
2019.68900 -9.839
2019.69180 -11.573
2019.69450 -11.073
2019.69730 -10.429
2019.70000 -11.131
2019.70270 -10.782
2019.70550 -11.058
2019.70820 -10.49
2019.71100 -10.795
2019.71370 -10.513
2019.71640 -10.23
2019.71920 -11.228
2019.72190 -10.947
2019.72470 -10.579
2019.72740 -11.218
2019.73010 -10.933
2019.73290 -11.175
2019.73560 -11.624
2019.73840 -10.871
2019.74110 -10.488
2019.74380 -9.958
2019.74660 -10.128
2019.74930 -10.43
2019.75210 -9.969
2019.75480 -9.317
2019.75750 -11.234
2019.76030 -10.194
2019.76300 -11.296
2019.76580 -10.519
2019.76850 -10.142
2019.77120 -10.428
2019.77400 -9.983
2019.77670 -10.642
2019.77950 -10.828
2019.78220 -11.748
2019.78490 -10.845
2019.78770 -10.153
2019.79040 -10.301
2019.79320 -10.208
2019.79590 -10.561
2019.79860 -10.583
2019.80140 -10.178
2019.80410 -10.261
2019.80680 -10.319
2019.80960 -10.548
2019.81230 -10.841
2019.81510 -10.485
2019.81780 -9.825
2019.82050 -9.694
2019.82330 -9.59
2019.82600 -9.208
2019.82880 -10.191
2019.83150 -10.28
2019.83700 -10.462
2019.83970 -10.394
2019.84250 -10.595
2019.84520 -10.105
2019.84800 -9.951
2019.85070 -10.315
2019.85340 -10.379
2019.85620 -10.402
2019.85890 -9.991
2019.86160 -9.268
2019.86440 -10.402
2019.86710 -10.091
2019.86990 -9.47
2019.87260 -9.97
2019.87530 -10.33
2019.87810 -10.386
2019.88080 -9.907
2019.88360 -9.746
2019.88630 -10.284
2019.88900 -9.879
2019.89180 -10.011
2019.89450 -10.07
2019.89730 -10.5
2019.90000 -9.941
2019.90270 -10.634
2019.90550 -10.62
2019.90820 -10.185
2019.91100 -10.543
2019.91370 -10.345
2019.91640 -10.2
2019.91920 -9.868
2019.92190 -10.43
2019.92470 -10.739
2019.92740 -10.402
2019.93010 -10.115
2019.93290 -10.247
2019.93560 -9.93
2019.93840 -10.043
2019.94110 -10.052
2019.94380 -9.803
2019.94660 -10.058
2019.94930 -10.532
2019.95210 -10.519
2019.95480 -10.493
2019.95750 -10.609
2019.96030 -10.699
2019.96300 -9.984
2019.96580 -10.152
2019.96850 -9.961
2019.97120 -10.157
2019.97400 -10.383
2019.97670 -10.229
2019.97950 -10.302
2019.98220 -10.483
2019.98490 -10.142
2019.98770 -9.833
2019.99040 -10.258
2019.99320 -10.64
2019.99590 -10.805
2019.99860 -10.215
2020.00140 -10.639
2020.00410 -10.417
2020.00680 -10.355
2020.00960 -10.629
2020.01230 -10.838
2020.01500 -10.858
2020.01780 -10.234
2020.02050 -9.579
2020.02320 -10.362
2020.02600 -10.368
2020.02870 -10.241
2020.03140 -9.702
2020.03420 -9.917
2020.03690 -9.961
2020.03960 -10.125
2020.04230 -9.781
2020.04510 -9.472
2020.04780 -9.328
2020.05050 -9.161
2020.05330 -8.978
2020.05600 -9.366
2020.05870 -9.607
2020.06150 -9.778
2020.06420 -10.061
2020.06690 -10.376
2020.06970 -10.172
2020.07240 -9.761
2020.07510 -9.892
2020.07790 -9.883
2020.08060 -9.748
2020.08330 -10.154
2020.08610 -10.545
2020.08880 -10.515
2020.09150 -10.13
2020.09430 -10.499
2020.09700 -10.4
2020.09970 -10.414
2020.10250 -10.143
2020.10520 -10.609
2020.10790 -10.004
2020.11070 -9.99
2020.11340 -9.91
2020.11610 -9.983
2020.11890 -9.643
2020.12160 -10.701
2020.12430 -10.607
2020.12710 -9.972
2020.12980 -10.046
2020.13250 -10.241
2020.13530 -10.566
2020.13800 -10.797
2020.14070 -10.649
2020.14340 -10.389
2020.14620 -9.97
2020.14890 -10.203
2020.15160 -9.975
2020.15440 -10.303
2020.15710 -10.07
2020.15980 -10.391
2020.16260 -10.739
2020.16530 -10.579
2020.16800 -10.54
2020.17080 -10.603
2020.17350 -10.054
2020.17620 -9.55
2020.17900 -10.303
2020.18170 -10.041
2020.18440 -9.658
2020.18720 -10.2318
2020.18990 -9.7828
2020.19260 -9.6678
2020.19540 -10.7488
2020.19810 -10.1228
2020.20080 -9.7758
2020.20360 -10.0028
2020.20630 -10.1098
2020.20900 -9.8448
2020.21170 -9.7028
2020.21450 -9.6488
2020.21720 -9.5508
2020.21990 -10.2018
2020.22270 -9.7958
2020.22540 -10.1128
2020.22810 -9.7038
2020.23090 -9.6858
2020.23360 -10.2598
2020.23630 -9.9128
2020.23910 -10.0048
2020.24180 -9.7618
2020.24450 -9.9508
2020.24730 -10.0868
2020.25000 -10.2378
2020.25270 -9.8908
2020.25550 -10.4278
2020.25820 -10.3318
2020.26090 -10.0918
2020.26370 -10.4088
2020.26640 -10.4458
2020.26910 -10.5358
2020.27190 -11.0728
2020.27460 -11.1658
2020.27730 -10.5428
2020.28010 -10.3538
2020.28280 -10.0908
2020.28550 -9.7188
2020.28830 -9.9968
2020.29100 -10.4828
2020.29370 -10.6558
2020.29650 -10.5498
2020.29920 -10.4408
2020.30190 -10.7148
2020.30460 -10.2388
2020.30740 -10.3008
2020.31010 -9.8508
2020.31280 -9.8828
2020.31560 -10.2038
2020.31830 -10.1208
2020.32100 -10.5698
2020.32380 -9.8018
2020.32650 -10.3338
2020.32920 -10.0288
2020.33200 -9.6878
2020.33470 -9.5848
2020.33740 -10.0878
2020.34020 -10.0008
2020.34290 -9.7848
2020.34560 -9.0788
2020.34840 -10.3718
2020.35110 -10.7668
2020.35380 -10.0458
2020.35660 -9.9678
2020.35930 -9.8958
2020.36200 -10.1168
2020.36480 -10.4208
2020.36750 -10.3378
2020.37020 -9.9038
2020.37290 -9.9668
2020.37570 -10.3908
2020.37840 -10.2528
2020.38110 -10.0598
2020.38390 -10.5828
2020.38660 -10.7488
2020.38930 -10.8138
2020.39210 -10.5958
2020.39480 -10.5938
2020.39750 -10.7718
2020.40030 -10.1578
2020.40300 -10.3058
2020.40570 -10.2478
2020.40850 -10.1858
2020.41120 -10.4328
2020.41390 -10.1808
2020.41670 -10.3298
2020.41940 -10.0948
2020.42210 -9.8488
2020.42490 -10.0878
2020.42760 -10.4928
2020.43030 -10.2998
2020.43310 -9.9098
2020.43580 -10.7228
2020.43850 -10.8208
2020.44130 -11.0768
2020.44400 -10.2568
2020.44670 -10.0928
2020.44950 -8.7428
2020.45220 -9.9748
2020.45490 -10.1408
2020.45770 -10.0608
2020.46040 -10.5548
2020.46310 -10.4908
2020.46590 -10.2898
2020.46860 -10.1898
2020.47130 -10.1718
2020.47400 -10.4148
2020.47680 -9.9448
2020.47950 -10.4118
2020.48220 -10.3528
2020.48500 -10.3868
2020.48770 -10.7768
2020.49040 -10.6968
2020.49320 -10.3378
2020.49590 -10.4848
2020.49860 -11.0108
2020.50140 -10.9098
2020.50410 -10.2398
2020.50680 -10.5878
2020.50960 -10.6698
2020.51230 -10.1568
2020.51500 -10.5738
2020.52050 -10.2518
2020.52320 -10.4008
2020.52600 -10.3078
2020.52870 -10.1648
2020.53140 -10.5908
2020.53420 -10.2768
2020.53690 -10.5938
2020.54230 -9.4948
2020.54510 -10.3508
2020.54780 -10.8548
2020.55050 -9.9018
2020.55330 -10.8118
2020.55600 -10.2368
2020.55870 -10.7428
2020.56150 -10.1408
2020.56420 -11.2408
2020.56690 -10.4328
2020.56970 -10.4998
2020.57240 -10.9788
2020.57510 -11.1868
2020.57790 -11.1788
2020.58060 -10.9038
2020.58330 -11.4198
2020.58610 -11.5578
2020.58880 -10.9218
2020.59150 -10.3428
2020.59430 -11.3218
2020.59700 -10.6088
2020.59970 -10.0418
2020.60250 -10.3978
2020.60520 -10.7598
2020.60790 -10.5258
2020.61070 -11.0248
2020.61340 -10.8658
2020.61610 -10.1778
2020.61890 -11.5138
2020.62160 -11.9198
2020.62430 -10.9098
2020.62710 -11.5938
2020.62980 -10.6868
2020.63530 -11.4148
2020.63800 -11.8438
2020.64070 -10.9838
2020.64340 -10.9828
2020.64620 -10.4168
2020.65440 -11.3198
2020.65980 -11.2028
2020.66260 -11.6168
2020.66530 -12.5138
2020.66800 -11.9668
2020.67080 -10.9378
2020.67350 -10.5938
2020.67620 -11.1538
2020.67900 -11.6848
2020.68170 -10.3148
2020.68440 -11.0968
2020.68720 -11.3668
2020.68990 -11.1168
2020.69260 -10.9408
2020.69540 -11.7188
2020.69810 -11.7388
2020.70080 -11.3488
2020.70360 -11.2558
2020.70630 -11.1368
2020.70900 -10.8818
2020.71170 -10.2368
2020.71450 -10.4438
2020.71720 -11.0138
2020.71990 -10.9078
2020.72270 -11.7748
2020.72540 -11.5238
2020.72810 -11.1488
2020.73090 -10.8678
2020.73360 -10.7278
2020.73630 -11.1248
2020.73910 -11.2678
2020.74180 -11.0018
2020.74450 -11.1028
2020.74730 -10.4168
2020.75270 -10.7178
2020.75550 -10.4078
2020.75820 -10.8458
2020.76090 -11.0348
2020.76370 -11.4598
2020.76640 -11.4328
2020.76910 -11.0188
2020.77190 -11.4408
2020.77460 -10.4238
2020.77730 -11.2988
2020.78010 -11.1108
2020.78280 -10.8458
2020.78550 -11.6362
2020.78830 -11.1132
2020.79100 -11.1852
2020.79370 -10.9112
2020.80190 -10.9302
2020.80460 -10.9562
2020.81560 -11.5272
2020.81830 -11.8082
2020.82100 -11.9132
2020.82380 -11.5422
2020.82650 -11.4562
2020.82920 -10.8952
2020.83200 -11.1152
2020.83470 -11.1422
2020.83740 -11.2982
2020.84020 -11.0702
2020.84290 -11.0962
2020.84560 -11.3392
2020.84840 -11.0082
2020.85110 -11.2682
2020.85380 -11.2222
2020.85660 -11.2332
2020.85930 -11.2182
2020.86200 -11.3452
2020.86480 -11.4302
2020.87020 -11.1162
2020.87290 -11.3322
2020.87570 -10.9592
2020.87840 -10.4022
2020.88110 -10.6642
2020.88390 -10.8162
2020.88660 -10.8462
2020.88930 -11.4132
2020.89210 -10.2242
2020.89480 -10.3542
2020.89750 -10.8242
2020.90030 -10.6292
2020.90300 -10.9582
2020.90570 -10.5052
2020.90850 -10.6332
2020.91120 -10.5742
2020.91390 -10.7742
2020.91670 -11.5192
2020.91940 -11.2492
2020.92210 -10.8802
2020.92490 -10.8762
2020.92760 -11.4712
2020.93030 -11.0022
2020.93310 -11.2112
2020.93580 -10.9382
2020.93850 -10.4632
2020.94130 -10.6092
2020.94400 -10.4232
2020.94670 -10.4272
2020.94950 -10.8492
2020.95220 -10.7262
2020.95490 -11.1242
2020.95770 -10.9282
2020.96040 -10.7092
2020.96310 -11.1422
2020.96590 -10.8822
2020.96860 -10.9242
2020.97130 -10.5502
2020.97400 -10.2742
2020.97680 -10.3702
2020.97950 -10.2452
2020.98220 -10.4412
2020.98500 -10.5412
2020.98770 -10.7262
2020.99040 -10.9322
2020.99320 -10.8832
2020.99590 -9.8482
2020.99860 -10.6972
2021.00140 -11.2532
2021.00410 -11.2852
2021.00690 -11.1212
2021.00960 -11.3692
2021.01230 -11.0462
2021.01510 -10.5352
2021.01780 -10.0622
2021.02060 -10.3782
2021.02330 -10.1312
2021.02880 -10.0142
2021.03150 -9.8652
2021.03420 -10.6222
2021.03700 -10.4962
2021.03970 -10.6122
2021.04250 -10.5302
2021.04520 -10.2912
2021.04790 -10.2532
2021.05070 -10.4272
2021.05340 -10.7842
2021.05620 -10.4592
2021.05890 -10.7832
2021.06160 -11.1152
2021.06440 -11.5532
2021.06710 -11.1492
2021.06990 -10.9652
2021.07260 -10.9342
2021.07530 -11.0562
2021.07810 -10.6892
2021.08080 -11.1432
2021.08360 -10.8152
2021.08630 -10.8102
2021.08900 -10.3342
2021.09180 -10.9162
2021.09450 -10.7662
2021.09730 -11.0222
2021.10000 -11.3122
2021.10270 -11.3332
2021.10550 -11.0532
2021.10820 -10.7842
2021.11100 -10.5572
2021.11370 -10.5542
2021.11920 -10.5582
2021.12470 -10.2332
2021.13010 -10.0162
2021.13290 -10.0912
2021.13560 -10.3102
2021.13840 -9.8252
2021.14110 -10.6332
2021.14380 -10.9202
2021.14660 -10.4562
2021.14930 -10.6662
2021.15200 -10.3532
2021.15480 -10.7962
2021.15750 -10.5862
2021.16030 -10.7292
2021.16300 -10.5142
2021.16570 -10.2322
2021.16850 -10.6242
2021.17120 -10.1462
2021.17400 -10.3552
2021.17670 -10.3992
2021.17950 -10.7502
2021.18220 -10.6682
2021.18490 -11.0712
2021.18770 -10.6962
2021.19040 -11.0012
2021.19320 -10.8102
2021.19590 -10.3782
2021.19860 -10.4102
2021.20140 -9.8492
2021.20410 -10.3392
2021.20690 -10.1422
2021.20960 -11.3442
2021.21230 -10.5092
2021.21510 -10.6522
2021.21780 -10.0252
2021.22060 -10.0722
2021.22330 -10.2622
2021.22600 -10.1842
2021.22880 -9.8822
2021.23150 -10.2132
2021.23430 -9.8552
2021.23700 -9.3402
2021.23970 -9.7002
2021.24250 -10.0422
2021.24520 -10.7112
2021.24790 -10.6382
2021.25070 -10.8082
2021.25340 -10.5502
2021.25620 -9.8092
2021.25890 -10.5962
2021.26160 -10.8982
2021.26440 -10.5472
2021.26710 -10.5082
2021.26990 -10.9202
2021.27260 -10.9332
2021.27530 -10.9532
2021.27810 -10.7672
2021.28080 -9.6602
2021.28360 -9.8202
2021.28630 -10.3162
2021.28900 -10.4102
2021.29180 -10.1562
2021.29450 -10.1072
2021.29730 -10.5762
2021.30000 -10.4662
2021.30270 -10.1722
2021.30550 -10.1582
2021.30820 -10.9222
2021.31100 -10.9972
2021.31370 -10.9002
2021.31640 -11.2162
2021.31920 -10.7512
2021.32190 -10.3192
2021.32470 -10.6942
2021.32740 -11.1652
2021.33010 -11.4002
2021.33840 -10.6262
2021.34110 -10.3272
2021.34380 -10.2902
2021.34660 -9.7972
2021.34930 -10.4362
2021.35210 -10.4882
2021.35480 -10.3982
2021.35750 -9.9572
2021.36030 -10.1762
2021.36300 -10.3272
2021.36570 -10.3552
2021.36850 -10.3022
2021.37120 -10.5262
2021.37400 -9.9002
2021.37670 -9.8142
2021.37940 -9.8022
2021.38220 -9.3562
2021.38490 -9.8302
2021.38770 -10.5012
2021.39040 -10.7092
2021.39320 -10.1472
2021.39590 -10.4832
2021.39860 -10.0302
2021.40140 -10.1342
2021.40410 -10.5562
2021.40690 -10.8912
2021.40960 -10.9752
2021.41230 -10.7402
2021.41510 -10.4932
2021.41780 -10.9922
2021.42330 -10.3672
2021.42880 -10.2732
2021.43150 -10.8412
2021.43700 -9.9172
2021.43970 -10.8442
2021.44250 -10.5642
2021.44520 -9.4072
2021.44800 -10.4232
2021.45070 -11.0522
2021.45340 -10.5072
2021.45620 -11.5482
2021.45890 -10.8282
2021.46160 -11.3472
2021.46440 -10.9112
2021.46710 -10.8122
2021.46990 -11.4752
2021.47260 -11.5422
2021.47530 -10.7702
2021.47810 -10.6372
2021.48080 -10.6442
2021.48360 -11.5992
2021.48630 -10.4602
2021.48900 -10.9812
2021.49180 -9.9832
2021.49450 -10.8972
2021.49730 -10.4292
2021.50000 -11.9432
2021.50270 -10.8992
2021.50820 -10.9082
2021.51100 -11.0102
2021.51370 -10.2212
2021.51640 -11.2712
2021.51920 -10.4562
2021.52190 -10.7822
2021.52470 -10.9242
2021.52740 -11.2062
2021.53010 -10.8312
2021.53560 -9.6192
2021.53840 -11.0292
2021.54660 -8.6982
2021.55210 -11.1582
2021.55480 -11.0862
2021.55750 -10.8532
2021.56030 -11.3872
2021.56300 -11.2132
2021.56580 -10.6712
2021.56850 -10.4232
2021.57120 -12.7862
2021.57400 -10.3002
2021.57950 -11.0392
2021.58220 -10.3102
2021.58490 -10.2112
2021.58770 -11.1432
2021.60410 -11.4732
2021.60680 -11.3882
2021.60960 -12.0522
2021.61230 -10.7852
2021.61510 -10.8532
2021.61780 -11.1122
2021.62060 -10.1802
2021.62330 -9.9672
2021.62600 -11.5942
2021.63150 -11.5222
2021.63700 -10.6062
2021.63970 -11.5862
2021.64250 -8.9402
2021.64520 -11.5522
2021.64800 -11.0722
2021.65070 -11.2172
2021.65340 -11.1312
2021.65620 -11.0052
2021.65890 -10.7182
2021.66160 -11.2612
2021.66440 -12.1422
2021.66710 -11.6992
2021.66990 -11.4212
2021.67260 -12.7672
2021.67530 -11.3292
2021.67810 -12.7402
2021.68080 -11.7852
2021.68360 -11.3462
2021.68630 -11.0162
2021.68900 -11.3132
2021.69180 -11.2212
2021.69450 -10.9062
2021.69730 -10.2792
2021.70000 -10.9932
2021.70270 -11.2682
2021.70550 -11.6202
2021.70820 -11.7532
2021.71100 -11.7262
2021.71370 -12.4482
2021.71640 -11.7382
2021.71920 -11.6992
2021.72190 -11.0002
2021.72470 -11.3552
2021.72740 -12.2122
2021.73010 -11.8822
2021.73290 -12.4362
2021.73560 -11.8092
2021.73840 -12.0962
2021.74110 -11.6912
2021.74380 -10.9412
2021.74660 -10.9462
2021.74930 -12.1062
2021.75210 -11.2652
2021.76030 -12.1242
2021.76300 -11.6912
2021.76580 -11.7952
2021.76850 -11.6312
2021.77120 -11.9792
2021.77400 -12.1332
2021.77670 -11.7492
2021.77950 -12.2602
2021.78220 -12.2432
2021.78490 -12.8772
2021.78770 -15.2016
2021.79320 -11.1307
2021.79590 -12.0297
2021.79860 -12.2697
2021.80140 -12.4927
2021.80410 -12.4576
2021.80680 -12.1176
2021.80960 -12.4207
2021.81230 -12.1257
2021.81510 -12.1597
2021.81780 -12.2636
2021.82330 -11.7247
2021.82600 -12.0446
2021.82880 -12.3527
2021.83150 -11.7597
2021.83430 -11.6927
2021.83700 -11.3726
2021.83970 -11.9987
2021.84250 -11.5336
2021.84520 -12.2616
2021.84800 -12.5117
2021.85070 -12.2097
2021.85620 -11.6477
2021.85890 -10.6356
2021.86160 -11.5496
2021.86710 -11.2276
2021.87260 -11.5437
2021.87530 -11.9026
2021.87810 -11.6767
2021.88360 -11.7467
2021.88630 -12.1996
2021.89180 -11.4707
2021.89450 -11.5877
2021.90000 -12.3457
2021.90270 -12.1266
2021.90550 -12.6116
2021.90820 -12.8996
2021.91100 -12.6276
2021.91370 -11.5927
2021.91920 -11.5757
2021.92190 -11.9317
2021.92470 -12.4216
2021.92740 -12.5666
2021.93010 -12.6467
2021.93290 -12.4896
2021.93560 -12.2427
2021.93840 -11.8126
2021.94110 -12.0746
2021.94380 -12.5287
2021.94660 -11.4676
2021.94930 -12.4325
2021.95210 -11.9315
2021.95480 -12.5025
2021.95750 -12.0895
2021.96030 -12.0155
2021.96300 -11.1405
2021.96580 -11.3595
2021.96850 -11.3795
2021.97120 -11.6035
2021.97400 -11.9435
2021.97670 -12.2265
2021.97950 -12.1295
2021.98220 -11.7255
2021.98490 -11.5495
2021.98770 -11.5985
2021.99040 -11.6595
2021.99320 -11.5565
2021.99590 -11.5265
2021.99860 -12.5135
2022.00140 -12.4235
2022.00410 -11.8955
2022.00690 -12.4705
2022.00960 -12.6075
2022.01230 -12.7095
2022.01510 -12.5385
2022.01780 -12.4115
2022.02060 -12.4065
2022.02330 -12.6925
2022.02600 -12.2065
2022.02880 -12.3335
2022.03150 -12.3055
2022.03420 -12.0565
2022.03700 -12.3185
2022.03970 -12.9685
2022.04250 -12.6205
2022.04520 -12.4525
2022.04790 -12.6675
2022.05070 -12.6315
2022.05340 -12.5705
2022.05620 -13.0145
2022.05890 -12.9335
2022.06160 -12.6995
2022.06710 -12.5265
2022.06990 -12.9825
2022.07260 -12.7985
2022.07530 -12.8095
2022.07810 -12.9795
2022.08080 -13.5325
2022.08360 -12.7375
2022.08630 -12.8875
2022.08900 -12.5965
2022.09180 -12.3195
2022.09450 -12.8365
2022.09730 -12.4595
2022.10000 -12.5705
2022.10270 -12.6815
2022.10550 -12.8525
2022.10820 -12.4255
2022.11100 -12.3205
2022.11370 -12.8845
2022.11640 -12.9395
2022.11920 -12.5285
2022.12190 -12.5165
2022.12470 -12.3045
2022.12740 -11.9685
2022.13010 -12.7515
2022.13290 -13.3345
2022.13560 -12.6375
2022.13840 -11.9635
2022.14110 -11.9485
2022.14380 -12.4155
2022.15750 -11.4045
2022.16030 -12.4225
2022.16570 -11.3435
2022.16850 -11.2535
2022.17120 -11.3805
2022.17400 -11.8205
2022.17670 -12.0065
2022.17950 -11.6455
2022.18220 -12.2885
2022.18490 -12.6285
2022.18770 -11.7125
2022.19040 -12.3355
2022.19320 -12.0635
2022.19590 -12.4415
2022.19860 -12.2005
2022.20140 -11.8825
2022.20410 -13.2985
2022.20690 -13.3185
2022.20960 -12.6605
2022.21230 -13.1015
2022.21510 -12.5745
2022.21780 -13.1795
2022.22060 -12.5685
2022.22330 -11.6525
2022.22600 -12.4235
2022.22880 -11.8925
2022.23150 -11.5225
2022.23430 -12.1855
2022.23700 -12.0885
2022.23970 -12.2755
2022.24250 -12.3175
2022.24520 -13.0515
2022.25070 -12.7335
2022.25340 -12.8105
2022.25620 -12.7915
2022.25890 -12.4305
2022.26160 -12.6345
2022.26440 -12.0105
2022.26710 -11.6445
2022.26990 -11.6635
2022.27260 -11.6045
2022.27530 -12.3785
2022.27810 -12.5055
2022.28080 -12.5545
2022.28360 -12.7125
2022.28630 -12.3775
2022.28900 -11.7945
2022.29180 -12.1405
2022.29450 -12.1905
2022.29730 -11.8505
2022.30000 -11.7265
2022.30270 -11.6355
2022.30550 -11.7525
