2014.00140 7.444
2014.00410 7.12
2014.00690 6.736
2014.00960 7.149
2014.01230 6.908
2014.01510 6.913
2014.01780 6.927
2014.02060 7.002
2014.02330 6.923
2014.02600 6.641
2014.02880 6.198
2014.03150 6.326
2014.03420 5.987
2014.03700 6.048
2014.03970 6.263
2014.04250 6.217
2014.04520 6.265
2014.04790 6.22
2014.05070 6.36
2014.05340 6.354
2014.05620 6.808
2014.06160 7.35
2014.06440 6.912
2014.06710 6.75
2014.06990 6.825
2014.07260 6.738
2014.07530 7.033
2014.07810 6.988
2014.08080 7.036
2014.08360 6.678
2014.08630 7.035
2014.08900 7.099
2014.09180 7.086
2014.09450 6.717
2014.09730 6.629
2014.10000 6.427
2014.10270 6.826
2014.10550 6.783
2014.10820 6.722
2014.11100 6.631
2014.11370 6.37
2014.11640 6.053
2014.11920 6.222
2014.12190 6.292
2014.12470 6.418
2014.12740 5.81
2014.13010 6.061
2014.13290 5.984
2014.13560 5.951
2014.13840 5.865
2014.14110 6.071
2014.14380 5.982
2014.14660 6.077
2014.14930 5.997
2014.15200 6.244
2014.15480 5.887
2014.15750 5.846
2014.16030 6.553
2014.16300 5.992
2014.16570 6.05
2014.16850 5.781
2014.17120 5.766
2014.17400 6.213
2014.17670 5.803
2014.17950 5.937
2014.18220 5.889
2014.18490 6.015
2014.18770 6.135
2014.19040 6.103
2014.19320 5.857
2014.19590 6.08
2014.19860 6.36
2014.20140 6.405
2014.20410 6.304
2014.20690 6.054
2014.20960 5.861
2014.21230 5.884
2014.21510 5.871
2014.21780 6.088
2014.22060 5.596
2014.22330 6.156
2014.22600 6.369
2014.22880 6.185
2014.23150 6.384
2014.23430 6.591
2014.23700 6.249
2014.23970 6.448
2014.24250 6.177
2014.24520 5.534
2014.24790 6.106
2014.25070 5.607
2014.25340 5.368
2014.25620 5.816
2014.25890 5.502
2014.26160 5.436
2014.26440 5.373
2014.26710 5.811
2014.26990 5.537
2014.27260 5.35
2014.27530 5.195
2014.27810 5.105
2014.28080 4.909
2014.28360 4.802
2014.28630 5.656
2014.28900 5.351
2014.29180 4.679
2014.29450 4.171
2014.29730 4.509
2014.30000 4.915
2014.30270 4.393
2014.30550 5.021
2014.30820 5.105
2014.31100 4.538
2014.31370 4.844
2014.31640 4.641
2014.31920 4.358
2014.32190 4.576
2014.32470 4.925
2014.32740 4.919
2014.33010 4.592
2014.33290 4.388
2014.33560 4.422
2014.33840 4.477
2014.34110 4.97
2014.34380 4.596
2014.34660 4.595
2014.34930 5.118
2014.35210 4.748
2014.35480 4.217
2014.35750 4.72
2014.36030 5.454
2014.36300 4.399
2014.36570 5.213
2014.36850 5.173
2014.37120 4.376
2014.37400 4.332
2014.37670 4.647
2014.37940 4.506
2014.38220 4.432
2014.38490 4.633
2014.38770 4.719
2014.39040 4.315
2014.39320 4.11
2014.39590 4.285
2014.39860 4.77
2014.40140 5.101
2014.40410 3.924
2014.40690 4.507
2014.40960 3.936
2014.41230 4.09
2014.41510 3.436
2014.41780 3.418
2014.42060 3.964
2014.42330 4.391
2014.42600 3.537
2014.42880 3.473
2014.43150 3.677
2014.43430 4.543
2014.43700 3.859
2014.43970 3.826
2014.44250 3.539
2014.44520 3.223
2014.44800 3.606
2014.45070 3.361
2014.45340 3.25
2014.45620 3.409
2014.45890 3.456
2014.46160 2.737
2014.46440 3.748
2014.46710 3.022
2014.46990 3.21
2014.47260 3.288
2014.47530 3.681
2014.47810 3.917
2014.48080 2.863
2014.48360 4.037
2014.48630 4.394
2014.48900 4.028
2014.49180 4.038
2014.49450 3.699
2014.49730 3.202
2014.50000 3.149
2014.50270 3.503
2014.50550 3.058
2014.50820 3.457
2014.51100 3.106
2014.51370 3.2
2014.51640 3.391
2014.51920 3.116
2014.52190 3.095
2014.52470 2.49
2014.52740 4.125
2014.53010 2.668
2014.53290 3.576
2014.53560 3.383
2014.53840 2.312
2014.54110 2.573
2014.54380 2.496
2014.54660 2.843
2014.54930 3.489
2014.55210 2.725
2014.55480 2.585
2014.55750 3.218
2014.56030 1.407
2014.56300 2.058
2014.56580 3.067
2014.56850 2.362
2014.57120 2.219
2014.57400 2.055
2014.57670 2.6
2014.57950 1.375
2014.58220 1.569
2014.58490 2.216
2014.58770 2.551
2014.59040 2.427
2014.59310 1.975
2014.59590 1.028
2014.59860 2.213
2014.60140 2.317
2014.60410 1.654
2014.60680 1.584
2014.60960 1.904
2014.61230 1.655
2014.61510 1.623
2014.61780 1.901
2014.62060 1.591
2014.62330 1.567
2014.62600 1.598
2014.62880 1.464
2014.63150 1.814
2014.63430 1.836
2014.63700 1.702
2014.63970 1.437
2014.64250 1.47
2014.64520 1.293
2014.64800 1.968
2014.65070 1.698
2014.65340 0.672
2014.65620 1.238
2014.65890 1.424
2014.66160 1.066
2014.66440 1.188
2014.66710 1.01
2014.66990 0.771
2014.67260 1.521
2014.67530 1.914
2014.67810 1.948
2014.68080 2.222
2014.68360 1.089
2014.68630 0.804
2014.68900 1.166
2014.69180 0.811
2014.69450 1.21
2014.69730 0.887
2014.70000 0.862
2014.70270 0.639
2014.70550 1.028
2014.70820 1.267
2014.71100 0.763
2014.71370 0.39
2014.71640 1.237
2014.71920 0.649
2014.72470 0.605
2014.72740 0.857
2014.73010 0.815
2014.73290 1.044
2014.73560 0.689
2014.73840 0.846
2014.74110 0.654
2014.74380 0.346
2014.74660 0.856
2014.74930 0.651
2014.75210 0.884
2014.75480 0.907
2014.75750 -0.294
2014.76030 -0.113
2014.76300 0.532
2014.76580 0.134
2014.76850 0.017
2014.77120 0.219
2014.77400 0.244
2014.77670 -0.58
2014.77950 -0.115
2014.78220 0.65
2014.78490 0.385
2014.78770 0.464
2014.79040 0.397
2014.79320 0.436
2014.79590 0.53
2014.79860 0.334
2014.80140 0
2014.80410 0.143
2014.80680 0.315
2014.80960 0.815
2014.81230 0.631
2014.81510 0.074
2014.81780 -0.245
2014.82050 0.049
2014.82330 0.032
2014.82600 -0.021
2014.82880 -0.13
2014.83150 0.426
2014.83430 0.673
2014.83700 0.723
2014.83970 0.506
2014.84250 0.162
2014.84520 0.186
2014.84800 0.008
2014.85070 -0.089
2014.85340 0.008
2014.85620 -0.012
2014.85890 0.306
2014.86160 0.025
2014.86440 0.193
2014.86710 0.355
2014.86990 -0.006
2014.87260 -0.205
2014.87530 -0.33
2014.87810 -0.346
2014.88080 -0.117
2014.88360 0.087
2014.88630 0.209
2014.88900 -0.097
2014.89180 -0.273
2014.89450 -0.523
2014.89730 -0.214
2014.90000 0.012
2014.90270 0.08
2014.90550 -0.145
2014.90820 -0.042
2014.91100 -0.481
2014.91370 -0.541
2014.91640 -0.007
2014.91920 0.19
2014.92190 -0.263
2014.92470 -0.182
2014.92740 0.041
2014.93010 -0.339
2014.93290 -0.49
2014.93560 -0.557
2014.93840 -0.892
2014.94110 -0.614
2014.94380 -0.611
2014.94660 -0.409
2014.94930 -0.812
2014.95210 -1.113
2014.95480 -1.16
2014.95750 -0.771
2014.96030 -0.603
2014.96300 -0.998
2014.96580 -1.195
2014.96850 -0.697
2014.97120 -0.763
2014.97400 -0.618
2014.97670 -1.052
2014.97950 -1.264
2014.98220 -1.331
2014.98490 -1.242
2014.98770 -1.059
2014.99040 -0.647
2014.99320 -0.427
2014.99590 -0.962
2014.99860 -0.919
2015.00140 -0.789
2015.00410 -0.954
2015.00690 -0.643
2015.00960 -0.724
2015.01230 -0.849
2015.01510 -0.706
2015.01780 -1.184
2015.02060 -1.082
2015.02330 -1.232
2015.02600 -0.933
2015.02880 -1.386
2015.03150 -1.236
2015.03420 -1.375
2015.03700 -1.195
2015.03970 -1.001
2015.04250 -1.459
2015.04520 -0.879
2015.04790 -1.026
2015.05070 -0.988
2015.05340 -1.088
2015.05620 -1.221
2015.05890 -0.722
2015.06160 -0.926
2015.06440 -1.202
2015.06710 -1.033
2015.06990 -1.336
2015.07260 -1.305
2015.07530 -1.526
2015.07810 -1.577
2015.08080 -1.721
2015.08360 -1.683
2015.08630 -1.69
2015.08900 -1.591
2015.09180 -2.009
2015.09450 -1.409
2015.09730 -1.512
2015.10000 -1.737
2015.10270 -1.629
2015.10550 -1.499
2015.10820 -1.227
2015.11100 -0.943
2015.11370 -1.272
2015.11640 -0.979
2015.11920 -1
2015.12190 -1.613
2015.12470 -1.548
2015.12740 -1.357
2015.13010 -1.655
2015.13290 -1.657
2015.13560 -1.735
2015.13840 -2.676
2015.14110 -2.085
2015.14380 -1.275
2015.14660 -1.231
2015.14930 -1.218
2015.15200 -1.461
2015.15480 -1.79
2015.15750 -1.91
2015.16030 -2.005
2015.16300 -1.261
2015.16570 -1.509
2015.16850 -1.458
2015.17120 -1.612
2015.17400 -1.647
2015.17670 -1.582
2015.17950 -1.526
2015.18220 -1.925
2015.18490 -1.753
2015.18770 -1.851
2015.19040 -1.412
2015.19320 -1.349
2015.19590 -1.846
2015.19860 -1.653
2015.20140 -1.211
2015.20410 -1.288
2015.20690 -1.197
2015.20960 -1.149
2015.21230 -1.225
2015.21510 -1.341
2015.21780 -1.577
2015.22060 -1.72
2015.22330 -1.996
2015.22600 -1.981
2015.22880 -1.77
2015.23150 -1.633
2015.23430 -1.514
2015.23700 -1.608
2015.23970 -1.588
2015.24250 -1.636
2015.24520 -1.569
2015.24790 -1.285
2015.25070 -1.627
2015.25340 -1.407
2015.25620 -1.884
2015.25890 -2.493
2015.26160 -2.313
2015.26440 -2.349
2015.26710 -2.237
2015.26990 -2.725
2015.27260 -2.335
2015.27530 -2.955
2015.27810 -2.975
2015.28080 -2.441
2015.28360 -1.731
2015.28630 -1.799
2015.28900 -2.076
2015.29180 -2.092
2015.29450 -2.128
2015.29730 -2.166
2015.30000 -2.018
2015.30270 -1.919
2015.30550 -2.419
2015.30820 -2.82
2015.31100 -2.513
2015.31370 -2.597
2015.31640 -2.078
2015.31920 -1.965
2015.32190 -2.595
2015.32470 -2.603
2015.32740 -2.366
2015.33010 -2.62
2015.33290 -2.89
2015.33560 -2.952
2015.33840 -2.782
2015.34110 -2.696
2015.34380 -3.058
2015.34660 -2.88
2015.34930 -3.22
2015.35210 -3.174
2015.35480 -3.07
2015.35750 -2.27
2015.36030 -1.704
2015.36300 -2.646
2015.36570 -2.824
2015.36850 -2.757
2015.37120 -2.22
2015.37400 -2.673
2015.37670 -2.544
2015.37940 -2.572
2015.38220 -2.795
2015.38490 -2.604
2015.38770 -2.563
2015.39040 -2.52
2015.39320 -2.155
2015.39590 -2.296
2015.39860 -2.512
2015.40140 -1.93
2015.40410 -2.429
2015.40690 -2.55
2015.40960 -2.589
2015.41230 -2.746
2015.41510 -3.82
2015.41780 -3.334
2015.42060 -3.173
2015.42330 -2.871
2015.42600 -3.019
2015.42880 -3.172
2015.43150 -3.139
2015.43430 -2.357
2015.43700 -2.95
2015.43970 -2.476
2015.44250 -3.074
2015.44520 -2.758
2015.44800 -3.878
2015.45070 -3.372
2015.45340 -2.934
2015.45620 -3.043
2015.45890 -3.884
2015.46160 -3.622
2015.46440 -3.692
2015.46710 -3.189
2015.46990 -3.26
2015.47260 -3.437
2015.47530 -3.823
2015.47810 -3.16
2015.48080 -3.275
2015.48360 -3.666
2015.48630 -4.079
2015.48900 -4.185
2015.49180 -3.564
2015.49450 -3.556
2015.49730 -3.499
2015.50000 -3.98
2015.50270 -3.872
2015.50550 -3.876
2015.50820 -4.235
2015.51100 -4.293
2015.51370 -3.942
2015.51640 -4.313
2015.51920 -4.468
2015.52190 -4.741
2015.52470 -3.984
2015.52740 -4.257
2015.53010 -4.15
2015.53290 -4.758
2015.53560 -4.181
2015.53840 -4.928
2015.54110 -3.861
2015.54380 -4.172
2015.54660 -4.541
2015.54930 -5.101
2015.55210 -4.412
2015.55480 -4.654
2015.55750 -4.797
2015.56030 -3.645
2015.56300 -4.568
2015.56580 -4.457
2015.57120 -4.627
2015.57400 -5.392
2015.57670 -4.91
2015.57950 -5.057
2015.58220 -5.079
2015.58490 -4.791
2015.58770 -5.977
2015.59040 -5.146
2015.59310 -5.75
2015.59590 -5.861
2015.59860 -6.235
2015.60140 -5.403
2015.60410 -5.3
2015.60680 -5.532
2015.60960 -5.383
2015.61230 -5.573
2015.61510 -5.126
2015.61780 -4.403
2015.62060 -5.579
2015.62330 -5.435
2015.62600 -5.727
2015.62880 -5.333
2015.63150 -6.585
2015.63430 -6.001
2015.63700 -5.497
2015.63970 -6.061
2015.64250 -5.173
2015.64520 -5.142
2015.64800 -5.45
2015.65070 -5.598
2015.65340 -5.462
2015.65620 -5.649
2015.65890 -5.419
2015.66160 -5.878
2015.66440 -5.799
2015.66710 -5.823
2015.66990 -5.868
2015.67530 -6.026
2015.67810 -5.53
2015.68080 -5.53
2015.68360 -5.767
2015.68900 -5.49
2015.69180 -6.302
2015.69450 -6.24
2015.69730 -5.614
2015.70000 -5.534
2015.70270 -5.752
2015.70550 -6.408
2015.70820 -6.17
2015.71100 -6.204
2015.71370 -6.977
2015.71640 -5.716
2015.71920 -6.007
2015.72190 -5.456
2015.72470 -6.383
2015.72740 -5.877
2015.73010 -5.041
2015.73290 -6.042
2015.73560 -6.209
2015.73840 -6.031
2015.74110 -6.675
2015.74380 -6.514
2015.74660 -6.33
2015.74930 -6.121
2015.75210 -5.703
2015.75480 -6.469
2015.75750 -6.299
2015.76300 -6.017
2015.76580 -6.285
2015.76850 -6.156
2015.77120 -6.35
2015.77400 -6.344
2015.77670 -6.199
2015.77950 -6.61
2015.78220 -6.812
2015.78490 -7.108
2015.78770 -6.951
2015.79040 -6.714
2015.79320 -7.1
2015.79590 -7.015
2015.79860 -6.648
2015.80140 -6.697
2015.80410 -7.351
2015.80680 -7.23
2015.80960 -7.279
2015.81230 -7.657
2015.81510 -7.261
2015.81780 -7.177
2015.82050 -6.901
2015.82330 -7.422
2015.82600 -7.607
2015.82880 -7.206
2015.83150 -7.131
2015.83430 -7.106
2015.83700 -6.858
2015.83970 -6.672
2015.84250 -6.87
2015.84520 -7.36
2015.84800 -7.588
2015.85070 -7.769
2015.85340 -7.492
2015.85620 -7.17
2015.85890 -7.324
2015.86160 -7.421
2015.86440 -7.634
2015.86710 -7.181
2015.86990 -6.693
2015.87260 -7.306
2015.87530 -7.231
2015.87810 -7.511
2015.88080 -7.18
2015.88360 -7.823
2015.88630 -7.437
2015.88900 -8.629
2015.89180 -8.751
2015.89450 -7.909
2015.89730 -7.753
2015.90000 -7.553
2015.90270 -7.018
2015.90550 -7.659
2015.90820 -7.677
2015.91100 -7.438
2015.91370 -7.232
2015.91640 -7.73
2015.91920 -7.285
2015.92190 -7.33
2015.92470 -7.088
2015.92740 -7.798
2015.93010 -7.676
2015.93290 -7.842
2015.93560 -8.303
2015.93840 -8.03
2015.94110 -7.879
2015.94380 -7.904
2015.94660 -8.262
2015.94930 -7.968
2015.95210 -8.383
2015.95480 -8.287
2015.95750 -8.258
2015.96030 -8.172
2015.96300 -8.443
2015.96580 -8.072
2015.96850 -8.045
2015.97120 -8.334
2015.97400 -8.219
2015.97670 -8.507
2015.97950 -8.171
2015.98220 -7.809
2015.98490 -8.443
2015.98770 -8.387
2015.99040 -8.26
2015.99320 -8.402
2015.99590 -8.199
2015.99860 -8.153
2016.00140 -7.995
2016.00410 -7.955
2016.00680 -8.167
2016.00960 -8.183
2016.01230 -8.393
2016.01500 -8.407
2016.01780 -8.217
2016.02050 -8.174
2016.02320 -8.516
2016.02600 -8.671
2016.02870 -8.85
2016.03140 -8.365
2016.03420 -8.106
2016.03690 -7.899
2016.03960 -7.79
2016.04230 -8.188
2016.04510 -7.972
2016.04780 -7.936
2016.05050 -8.41
2016.05330 -8.794
2016.05600 -9.098
2016.05870 -9.195
2016.06150 -8.925
2016.06420 -7.979
2016.06690 -8.248
2016.06970 -8.337
2016.07240 -8.386
2016.07510 -8.775
2016.07790 -9.01
2016.08060 -9.038
2016.08330 -8.738
2016.08610 -8.518
2016.08880 -8.261
2016.09150 -8.315
2016.09430 -8.649
2016.09700 -8.696
2016.09970 -8.634
2016.10250 -8.579
2016.10520 -8.347
2016.10790 -8.291
2016.11070 -8.429
2016.11340 -8.598
2016.11610 -8.785
2016.11890 -9.102
2016.12160 -8.539
2016.12430 -8.575
2016.12710 -8.956
2016.12980 -8.408
2016.13250 -8.856
2016.13530 -8.875
2016.13800 -8.664
2016.14070 -8.931
2016.14340 -9.408
2016.14620 -9.196
2016.14890 -9.143
2016.15160 -9.209
2016.15440 -9.179
2016.15710 -8.89
2016.15980 -9.181
2016.16260 -8.74
2016.16530 -8.734
2016.16800 -8.34
2016.17080 -8.524
2016.17350 -9.315
2016.17620 -9.055
2016.17900 -8.624
2016.18170 -9.05
2016.18440 -9.397
2016.18720 -9.401
2016.18990 -9.271
2016.19260 -8.847
2016.19540 -9.003
2016.19810 -8.955
2016.20080 -8.63
2016.20360 -8.769
2016.20630 -8.569
2016.20900 -8.281
2016.21170 -8.406
2016.21450 -8.87
2016.21720 -8.96
2016.21990 -8.953
2016.22270 -9.297
2016.22540 -9.495
2016.22810 -9.406
2016.23090 -9.284
2016.23360 -8.885
2016.23630 -8.565
2016.23910 -9.064
2016.24180 -9.231
2016.24450 -8.514
2016.24730 -8.917
2016.25000 -9.482
2016.25270 -9.505
2016.25550 -9.2
2016.25820 -8.915
2016.26090 -8.712
2016.26370 -8.926
2016.26640 -9.205
2016.26910 -9.174
2016.27190 -9.687
2016.27460 -9.748
2016.27730 -9.388
2016.28010 -9.034
2016.28280 -9.652
2016.28550 -9.444
2016.28830 -9.697
2016.29100 -10.142
2016.29370 -9.184
2016.29650 -9.582
2016.29920 -9.928
2016.30190 -9.642
2016.30460 -9.164
2016.30740 -9.649
2016.31010 -9.868
2016.31280 -9.764
2016.31560 -10.316
2016.31830 -10.211
2016.32100 -9.9
2016.32380 -9.884
2016.32650 -9.438
2016.32920 -9.56
2016.33200 -10.013
2016.33470 -10.208
2016.33740 -9.637
2016.34020 -9.452
2016.34290 -10.28
2016.34560 -10.17
2016.34840 -9.938
2016.35110 -9.708
2016.35380 -10.178
2016.35660 -9.59
2016.35930 -9.726
2016.36200 -9.827
2016.36480 -10.115
2016.36750 -10.72
2016.37020 -9.822
2016.37290 -9.461
2016.37570 -10.1
2016.37840 -10.549
2016.38110 -10.152
2016.38390 -10.215
2016.38660 -10.705
2016.38930 -10.111
2016.39210 -10.101
2016.39480 -9.735
2016.39750 -10.3
2016.40030 -10.256
2016.40300 -10.544
2016.40570 -10.276
2016.40850 -9.965
2016.41120 -10.111
2016.41390 -10.337
2016.41670 -11.17
2016.41940 -10.493
2016.42210 -11.247
2016.42490 -10.413
2016.42760 -10.792
2016.43030 -10.793
2016.43310 -11.165
2016.43580 -10.889
2016.43850 -9.97
2016.44130 -10.729
2016.44400 -10.934
2016.44670 -10.533
2016.44950 -10.332
2016.45220 -11.028
2016.45490 -10.566
2016.45770 -10.592
2016.46040 -10.919
2016.46310 -10.634
2016.46590 -10.446
2016.46860 -11.101
2016.47130 -11.046
2016.47400 -10.88
2016.47680 -11.101
2016.47950 -10.954
2016.48220 -10.811
2016.48500 -11.024
2016.48770 -11.809
2016.49040 -10.94
2016.49320 -10.875
2016.49590 -11.084
2016.49860 -11.623
2016.50140 -11.382
2016.50410 -12.384
2016.50680 -11.324
2016.51230 -11.456
2016.51500 -11.686
2016.51780 -11.427
2016.52050 -10.848
2016.52320 -10.645
2016.52600 -11.104
2016.52870 -11.606
2016.53140 -10.964
2016.53420 -11.419
2016.53690 -11.557
2016.53960 -11.096
2016.54230 -11.415
2016.54510 -11.35
2016.54780 -11.933
2016.55050 -11.623
2016.55330 -12.466
2016.55600 -11.566
2016.55870 -12.882
2016.56150 -11.536
2016.56420 -11.734
2016.56970 -11.468
2016.57240 -12.198
2016.57510 -12.662
2016.57790 -11.879
2016.58060 -10.838
2016.58330 -12.533
2016.58610 -12.653
2016.58880 -12.34
2016.59150 -11.775
2016.59430 -12.147
2016.59700 -11.681
2016.60520 -12.73
2016.60790 -12.009
2016.61070 -12.13
2016.61340 -12.017
2016.61610 -12.681
2016.61890 -11.992
2016.62160 -13.052
2016.62430 -11.681
2016.62710 -12.057
2016.62980 -11.628
2016.63250 -12.637
2016.63530 -12.615
2016.63800 -12.802
2016.64070 -12.02
2016.64340 -12.632
2016.64620 -13.137
2016.64890 -12.832
2016.65160 -12.592
2016.65440 -12.841
2016.65710 -12.709
2016.65980 -12.018
2016.66260 -11.888
2016.66530 -11.361
2016.66800 -11.886
2016.67080 -12.906
2016.67350 -12.938
2016.67620 -12.685
2016.67900 -12.788
2016.68170 -12.777
2016.68440 -12.511
2016.68720 -12.509
2016.68990 -13.061
2016.69260 -12.623
2016.69540 -13.057
2016.69810 -13.178
2016.70080 -13.245
2016.70360 -13.01
2016.70630 -13.199
2016.70900 -12.59
2016.71170 -12.938
2016.71450 -13.385
2016.71720 -12.782
2016.71990 -13.173
2016.72270 -13.434
2016.72540 -12.882
2016.72810 -13.117
2016.73090 -12.991
2016.73360 -13.038
2016.73630 -13.494
2016.73910 -13.517
2016.74180 -13.572
2016.74450 -13.603
2016.74730 -13.388
2016.75270 -13.377
2016.75550 -13.035
2016.75820 -13.895
2016.76090 -13.671
2016.76370 -13.942
2016.76640 -13.654
2016.76910 -13.243
2016.77190 -13.3
2016.77460 -13.482
2016.77730 -13.815
2016.78010 -13.974
2016.78280 -13.754
2016.78550 -14.081
2016.78830 -13.872
2016.79100 -14.164
2016.79370 -13.864
2016.79650 -13.543
2016.79920 -14.103
2016.80190 -13.733
2016.80460 -13.784
2016.80740 -14.185
2016.81010 -13.514
2016.81280 -13.597
2016.81560 -13.313
2016.81830 -13.919
2016.82100 -14.21
2016.82650 -14.098
2016.82920 -13.904
2016.83200 -14.302
2016.83470 -14.182
2016.83740 -13.796
2016.84020 -13.836
2016.84290 -13.3
2016.84560 -13.808
2016.84840 -14.368
2016.85110 -14.425
2016.85380 -14.161
2016.85660 -13.922
2016.85930 -14.387
2016.86200 -14.301
2016.86480 -14.142
2016.86750 -14.506
2016.87020 -14.282
2016.87290 -14.469
2016.87570 -14.351
2016.87840 -14.027
2016.88110 -13.954
2016.88390 -14.175
2016.88660 -14.419
2016.88930 -14.899
2016.89210 -14.452
2016.89480 -14.542
2016.89750 -14.302
2016.90030 -14.437
2016.90300 -14.59
2016.90570 -14.663
2016.90850 -14.953
2016.91120 -14.843
2016.91390 -14.767
2016.91670 -14.673
2016.91940 -14.692
2016.92210 -14.857
2016.92490 -14.838
2016.92760 -14.928
2016.93030 -14.507
2016.93310 -14.908
2016.93580 -14.389
2016.93850 -14.606
2016.94130 -14.489
2016.94400 -14.676
2016.94670 -14.991
2016.94950 -15.118
2016.95220 -14.7
2016.95490 -14.585
2016.95770 -14.421
2016.96040 -14.626
2016.96310 -14.814
2016.96590 -14.652
2016.96860 -15.153
2016.97130 -15.226
2016.97400 -14.474
2016.97680 -14.702
2016.97950 -15.014
2016.98220 -14.78
2016.98500 -15.148
2016.98770 -14.722
2016.99040 -14.864
2016.99320 -14.837
2016.99590 -14.687
2017.00140 -14.688
2017.00410 -14.593
2017.00690 -14.448
2017.00960 -14.71
2017.01230 -14.689
2017.01510 -14.656
2017.01780 -14.504
2017.02060 -14.122
2017.02330 -14.449
2017.02600 -14.555
2017.02880 -14.856
2017.03150 -14.706
2017.03420 -14.983
2017.03700 -15.031
2017.03970 -15.314
2017.04250 -15.283
2017.04520 -15.419
2017.04790 -15.52
2017.05070 -15.347
2017.05340 -15.209
2017.05620 -15.546
2017.05890 -15.461
2017.06160 -15.713
2017.06440 -15.832
2017.06710 -15.273
2017.06990 -15.388
2017.07260 -14.984
2017.07530 -15.491
2017.07810 -15.62
2017.08080 -15.06
2017.08360 -15.462
2017.08630 -15.335
2017.08900 -15.14
2017.09180 -15.22
2017.09450 -15.009
2017.09730 -15.185
2017.10000 -15.463
2017.10270 -15.567
2017.10550 -15.667
2017.10820 -14.92
2017.11100 -15.278
2017.11370 -15.285
2017.11640 -15.496
2017.11920 -15.61
2017.12190 -15.525
2017.12470 -14.798
2017.12740 -15.326
2017.13010 -15.47
2017.13290 -15.024
2017.13560 -15.281
2017.13840 -15.205
2017.14110 -16.018
2017.14380 -15.639
2017.14660 -15.299
2017.14930 -15.641
2017.15200 -15.741
2017.15480 -15.603
2017.15750 -15.502
2017.16030 -15.539
2017.16300 -15.481
2017.16570 -14.745
2017.16850 -15.373
2017.17120 -15.47
2017.17400 -15.584
2017.17670 -15.265
2017.17950 -15.191
2017.18220 -15.37
2017.18490 -15.336
2017.18770 -15.413
2017.19040 -15.9
2017.19320 -16.044
2017.19590 -15.736
2017.19860 -15.875
2017.20140 -15.764
2017.20410 -15.734
2017.20690 -15.884
2017.20960 -16.222
2017.21230 -16.156
2017.21510 -16.354
2017.21780 -15.956
2017.22060 -16.317
2017.22330 -16.369
2017.22600 -16.555
2017.22880 -16.196
2017.23150 -16.302
2017.23430 -16.096
2017.23700 -16.258
2017.23970 -16.409
2017.24250 -16.328
2017.24520 -16.156
2017.24790 -15.975
2017.25070 -16.204
2017.25340 -16.317
2017.25620 -16.326
2017.25890 -16.175
2017.26160 -15.636
2017.26440 -16.498
2017.26710 -16.576
2017.26990 -16.476
2017.27260 -16.274
2017.27530 -16.394
2017.27810 -15.952
2017.28080 -16.542
2017.28360 -16.093
2017.28630 -16.512
2017.28900 -16.844
2017.29180 -16.383
2017.29450 -15.968
2017.29730 -16.3
2017.30000 -16.613
2017.30270 -16.127
2017.30550 -16.489
2017.30820 -16.66
2017.31100 -17.097
2017.31370 -16.942
2017.31640 -16.838
2017.31920 -16.59
2017.32190 -16.288
2017.32470 -16.358
2017.32740 -16.387
2017.33010 -16.521
2017.33290 -16.196
2017.33560 -17.293
2017.33840 -16.4
2017.34110 -16.53
2017.34380 -16.502
2017.34660 -16.249
2017.34930 -16.282
2017.35210 -16.461
2017.35480 -16.06
2017.35750 -16.324
2017.36030 -16.187
2017.36300 -16.456
2017.36570 -16.801
2017.36850 -16.54
2017.37120 -16.361
2017.37400 -16.178
2017.37670 -16.948
2017.37940 -16.651
2017.38220 -15.539
2017.38490 -16.111
2017.38770 -17.295
2017.39040 -16.516
2017.39320 -16.731
2017.39590 -16.892
2017.39860 -16.643
2017.40140 -16.896
2017.40410 -16.838
2017.40960 -17.211
2017.41230 -16.902
2017.41510 -16.672
2017.41780 -17.294
2017.42060 -17.313
2017.42330 -17.384
2017.42600 -16.851
2017.42880 -17.499
2017.43150 -17.178
2017.43430 -17.09
2017.43700 -16.84
2017.43970 -17.074
2017.44250 -17.248
2017.44520 -17.672
2017.44800 -17.817
2017.45070 -17.323
2017.45340 -17.472
2017.45620 -17.44
2017.45890 -17.157
2017.46160 -17.363
2017.46440 -18.758
2017.46710 -17.493
2017.46990 -17.391
2017.47260 -18.053
2017.47530 -17.419
2017.47810 -17.603
2017.48080 -17.75
2017.48360 -17.284
2017.48630 -17.297
2017.48900 -17.793
2017.49180 -17.406
2017.49450 -17.538
2017.49730 -17.714
2017.50000 -17.45
2017.50270 -16.71
2017.50550 -18.043
2017.50820 -18.377
2017.51100 -17.512
2017.51370 -17.916
2017.51640 -17.148
2017.51920 -18.873
2017.52190 -17.973
2017.52470 -17.965
2017.52740 -17.912
2017.53560 -18.009
2017.53840 -18.427
2017.54380 -18.486
2017.54660 -18.416
2017.54930 -18.38
2017.55210 -17.835
2017.55480 -18.541
2017.55750 -18.062
2017.56030 -19.302
2017.56300 -18.261
2017.56580 -19.172
2017.56850 -18.557
2017.57120 -18.702
2017.57400 -19.327
2017.57670 -17.862
2017.57950 -18.423
2017.58220 -17.007
2017.58490 -17.748
2017.58770 -17.755
2017.59040 -17.7
2017.59310 -17.788
2017.59590 -18.35
2017.59860 -18.546
2017.60140 -17.28
2017.60410 -18.308
2017.60680 -17.617
2017.61230 -18.783
2017.61510 -18.637
2017.61780 -18.854
2017.62060 -18.45
2017.62330 -19.052
2017.62600 -18.834
2017.62880 -19.018
2017.63150 -20.051
2017.63430 -18.807
2017.63700 -18.796
2017.63970 -18.169
2017.64250 -18.438
2017.64520 -17.716
2017.64800 -18.97
2017.65070 -18.853
2017.65340 -19.659
2017.65620 -19.73
2017.65890 -19.166
2017.66160 -19.031
2017.66440 -19.038
2017.66710 -19.374
2017.66990 -19.265
2017.67260 -19.276
2017.67530 -19.57
2017.67810 -19.273
2017.68080 -18.898
2017.68360 -19.029
2017.68630 -19.339
2017.68900 -19.045
2017.69180 -19.241
2017.69450 -19.164
2017.69730 -19.255
2017.70000 -19.648
2017.70270 -19.835
2017.70550 -19.583
2017.70820 -19.923
2017.71100 -19.345
2017.71370 -19.366
2017.71640 -19.592
2017.71920 -19.215
2017.72190 -19.545
2017.72470 -19.634
2017.72740 -20.07
2017.73010 -19.101
2017.73290 -19.499
2017.73560 -20.148
2017.73840 -20.206
2017.74110 -19.397
2017.74380 -19.499
2017.74660 -19.805
2017.74930 -19.957
2017.75210 -20.482
2017.75480 -20.067
2017.75750 -20.286
2017.76030 -20.118
2017.76300 -20.041
2017.76580 -20.29
2017.76850 -20.867
2017.77120 -21.047
2017.77400 -20.795
2017.77670 -20.773
2017.77950 -20.605
2017.78220 -20.547
2017.78490 -20.458
2017.78770 -20.91
2017.79040 -20.678
2017.79320 -20.417
2017.79590 -20.735
2017.79860 -20.477
2017.80140 -19.962
2017.80410 -20.288
2017.80680 -20.738
2017.80960 -20.679
2017.81230 -20.464
2017.81510 -20.104
2017.81780 -20.179
2017.82050 -20.05
2017.82330 -20.924
2017.82600 -20.169
2017.82880 -20.097
2017.83150 -20.199
2017.83430 -19.766
2017.83700 -20.204
2017.83970 -20.413
2017.84250 -20.121
2017.84520 -20.066
2017.84800 -20.183
2017.85070 -20.103
2017.85340 -19.74
2017.85620 -20.295
2017.85890 -20.187
2017.86160 -19.645
2017.86440 -20.344
2017.86710 -20.115
2017.86990 -20.057
2017.87260 -20.301
2017.87530 -20.38
2017.87810 -20.794
2017.88080 -20.264
2017.88360 -20.712
2017.88630 -20.659
2017.88900 -20.316
2017.89180 -20.465
2017.89450 -20.557
2017.89730 -20.557
2017.90000 -20.491
2017.90270 -20.254
2017.90550 -19.827
2017.90820 -20.659
2017.91100 -20.615
2017.91370 -20.886
2017.91640 -20.456
2017.91920 -20.34
2017.92190 -20.696
2017.92470 -20.367
2017.92740 -20.095
2017.93010 -20.427
2017.93290 -20.845
2017.93560 -20.24
2017.93840 -20.2
2017.94110 -20.968
2017.94380 -20.497
2017.94660 -20.84
2017.94930 -20.614
2017.95210 -20.894
2017.95480 -21.171
2017.95750 -21.034
2017.96030 -20.458
2017.96300 -20.95
2017.96580 -20.66
2017.96850 -20.288
2017.97120 -20.027
2017.97400 -20.087
2017.97670 -20.03
2017.97950 -19.979
2017.98220 -20.349
2017.98490 -20.56
2017.98770 -20.267
2017.99040 -20.684
2017.99320 -20.721
2017.99590 -20.658
2017.99860 -20.532
2018.00140 -20.754
2018.00410 -21.22
2018.00690 -20.939
2018.00960 -20.772
2018.01230 -20.589
2018.01510 -20.686
2018.01780 -20.787
2018.02060 -20.376
2018.02330 -20.643
2018.02600 -20.882
2018.02880 -20.932
2018.03150 -20.911
2018.03420 -20.654
2018.03700 -21.047
2018.03970 -20.654
2018.04250 -20.847
2018.04520 -21.149
2018.04790 -21.103
2018.05070 -20.783
2018.05340 -21.095
2018.05620 -21.109
2018.05890 -21.064
2018.06160 -20.805
2018.06440 -21.455
2018.06710 -21.697
2018.06990 -21.086
2018.07260 -21.36
2018.07530 -20.877
2018.07810 -20.699
2018.08080 -21.199
2018.08360 -21.187
2018.08630 -21.799
2018.08900 -21.912
2018.09180 -21.29
2018.09450 -21.41
2018.09730 -21.213
2018.10000 -20.848
2018.10270 -21.176
2018.10550 -20.74
2018.10820 -21.285
2018.11100 -21.092
2018.11370 -21.042
2018.11640 -20.82
2018.11920 -20.53
2018.12190 -21.235
2018.12470 -20.703
2018.12740 -21.123
2018.13010 -20.934
2018.13290 -21.168
2018.13560 -21.249
2018.13840 -21.167
2018.14110 -20.822
2018.14380 -21.107
2018.14660 -21.495
2018.14930 -21.527
2018.15200 -21.605
2018.15480 -21.635
2018.15750 -21.688
2018.16030 -21.372
2018.16300 -20.908
2018.16570 -21.315
2018.16850 -21.337
2018.17120 -21.74
2018.17400 -21.526
2018.17670 -22.058
2018.17950 -22.034
2018.18220 -21.387
2018.18490 -21.627
2018.18770 -21.74
2018.19040 -21.015
2018.19320 -21.175
2018.19590 -21.458
2018.19860 -21.31
2018.20140 -21.825
2018.20410 -21.484
2018.20690 -22.177
2018.20960 -22.033
2018.21230 -21.912
2018.21510 -22.431
2018.21780 -21.754
2018.22060 -21.181
2018.22330 -21.603
2018.22600 -21.685
2018.22880 -21.626
2018.23150 -21.653
2018.23430 -21.363
2018.23700 -21.517
2018.23970 -21.962
2018.24250 -21.836
2018.24520 -21.878
2018.24790 -21.326
2018.25070 -21.812
2018.25340 -22.066
2018.25620 -22.972
2018.25890 -22.192
2018.26160 -22.059
2018.26440 -21.504
2018.26710 -21.942
2018.26990 -21.662
2018.27260 -21.684
2018.27530 -21.553
2018.27810 -22.05
2018.28080 -22.138
2018.28360 -21.933
2018.28630 -21.58
2018.28900 -21.541
2018.29180 -21.539
2018.29450 -21.25
2018.29730 -21.612
2018.30000 -21.341
2018.30270 -22.474
2018.30550 -22.02
2018.30820 -22.852
2018.31100 -22.146
2018.31370 -22.45
2018.31640 -22.125
2018.31920 -22.193
2018.32190 -21.896
2018.32470 -21.861
2018.32740 -22.489
2018.33010 -22.505
2018.33290 -22.38
2018.33560 -22.126
2018.33840 -22.018
2018.34110 -22.345
2018.34380 -22.071
2018.34660 -21.977
2018.34930 -22.303
2018.35210 -22.54
2018.35480 -22.796
2018.35750 -22.515
2018.36030 -22.096
2018.36300 -21.633
2018.36570 -21.343
2018.36850 -21.897
2018.37120 -21.467
2018.37400 -22.621
2018.37670 -21.817
2018.37940 -22.47
2018.38490 -22.937
2018.38770 -23.517
2018.39040 -21.817
2018.39320 -22.123
2018.39590 -22.406
2018.39860 -22.572
2018.40140 -22.459
2018.40410 -22.959
2018.40690 -22.906
2018.40960 -22.669
2018.41230 -22.71
2018.41510 -22.575
2018.41780 -22.627
2018.42060 -23.781
2018.42330 -22.957
2018.42600 -22.663
2018.42880 -22.86
2018.43150 -23.337
2018.43430 -22.416
2018.43700 -23.017
2018.43970 -23.035
2018.44250 -22.771
2018.44520 -22.487
2018.44800 -22.954
2018.45070 -22.938
2018.45340 -22.957
2018.45620 -22.342
2018.45890 -22.556
2018.46160 -22.621
2018.46440 -22.777
2018.46710 -22.591
2018.46990 -23.104
2018.47260 -22.616
2018.47530 -22.886
2018.47810 -22.152
2018.48080 -23.253
2018.48360 -23.015
2018.48630 -23.173
2018.48900 -22.821
2018.49180 -23.557
2018.49450 -23.554
2018.49730 -23.239
2018.50000 -23.005
2018.50270 -22.588
2018.50550 -22.928
2018.50820 -23.212
2018.51100 -22.895
2018.51370 -23.825
2018.51640 -23.963
2018.51920 -23.801
2018.52190 -23.848
2018.52740 -24.778
2018.53010 -23.285
2018.53290 -24.56
2018.53560 -23.505
2018.53840 -24.335
2018.54110 -24.449
2018.54380 -23.747
2018.54930 -23.536
2018.55210 -23.916
2018.55750 -23.907
2018.56300 -23.191
2018.56580 -23.156
2018.56850 -25.088
2018.57120 -23.932
2018.57400 -23.546
2018.57670 -23.461
2018.57950 -23.912
2018.58220 -23.632
2018.58490 -23.952
2018.58770 -23.923
2018.59040 -23.448
2018.59310 -23.667
2018.59590 -23.445
2018.59860 -24.085
2018.60140 -24.613
2018.60410 -24.029
2018.60680 -24.048
2018.60960 -24.156
2018.61510 -23.046
2018.61780 -25.539
2018.62060 -24.784
2018.62330 -24.222
2018.62600 -24.522
2018.62880 -23.652
2018.63150 -25.21
2018.63430 -24.556
2018.63700 -23.644
2018.63970 -24.716
2018.64250 -24.321
2018.64520 -24.042
2018.64800 -24.072
2018.65070 -24.339
2018.65340 -24.838
2018.65620 -25.5
2018.65890 -24.3
2018.66160 -24.523
2018.66440 -24.784
2018.66710 -24.606
2018.66990 -25.258
2018.67260 -24.119
2018.67530 -25.047
2018.67810 -24.409
2018.68080 -24.82
2018.68360 -25.088
2018.68630 -24.804
2018.68900 -25.837
2018.69180 -25.022
2018.69450 -24.765
2018.69730 -25.196
2018.70000 -24.581
2018.70270 -25.403
2018.70820 -24.772
2018.71100 -25.496
2018.71370 -25.126
2018.71640 -25.845
2018.71920 -25.918
2018.72190 -25.2
2018.72470 -25.269
2018.72740 -25.291
2018.73010 -25.371
2018.73290 -25.333
2018.73560 -25.426
2018.73840 -25.894
2018.74110 -25.669
2018.74380 -25.418
2018.74660 -25.542
2018.74930 -25.017
2018.75210 -25.495
2018.75480 -25.726
2018.75750 -25.747
2018.76030 -25.489
2018.76300 -25.42
2018.76580 -25.981
2018.76850 -25.825
2018.77120 -25.546
2018.77400 -25.546
2018.77670 -25.612
2018.77950 -25.635
2018.78220 -25.303
2018.78490 -25.453
2018.78770 -25.507
2018.79040 -26.118
2018.79320 -25.748
2018.79590 -26.184
2018.79860 -26.267
2018.80140 -25.685
2018.80410 -25.608
2018.80680 -25.561
2018.80960 -25.336
2018.81230 -25.664
2018.81510 -25.89
2018.81780 -25.798
2018.82050 -25.388
2018.82330 -25.484
2018.82600 -25.553
2018.82880 -25.658
2018.83150 -25.681
2018.83430 -25.694
2018.83700 -25.722
2018.83970 -25.543
2018.84250 -26.244
2018.84520 -26.324
2018.84800 -26.11
2018.85070 -25.452
2018.85340 -25.82
2018.85620 -25.522
2018.85890 -25.998
2018.86160 -25.514
2018.86440 -25.563
2018.86710 -25.979
2018.86990 -25.807
2018.87260 -26.236
2018.87530 -25.594
2018.87810 -25.851
2018.88080 -25.322
2018.88360 -25.489
2018.88630 -25.888
2018.88900 -25.932
2018.89180 -26.097
2018.89450 -26.168
2018.89730 -25.962
2018.90000 -25.716
2018.90270 -26.226
2018.90550 -26.248
2018.90820 -26.144
2018.91100 -25.902
2018.91370 -26.053
2018.91640 -25.871
2018.91920 -26.042
2018.92190 -26.127
2018.92470 -25.909
2018.92740 -26.123
2018.93010 -26.29
2018.93290 -26.24
2018.93560 -26.12
2018.93840 -26.422
2018.94110 -26.628
2018.94380 -26.37
2018.94660 -26.115
2018.94930 -26.564
2018.95210 -26.335
2018.95480 -26.186
2018.95750 -25.975
2018.96030 -25.843
2018.96300 -25.823
2018.96580 -25.952
2018.96850 -25.899
2018.97120 -26.183
2018.97400 -26.337
2018.97670 -26.431
2018.97950 -26.192
2018.98220 -26.485
2018.98490 -26.669
2018.98770 -26.769
2018.99040 -27.157
2018.99320 -27.381
2018.99590 -27.307
2018.99860 -27.128
2019.00140 -27.3
2019.00410 -26.981
2019.00690 -27.218
2019.00960 -26.774
2019.01230 -26.843
2019.01510 -26.827
2019.01780 -26.618
2019.02060 -27.071
2019.02330 -26.582
2019.02600 -26.315
2019.02880 -26.495
2019.03150 -26.833
2019.03420 -26.925
2019.03700 -27.116
2019.03970 -26.748
2019.04250 -26.585
2019.04520 -26.433
2019.04790 -26.561
2019.05070 -26.427
2019.05340 -26.344
2019.05620 -25.912
2019.05890 -26.284
2019.06160 -26.623
2019.06440 -26.817
2019.06710 -27.077
2019.06990 -26.584
2019.07260 -26.774
2019.07530 -26.425
2019.07810 -26.559
2019.08080 -26.801
2019.08360 -26.612
2019.08630 -26.362
2019.08900 -26.723
2019.09180 -26.887
2019.09450 -26.185
2019.09730 -26.826
2019.10000 -26.743
2019.10270 -27.213
2019.10550 -27.063
2019.10820 -27.276
2019.11100 -27.191
2019.11370 -27.418
2019.11640 -27.644
2019.11920 -27.562
2019.12190 -27.232
2019.12470 -27.3
2019.12740 -26.987
2019.13010 -27.157
2019.13290 -27.139
2019.13560 -27.554
2019.13840 -27.459
2019.14110 -27.637
2019.14380 -27.653
2019.14660 -27.267
2019.14930 -27.25
2019.15200 -26.961
2019.15480 -27.083
2019.15750 -27.031
2019.16030 -26.982
2019.16300 -26.979
2019.16570 -26.833
2019.16850 -26.911
2019.17120 -26.889
2019.17400 -27.642
2019.17670 -27.577
2019.17950 -27.482
2019.18220 -27.807
2019.18490 -27.496
2019.18770 -27.477
2019.19040 -27.496
2019.19320 -27.744
2019.19590 -27.914
2019.19860 -27.961
2019.20140 -27.772
2019.20410 -27.282
2019.20690 -27.18
2019.20960 -27.001
2019.21230 -26.786
2019.21510 -27.469
2019.21780 -27.836
2019.22060 -27.685
2019.22330 -27.74
2019.22600 -27.171
2019.22880 -27.507
2019.23150 -27.831
2019.23430 -27.61
2019.23700 -27.562
2019.23970 -27.568
2019.24250 -27.83
2019.24520 -27.666
2019.24790 -27.912
2019.25070 -27.879
2019.25340 -27.83
2019.25620 -27.427
2019.25890 -27.467
2019.26160 -27.525
2019.26440 -27.707
2019.26710 -28.06
2019.26990 -27.588
2019.27260 -27.703
2019.27530 -27.947
2019.27810 -27.889
2019.28080 -27.755
2019.28360 -27.85
2019.28630 -27.422
2019.28900 -27.184
2019.29180 -27.207
2019.29450 -27.919
2019.29730 -27.592
2019.30000 -28.393
2019.30270 -27.873
2019.30550 -27.844
2019.30820 -27.705
2019.31100 -28.381
2019.31370 -28.183
2019.31640 -28.335
2019.31920 -28.976
2019.32190 -27.868
2019.32470 -28.125
2019.32740 -28.245
2019.33010 -27.971
2019.33290 -27.84
2019.33560 -28.712
2019.33840 -28.234
2019.34110 -28.817
2019.34380 -28.265
2019.34660 -27.986
2019.34930 -28.162
2019.35210 -27.884
2019.35480 -28.234
2019.35750 -27.837
2019.36030 -28.553
2019.36300 -28.142
2019.36570 -27.49
2019.36850 -28.208
2019.37120 -27.712
2019.37400 -28.041
2019.37670 -27.563
2019.37940 -28.284
2019.38220 -27.671
2019.38490 -27.826
2019.38770 -27.874
2019.39040 -27.53
2019.39320 -28.029
2019.39590 -28.618
2019.39860 -28.855
2019.40140 -28.47
2019.40410 -28.125
2019.40690 -28.081
2019.40960 -28.756
2019.41230 -27.994
2019.41510 -27.93
2019.41780 -27.538
2019.42060 -27.729
2019.42330 -28.845
2019.42600 -28.332
2019.42880 -29.127
2019.43150 -28.824
2019.43430 -28.463
2019.43700 -28.514
2019.43970 -28.45
2019.44250 -28.149
2019.44520 -28.498
2019.44800 -28.804
2019.45070 -29.246
2019.45340 -29.056
2019.45620 -28.606
2019.45890 -29.321
2019.46160 -29.056
2019.46440 -28.714
2019.46710 -29.358
2019.46990 -29.168
2019.47260 -28.715
2019.47530 -28.588
2019.47810 -29.338
2019.48080 -28.641
2019.48630 -28.526
2019.48900 -29.038
2019.49180 -28.975
2019.49450 -29.372
2019.49730 -29.047
2019.50000 -29.852
2019.50270 -29.092
2019.50550 -28.727
2019.50820 -29.427
2019.51100 -29.454
2019.51370 -29.528
2019.51640 -29.442
2019.51920 -29.209
2019.52190 -28.711
2019.52470 -29.283
2019.52740 -28.829
2019.53010 -28.639
2019.53290 -28.931
2019.53560 -28.963
2019.53840 -29.241
2019.54380 -28.762
2019.54660 -28.346
2019.54930 -28.944
2019.55210 -28.82
2019.55480 -27.299
2019.55750 -29.07
2019.56030 -28.502
2019.56300 -29.204
2019.56580 -28.723
2019.56850 -29.33
2019.57120 -28.61
2019.57400 -29.213
2019.57670 -28.194
2019.57950 -29.154
2019.58220 -29.429
2019.58770 -29.039
2019.59040 -29.156
2019.59310 -30.321
2019.59590 -30.242
2019.59860 -29.134
2019.60140 -29.13
2019.60410 -29.811
2019.60680 -29.761
2019.60960 -29.753
2019.61230 -29.985
2019.61510 -29.397
2019.61780 -29.409
2019.62060 -28.931
2019.62330 -29.907
2019.62600 -29.804
2019.62880 -30.152
2019.63150 -29.556
2019.63430 -30.425
2019.63700 -29.507
2019.63970 -30.322
2019.64250 -30.29
2019.64520 -30.102
2019.64800 -29.994
2019.65070 -30.453
2019.65340 -30.5
2019.65620 -30.404
2019.66160 -30.041
2019.66440 -30.394
2019.66710 -30.374
2019.66990 -31.049
2019.67260 -30.557
2019.67530 -30.081
2019.67810 -30.289
2019.68080 -30.287
2019.68360 -29.58
2019.68630 -29.873
2019.68900 -29.301
2019.69180 -31.14
2019.69450 -30.906
2019.69730 -30.168
2019.70000 -30.858
2019.70270 -30.543
2019.70550 -31.147
2019.70820 -30.755
2019.71100 -30.968
2019.71370 -30.462
2019.71640 -30.895
2019.71920 -31.19
2019.72190 -31.18
2019.72470 -30.754
2019.72740 -31.26
2019.73010 -30.82
2019.73290 -31.361
2019.73560 -31.597
2019.73840 -31.489
2019.74110 -31.083
2019.74380 -30.677
2019.74660 -30.122
2019.74930 -30.555
2019.75210 -30.504
2019.75480 -30.193
2019.75750 -31.848
2019.76030 -30.555
2019.76300 -31.728
2019.76580 -30.925
2019.76850 -30.49
2019.77120 -30.76
2019.77400 -30.402
2019.77670 -31.139
2019.77950 -31.137
2019.78220 -32.327
2019.78490 -31.581
2019.78770 -30.523
2019.79040 -30.989
2019.79320 -30.677
2019.79590 -30.99
2019.79860 -31.198
2019.80140 -30.838
2019.80410 -30.728
2019.80680 -30.964
2019.80960 -30.81
2019.81230 -31.304
2019.81510 -31.13
2019.81780 -30.249
2019.82050 -30.238
2019.82330 -30.412
2019.82600 -29.956
2019.82880 -30.599
2019.83150 -30.598
2019.83700 -31.173
2019.83970 -31.155
2019.84250 -31.197
2019.84520 -30.818
2019.84800 -30.975
2019.85070 -31.061
2019.85620 -30.831
2019.85890 -30.316
2019.86160 -30.107
2019.86440 -31.145
2019.86710 -30.921
2019.86990 -30.469
2019.87260 -30.89
2019.87530 -30.774
2019.87810 -31.309
2019.88080 -31.009
2019.88360 -30.642
2019.88630 -31.255
2019.88900 -31.331
2019.89180 -30.955
2019.89450 -31.23
2019.89730 -31.518
2019.90000 -31.095
2019.90270 -31.562
2019.90550 -31.807
2019.90820 -31.3
2019.91100 -31.554
2019.91370 -31.178
2019.91640 -31.29
2019.91920 -31.026
2019.92190 -31.466
2019.92470 -31.889
2019.92740 -31.814
2019.93010 -31.328
2019.93290 -31.362
2019.93560 -31.23
2019.93840 -31.158
2019.94110 -31.272
2019.94380 -31.543
2019.94660 -31.413
2019.94930 -31.811
2019.95210 -31.751
2019.95480 -31.833
2019.95750 -32.525
2019.96030 -31.968
2019.96300 -31.394
2019.96580 -31.589
2019.96850 -31.242
2019.97120 -31.367
2019.97400 -31.614
2019.97670 -31.585
2019.97950 -31.586
2019.98220 -31.709
2019.98490 -31.44
2019.98770 -30.987
2019.99040 -31.45
2019.99320 -31.786
2019.99590 -32.132
2019.99860 -31.638
2020.00140 -32.016
2020.00410 -32.016
2020.00680 -31.928
2020.00960 -32.014
2020.01230 -32.124
2020.01500 -32.142
2020.01780 -31.583
2020.02050 -31.18
2020.02320 -31.524
2020.02600 -31.645
2020.02870 -31.626
2020.03140 -31.109
2020.03420 -31.429
2020.03690 -31.511
2020.03960 -31.761
2020.04230 -31.552
2020.04510 -31.173
2020.04780 -31.052
2020.05050 -30.717
2020.05330 -30.574
2020.05600 -30.817
2020.05870 -30.987
2020.06150 -31.288
2020.06420 -31.6
2020.06690 -31.718
2020.06970 -31.696
2020.07240 -31.571
2020.07510 -31.48
2020.07790 -31.412
2020.08060 -31.255
2020.08330 -31.641
2020.08610 -32.072
2020.08880 -32.014
2020.09150 -31.838
2020.09430 -32.107
2020.09700 -32.215
2020.09970 -32.095
2020.10250 -31.904
2020.10520 -32.244
2020.10790 -31.622
2020.11070 -31.806
2020.11340 -31.682
2020.11610 -31.585
2020.11890 -31.746
2020.12160 -32.568
2020.12430 -32.43
2020.12710 -31.983
2020.12980 -32.059
2020.13250 -32.13
2020.13530 -32.363
2020.13800 -32.571
2020.14070 -32.329
2020.14340 -32.199
2020.14620 -31.635
2020.14890 -32.008
2020.15160 -31.8
2020.15440 -32.226
2020.15710 -31.953
2020.15980 -32.048
2020.16260 -32.562
2020.16530 -32.34
2020.16800 -32.437
2020.17080 -32.779
2020.17350 -32
2020.17620 -31.457
2020.17900 -32.072
2020.18170 -31.892
2020.18440 -31.701
2020.18720 -31.738
2020.18990 -31.303
2020.19260 -31.133
2020.19540 -32.143
2020.19810 -31.753
2020.20080 -31.262
2020.20360 -31.279
2020.20630 -31.337
2020.20900 -31.253
2020.21170 -31.161
2020.21450 -31.044
2020.21720 -31.038
2020.21990 -31.416
2020.22270 -31.309
2020.22540 -31.67
2020.22810 -30.766
2020.23090 -31.327
2020.23360 -31.764
2020.23630 -31.681
2020.23910 -31.5
2020.24180 -31.614
2020.24450 -31.511
2020.24730 -31.662
2020.25000 -31.71
2020.25270 -31.682
2020.25550 -32.028
2020.25820 -31.903
2020.26090 -32.004
2020.26370 -31.959
2020.26640 -32.108
2020.26910 -31.955
2020.27190 -32.589
2020.27460 -32.798
2020.27730 -32.199
2020.28010 -32.025
2020.28280 -31.831
2020.28550 -31.417
2020.28830 -31.633
2020.29100 -32.208
2020.29370 -32.19
2020.29650 -31.794
2020.29920 -31.945
2020.30190 -32.128
2020.30460 -31.837
2020.30740 -31.988
2020.31010 -31.44
2020.31280 -31.212
2020.31560 -31.771
2020.31830 -31.811
2020.32100 -32.151
2020.32380 -31.243
2020.32650 -31.726
2020.32920 -31.358
2020.33200 -31.339
2020.33470 -30.839
2020.33740 -31.209
2020.34020 -31.615
2020.34290 -31.549
2020.34560 -30.758
2020.34840 -31.911
2020.35110 -32.027
2020.35380 -31.806
2020.35660 -31.66
2020.35930 -31.409
2020.36200 -31.68
2020.36480 -31.717
2020.36750 -31.467
2020.37020 -31.517
2020.37290 -31.385
2020.37570 -31.802
2020.37840 -31.622
2020.38110 -31.777
2020.38390 -31.87
2020.38660 -32.251
2020.38930 -32.31
2020.39210 -31.682
2020.39480 -31.826
2020.39750 -31.981
2020.40030 -31.976
2020.40300 -31.608
2020.40570 -31.294
2020.40850 -31.632
2020.41120 -32.217
2020.41390 -31.889
2020.41670 -32.11
2020.41940 -31.868
2020.42210 -31.754
2020.42490 -31.853
2020.42760 -32.225
2020.43030 -31.637
2020.43310 -31.854
2020.43580 -32.17
2020.43850 -32.491
2020.44130 -32.821
2020.44400 -31.148
2020.44670 -31.54
2020.44950 -31.293
2020.45220 -31.6
2020.45490 -31.424
2020.45770 -31.915
2020.46040 -31.978
2020.46310 -32.216
2020.46590 -32.208
2020.46860 -32.188
2020.47130 -32.252
2020.47400 -31.786
2020.47680 -32.004
2020.47950 -32.242
2020.48220 -32.201
2020.48500 -32.352
2020.48770 -32.492
2020.49040 -31.943
2020.49320 -31.91
2020.49590 -32.063
2020.49860 -32.073
2020.50140 -32.146
2020.50410 -31.923
2020.50680 -31.892
2020.50960 -31.993
2020.51230 -31.678
2020.51500 -31.812
2020.51780 -31.885
2020.52050 -31.91
2020.52320 -32.236
2020.52600 -32.638
2020.52870 -32.519
2020.53140 -32.602
2020.53420 -32.127
2020.53690 -31.79
2020.53960 -32.016
2020.54510 -32.503
2020.54780 -32.268
2020.55050 -31.969
2020.55330 -32.355
2020.55600 -32.87
2020.55870 -32.719
2020.56150 -32.135
2020.56420 -32.622
2020.56690 -32.417
2020.56970 -32.45
2020.57240 -32.198
2020.57510 -32.249
2020.57790 -32.45
2020.58060 -33.558
2020.58330 -32.92
2020.58610 -33.456
2020.58880 -34.05
2020.59150 -32.607
2020.59430 -33.248
2020.59700 -32.199
2020.59970 -32.446
2020.60250 -32.461
2020.60520 -32.873
2020.60790 -32.751
2020.61070 -33.378
2020.61340 -33.795
2020.61610 -32.725
2020.61890 -33.194
2020.62160 -33.964
2020.62430 -32.873
2020.62710 -33.496
2020.63250 -33.816
2020.63530 -34.242
2020.63800 -33.938
2020.64070 -32.964
2020.64620 -33.042
2020.64890 -34.143
2020.65160 -34.085
2020.65440 -33.173
2020.66260 -34.179
2020.66530 -33.784
2020.66800 -34.075
2020.67080 -33.775
2020.67350 -33.521
2020.67620 -33.515
2020.67900 -33.345
2020.68440 -33.562
2020.68720 -33.901
2020.68990 -33.612
2020.69260 -33.594
2020.69540 -34.127
2020.69810 -34.121
2020.70360 -33.797
2020.70630 -33.41
2020.70900 -33.063
2020.71170 -33.109
2020.71450 -32.855
2020.71720 -33.472
2020.72270 -34.124
2020.72540 -33.769
2020.73090 -33.756
2020.73360 -33.657
2020.73630 -34.014
2020.74180 -33.594
2020.74450 -34.009
2020.74730 -33.063
2020.75000 -33.337
2020.75270 -33.916
2020.75550 -33.226
2020.75820 -33.193
2020.76090 -33.484
2020.77190 -34.232
2020.77460 -33.502
2020.77730 -34.291
2020.78010 -33.894
2020.78280 -33.841
2020.78550 -33.656
2020.78830 -33.007
2020.80460 -33.253
2020.81560 -34.227
2020.81830 -33.87
2020.82100 -34.202
2020.82380 -34.104
2020.82650 -33.868
2020.82920 -33.492
2020.83200 -33.418
2020.83470 -33.373
2020.83740 -33.634
2020.84020 -33.549
2020.84290 -33.421
2020.84560 -33.69
2020.84840 -33.443
2020.85110 -33.498
2020.85380 -33.726
2020.85660 -33.73
2020.85930 -33.83
2020.86200 -33.678
2020.86480 -33.813
2020.87020 -33.656
2020.87290 -33.729
2020.87570 -33.553
2020.87840 -33.198
2020.88110 -33.223
2020.88390 -33.511
2020.88660 -33.51
2020.88930 -34.286
2020.89210 -33.15
2020.89480 -33.121
2020.89750 -33.622
2020.90030 -33.461
2020.90300 -33.761
2020.90570 -33.383
2020.90850 -33.546
2020.91120 -33.298
2020.91390 -33.723
2020.91670 -34.334
2020.91940 -34.144
2020.92210 -34.035
2020.92490 -33.834
2020.92760 -34.469
2020.93030 -34.085
2020.93310 -34.302
2020.93580 -33.884
2020.93850 -33.497
2020.94130 -33.65
2020.94400 -33.419
2020.94670 -33.49
2020.94950 -34.083
2020.95220 -33.999
2020.95490 -34.225
2020.95770 -34.14
2020.96040 -33.782
2020.96310 -34.412
2020.96590 -34.131
2020.96860 -34.09
2020.97130 -33.907
2020.97400 -33.403
2020.97680 -33.717
2020.97950 -33.679
2020.98220 -34.138
2020.98500 -33.896
2020.98770 -34.13
2020.99040 -34.28
2020.99320 -34.112
2020.99590 -33.355
2020.99860 -33.935
2021.00140 -34.343
2021.00410 -34.584
2021.00690 -34.321
2021.00960 -34.741
2021.01230 -34.557
2021.01510 -33.759
2021.01780 -33.569
2021.02060 -33.639
2021.02330 -33.647
2021.02880 -33.443
2021.03150 -33.138
2021.03420 -33.912
2021.03700 -33.652
2021.03970 -34.051
2021.04250 -34.413
2021.04520 -33.71
2021.04790 -33.634
2021.05070 -34.061
2021.05340 -34.127
2021.05620 -33.955
2021.05890 -34.198
2021.06160 -34.381
2021.06440 -34.429
2021.06710 -34.676
2021.06990 -34.17
2021.07260 -34.432
2021.07530 -34.19
2021.07810 -34.222
2021.08080 -34.542
2021.08360 -34.182
2021.08630 -34.309
2021.08900 -34.046
2021.09180 -34.551
2021.09450 -34.399
2021.09730 -34.645
2021.10000 -34.686
2021.10270 -35.044
2021.10550 -34.638
2021.10820 -34.408
2021.11100 -33.872
2021.11370 -33.798
2021.11640 -33.968
2021.11920 -33.988
2021.12740 -34.367
2021.13290 -33.899
2021.13560 -33.924
2021.13840 -33.192
2021.14110 -34.208
2021.14380 -34.335
2021.14660 -34.334
2021.14930 -34.415
2021.15200 -34.264
2021.15480 -34.558
2021.15750 -34.36
2021.16030 -34.229
2021.16300 -34.427
2021.16570 -34.193
2021.16850 -34.515
2021.17120 -33.799
2021.17400 -34.301
2021.17670 -34.215
2021.17950 -34.454
2021.18220 -34.322
2021.18490 -34.398
2021.18770 -34.522
2021.19040 -34.781
2021.19320 -34.63
2021.19590 -33.886
2021.19860 -33.809
2021.20140 -33.82
2021.20410 -33.991
2021.20690 -34.2
2021.20960 -34.655
2021.21230 -34.434
2021.21510 -34.147
2021.21780 -33.926
2021.22060 -33.665
2021.22330 -34.14
2021.22600 -33.792
2021.22880 -33.338
2021.23150 -34.071
2021.23430 -33.846
2021.23700 -33.113
2021.23970 -33.837
2021.24250 -33.867
2021.24520 -34.549
2021.24790 -34.103
2021.25070 -34.512
2021.25340 -34.197
2021.25620 -33.837
2021.25890 -34.358
2021.26160 -34.496
2021.26440 -34.54
2021.26710 -34.014
2021.26990 -34.687
2021.27260 -34.526
2021.27530 -34.455
2021.27810 -34.201
2021.28080 -33.215
2021.28360 -33.602
2021.28630 -34.172
2021.28900 -34.368
2021.29180 -33.936
2021.29450 -33.859
2021.29730 -34.44
2021.30000 -33.998
2021.30270 -33.825
2021.30550 -33.833
2021.30820 -34.799
2021.31100 -34.588
2021.31370 -34.254
2021.31640 -34.487
2021.31920 -34.306
2021.32190 -34.146
2021.32470 -33.713
2021.32740 -34.751
2021.33010 -34.697
2021.33840 -34.456
2021.34110 -33.816
2021.34380 -34.24
2021.34660 -33.661
2021.34930 -33.545
2021.35210 -33.701
2021.35480 -33.765
2021.35750 -33.548
2021.36030 -33.394
2021.36300 -33.518
2021.36570 -34.218
2021.36850 -33.949
2021.37120 -34.364
2021.37400 -33.655
2021.37670 -33.212
2021.37940 -33.27
2021.38220 -33.257
2021.38490 -33.221
2021.38770 -34.019
2021.39040 -34.219
2021.39320 -33.812
2021.39590 -34.019
2021.39860 -33.769
2021.40140 -33.785
2021.40410 -33.915
2021.40690 -34.344
2021.40960 -34.307
2021.41230 -34.7
2021.41510 -34.288
2021.41780 -34.778
2021.42330 -33.435
2021.42600 -33.32
2021.42880 -33.849
2021.43150 -34.14
2021.43700 -33.327
2021.44250 -34.321
2021.44520 -32.87
2021.44800 -33.735
2021.45070 -33.855
2021.45340 -34.465
2021.45620 -34.55
2021.45890 -33.98
2021.46160 -34.666
2021.46440 -34.59
2021.46710 -33.925
2021.46990 -34.971
2021.47260 -35.111
2021.47530 -34.385
2021.47810 -34.295
2021.48080 -34.574
2021.48360 -35.374
2021.48630 -33.857
2021.48900 -34.817
2021.49180 -35.118
2021.49450 -34.74
2021.49730 -33.137
2021.50550 -36.084
2021.51100 -34.487
2021.51370 -36.197
2021.51640 -34.527
2021.51920 -33.989
2021.52190 -34.614
2021.52470 -34.074
2021.52740 -34.052
2021.53010 -34.927
2021.53290 -34.34
2021.53560 -34.411
2021.53840 -34.844
2021.54660 -34.452
2021.54930 -34.547
2021.55210 -34.523
2021.55480 -34.991
2021.55750 -34.142
2021.56030 -35.567
2021.56300 -33.975
2021.56850 -34.916
2021.57120 -36.083
2021.57400 -33.5
2021.57670 -34.664
2021.57950 -33.6
2021.58220 -34.3
2021.58490 -34.186
2021.58770 -34.673
2021.60410 -33.541
2021.60680 -35.368
2021.60960 -35.601
2021.61230 -35.15
2021.61510 -33.908
2021.61780 -34.481
2021.62060 -33.703
2021.62330 -35.337
2021.62600 -35.399
2021.62880 -34.854
2021.63150 -34.147
2021.63700 -34.681
2021.63970 -34.795
2021.64250 -33.173
2021.64520 -34.776
2021.64800 -34.851
2021.65070 -35.033
2021.65340 -35.34
2021.65620 -34.664
2021.65890 -34.564
2021.66160 -35.257
2021.66440 -35.74
2021.66710 -35.07
2021.66990 -34.641
2021.67530 -35.746
2021.67810 -35.826
2021.68080 -35.856
2021.68360 -34.894
2021.68630 -34.966
2021.68900 -35.145
2021.69180 -34.701
2021.69450 -34.2
2021.69730 -34.278
2021.70000 -34.761
2021.70270 -34.986
2021.70550 -34.603
2021.70820 -35.615
2021.71100 -35.685
2021.71370 -36.446
2021.71640 -35.205
2021.71920 -35.152
2021.72190 -34.996
2021.72470 -35.154
2021.72740 -35.35
2021.73010 -35.565
2021.73290 -36.032
2021.73560 -35.528
2021.73840 -36.002
2021.74110 -35.724
2021.74380 -34.923
2021.74660 -34.711
2021.74930 -36.03
2021.75210 -34.972
2021.76030 -35.935
2021.76300 -35.328
2021.76580 -36.073
2021.76850 -35.389
2021.77120 -35.515
2021.77400 -36.353
2021.77670 -35.846
2021.77950 -36.284
2021.78220 -35.271
2021.78490 -37.337
2021.78770 -38.16
2021.79040 -34.766
2021.79320 -34.36
2021.79590 -35.094
2021.79860 -35.342
2021.80140 -35.877
2021.80410 -35.459
2021.80680 -35.258
2021.80960 -35.47
2021.81230 -35.276
2021.81510 -35.216
2021.81780 -35.229
2021.82330 -34.675
2021.82600 -35.311
2021.82880 -35.35
2021.83150 -35.129
2021.83430 -35.062
2021.83700 -34.781
2021.83970 -35.079
2021.84250 -34.84
2021.84520 -35.447
2021.84800 -35.407
2021.85070 -35.252
2021.85340 -34.406
2021.85620 -34.447
2021.85890 -33.899
2021.86160 -34.824
2021.86440 -32.677
2021.86710 -34.466
2021.86990 -32.431
2021.87260 -35.059
2021.87530 -35.324
2021.87810 -35.099
2021.88360 -35.184
2021.88630 -35.329
2021.88900 -34.682
2021.89180 -34.789
2021.89450 -35.064
2021.89730 -33.344
2021.90000 -35.631
2021.90270 -35.314
2021.90550 -35.407
2021.90820 -36.179
2021.91100 -35.885
2021.91370 -35.178
2021.91920 -35.232
2021.92190 -35.482
2021.92470 -35.724
2021.92740 -35.79
2021.93010 -36.097
2021.93290 -36.082
2021.93560 -35.775
2021.93840 -35.24
2021.94110 -35.769
2021.94380 -35.716
2021.94660 -34.927
2021.94930 -35.049
2021.95210 -34.37
2021.95480 -35.369
2021.95750 -34.537
2021.96030 -35.028
2021.96300 -34.006
2021.96580 -34.02
2021.96850 -33.947
2021.97120 -34.143
2021.97400 -34.598
2021.97670 -34.669
2021.97950 -34.901
2021.98220 -34.613
2021.98490 -34.351
2021.98770 -34.227
2021.99040 -34.251
2021.99320 -34.318
2021.99590 -34.079
2021.99860 -35.072
2022.00140 -34.871
2022.00410 -34.538
2022.00690 -35.131
2022.00960 -35.296
2022.01230 -35.149
2022.01510 -35.317
2022.01780 -35.146
2022.02060 -35.007
2022.02330 -35.335
2022.02600 -34.873
2022.02880 -34.854
2022.03150 -35.145
2022.03420 -34.664
2022.03700 -34.878
2022.03970 -35.404
2022.04250 -35.285
2022.04520 -35.113
2022.04790 -35.084
2022.05070 -35.076
2022.05340 -35.301
2022.05620 -35.628
2022.05890 -35.304
2022.06160 -35.443
2022.06710 -35.499
2022.06990 -35.827
2022.07260 -35.371
2022.07530 -35.408
2022.07810 -35.401
2022.08080 -36.228
2022.08360 -35.33
2022.08630 -35.502
2022.08900 -35.19
2022.09180 -35.276
2022.09450 -35.755
2022.09730 -35.314
2022.10000 -35.451
2022.10270 -35.593
2022.10550 -35.605
2022.10820 -35.205
2022.11100 -35.155
2022.11370 -35.651
2022.11640 -35.707
2022.11920 -35.206
2022.12190 -35.334
2022.12470 -35.164
2022.12740 -34.931
2022.13010 -35.763
2022.13290 -36.099
2022.13560 -35.589
2022.13840 -35.068
2022.14110 -35.055
2022.14380 -35.378
2022.14660 -35.147
2022.14930 -34.998
2022.15200 -35.594
2022.15480 -35.025
2022.15750 -34.122
2022.16030 -35.306
2022.16570 -34.114
2022.16850 -34.048
2022.17120 -34.167
2022.17400 -34.715
2022.17670 -34.843
2022.17950 -34.746
2022.18220 -35.087
2022.18490 -35.615
2022.18770 -34.624
2022.19040 -35.36
2022.19320 -34.668
2022.19590 -35.471
2022.19860 -35.07
2022.20140 -34.741
2022.20410 -36.2
2022.20690 -35.992
2022.20960 -35.235
2022.21230 -35.906
2022.21510 -35.58
2022.21780 -35.948
2022.22060 -35.385
2022.22330 -34.499
2022.22600 -34.801
2022.22880 -34.802
2022.23150 -34.559
2022.23430 -35.175
2022.23700 -34.914
2022.23970 -35.107
2022.24250 -35.087
2022.24520 -36.015
2022.25070 -35.592
2022.25340 -35.654
2022.25620 -35.732
2022.25890 -35.369
2022.26160 -35.703
2022.26440 -35.062
2022.26710 -34.777
2022.26990 -34.439
2022.27260 -34.672
2022.27530 -35.342
2022.27810 -35.496
2022.28080 -35.469
2022.28360 -35.521
2022.28630 -35.382
2022.28900 -34.818
2022.29180 -34.789
2022.29450 -34.92
2022.29730 -34.537
2022.30000 -34.666
2022.30270 -34.19
2022.30550 -34.287
