2014.00140 5.478
2014.00410 4.921
2014.00690 4.987
2014.00960 4.871
2014.01230 4.979
2014.01510 4.856
2014.01780 4.56
2014.02060 4.845
2014.02330 5.167
2014.02600 4.602
2014.02880 4.469
2014.03150 4.055
2014.03420 4.136
2014.03700 4.086
2014.03970 4.208
2014.04250 5.043
2014.04520 4.231
2014.04790 4.498
2014.05070 5.393
2014.05340 5.413
2014.05620 4.912
2014.06160 5.493
2014.06440 4.861
2014.06710 5.365
2014.06990 4.913
2014.07260 4.549
2014.07530 4.977
2014.07810 4.952
2014.08080 5.036
2014.08360 5.122
2014.08630 4.883
2014.08900 4.764
2014.09180 5.002
2014.09450 4.551
2014.09730 4.862
2014.10000 4.275
2014.10270 4.543
2014.10550 4.691
2014.11100 4.426
2014.11370 4.283
2014.11640 4.066
2014.11920 4.296
2014.12190 4.265
2014.12470 4.598
2014.12740 3.78
2014.13010 3.999
2014.13290 4.113
2014.13560 4.142
2014.13840 4.145
2014.14110 4.256
2014.14380 3.989
2014.14660 4.118
2014.14930 3.665
2014.15200 4.245
2014.15480 4.036
2014.15750 3.992
2014.16030 4.851
2014.16300 4.269
2014.16570 4.363
2014.16850 4.027
2014.17120 4.198
2014.17400 4.256
2014.17670 3.879
2014.17950 4.387
2014.18220 4.406
2014.18490 4.483
2014.18770 4.6
2014.19040 4.317
2014.19320 4.266
2014.19590 4.846
2014.19860 4.919
2014.20140 4.934
2014.20410 4.709
2014.20690 4.686
2014.20960 4.414
2014.21230 4.326
2014.21510 4.201
2014.21780 4.494
2014.22060 4.248
2014.22330 4.623
2014.22600 4.818
2014.22880 4.899
2014.23150 5.04
2014.23430 4.858
2014.23700 4.773
2014.23970 5.174
2014.24250 4.729
2014.24520 4.056
2014.24790 4.532
2014.25070 4.614
2014.25340 4.301
2014.25620 4.355
2014.25890 3.951
2014.26160 4.186
2014.26440 4.221
2014.26710 4.413
2014.26990 4.438
2014.27260 4.166
2014.27530 3.839
2014.27810 3.871
2014.28080 3.793
2014.28360 3.866
2014.28630 4.329
2014.28900 3.842
2014.29180 3.31
2014.29450 2.859
2014.29730 3.01
2014.30000 3.713
2014.30270 3.6
2014.30820 3.863
2014.31100 3.496
2014.31370 3.684
2014.31640 3.218
2014.31920 3.083
2014.32190 3.345
2014.32470 4.191
2014.32740 3.709
2014.33010 3.724
2014.33290 2.962
2014.33560 2.624
2014.33840 3.257
2014.34110 3.466
2014.34380 3.363
2014.34660 3.192
2014.34930 3.663
2014.35210 3.536
2014.35480 3.216
2014.35750 3.147
2014.36030 3.707
2014.36300 3.551
2014.36570 3.36
2014.36850 3.32
2014.37120 3.396
2014.37400 3.372
2014.37670 3.04
2014.37940 3.22
2014.38220 3.482
2014.38770 2.588
2014.39040 2.908
2014.39320 2.76
2014.39590 2.606
2014.39860 3.252
2014.40140 3.266
2014.40410 3.204
2014.40690 2.946
2014.40960 2.876
2014.41230 2.619
2014.41510 2.327
2014.41780 2.65
2014.42060 2.904
2014.42330 2.866
2014.42600 3.134
2014.42880 2.61
2014.43150 3.339
2014.43430 3.155
2014.43700 4.122
2014.43970 2.865
2014.44250 2.974
2014.44520 2.958
2014.44800 3.029
2014.45070 2.909
2014.45340 2.046
2014.45620 3.549
2014.45890 2.973
2014.46160 3.467
2014.46440 3.324
2014.46710 2.905
2014.46990 3.341
2014.47260 2.835
2014.47530 3.867
2014.47810 3.722
2014.48080 2.904
2014.48360 2.101
2014.48630 3.245
2014.48900 3.751
2014.49180 3.643
2014.49450 2.796
2014.49730 3.391
2014.50000 4.215
2014.50270 3.102
2014.50550 2.688
2014.50820 3.663
2014.51100 3.359
2014.51370 3.68
2014.51640 3.425
2014.51920 3.221
2014.52190 2.797
2014.52470 3.656
2014.52740 2.846
2014.53010 2.466
2014.53290 3.18
2014.53560 3.545
2014.53840 2.985
2014.54110 2.804
2014.54380 2.813
2014.54660 2.771
2014.54930 2.689
2014.55210 3.043
2014.55480 2.65
2014.55750 2.686
2014.56300 2.563
2014.56580 3.012
2014.56850 2.675
2014.57120 2.723
2014.57400 3.286
2014.57670 1.733
2014.57950 2.239
2014.58220 1.954
2014.58490 3.507
2014.58770 2.567
2014.59040 2.181
2014.59310 2.602
2014.59590 1.106
2014.59860 1.536
2014.60140 2.165
2014.60410 2.096
2014.60680 2.008
2014.60960 1.487
2014.61230 1.348
2014.61510 0.718
2014.61780 1.691
2014.62060 1.552
2014.62330 0.977
2014.62600 1.117
2014.62880 0.449
2014.63150 1.194
2014.63430 1.311
2014.63700 0.565
2014.63970 0.138
2014.64250 0.739
2014.64520 0.564
2014.64800 1.556
2014.65070 0.541
2014.65340 0.136
2014.65620 0.525
2014.65890 1.009
2014.66160 0.949
2014.66440 0.66
2014.66710 0.47
2014.66990 0.246
2014.67260 0.646
2014.67530 1.049
2014.67810 0.707
2014.68080 0.644
2014.68360 0.884
2014.68630 0.632
2014.68900 1.18
2014.69180 0.707
2014.69450 -0.649
2014.69730 0.416
2014.70000 1.088
2014.70270 0.199
2014.70550 0.568
2014.70820 0.581
2014.71100 0.216
2014.71370 0.07
2014.71640 0.433
2014.71920 0.271
2014.72470 -0.103
2014.72740 0.608
2014.73010 0.513
2014.73290 0.766
2014.73560 0.359
2014.73840 0.608
2014.74110 0.486
2014.74380 -0.22
2014.74660 0.349
2014.74930 0.197
2014.75210 0.613
2014.75480 0.572
2014.75750 -0.448
2014.76030 0.064
2014.76300 0.027
2014.76580 0.224
2014.76850 0.132
2014.77120 0.12
2014.77400 0.163
2014.77670 0.092
2014.77950 -0.353
2014.78220 0.519
2014.78490 0.636
2014.78770 0.581
2014.79040 0.193
2014.79320 0.615
2014.79590 0.029
2014.80140 0
2014.80410 0.321
2014.80680 0.05
2014.80960 0.931
2014.81510 0.286
2014.81780 -0.116
2014.82050 0.276
2014.82330 0.342
2014.82600 0.321
2014.82880 -0.131
2014.83150 0.073
2014.83430 0.528
2014.83700 0.119
2014.83970 0.573
2014.84250 0.081
2014.84520 0.079
2014.84800 -0.167
2014.85070 -0.191
2014.85340 -0.05
2014.85620 0.108
2014.85890 0.198
2014.86160 0.293
2014.86440 0.277
2014.86710 0.177
2014.86990 -0.078
2014.87260 -0.184
2014.87530 -0.124
2014.87810 -0.063
2014.88080 -0.399
2014.88360 -0.058
2014.88630 0.092
2014.88900 -0.245
2014.89180 -0.219
2014.89450 -0.522
2014.89730 -0.161
2014.90000 0.009
2014.90270 0.091
2014.90550 -0.257
2014.90820 -0.145
2014.91100 -0.428
2014.91370 -0.691
2014.91640 -0.071
2014.91920 0.116
2014.92190 -0.298
2014.92470 -0.458
2014.93560 -0.794
2014.93840 -0.877
2014.94110 -0.718
2014.94380 -0.416
2014.94660 -0.364
2014.94930 -0.678
2014.95210 -0.946
2014.95480 -0.641
2014.95750 -0.587
2014.96030 -0.436
2014.96300 -0.778
2014.96580 -0.695
2014.96850 -0.417
2014.97120 -0.373
2014.97400 -0.341
2014.97670 -0.765
2014.97950 -1.088
2014.98220 -1.029
2014.98490 -0.693
2014.98770 -0.529
2014.99040 -0.224
2014.99320 -0.124
2014.99590 -0.435
2014.99860 -0.664
2015.00140 -0.206
2015.00410 -0.458
2015.00690 -0.001
2015.00960 -0.022
2015.01230 -0.227
2015.01510 -0.408
2015.01780 -0.652
2015.02060 -0.606
2015.02330 -0.736
2015.02600 -0.436
2015.02880 -0.787
2015.03150 -0.681
2015.03420 -0.994
2015.03700 -0.474
2015.03970 -0.252
2015.04250 -0.536
2015.04520 -0.442
2015.04790 -0.565
2015.05070 -0.287
2015.05340 -0.84
2015.05620 -0.559
2015.05890 -0.032
2015.06160 -0.27
2015.06440 -0.53
2015.06710 -0.455
2015.06990 -0.513
2015.07260 -0.532
2015.07530 -0.911
2015.07810 -0.966
2015.08080 -0.845
2015.08360 -0.858
2015.08630 -0.622
2015.08900 -0.749
2015.09180 -1.168
2015.09450 -0.316
2015.09730 -0.627
2015.10000 -0.532
2015.10270 -0.813
2015.10550 -0.512
2015.10820 -0.129
2015.11100 0.208
2015.11370 -0.123
2015.11640 -0.047
2015.16030 -0.529
2015.16300 -0.194
2015.16570 -0.306
2015.16850 -0.485
2015.17120 -0.305
2015.17400 -0.569
2015.17670 -0.656
2015.17950 -0.162
2015.18220 -0.689
2015.18490 -0.711
2015.18770 -0.726
2015.19040 -0.374
2015.19320 0.228
2015.19590 -0.61
2015.19860 -0.258
2015.20140 0.102
2015.20410 -0.018
2015.20690 0.094
2015.20960 0.122
2015.21230 0.054
2015.21510 -0.173
2015.21780 -0.185
2015.22060 -0.423
2015.22330 -0.622
2015.22600 -0.568
2015.22880 -0.574
2015.23150 -0.323
2015.23430 -0.238
2015.23700 -0.275
2015.23970 -0.39
2015.24250 -0.298
2015.24520 -0.592
2015.25070 -0.166
2015.25340 -0.15
2015.25620 -0.477
2015.25890 -0.781
2015.26160 -0.79
2015.26440 -1.127
2015.26710 -1.087
2015.26990 -1.365
2015.27260 -1.447
2015.27530 -2.06
2015.27810 -1.874
2015.28080 -1.688
2015.28360 -0.586
2015.28630 -0.768
2015.28900 -0.968
2015.29180 -1.318
2015.29450 -1.113
2015.29730 -1.269
2015.30000 -1.071
2015.30270 -1.261
2015.30550 -1.369
2015.30820 -1.554
2015.31100 -1.254
2015.31370 -1.711
2015.31640 -1.187
2015.31920 -1.514
2015.32190 -1.557
2015.32470 -1.285
2015.32740 -1.619
2015.33010 -1.481
2015.33290 -2.304
2015.33560 -2.368
2015.33840 -2.036
2015.34110 -2.156
2015.34380 -2.296
2015.34660 -1.984
2015.34930 -1.897
2015.35210 -1.975
2015.35480 -2.73
2015.35750 -1.53
2015.36030 -1.106
2015.36300 -2.15
2015.36570 -2.331
2015.36850 -2.048
2015.37120 -1.111
2015.37400 -1.48
2015.37670 -2.026
2015.37940 -1.712
2015.38220 -2.44
2015.38490 -2.32
2015.38770 -1.761
2015.39590 -1.852
2015.39860 -1.77
2015.40140 -1.497
2015.40410 -1.31
2015.40690 -2.334
2015.41230 -1.799
2015.41510 -3.102
2015.41780 -2.584
2015.42060 -2.348
2015.42330 -1.878
2015.42600 -2.386
2015.42880 -2.43
2015.43150 -1.948
2015.43430 -1.887
2015.43700 -2.148
2015.43970 -1.895
2015.44250 -1.918
2015.44520 -2.205
2015.44800 -1.855
2015.45070 -2.321
2015.45340 -2.028
2015.45620 -2.273
2015.45890 -2.842
2015.46160 -2.772
2015.46440 -1.921
2015.46710 -2.315
2015.46990 -1.724
2015.47260 -2.036
2015.47530 -2.526
2015.47810 -2.112
2015.48080 -2.332
2015.48360 -2.719
2015.48630 -3.262
2015.48900 -3.037
2015.49180 -2.757
2015.49450 -2.375
2015.49730 -2.551
2015.50000 -3.167
2015.50270 -3.648
2015.50550 -3.839
2015.50820 -3.426
2015.51100 -2.965
2015.51370 -1.571
2015.51640 -4.014
2015.52190 -2.046
2015.52470 -4.419
2015.52740 -3.563
2015.53290 -3.535
2015.53560 -3.788
2015.53840 -4.236
2015.54110 -3.77
2015.54380 -3.953
2015.54660 -3.051
2015.54930 -3.592
2015.55210 -4.082
2015.55480 -4.664
2015.55750 -4.368
2015.56030 -3.632
2015.56850 -5.016
2015.57120 -4.519
2015.57400 -5.566
2015.57670 -4.357
2015.57950 -4.795
2015.58220 -5.06
2015.58490 -4.536
2015.58770 -4.474
2015.59040 -4.857
2015.59310 -4.404
2015.59590 -4.94
2015.59860 -5.164
2015.60140 -3.209
2015.60410 -4.755
2015.60680 -5.263
2015.60960 -4.789
2015.61230 -5.317
2015.61510 -4.659
2015.61780 -3.415
2015.62060 -4.038
2015.62330 -4.294
2015.62600 -4.182
2015.62880 -5.32
2015.63150 -4.977
2015.63430 -4.637
2015.63700 -4.726
2015.63970 -5.151
2015.64250 -4.448
2015.64520 -4.815
2015.64800 -4.079
2015.65070 -4.711
2015.65340 -4.467
2015.65620 -5.147
2015.65890 -5.218
2015.66160 -5.136
2015.66440 -4.895
2015.66710 -5.022
2015.66990 -5.002
2015.67530 -4.994
2015.67810 -4.917
2015.68080 -4.2
2015.68360 -4.949
2015.68900 -4.439
2015.69180 -5.196
2015.69450 -5.773
2015.69730 -4.594
2015.70000 -4.822
2015.70270 -5.204
2015.70550 -5.718
2015.70820 -5.208
2015.71100 -5.006
2015.71370 -5.462
2015.71640 -5.108
2015.71920 -4.567
2015.72190 -4.864
2015.72470 -4.832
2015.72740 -4.367
2015.73010 -4.801
2015.73290 -4.872
2015.73560 -4.341
2015.73840 -4.868
2015.74110 -6.029
2015.74380 -5.845
2015.74660 -5.523
2015.74930 -5.206
2015.75210 -4.298
2015.75480 -5.249
2015.75750 -5.116
2015.76300 -5.218
2015.76580 -4.78
2015.76850 -4.99
2015.77120 -5.022
2015.77400 -5.65
2015.77670 -5.15
2015.77950 -5.012
2015.78220 -5.495
2015.78490 -5.391
2015.78770 -5.311
2015.79040 -5.408
2015.79320 -5.835
2015.79590 -5.89
2015.79860 -5.288
2015.80140 -5.003
2015.80410 -5.645
2015.80680 -5.956
2015.80960 -5.275
2015.81230 -6.044
2015.81510 -5.976
2015.81780 -5.504
2015.82050 -5.236
2015.82330 -6.015
2015.82600 -5.826
2015.82880 -5.983
2015.83150 -6.131
2015.83430 -5.422
2015.83700 -5.598
2015.83970 -5.346
2015.84250 -5.57
2015.84520 -6.193
2015.84800 -6.103
2015.85070 -6.769
2015.85340 -6.376
2015.85620 -5.988
2015.85890 -6.037
2015.86160 -6.132
2015.86440 -6.323
2015.86710 -5.871
2015.86990 -5.406
2015.87260 -5.372
2015.87530 -5.597
2015.87810 -6.247
2015.88080 -5.806
2015.88360 -5.908
2015.88630 -6.094
2015.88900 -6.662
2015.89180 -7.435
2015.89450 -6.788
2015.89730 -6.82
2015.90000 -6.691
2015.90270 -5.901
2015.90550 -6.59
2015.90820 -6.689
2015.91100 -6.406
2015.91370 -6.138
2015.91640 -6.412
2015.91920 -5.859
2015.92190 -5.81
2015.92470 -5.768
2015.92740 -6.378
2015.93010 -6.637
2015.93290 -6.561
2015.93560 -6.824
2015.93840 -6.497
2015.94110 -6.257
2015.94380 -6.007
2015.94660 -6.692
2015.94930 -6.246
2015.95210 -6.086
2015.95480 -6.322
2015.95750 -6.529
2015.96030 -6.364
2015.96300 -6.668
2015.96580 -6.202
2015.96850 -6.2
2015.97120 -6.082
2015.97400 -6.411
2015.97670 -6.379
2015.97950 -6.32
2015.98220 -6.214
2015.98490 -6.738
2015.98770 -6.76
2015.99040 -6.789
2015.99320 -6.157
2015.99590 -6.156
2015.99860 -6.357
2016.00140 -5.95
2016.00410 -6.467
2016.00680 -6.49
2016.00960 -6.713
2016.01230 -6.638
2016.01500 -6.657
2016.01780 -6.532
2016.02050 -6.309
2016.02320 -6.412
2016.02600 -6.444
2016.02870 -6.69
2016.03140 -6.2
2016.03420 -5.839
2016.03690 -5.91
2016.03960 -5.735
2016.04230 -5.874
2016.04510 -5.848
2016.04780 -5.48
2016.05050 -6.042
2016.05330 -6.439
2016.05600 -6.921
2016.05870 -6.61
2016.06150 -6.587
2016.06420 -5.602
2016.06690 -6.247
2016.06970 -6.059
2016.07240 -5.956
2016.07510 -6.789
2016.07790 -6.806
2016.08060 -6.251
2016.08330 -6.43
2016.08610 -6.297
2016.08880 -5.871
2016.09150 -5.998
2016.09430 -6.235
2016.09700 -6.342
2016.09970 -5.962
2016.10250 -5.848
2016.10520 -5.865
2016.10790 -5.898
2016.11070 -5.967
2016.11340 -5.893
2016.11610 -5.948
2016.11890 -6.276
2016.12160 -5.558
2016.14620 -6.466
2016.14890 -6.38
2016.15160 -6.475
2016.15440 -6.21
2016.15710 -6.441
2016.15980 -6.542
2016.16260 -6.13
2016.16530 -6.371
2016.16800 -6.035
2016.17080 -6.006
2016.17350 -5.874
2016.17620 -6.208
2016.17900 -5.923
2016.18170 -6.192
2016.18440 -6.355
2016.18720 -6.402
2016.18990 -6.074
2016.19260 -5.645
2016.19540 -6.115
2016.19810 -6.053
2016.20080 -5.619
2016.20360 -5.428
2016.20630 -5.63
2016.20900 -5.294
2016.21170 -5.797
2016.21450 -5.41
2016.21720 -6.146
2016.21990 -6.232
2016.22270 -6.791
2016.22540 -6.535
2016.22810 -6.729
2016.23090 -6.495
2016.23360 -6.059
2016.23630 -5.657
2016.23910 -5.459
2016.24180 -6.158
2016.24450 -5.794
2016.24730 -5.926
2016.25000 -6.557
2016.25270 -6.86
2016.25550 -6.522
2016.25820 -6.139
2016.26090 -6.51
2016.26370 -6.29
2016.26640 -7.081
2016.26910 -6.924
2016.27190 -7.306
2016.27460 -7.468
2016.27730 -6.797
2016.28010 -6.326
2016.28280 -6.668
2016.28550 -6.944
2016.28830 -7.326
2016.29100 -7.451
2016.29370 -7.157
2016.29650 -7.105
2016.29920 -7.236
2016.30190 -7.392
2016.30460 -6.538
2016.30740 -6.847
2016.31010 -7.096
2016.31280 -7.143
2016.31560 -7.458
2016.31830 -6.773
2016.32100 -6.536
2016.32380 -7.404
2016.32650 -6.575
2016.32920 -6.317
2016.33200 -6.99
2016.33470 -7.521
2016.33740 -7.04
2016.34020 -6.972
2016.34290 -7.973
2016.34560 -7.764
2016.34840 -7.399
2016.35110 -6.902
2016.35380 -7.655
2016.35660 -7.239
2016.35930 -6.53
2016.36200 -7.473
2016.36480 -7.588
2016.36750 -8.105
2016.37020 -6.915
2016.37290 -6.648
2016.37570 -7.043
2016.37840 -7.093
2016.38110 -7.232
2016.38390 -7.743
2016.38660 -7.906
2016.38930 -7.751
2016.39210 -7.439
2016.39480 -7.396
2016.39750 -7.542
2016.40030 -7.011
2016.40300 -8.269
2016.40570 -7.222
2016.40850 -7.306
2016.41120 -7.657
2016.41390 -7.256
2016.41670 -8.052
2016.41940 -7.782
2016.42210 -7.096
2016.42490 -8.109
2016.42760 -8.225
2016.43030 -7.565
2016.43310 -8.058
2016.43580 -7.853
2016.43850 -7.126
2016.44130 -6.742
2016.44400 -7.68
2016.44670 -7.252
2016.44950 -7.138
2016.45220 -7.811
2016.45490 -7.353
2016.45770 -7.281
2016.46040 -6.833
2016.46310 -7.248
2016.46590 -6.75
2016.46860 -7.612
2016.47130 -7.303
2016.47400 -7.868
2016.47680 -7.407
2016.47950 -7.785
2016.48220 -7.241
2016.48500 -8.369
2016.48770 -6.404
2016.49040 -7.851
2016.49320 -7.025
2016.49590 -7.096
2016.49860 -7.267
2016.50140 -7.849
2016.50410 -8.408
2016.50680 -7.697
2016.51230 -8.179
2016.51500 -7.361
2016.52050 -6.95
2016.52320 -7.169
2016.52600 -7.292
2016.52870 -7.608
2016.53140 -7.948
2016.53420 -7.832
2016.53690 -7.807
2016.53960 -7.833
2016.54230 -7.441
2016.54510 -7.603
2016.54780 -7.619
2016.55050 -8.589
2016.55330 -8.274
2016.55600 -7.969
2016.55870 -8.422
2016.56150 -7.684
2016.56420 -9.009
2016.56970 -8.216
2016.57240 -8.435
2016.57510 -9.332
2016.57790 -6.227
2016.58060 -7.692
2016.58330 -7.938
2016.58610 -9.374
2016.58880 -8.704
2016.59150 -9.419
2016.59430 -8.402
2016.59700 -9.122
2016.59970 -8.813
2016.60520 -9.005
2016.60790 -7.445
2016.61070 -8.479
2016.61340 -8.298
2016.61610 -7.999
2016.61890 -9.355
2016.62160 -8.712
2016.62430 -8.11
2016.62710 -8.739
2016.62980 -8.469
2016.63250 -8.366
2016.63530 -8.69
2016.63800 -8.394
2016.64070 -7.996
2016.64340 -7.969
2016.64620 -8.739
2016.64890 -8.532
2016.65160 -8.674
2016.65440 -9.881
2016.65710 -8.694
2016.65980 -8.495
2016.66260 -7.358
2016.66530 -7.57
2016.66800 -8.257
2016.67080 -8.959
2016.67350 -8.423
2016.67620 -8.648
2016.67900 -8.732
2016.68170 -8.153
2016.68440 -7.628
2016.68720 -8.614
2016.68990 -8.638
2016.69260 -9.508
2016.69540 -9.455
2016.69810 -9.012
2016.70080 -9.455
2016.70360 -8.768
2016.70630 -8.716
2016.70900 -8.398
2016.71170 -9.334
2016.71450 -9.549
2016.71720 -8.744
2016.71990 -8.815
2016.72270 -8.821
2016.72540 -8.762
2016.72810 -8.781
2016.73090 -9.013
2016.73360 -8.84
2016.73630 -9.687
2016.73910 -9.747
2016.74180 -9.519
2016.74450 -9.119
2016.74730 -9.031
2016.75270 -9.216
2016.75550 -9.237
2016.75820 -9.143
2016.76090 -9.22
2016.76370 -9.295
2016.76640 -9.286
2016.76910 -8.818
2016.77190 -9.008
2016.77460 -9.232
2016.77730 -9.107
2016.78010 -9.565
2016.78280 -9.331
2016.78550 -10.108
2016.78830 -10.129
2016.79100 -10.182
2016.79370 -10.063
2016.79650 -9.828
2016.79920 -10.308
2016.80190 -9.72
2016.80460 -10.079
2016.80740 -10.215
2016.81010 -9.602
2016.81280 -9.173
2016.81560 -9.622
2016.81830 -9.674
2016.82100 -10.245
2016.82650 -9.887
2016.82920 -10.025
2016.83200 -9.846
2016.83470 -10.05
2016.83740 -9.655
2016.84020 -9.55
2016.84290 -9.029
2016.84560 -9.57
2016.84840 -10.012
2016.85110 -10.051
2016.85380 -9.925
2016.85660 -9.738
2016.85930 -9.817
2016.86200 -9.516
2016.86480 -9.739
2016.86750 -9.994
2016.87020 -9.901
2016.87290 -10.112
2016.87570 -10.273
2016.87840 -10.066
2016.88110 -9.903
2016.88390 -10.006
2016.88660 -10.293
2016.88930 -10.824
2016.89210 -10.376
2016.89480 -10.322
2016.89750 -10.251
2016.90030 -10.506
2016.90300 -10.495
2016.90570 -10.635
2016.90850 -10.678
2016.91120 -10.869
2016.91390 -10.627
2016.91670 -10.759
2016.91940 -10.566
2016.92210 -10.504
2016.92490 -10.267
2016.92760 -10.539
2016.93030 -10.215
2016.93310 -10.195
2016.93580 -9.93
2016.93850 -10.242
2016.94130 -10.341
2016.94400 -10.456
2016.94670 -10.83
2016.94950 -10.598
2016.95220 -10.332
2016.95490 -10.431
2016.95770 -10.264
2016.96040 -10.477
2016.96310 -10.455
2016.96590 -10.397
2016.96860 -10.758
2016.97130 -10.929
2016.97400 -10.191
2016.97680 -10.181
2016.97950 -10.68
2016.98220 -10.499
2016.98500 -10.81
2016.98770 -10.658
2016.99040 -10.756
2016.99320 -10.56
2016.99590 -10.669
2017.00140 -10.441
2017.00410 -10.128
2017.00690 -9.971
2017.00960 -10.46
2017.01230 -10.393
2017.01510 -10.271
2017.01780 -9.981
2017.02060 -9.665
2017.02330 -9.948
2017.02600 -10.313
2017.02880 -10.459
2017.03150 -10.309
2017.03420 -10.149
2017.03700 -10.752
2017.03970 -10.696
2017.04250 -10.497
2017.04520 -10.651
2017.04790 -10.828
2017.05070 -10.782
2017.05340 -10.479
2017.05620 -10.897
2017.05890 -10.748
2017.06160 -10.989
2017.06440 -11.019
2017.06710 -10.476
2017.06990 -10.52
2017.07260 -9.91
2017.07530 -10.519
2017.07810 -10.67
2017.08080 -10.047
2017.08360 -10.445
2017.08630 -10.49
2017.08900 -10.202
2017.09180 -10.256
2017.09450 -10.095
2017.09730 -10.126
2017.10000 -10.558
2017.10270 -10.643
2017.10550 -10.481
2017.10820 -9.696
2017.11100 -10.183
2017.11370 -10.223
2017.11640 -10.359
2017.11920 -10.448
2017.12190 -10.604
2017.12470 -9.928
2017.12740 -10.185
2017.13010 -10.168
2017.13290 -10.116
2017.13560 -10.087
2017.13840 -10.371
2017.14110 -10.565
2017.14380 -10.707
2017.14660 -10.274
2017.14930 -10.267
2017.15200 -10.446
2017.15480 -10.686
2017.15750 -10.393
2017.16030 -10.639
2017.16300 -10.497
2017.16570 -9.584
2017.16850 -10.188
2017.17120 -10.363
2017.17400 -10.488
2017.17670 -10.07
2017.17950 -9.773
2017.18220 -9.832
2017.18490 -9.869
2017.18770 -9.784
2017.19040 -10.274
2017.19320 -10.285
2017.19590 -10.027
2017.19860 -10.38
2017.20140 -10.193
2017.20410 -10.877
2017.20690 -10.862
2017.20960 -10.742
2017.21230 -10.937
2017.21510 -11.126
2017.21780 -10.742
2017.22060 -10.932
2017.22330 -10.952
2017.22600 -11.045
2017.22880 -10.878
2017.23150 -11.108
2017.23430 -10.628
2017.23700 -10.954
2017.23970 -10.616
2017.24250 -10.755
2017.24520 -10.9
2017.24790 -10.731
2017.25070 -10.747
2017.25340 -10.385
2017.25620 -10.449
2017.25890 -10.488
2017.26160 -10.426
2017.26440 -10.727
2017.26710 -11.12
2017.26990 -11.053
2017.27260 -10.824
2017.27530 -11.058
2017.27810 -10.546
2017.28080 -11.273
2017.28360 -10.505
2017.28630 -11.145
2017.28900 -11.279
2017.29180 -10.803
2017.29450 -10.584
2017.29730 -11.104
2017.30000 -11.229
2017.30270 -11.095
2017.30550 -11.07
2017.30820 -10.41
2017.31100 -11.016
2017.31370 -11.489
2017.31640 -10.928
2017.31920 -10.822
2017.32190 -10.933
2017.32470 -10.861
2017.32740 -10.833
2017.33010 -10.941
2017.33290 -10.856
2017.33560 -11.442
2017.33840 -10.699
2017.34110 -11.085
2017.34380 -11.307
2017.34660 -11.348
2017.34930 -11.353
2017.35210 -11.414
2017.35480 -10.964
2017.35750 -11.298
2017.36030 -11.373
2017.36300 -11.541
2017.36570 -11.727
2017.36850 -11.138
2017.37120 -11.106
2017.37400 -11.377
2017.37670 -12.271
2017.37940 -10.943
2017.38220 -10.566
2017.38490 -11.354
2017.38770 -12.1
2017.39040 -11.707
2017.39320 -11.339
2017.39590 -11.461
2017.39860 -11.423
2017.40140 -11.2
2017.40410 -11.288
2017.40960 -10.7
2017.41230 -11.58
2017.41510 -11.229
2017.41780 -11.587
2017.42060 -11.494
2017.42330 -11.702
2017.42600 -11.761
2017.42880 -11.806
2017.43150 -11.629
2017.43430 -12.195
2017.43700 -11.14
2017.43970 -11.667
2017.44250 -12.126
2017.44520 -11.73
2017.44800 -12.125
2017.45070 -11.733
2017.45340 -12.15
2017.45620 -11.957
2017.45890 -11.391
2017.46160 -12.112
2017.46440 -11.657
2017.46710 -11.717
2017.46990 -11.299
2017.47260 -12.548
2017.47530 -12.014
2017.47810 -12.271
2017.48080 -12.167
2017.48360 -11.16
2017.48630 -11.993
2017.48900 -11.967
2017.49180 -10.655
2017.49450 -11.241
2017.49730 -10.573
2017.50000 -10.82
2017.50270 -11.823
2017.50550 -10.991
2017.51100 -12.997
2017.51370 -12.344
2017.51640 -12.182
2017.51920 -13.162
2017.52190 -12.386
2017.52470 -10.821
2017.52740 -11.984
2017.53010 -12.085
2017.53560 -13.422
2017.53840 -12.006
2017.54380 -12.734
2017.54660 -12.437
2017.54930 -11.709
2017.55210 -13.373
2017.55480 -13.07
2017.55750 -12.24
2017.56030 -13.203
2017.56580 -12.687
2017.56850 -12.597
2017.57120 -12.805
2017.57400 -12.882
2017.57670 -12.086
2017.57950 -12.538
2017.58220 -11.444
2017.58490 -11.063
2017.58770 -12.057
2017.59040 -12.301
2017.59310 -11.895
2017.59590 -12.954
2017.59860 -12.42
2017.60140 -11.598
2017.60410 -12.373
2017.60680 -11.879
2017.60960 -11.709
2017.61510 -11.641
2017.61780 -12.881
2017.62060 -12.474
2017.62330 -12.866
2017.62880 -13.54
2017.63150 -13.967
2017.63430 -13.414
2017.63700 -12.803
2017.63970 -11.013
2017.64520 -11.37
2017.64800 -12.574
2017.65070 -12.187
2017.65340 -13.165
2017.65620 -13.97
2017.65890 -13.301
2017.66160 -12.602
2017.66440 -12.445
2017.66710 -11.966
2017.66990 -13.238
2017.67260 -12.745
2017.67530 -13.54
2017.67810 -13.381
2017.68080 -12.681
2017.68360 -12.805
2017.68630 -12.628
2017.68900 -12.375
2017.69180 -13.309
2017.69450 -13.028
2017.69730 -13.091
2017.70000 -13.387
2017.70270 -13.537
2017.70550 -13.893
2017.70820 -13.638
2017.71100 -13.188
2017.71370 -13.098
2017.71640 -13.473
2017.71920 -13.002
2017.72190 -12.788
2017.72470 -13.119
2017.72740 -13.779
2017.73010 -12.903
2017.73290 -12.718
2017.73560 -13.371
2017.73840 -13.185
2017.74110 -13.372
2017.74380 -13.306
2017.74660 -13.762
2017.74930 -13.763
2017.75210 -13.59
2017.75480 -13.449
2017.75750 -14.065
2017.76030 -13.703
2017.76300 -13.76
2017.76580 -14.503
2017.76850 -14.311
2017.77120 -14.481
2017.77400 -14.515
2017.77670 -14.614
2017.77950 -14.512
2017.78220 -14.037
2017.78490 -14.012
2017.78770 -14.702
2017.79040 -14.326
2017.79320 -14.505
2017.79590 -14.631
2017.79860 -14.421
2017.80140 -14.371
2017.80410 -14.562
2017.80680 -14.71
2017.80960 -14.46
2017.81230 -14.588
2017.81510 -13.905
2017.81780 -14.043
2017.82050 -14.067
2017.82330 -14.567
2017.82600 -14.09
2017.82880 -14.097
2017.83150 -14.329
2017.83430 -13.988
2017.83700 -14.361
2017.83970 -14.498
2017.84250 -14.063
2017.84520 -14.476
2017.84800 -14.278
2017.85070 -14.3
2017.85340 -14.084
2017.85620 -14.224
2017.85890 -14.517
2017.86160 -13.742
2017.86440 -14.473
2017.86710 -14.356
2017.86990 -14.339
2017.87260 -14.503
2017.87530 -14.445
2017.87810 -14.908
2017.88080 -14.559
2017.88360 -14.974
2017.88630 -14.826
2017.88900 -14.577
2017.89180 -14.747
2017.89450 -14.396
2017.89730 -14.386
2017.90000 -14.245
2017.90270 -14.429
2017.90550 -13.921
2017.90820 -14.774
2017.91100 -14.745
2017.91370 -14.842
2017.91640 -14.547
2017.91920 -14.629
2017.92190 -14.936
2017.92470 -14.945
2017.92740 -14.402
2017.93010 -14.611
2017.93290 -14.666
2017.93560 -16.1133
2017.93840 -14.9743
2017.94110 -15.2633
2017.94380 -14.9603
2017.94660 -15.1713
2017.94930 -15.5053
2017.95210 -15.5453
2017.95480 -16.0023
2017.95750 -15.2683
2017.96030 -15.4473
2017.96300 -15.8813
2017.96580 -15.3473
2017.96850 -14.9223
2017.97120 -14.7843
2017.97400 -14.7313
2017.97670 -14.6643
2017.97950 -14.6813
2017.98220 -15.0223
2017.98490 -15.1483
2017.98770 -14.9813
2017.99040 -15.3103
2017.99320 -15.5703
2017.99590 -15.2943
2017.99860 -15.0273
2018.00140 -15.3473
2018.00410 -15.7573
2018.00690 -15.3633
2018.00960 -15.0303
2018.01230 -14.9363
2018.01510 -15.1693
2018.01780 -15.2103
2018.02060 -14.9253
2018.02330 -15.2373
2018.02600 -15.4563
2018.02880 -15.3733
2018.03150 -15.2413
2018.03420 -15.1923
2018.03700 -15.0533
2018.03970 -15.0143
2018.04250 -14.8873
2018.04520 -15.2033
2018.04790 -15.2623
2018.05070 -14.9103
2018.05340 -15.0373
2018.05620 -14.9583
2018.05890 -15.0743
2018.06160 -14.6983
2018.06440 -15.0973
2018.06710 -15.7123
2018.06990 -14.9363
2018.07260 -15.2723
2018.07530 -14.8673
2018.07810 -14.8013
2018.08080 -15.3373
2018.08360 -15.2833
2018.08630 -15.5663
2018.08900 -15.8823
2018.09180 -15.1843
2018.09450 -15.2493
2018.09730 -15.2943
2018.10000 -14.8313
2018.10270 -14.8903
2018.10550 -14.6783
2018.10820 -15.3223
2018.11100 -14.8153
2018.11370 -14.8963
2018.11640 -14.5833
2018.11920 -14.1873
2018.12190 -14.8133
2018.12470 -14.5543
2018.12740 -14.9563
2018.13010 -14.8523
2018.13290 -14.9763
2018.13560 -14.9123
2018.13840 -15.0203
2018.14110 -14.5123
2018.14380 -14.8553
2018.14660 -15.1893
2018.14930 -15.2343
2018.15200 -15.2033
2018.15480 -15.2313
2018.15750 -15.1393
2018.16030 -14.9043
2018.16300 -14.5213
2018.16570 -14.7863
2018.16850 -14.9413
2018.17120 -15.2373
2018.17400 -15.2253
2018.17670 -15.4293
2018.17950 -15.3503
2018.18220 -14.8153
2018.18490 -15.0153
2018.18770 -15.3633
2018.19040 -14.5833
2018.19320 -14.7243
2018.19590 -15.1763
2018.19860 -14.9183
2018.20140 -15.2373
2018.20410 -15.2773
2018.20690 -15.6203
2018.20960 -15.5053
2018.21230 -15.2423
2018.21510 -15.8843
2018.21780 -14.9493
2018.22060 -14.8853
2018.22330 -15.0753
2018.22600 -15.0443
2018.22880 -15.0873
2018.23150 -15.0633
2018.23430 -14.5953
2018.23700 -15.0633
2018.23970 -15.2693
2018.24250 -15.4033
2018.24520 -15.2173
2018.24790 -14.7393
2018.25070 -15.0183
2018.25340 -15.3323
2018.25620 -16.4203
2018.25890 -15.8843
2018.26160 -15.4953
2018.26440 -15.0173
2018.26710 -15.2303
2018.26990 -15.2393
2018.27260 -15.4793
2018.27530 -15.1513
2018.27810 -15.1383
2018.28080 -16.0023
2018.28360 -14.9653
2018.28630 -15.0973
2018.28900 -15.0973
2018.29180 -15.2233
2018.29450 -14.7743
2018.29730 -15.4033
2018.30000 -15.2213
2018.30270 -16.2623
2018.30550 -15.6233
2018.30820 -16.2073
2018.31100 -15.5353
2018.31370 -16.0993
2018.31640 -15.7323
2018.31920 -15.5003
2018.32190 -15.6433
2018.32470 -15.6363
2018.32740 -16.7823
2018.33010 -16.1373
2018.33290 -16.0373
2018.33560 -15.2843
2018.33840 -15.6903
2018.34110 -16.3193
2018.34380 -16.2503
2018.34660 -15.7833
2018.34930 -16.2533
2018.35210 -16.1773
2018.35480 -15.8643
2018.35750 -16.1683
2018.36030 -14.9663
2018.36300 -15.5773
2018.36570 -15.3133
2018.36850 -15.0373
2018.37120 -15.0023
2018.37400 -16.4813
2018.37670 -16.3413
2018.37940 -16.3053
2018.38490 -16.7983
2018.38770 -16.5613
2018.39040 -15.7313
2018.39320 -16.2703
2018.39590 -16.7073
2018.39860 -16.3123
2018.40140 -16.5323
2018.40410 -16.6163
2018.40690 -16.1643
2018.40960 -16.3203
2018.41230 -16.4933
2018.41510 -16.2113
2018.41780 -16.5203
2018.42060 -16.4613
2018.42330 -16.2373
2018.42600 -15.8443
2018.42880 -16.1633
2018.43150 -17.0723
2018.43430 -16.5053
2018.43700 -16.3453
2018.43970 -16.8233
2018.44250 -16.4643
2018.44520 -16.5333
2018.44800 -16.8493
2018.45070 -16.7363
2018.45340 -16.5403
2018.45620 -16.3583
2018.45890 -16.4163
2018.46160 -16.4193
2018.46440 -16.4883
2018.46710 -16.6263
2018.46990 -16.3973
2018.47260 -16.5393
2018.47530 -16.6623
2018.47810 -15.7123
2018.48080 -15.9203
2018.48360 -15.6223
2018.48630 -16.3003
2018.48900 -15.8583
2018.49180 -16.2713
2018.49450 -15.8413
2018.49730 -16.9223
2018.50000 -16.2163
2018.50270 -16.6273
2018.50550 -16.6883
2018.50820 -16.6033
2018.51100 -16.6523
2018.51370 -17.1383
2018.51640 -17.8673
2018.51920 -16.8303
2018.52190 -17.5373
2018.52470 -15.7133
2018.52740 -16.5113
2018.53010 -17.2863
2018.53560 -17.7593
2018.53840 -16.5173
2018.54110 -17.5983
2018.54380 -16.4963
2018.54660 -16.3233
2018.54930 -17.1453
2018.55210 -16.5163
2018.55480 -17.6553
2018.55750 -16.9133
2018.56300 -17.3523
2018.56580 -17.7963
2018.56850 -18.4943
2018.57120 -17.5503
2018.57400 -16.9853
2018.57670 -17.9643
2018.57950 -17.7063
2018.58220 -17.8653
2018.58490 -17.1643
2018.58770 -17.2413
2018.59040 -17.4473
2018.59590 -16.9153
2018.59860 -16.7913
2018.60140 -17.4263
2018.60410 -17.3903
2018.60680 -16.4583
2018.60960 -18.6063
2018.61510 -17.2833
2018.61780 -17.6903
2018.62060 -18.0623
2018.62600 -17.9843
2018.63150 -18.6563
2018.63430 -17.8823
2018.63700 -16.8563
2018.63970 -17.0223
2018.64250 -17.3153
2018.64520 -17.1243
2018.64800 -17.5253
2018.65070 -17.8293
2018.65340 -18.0213
2018.65620 -19.0633
2018.65890 -18.6133
2018.66160 -18.5053
2018.66440 -18.4393
2018.66710 -16.9703
2018.66990 -18.8243
2018.67260 -17.7253
2018.67530 -18.0393
2018.67810 -17.6853
2018.68080 -18.1753
2018.68360 -18.0493
2018.68630 -18.3303
2018.70270 -18.5163
2018.70550 -18.9773
2018.70820 -18.5243
2018.71100 -18.6853
2018.71370 -18.9633
2018.71640 -18.3983
2018.71920 -18.8013
2018.72190 -17.8773
2018.72470 -18.8153
2018.72740 -18.3823
2018.73010 -18.6903
2018.73560 -18.9463
2018.73840 -18.7683
2018.74110 -18.5803
2018.74380 -18.3783
2018.74660 -18.2123
2018.74930 -18.1113
2018.75210 -18.5563
2018.75480 -18.7563
2018.75750 -18.6123
2018.76030 -18.5313
2018.76300 -18.8173
2018.76580 -19.0443
2018.76850 -18.2203
2018.77120 -18.5783
2018.77400 -18.5003
2018.77670 -18.5493
2018.77950 -18.5493
2018.78220 -18.2983
2018.78490 -18.3133
2018.78770 -18.6323
2018.79040 -18.7693
2018.79320 -18.5193
2018.79590 -18.6303
2018.79860 -18.6913
2018.80140 -18.5333
2018.80410 -18.7563
2018.80680 -18.4373
2018.80960 -18.3553
2018.81230 -18.2833
2018.81510 -19.2803
2018.81780 -18.8223
2018.82050 -18.4573
2018.82330 -18.2543
2018.82600 -18.5423
2018.82880 -18.8033
2018.83150 -18.6663
2018.83430 -18.7523
2018.83700 -18.6993
2018.83970 -18.3863
2018.84250 -18.9013
2018.84520 -19.4543
2018.84800 -18.9033
2018.85070 -18.9603
2018.85340 -18.8503
2018.85620 -18.8473
2018.85890 -19.5273
2018.86160 -18.5653
2018.86440 -18.4963
2018.86710 -18.9933
2018.86990 -18.8123
2018.87260 -19.4963
2018.87530 -18.9953
2018.87810 -19.3233
2018.88080 -18.6293
2018.88360 -18.9273
2018.88630 -18.6893
2018.88900 -18.8303
2018.89180 -18.9833
2018.89450 -19.2103
2018.89730 -19.1423
2018.90000 -18.8563
2018.90270 -18.9803
2018.90550 -19.1323
2018.90820 -19.3783
2018.91100 -19.3043
2018.91370 -18.9453
2018.91640 -18.6453
2018.91920 -19.1373
2018.92190 -19.0913
2018.92470 -19.1153
2018.92740 -19.3823
2018.93010 -19.3313
2018.93290 -19.2213
2018.93560 -18.9913
2018.93840 -19.3433
2018.94110 -19.2243
2018.94380 -19.2213
2018.94660 -18.8373
2018.94930 -19.3053
2018.95210 -18.8533
2018.95480 -18.5913
2018.95750 -18.6023
2018.96030 -18.4893
2018.96300 -18.6593
2018.96580 -18.6713
2018.96850 -18.6433
2018.97120 -18.8623
2018.97400 -19.1453
2018.97670 -19.0693
2018.97950 -18.8333
2018.98220 -19.3673
2018.98490 -19.1843
2018.98770 -19.2553
2018.99040 -19.6583
2018.99320 -19.8233
2018.99590 -20.1083
2018.99860 -19.7273
2019.00140 -19.6833
2019.00410 -19.5703
2019.00690 -19.6863
2019.00960 -19.4983
2019.01230 -19.4563
2019.01510 -19.3503
2019.01780 -19.0333
2019.02060 -19.5283
2019.02330 -18.9723
2019.02600 -18.7183
2019.02880 -18.9333
2019.03150 -19.0793
2019.03420 -19.1293
2019.03700 -19.4313
2019.03970 -19.0143
2019.04250 -19.0713
2019.04520 -18.8533
2019.04790 -18.8023
2019.05070 -18.7783
2019.05340 -18.7933
2019.05620 -18.3533
2019.05890 -18.6483
2019.06160 -19.1043
2019.06440 -19.4423
2019.06710 -19.5353
2019.06990 -19.1043
2019.07260 -19.1703
2019.07530 -18.9113
2019.07810 -18.9913
2019.08080 -19.0993
2019.08360 -19.2223
2019.08630 -18.7173
2019.08900 -19.0283
2019.09180 -19.1493
2019.09450 -18.5033
2019.09730 -18.9363
2019.10000 -18.8273
2019.10270 -19.2143
2019.10550 -18.9183
2019.10820 -19.4453
2019.11100 -19.2813
2019.11370 -19.7133
2019.11640 -19.8713
2019.11920 -19.7053
2019.12190 -19.6603
2019.12470 -19.1213
2019.12740 -18.9533
2019.13010 -19.2823
2019.13290 -19.5133
2019.13560 -19.3193
2019.13840 -19.4993
2019.14110 -19.7463
2019.14380 -19.3233
2019.14660 -19.1433
2019.14930 -19.1513
2019.15200 -18.9953
2019.15480 -19.3723
2019.15750 -18.8243
2019.16030 -18.9833
2019.16300 -18.7373
2019.16570 -18.7943
2019.16850 -18.6413
2019.17120 -18.6883
2019.17400 -19.7663
2019.17670 -19.7233
2019.17950 -19.4103
2019.18220 -19.5193
2019.18490 -19.2863
2019.18770 -19.2423
2019.19040 -19.1723
2019.19320 -19.4553
2019.19590 -19.5603
2019.19860 -19.8733
2019.20140 -19.4473
2019.20410 -19.0593
2019.20690 -19.0173
2019.20960 -18.7673
2019.21230 -18.5583
2019.21510 -19.1243
2019.21780 -19.3303
2019.22060 -19.0653
2019.22330 -19.3403
2019.22600 -19.0913
2019.22880 -19.1083
2019.23150 -19.4013
2019.23430 -19.2033
2019.23700 -18.8343
2019.23970 -19.0163
2019.24250 -19.3113
2019.24520 -19.1603
2019.24790 -19.3223
2019.25070 -19.1313
2019.25340 -19.1893
2019.25620 -18.5293
2019.25890 -18.5923
2019.26160 -18.8113
2019.26440 -18.6473
2019.26710 -19.3223
2019.26990 -19.1233
2019.27260 -18.8803
2019.27530 -19.1313
2019.27810 -19.0043
2019.28080 -19.4213
2019.28360 -18.9993
2019.28630 -18.6203
2019.28900 -18.3103
2019.29180 -18.7043
2019.29450 -18.5163
2019.29730 -18.7493
2019.30000 -19.7783
2019.30270 -18.8183
2019.30550 -19.2233
2019.30820 -19.1043
2019.31100 -19.6933
2019.31370 -19.4123
2019.31640 -19.3753
2019.31920 -20.4153
2019.32190 -18.9743
2019.32470 -19.0113
2019.32740 -19.3243
2019.33010 -18.9873
2019.33290 -19.0193
2019.33560 -19.3243
2019.33840 -18.8173
2019.34110 -19.6653
2019.34380 -19.3113
2019.34660 -19.0463
2019.34930 -19.3153
2019.35210 -19.2493
2019.35480 -19.6883
2019.35750 -19.2573
2019.36030 -19.8883
2019.36300 -18.9693
2019.36570 -18.7583
2019.36850 -18.8693
2019.37120 -19.1933
2019.37400 -18.7523
2019.37670 -18.5663
2019.37940 -18.9033
2019.38220 -18.7353
2019.38490 -18.5993
2019.38770 -19.2103
2019.39040 -18.7573
2019.39320 -19.0363
2019.39590 -19.5383
2019.39860 -18.6763
2019.40140 -19.4623
2019.40410 -19.5593
2019.40690 -19.2523
2019.40960 -19.5483
2019.41230 -19.4063
2019.41510 -19.2823
2019.41780 -19.4453
2019.42060 -19.2443
2019.42330 -19.5423
2019.42600 -19.3483
2019.42880 -19.6563
2019.43150 -19.4223
2019.43430 -18.9853
2019.43700 -18.9733
2019.43970 -19.5623
2019.44250 -19.4223
2019.44520 -19.4573
2019.44800 -19.2433
2019.45070 -19.9503
2019.45340 -19.5123
2019.45620 -19.3663
2019.45890 -20.0613
2019.46160 -19.3233
2019.46440 -19.4193
2019.46710 -19.9483
2019.46990 -19.6543
2019.47260 -19.1883
2019.47530 -19.5173
2019.47810 -19.8653
2019.48080 -20.1343
2019.48360 -18.2743
2019.48630 -18.9833
2019.48900 -20.3623
2019.49180 -19.7693
2019.49450 -20.1363
2019.49730 -19.2583
2019.50000 -19.9803
2019.50270 -19.7123
2019.50550 -18.9763
2019.50820 -19.1233
2019.51100 -20.8773
2019.51370 -19.6243
2019.51640 -20.4943
2019.51920 -19.4513
2019.52190 -19.8883
2019.52470 -19.7243
2019.52740 -19.3733
2019.53010 -19.2023
2019.53290 -19.4703
2019.53560 -19.4723
2019.53840 -19.7713
2019.54380 -19.2693
2019.54930 -19.1493
2019.55210 -19.5533
2019.55480 -18.8343
2019.55750 -20.4063
2019.56030 -20.0453
2019.56300 -19.8173
2019.56580 -20.1283
2019.56850 -19.6953
2019.57400 -21.1223
2019.57670 -20.0583
2019.57950 -19.1803
2019.58220 -19.9793
2019.58770 -19.7963
2019.59040 -20.4463
2019.59310 -21.9003
2019.59590 -19.8003
2019.59860 -19.5223
2019.60140 -19.6213
2019.60410 -19.8253
2019.60680 -20.6283
2019.60960 -20.5873
2019.61230 -19.7053
2019.61510 -20.1763
2019.61780 -20.2413
2019.62060 -19.7823
2019.62330 -20.7093
2019.62600 -20.0753
2019.62880 -20.8743
2019.63150 -19.9213
2019.63430 -21.2333
2019.63700 -20.6323
2019.63970 -20.5143
2019.64250 -21.1563
2019.64520 -21.2033
2019.64800 -20.8653
2019.65070 -21.6743
2019.65340 -21.0883
2019.65620 -20.6293
2019.66160 -20.4623
2019.66440 -20.0833
2019.66710 -20.6453
2019.66990 -21.1953
2019.67260 -20.7753
2019.67530 -21.1663
2019.67810 -20.5023
2019.68080 -20.9123
2019.68360 -20.7223
2019.68630 -20.6633
2019.68900 -20.8653
2019.69180 -20.8473
2019.69450 -21.9963
2019.69730 -20.5573
2019.70270 -21.5203
2019.70550 -21.2413
2019.70820 -21.5303
2019.71100 -21.5043
2019.71370 -21.5663
2019.71640 -21.6733
2019.71920 -21.9453
2019.72190 -21.7423
2019.72470 -21.7943
2019.72740 -21.9323
2019.73010 -21.9953
2019.73290 -21.9133
2019.73560 -22.5103
2019.73840 -22.0233
2019.74110 -21.6103
2019.74380 -21.5433
2019.74660 -20.7683
2019.74930 -21.1853
2019.75210 -20.9293
2019.75480 -21.4733
2019.76030 -21.6243
2019.76300 -22.3423
2019.76580 -21.7873
2019.76850 -21.1113
2019.77400 -21.5493
2019.77670 -21.7693
2019.77950 -21.8603
2019.78220 -23.0043
2019.78490 -22.0413
2019.78770 -21.3913
2019.79040 -21.8093
2019.79320 -21.3413
2019.79590 -21.5853
2019.79860 -21.7473
2019.80140 -21.5203
2019.80410 -21.3823
2019.80680 -21.4913
2019.80960 -21.5623
2019.81230 -22.0373
2019.81510 -21.7573
2019.81780 -21.3533
2019.82050 -20.9413
2019.82330 -20.8883
2019.82600 -20.6963
2019.82880 -21.6173
2019.83150 -21.3003
2019.83430 -21.1943
2019.83700 -22.0383
2019.83970 -21.7763
2019.84250 -21.9573
2019.84520 -21.4693
2019.84800 -21.3543
2019.85070 -22.2353
2019.85340 -22.0213
2019.85620 -22.1003
2019.85890 -21.3743
2019.86160 -21.0613
2019.86440 -22.0053
2019.86710 -21.7913
2019.86990 -20.9903
2019.87260 -21.5863
2019.87530 -21.7413
2019.87810 -21.5243
2019.88080 -21.5343
2019.88360 -21.2063
2019.88630 -21.8933
2019.88900 -21.0683
2019.89180 -21.5273
2019.89450 -21.5333
2019.89730 -22.2793
2019.90000 -21.4993
2019.90270 -21.9453
2019.90550 -22.3623
2019.90820 -21.7443
2019.91100 -21.9983
2019.91370 -22.1813
2019.91640 -22.0133
2019.91920 -21.7473
2019.92190 -22.1033
2019.92470 -22.4913
2019.92740 -22.2373
2019.93010 -21.9123
2019.93290 -22.0783
2019.93560 -21.6733
2019.93840 -21.7393
2019.94110 -21.7203
2019.94380 -21.8073
2019.94660 -21.8803
2019.94930 -22.3353
2019.95210 -22.0893
2019.95480 -22.1273
2019.95750 -22.4333
2019.96030 -22.6783
2019.96300 -22.0063
2019.96580 -22.0163
2019.96850 -22.1073
2019.97120 -21.9973
2019.97400 -22.0933
2019.97670 -22.4723
2019.97950 -22.3583
2019.98220 -21.9903
2019.98490 -21.9013
2019.98770 -21.7303
2019.99040 -22.3923
2019.99320 -22.2963
2019.99590 -22.6813
2019.99860 -22.2933
2020.00140 -22.6223
2020.00410 -22.5023
2020.00680 -22.5133
2020.00960 -22.5343
2020.01230 -22.7403
2020.01500 -22.9453
2020.01780 -22.5473
2020.02050 -21.8363
2020.02320 -22.2203
2020.02600 -22.4413
2020.02870 -22.0263
2020.03140 -21.6733
2020.03420 -21.8713
2020.03690 -21.8953
2020.03960 -21.9693
2020.04230 -21.9523
2020.04510 -21.6073
2020.04780 -21.5853
2020.05050 -21.5763
2020.05330 -21.2263
2020.05600 -21.4793
2020.05870 -21.7673
2020.06150 -22.0063
2020.06420 -22.3553
2020.06690 -22.3853
2020.06970 -22.2323
2020.07240 -22.0753
2020.07510 -22.2073
2020.07790 -21.9463
2020.08060 -21.8023
2020.08330 -22.1853
2020.08610 -22.6793
2020.08880 -22.6483
2020.09150 -22.1813
2020.09430 -22.7053
2020.09700 -22.5823
2020.09970 -22.5283
2020.10250 -22.4003
2020.10520 -22.6333
2020.10790 -22.0153
2020.11070 -22.1363
2020.11340 -21.9153
2020.11610 -21.9503
2020.11890 -22.0863
2020.12160 -23.1343
2020.12430 -23.0553
2020.12710 -22.3273
2020.12980 -22.2573
2020.13250 -22.6263
2020.13530 -22.6523
2020.13800 -23.1323
2020.14070 -22.9853
2020.14340 -22.6573
2020.14620 -22.1733
2020.14890 -22.1923
2020.15160 -22.1263
2020.15440 -22.3203
2020.15710 -22.3603
2020.15980 -22.2253
2020.16260 -22.6263
2020.16530 -22.8293
2020.16800 -22.7533
2020.17080 -23.0973
2020.17350 -22.1783
2020.17620 -21.7343
2020.17900 -22.1833
2020.18170 -22.5328
2020.18440 -22.2828
2020.18720 -22.5738
2020.18990 -21.9978
2020.19260 -21.9488
2020.19540 -22.9388
2020.19810 -22.7388
2020.20080 -21.9018
2020.20360 -22.0638
2020.20630 -22.2508
2020.20900 -21.9228
2020.21170 -21.7988
2020.21450 -22.0368
2020.21720 -21.3258
2020.21990 -21.8998
2020.22270 -21.6878
2020.22540 -22.1738
2020.22810 -21.6308
2020.23090 -21.8648
2020.23360 -22.7458
2020.23630 -22.4998
2020.23910 -22.2458
2020.24180 -21.7678
2020.24450 -21.7888
2020.24730 -22.4758
2020.25000 -22.5688
2020.25270 -22.4298
2020.25550 -22.4258
2020.25820 -22.3788
2020.26090 -22.6448
2020.26370 -22.6708
2020.26640 -22.6728
2020.26910 -22.4278
2020.27190 -23.3478
2020.27460 -23.4248
2020.27730 -22.6138
2020.28010 -22.2708
2020.28280 -22.5008
2020.28550 -21.9868
2020.28830 -22.3728
2020.29100 -22.6108
2020.29370 -22.5878
2020.29650 -22.1938
2020.29920 -22.7008
2020.30190 -22.7638
2020.30460 -22.6878
2020.30740 -22.6638
2020.31010 -21.6828
2020.31280 -21.8278
2020.31560 -22.4158
2020.31830 -22.4598
2020.32100 -22.8258
2020.32380 -21.9948
2020.32650 -22.6068
2020.32920 -21.7578
2020.33200 -21.5968
2020.33470 -21.6938
2020.33740 -21.9008
2020.34020 -22.2058
2020.34290 -21.9428
2020.34560 -20.9588
2020.34840 -22.8808
2020.35110 -22.9838
2020.35380 -22.1328
2020.35660 -22.1578
2020.35930 -21.8248
2020.36200 -22.1308
2020.36480 -22.0428
2020.36750 -22.2318
2020.37020 -21.6888
2020.37290 -21.7658
2020.37570 -23.0548
2020.37840 -21.8848
2020.38110 -21.9628
2020.38390 -22.5558
2020.38660 -23.0708
2020.38930 -22.9308
2020.39210 -22.8848
2020.39480 -22.1468
2020.39750 -22.3118
2020.40030 -22.0368
2020.40300 -22.2488
2020.40570 -21.9828
2020.40850 -22.7428
2020.41120 -22.1558
2020.41390 -21.3478
2020.41670 -23.3608
2020.41940 -22.3228
2020.42210 -22.1388
2020.42490 -22.9268
2020.42760 -22.6348
2020.43030 -22.2528
2020.43310 -22.0178
2020.43580 -22.8668
2020.43850 -22.8838
2020.44130 -23.0028
2020.44400 -22.5088
2020.44670 -22.4408
2020.44950 -21.8748
2020.45220 -22.1188
2020.45490 -22.1088
2020.45770 -22.7128
2020.46040 -22.8498
2020.46310 -22.6308
2020.46590 -22.2308
2020.46860 -21.7768
2020.47130 -22.3798
2020.47400 -22.3328
2020.47680 -22.4458
2020.47950 -22.9488
2020.48220 -22.1598
2020.48500 -22.8648
2020.48770 -23.0148
2020.49040 -21.9198
2020.49320 -22.5408
2020.49590 -22.2328
2020.49860 -22.4198
2020.50140 -22.3898
2020.50410 -21.9278
2020.50680 -21.4578
2020.50960 -22.4048
2020.51230 -22.7208
2020.51500 -22.8668
2020.52050 -21.8288
2020.52320 -22.7958
2020.52600 -22.3778
2020.52870 -22.9378
2020.53140 -23.1118
2020.53420 -23.4318
2020.53690 -23.2318
2020.53960 -22.5298
2020.54230 -21.4788
2020.54510 -23.0528
2020.54780 -22.6938
2020.55050 -22.7318
2020.55330 -23.1828
2020.55600 -23.8828
2020.55870 -22.7078
2020.56150 -23.6978
2020.56420 -23.7028
2020.56690 -23.3068
2020.56970 -23.5858
2020.57240 -23.4498
2020.57510 -22.9848
2020.57790 -24.0448
2020.58060 -26.2038
2020.58330 -24.7278
2020.58610 -24.6398
2020.58880 -24.8408
2020.59150 -23.6528
2020.59430 -23.9268
2020.59700 -22.9018
2020.59970 -24.9658
2020.60250 -23.3208
2020.60520 -23.6708
2020.60790 -24.2868
2020.61070 -23.2678
2020.61340 -23.2118
2020.61610 -23.4048
2020.61890 -22.2178
2020.62160 -25.8048
2020.62430 -22.6628
2020.62710 -22.8398
2020.62980 -23.2818
2020.63530 -23.7468
2020.63800 -24.5548
2020.64070 -23.7588
2020.64340 -22.6308
2020.64620 -23.6478
2020.64890 -23.9158
2020.65160 -25.1918
2020.65440 -23.3988
2020.65980 -23.5778
2020.66260 -23.9748
2020.66530 -24.6838
2020.66800 -24.0678
2020.67080 -23.9898
2020.67350 -23.7628
2020.67620 -24.3828
2020.67900 -23.9358
2020.68170 -23.9318
2020.68440 -24.1788
2020.68720 -23.9858
2020.68990 -23.6668
2020.69260 -23.3198
2020.69540 -24.0728
2020.69810 -24.5718
2020.70080 -23.4368
2020.70360 -24.3288
2020.70630 -22.8348
2020.70900 -23.5818
2020.71170 -23.2148
2020.71450 -23.6598
2020.71720 -23.5888
2020.71990 -24.1778
2020.72270 -24.3748
2020.72540 -23.5758
2020.72810 -23.5558
2020.73090 -24.6608
2020.73360 -24.0458
2020.73630 -24.5028
2020.73910 -24.3008
2020.74180 -23.4768
2020.74450 -23.6958
2020.74730 -23.3628
2020.75000 -24.1188
2020.75270 -23.4048
2020.75550 -23.8178
2020.75820 -24.1278
2020.76090 -23.9568
2020.76370 -24.2198
2020.76640 -24.5578
2020.77190 -24.6308
2020.77460 -23.9168
2020.77730 -24.4868
2020.78010 -24.2188
2020.78280 -24.1048
2020.78550 -24.3368
2020.78830 -23.6068
2020.79100 -23.8948
2020.79370 -23.4958
2020.79650 -23.2138
2020.80190 -23.5308
2020.80460 -23.2768
2020.81560 -23.7618
2020.81830 -24.1628
2020.82100 -25.0918
2020.82380 -24.5318
2020.82650 -24.5998
2020.82920 -23.7408
2020.83200 -23.9388
2020.83470 -23.9588
2020.83740 -24.4598
2020.84020 -23.9268
2020.84290 -23.9118
2020.84560 -24.5508
2020.84840 -23.5758
2020.85110 -23.9558
2020.85380 -24.0918
2020.85660 -23.6838
2020.85930 -24.2278
2020.86200 -24.3678
2020.86480 -24.0028
2020.87020 -24.2728
2020.87290 -23.8458
2020.87570 -24.0008
2020.87840 -23.7398
2020.88110 -23.6448
2020.88390 -24.0538
2020.88660 -24.2758
2020.88930 -24.2578
2020.89210 -23.3028
2020.89480 -23.5228
2020.89750 -24.0258
2020.90030 -23.8148
2020.90300 -24.2518
2020.90570 -23.6258
2020.90850 -23.9498
2020.91120 -23.3238
2020.91390 -23.6778
2020.91670 -24.5548
2020.91940 -24.4228
2020.92210 -24.3778
2020.92490 -24.2898
2020.92760 -24.9068
2020.93030 -24.6758
2020.93310 -24.5698
2020.93580 -24.4988
2020.93850 -23.9758
2020.94130 -23.8088
2020.94400 -23.6818
2020.94670 -23.7858
2020.94950 -24.2418
2020.95220 -24.0608
2020.95490 -24.3278
2020.95770 -24.2438
2020.96040 -23.8788
2020.96310 -24.4018
2020.96590 -24.1678
2020.96860 -23.9408
2020.97130 -23.9688
2020.97400 -23.6598
2020.97680 -23.6818
2020.97950 -23.7458
2020.98220 -24.0108
2020.98500 -24.3508
2020.98770 -24.1768
2020.99040 -24.3478
2020.99320 -24.6408
2020.99590 -23.4478
2020.99860 -23.9858
2021.00140 -24.1958
2021.00410 -24.5888
2021.00690 -24.4578
2021.00960 -24.8608
2021.01230 -24.5418
2021.01510 -24.1018
2021.01780 -23.7188
2021.02060 -23.6598
2021.02330 -23.6458
2021.02880 -23.4558
2021.03150 -23.1088
2021.03420 -23.7848
2021.03700 -23.5418
2021.03970 -23.7408
2021.04250 -24.0678
2021.04520 -23.4438
2021.04790 -23.3918
2021.05070 -23.8268
2021.05340 -24.3408
2021.05620 -24.1648
2021.05890 -24.3398
2021.06160 -24.4028
2021.06440 -24.8368
2021.06710 -24.7348
2021.06990 -24.5338
2021.07260 -24.3518
2021.07530 -24.6488
2021.07810 -24.2078
2021.08080 -24.5568
2021.08360 -24.3438
2021.08630 -24.4528
2021.08900 -24.0288
2021.09180 -24.7388
2021.09450 -24.5608
2021.09730 -24.5948
2021.10000 -24.7628
2021.10270 -25.1188
2021.10550 -25.0698
2021.10820 -24.4028
2021.11100 -24.2578
2021.11370 -24.2298
2021.11640 -24.2928
2021.11920 -24.1508
2021.12470 -24.1098
2021.12740 -24.1138
2021.13010 -24.0788
2021.13290 -24.1028
2021.13560 -23.7408
2021.13840 -23.4088
2021.14110 -24.2178
2021.14380 -24.1948
2021.14660 -24.1818
2021.14930 -24.1068
2021.15200 -24.3288
2021.15480 -24.4748
2021.15750 -24.4208
2021.16030 -24.6668
2021.16300 -24.4738
2021.16570 -24.3818
2021.16850 -24.6358
2021.17120 -23.7698
2021.17400 -24.5478
2021.17670 -24.6078
2021.17950 -24.4708
2021.18220 -24.4128
2021.18490 -24.4158
2021.18770 -24.4928
2021.19040 -24.8718
2021.19320 -24.5958
2021.19590 -24.4698
2021.19860 -24.0848
2021.20140 -23.4758
2021.20410 -23.8508
2021.20690 -24.0788
2021.20960 -24.3848
2021.21230 -24.4748
2021.21510 -23.9018
2021.21780 -23.7668
2021.22060 -23.6718
2021.22330 -24.0078
2021.22600 -23.9208
2021.22880 -22.8448
2021.23150 -24.3658
2021.23430 -23.7718
2021.23700 -23.1738
2021.23970 -24.0448
2021.24250 -23.5798
2021.24520 -24.8438
2021.24790 -24.3688
2021.25070 -24.9398
2021.25340 -24.5228
2021.25620 -23.8808
2021.25890 -24.4568
2021.26160 -24.7168
2021.26440 -24.4588
2021.26710 -24.1408
2021.26990 -25.4748
2021.27260 -24.6088
2021.27530 -24.8608
2021.27810 -24.9308
2021.28080 -23.7948
2021.28360 -23.8478
2021.28630 -24.9168
2021.28900 -24.6968
2021.29180 -24.1638
2021.29450 -24.3648
2021.29730 -24.6968
2021.30000 -24.7288
2021.30270 -23.8478
2021.30550 -24.1458
2021.30820 -25.0508
2021.31100 -24.6668
2021.31370 -25.1008
2021.31640 -25.1278
2021.31920 -24.9338
2021.32190 -24.6368
2021.32470 -24.1518
2021.32740 -25.1428
2021.33010 -25.0818
2021.33840 -25.2268
2021.34110 -24.8248
2021.34380 -24.7938
2021.34660 -24.7858
2021.34930 -24.5938
2021.35210 -24.6738
2021.35480 -24.5078
2021.35750 -24.0968
2021.36030 -23.5198
2021.36300 -24.5038
2021.36570 -24.6018
2021.36850 -24.1158
2021.37120 -24.3238
2021.37400 -24.2838
2021.37670 -24.0528
2021.37940 -23.9598
2021.38220 -23.7538
2021.38490 -23.8628
2021.38770 -24.2918
2021.39040 -24.5138
2021.39320 -24.5608
2021.39590 -24.7458
2021.39860 -25.0788
2021.40140 -23.8828
2021.40410 -24.3878
2021.40690 -25.1908
2021.40960 -24.8078
2021.41230 -25.4788
2021.41510 -24.9678
2021.41780 -25.2308
2021.42330 -25.7598
2021.43700 -24.5418
2021.43970 -24.6428
2021.44520 -23.6698
2021.44800 -23.2588
2021.45070 -24.2688
2021.45340 -24.3568
2021.45620 -25.5868
2021.45890 -24.6768
2021.46160 -25.5948
2021.46440 -25.1188
2021.46710 -23.7518
2021.46990 -25.0678
2021.47260 -24.7638
2021.47530 -24.9138
2021.47810 -23.9908
2021.48080 -24.4018
2021.48360 -25.3188
2021.48630 -24.3988
2021.48900 -23.9698
2021.49180 -23.7358
2021.49450 -25.2318
2021.49730 -22.5978
2021.50270 -24.4418
2021.50550 -25.0738
2021.51100 -24.2028
2021.51370 -24.6548
2021.51640 -23.7348
2021.51920 -23.0898
2021.52190 -22.8788
2021.52470 -24.1278
2021.52740 -22.7508
2021.56300 -23.7828
2021.56580 -23.8478
2021.57120 -24.0208
2021.60960 -23.3948
2021.61230 -23.4998
2021.67260 -23.6968
2021.72740 -24.4808
2021.77950 -23.7398
2021.79590 -23.2538
2021.85070 -24.6608
2021.85620 -23.6268
2021.85890 -23.2448
2021.86160 -23.9808
2021.86710 -24.0338
2021.87530 -24.3178
2021.87810 -24.1848
2021.88360 -24.7588
2021.88630 -24.8218
2021.88900 -24.5648
2021.89180 -25.3728
2021.89450 -24.9618
2021.90000 -25.3428
2021.90550 -24.9308
2021.90820 -25.3658
2021.91100 -25.2878
2021.91370 -24.5048
2021.91640 -24.6748
2021.91920 -24.5118
2021.92190 -24.9058
2021.92740 -25.1938
2021.93010 -25.3998
2021.93290 -25.8478
2021.93560 -25.3268
2021.93840 -24.7848
2021.94110 -25.7218
2021.94380 -25.5418
2021.94660 -24.6978
2021.94930 -25.1238
2021.95210 -24.0538
2021.95480 -25.1358
2021.95750 -24.4328
2021.96030 -24.9008
2021.96300 -23.8298
2021.96580 -23.4688
2021.96850 -23.2128
2021.97120 -23.6148
2021.97400 -24.2108
2021.97670 -24.0848
2021.97950 -24.7408
2021.98220 -24.5948
2021.98490 -24.3428
2021.98770 -24.0218
2021.99040 -23.9658
2021.99320 -24.1028
2021.99590 -23.7928
2021.99860 -25.0998
2022.00140 -24.5428
2022.00410 -24.2718
2022.00690 -24.6518
2022.00960 -24.7538
2022.01230 -24.7578
2022.01510 -24.8028
2022.01780 -24.4578
2022.02060 -24.8548
2022.02330 -24.5848
2022.02600 -24.4638
2022.02880 -24.4888
2022.03150 -24.7438
2022.03420 -24.5428
2022.03700 -24.3408
2022.03970 -25.0698
2022.04250 -24.7718
2022.04520 -24.9018
2022.04790 -24.3718
2022.05070 -24.8368
2022.05340 -24.9658
2022.05620 -25.1148
2022.05890 -25.2378
2022.06160 -25.6878
2022.06710 -24.8088
2022.06990 -25.4338
2022.07260 -25.3808
2022.07530 -25.1268
2022.07810 -25.3248
2022.08080 -25.9648
2022.08360 -25.1598
2022.08630 -25.2608
2022.08900 -24.9398
2022.09180 -24.9998
2022.09450 -25.3788
2022.09730 -24.9098
2022.10000 -25.1748
2022.10270 -25.2018
2022.10550 -25.0148
2022.10820 -24.5438
2022.11100 -24.6108
2022.11370 -24.6218
2022.11640 -24.5798
2022.11920 -24.8878
2022.12190 -24.7148
2022.12470 -24.5208
2022.12740 -24.3868
2022.13010 -25.1338
2022.13290 -25.9668
2022.13560 -25.3098
2022.13840 -24.5688
2022.14110 -24.6688
2022.14380 -25.0998
2022.14660 -24.5908
2022.14930 -24.5098
2022.15200 -25.1518
2022.15480 -24.3688
2022.15750 -23.7428
2022.16030 -24.7448
2022.16300 -23.6538
2022.16570 -23.6848
2022.16850 -24.0768
2022.17120 -23.8608
2022.17400 -24.2308
2022.17670 -24.1388
2022.17950 -24.2968
2022.18220 -24.6968
2022.18490 -24.6128
2022.18770 -24.0378
2022.19040 -25.1578
2022.19320 -23.7058
2022.19590 -24.9288
2022.19860 -24.6528
2022.20140 -23.8908
2022.20410 -24.6648
2022.20690 -25.0878
2022.20960 -25.4098
2022.21230 -25.6758
2022.21510 -24.8198
2022.21780 -25.9518
2022.22060 -24.7818
2022.22330 -23.7858
2022.22600 -24.3348
2022.22880 -23.8538
2022.23150 -23.3738
2022.23430 -24.2368
2022.23700 -24.1998
2022.23970 -24.1778
2022.24250 -24.3618
2022.24520 -25.6988
2022.24790 -24.1578
2022.25070 -24.5548
2022.25340 -24.6598
2022.25620 -24.4268
2022.26160 -24.1868
2022.26440 -23.6838
2022.26990 -22.9258
2022.27260 -23.1618
2022.28360 -24.2718
2022.30000 -22.7078
2022.30550 -22.7548
