2014.28360 2.798
2014.28630 3.671
2014.28900 3.377
2014.29450 2.295
2014.29730 2.486
2014.30000 2.687
2014.30270 2.548
2014.30820 3.383
2014.31100 2.672
2014.31370 2.716
2014.31640 2.768
2014.31920 2.67
2014.32190 2.762
2014.32470 3.383
2014.32740 3.223
2014.33010 2.778
2014.33290 2.392
2014.33560 2.735
2014.33840 2.621
2014.34110 2.916
2014.34380 3.581
2014.34660 3.075
2014.34930 3.273
2014.35210 3.348
2014.35480 2.233
2014.35750 2.85
2014.36030 3.533
2014.36300 3.077
2014.36570 3.189
2014.36850 2.957
2014.37120 2.571
2014.37400 2.495
2014.37670 2.905
2014.37940 2.981
2014.38220 2.929
2014.38490 3.05
2014.38770 2.728
2014.39040 2.609
2014.39320 2.369
2014.39590 2.523
2014.39860 2.985
2014.40140 3.035
2014.40410 2.684
2014.40690 3.276
2014.40960 2.435
2014.41230 2.836
2014.41510 2.862
2014.41780 2.257
2014.42060 2.583
2014.42330 2.687
2014.42600 2.502
2014.42880 2.212
2014.43150 2.46
2014.43430 2.814
2014.43700 3.146
2014.43970 2.761
2014.44250 2.321
2014.44520 3.342
2014.44800 2.612
2014.45070 1.704
2014.45340 2.568
2014.45620 2.522
2014.45890 2.563
2014.46160 1.606
2014.46440 2.539
2014.46710 2.324
2014.46990 2.65
2014.47260 2.74
2014.47530 3.551
2014.47810 2.898
2014.48080 2.323
2014.48360 2.762
2014.48630 3.106
2014.48900 2.707
2014.49180 3.385
2014.49450 2.897
2014.49730 2.575
2014.50000 2.803
2014.50270 2.739
2014.50550 2.775
2014.51100 2.475
2014.51370 2.888
2014.51640 1.994
2014.51920 2.295
2014.52190 2.923
2014.52470 2.264
2014.52740 3.496
2014.53010 2.417
2014.53290 2.63
2014.53560 2.769
2014.53840 2.577
2014.54110 2.744
2014.54380 2.63
2014.54660 2.38
2014.54930 2.408
2014.55210 2.852
2014.55480 1.589
2014.55750 2.938
2014.56030 2.352
2014.56300 2.383
2014.56580 2.635
2014.56850 2.211
2014.57120 2.289
2014.57670 0.942
2014.57950 1.656
2014.58220 1.716
2014.58770 1.343
2014.59040 2.295
2014.59310 1.628
2014.59590 0.975
2014.59860 1.536
2014.60140 2.193
2014.60410 1.239
2014.60680 1.402
2014.60960 1.575
2014.61230 1.279
2014.61510 0.408
2014.61780 1.834
2014.62060 1.518
2014.62330 1.751
2014.62600 1.325
2014.62880 1.257
2014.63150 1.829
2014.63430 2.288
2014.63700 2.072
2014.63970 1.956
2014.64250 2.038
2014.64520 1.478
2014.64800 1.953
2014.65070 2.052
2014.65340 1.412
2014.65620 1.295
2014.65890 1.356
2014.66160 1.164
2014.66440 1.21
2014.66710 1.241
2014.66990 1.173
2014.67260 1.153
2014.67530 2.026
2014.67810 1.901
2014.68080 1.074
2014.68360 1.774
2014.68630 1.052
2014.68900 2.15
2014.69180 1.935
2014.69450 1.241
2014.69730 0.912
2014.70000 2.004
2014.70270 0.498
2014.70550 0.776
2014.70820 1.252
2014.71100 0.988
2014.71370 0.592
2014.71640 1.293
2014.71920 1.152
2014.72470 0.713
2014.72740 0.644
2014.73010 1.266
2014.73290 1.12
2014.73560 0.466
2014.73840 0.96
2014.74110 0.927
2014.74380 0.337
2014.74660 0.849
2014.74930 0.974
2014.75210 0.983
2014.75480 1.228
2014.75750 0.067
2014.76030 0.319
2014.76300 0.873
2014.76580 0.407
2014.76850 0.433
2014.77120 0.46
2014.77400 0.545
2014.77670 -0.239
2014.77950 -0.108
2014.78220 0.714
2014.78490 0.656
2014.78770 0.67
2014.79040 0.644
2014.79320 0.698
2014.79590 1.071
2014.80140 0
2014.80410 0.246
2014.80680 0.675
2014.80960 1.005
2014.81230 0.974
2014.81510 0.475
2014.81780 0.301
2014.82050 0.492
2014.82330 0.499
2014.82600 0.505
2014.82880 -0.157
2014.83150 0.752
2014.83430 0.547
2014.83700 0.685
2014.83970 0.805
2014.84250 0.44
2014.84520 0.452
2014.84800 0.492
2014.85070 0.157
2014.85340 0.203
2014.85620 0.485
2014.85890 0.662
2014.86160 0.386
2014.86440 0.742
2014.86710 0.788
2014.86990 0.467
2014.87260 0.403
2014.87530 0.197
2014.87810 0.19
2014.88080 0.206
2014.88360 0.454
2014.88630 0.756
2014.88900 0.417
2014.89180 0.082
2014.89450 -0.135
2014.89730 0.396
2014.90000 0.73
2014.90270 0.614
2014.90550 0.539
2014.90820 0.752
2014.91100 0.446
2014.91370 0.108
2014.91640 1.002
2014.91920 0.776
2014.92190 0.668
2014.92470 0.709
2014.92740 0.661
2014.93010 0.384
2014.93290 -0.09
2014.93560 0.055
2014.93840 0.021
2014.94110 0.143
2014.94380 0.335
2014.94660 0.147
2014.94930 -0.136
2014.95210 -0.413
2014.95480 -0.401
2014.95750 -0.208
2014.96030 0.131
2014.96300 -0.388
2014.96580 -0.328
2014.96850 0.053
2014.97120 0.13
2014.97400 0.311
2014.97670 -0.254
2014.97950 -0.414
2014.98220 -0.322
2014.98490 -0.324
2014.98770 -0.4
2014.99040 0.23
2014.99320 0.074
2014.99590 -0.204
2014.99860 -0.45
2015.00140 0.231
2015.00410 -0.158
2015.00690 0.482
2015.00960 0.533
2015.01230 0.255
2015.01510 0.368
2015.01780 -0.233
2015.02060 0.01
2015.02330 -0.229
2015.02600 0.153
2015.02880 -0.177
2015.03150 -0.218
2015.03420 -0.462
2015.03700 -0.026
2015.03970 -0.011
2015.04250 -0.035
2015.04520 0.454
2015.04790 0.064
2015.05070 0.364
2015.05340 -0.055
2015.05620 0.231
2015.05890 0.665
2015.06160 0.502
2015.06440 -0.085
2015.06710 0.303
2015.06990 0.125
2015.07260 0.313
2015.07530 -0.252
2015.07810 -0.242
2015.08080 -0.174
2015.08360 -0.189
2015.08630 -0.076
2015.08900 -0.419
2015.09180 -0.615
2015.09450 0.138
2015.09730 0.166
2015.10000 -0.1
2015.10270 -0.347
2015.10550 0.231
2015.10820 0.334
2015.11100 0.542
2015.11370 0.083
2015.11640 0.54
2015.11920 0.443
2015.12190 -0.145
2015.12470 0.037
2015.12740 -0.102
2015.13010 -0.065
2015.13290 0.005
2015.13560 -0.238
2015.13840 0.605
2015.14110 -0.259
2015.14380 0.356
2015.14660 0.126
2015.14930 0.108
2015.15200 -0.027
2015.15480 0.015
2015.15750 -0.112
2015.16030 -0.498
2015.16300 0.564
2015.16570 0.179
2015.16850 -0.092
2015.17120 0.084
2015.17400 -0.089
2015.17670 -0.036
2015.17950 0.261
2015.18220 -0.444
2015.18490 -0.156
2015.18770 0.049
2015.19040 0.21
2015.19320 0.599
2015.19590 0.126
2015.19860 0.215
2015.20140 0.195
2015.20410 0.784
2015.20690 0.541
2015.20960 0.762
2015.21230 0.54
2015.21510 0.138
2015.21780 0.197
2015.22060 0.024
2015.22330 -0.101
2015.22600 -0.095
2015.22880 -0.172
2015.23150 0.308
2015.23430 0.278
2015.23700 0.147
2015.23970 0.372
2015.24250 0.443
2015.24520 0.195
2015.24790 0.865
2015.25070 0.649
2015.25340 0.711
2015.25620 0.365
2015.25890 -0.405
2015.26160 -0.192
2015.26440 -0.148
2015.26710 -0.295
2015.26990 -0.292
2015.27260 -0.171
2015.27530 -0.529
2015.28080 -0.276
2015.28360 0.386
2015.28630 0.152
2015.28900 0.007
2015.29180 -0.287
2015.29450 -0.107
2015.29730 -0.289
2015.30000 -0.12
2015.30270 -0.22
2015.30550 -0.497
2015.30820 -0.473
2015.31100 -0.32
2015.31370 -0.372
2015.31640 -0.008
2015.31920 0.5
2015.32190 -0.361
2015.32470 -0.182
2015.32740 -0.271
2015.33010 -1.121
2015.33290 -0.62
2015.33560 -0.928
2015.33840 -0.781
2015.34110 -0.733
2015.34380 -0.778
2015.34660 -0.442
2015.34930 -0.911
2015.35210 -0.79
2015.35480 -1.008
2015.35750 0.064
2015.36030 0.575
2015.36300 -0.24
2015.36570 -0.902
2015.36850 -0.763
2015.37120 -0.407
2015.37400 0.356
2015.37670 -0.779
2015.37940 -0.091
2015.38220 -0.637
2015.38490 -0.571
2015.39590 -0.235
2015.39860 -0.693
2015.40140 -0.212
2015.40410 0.139
2015.40690 -0.524
2015.40960 -1.757
2015.41230 -0.161
2015.41510 -0.852
2015.41780 -1.163
2015.42060 -0.268
2015.42330 -0.138
2015.42600 -0.587
2015.42880 -0.863
2015.43150 -0.48
2015.43430 -0.242
2015.43700 -0.772
2015.43970 -0.608
2015.44250 0.034
2015.44520 -0.329
2015.44800 -0.661
2015.45070 -0.385
2015.45340 -0.583
2015.45620 -0.701
2015.45890 -0.901
2015.46160 -0.619
2015.46440 -0.598
2015.46710 -0.257
2015.46990 -0.308
2015.47260 -0.384
2015.47530 -0.604
2015.47810 -0.034
2015.48080 0.038
2015.48360 -0.32
2015.48630 -0.898
2015.48900 -0.709
2015.49180 -0.316
2015.49450 -0.473
2015.49730 -0.25
2015.50000 -0.772
2015.50270 -1.106
2015.50550 -0.897
2015.50820 -0.917
2015.51100 -0.937
2015.51370 -0.352
2015.51640 -1.244
2015.51920 -1.105
2015.52190 -3.331
2015.52470 -0.559
2015.52740 -0.314
2015.53290 -0.665
2015.53560 -0.862
2015.53840 -1.067
2015.54110 -1.645
2015.54380 -0.912
2015.54660 -0.249
2015.54930 -1.34
2015.55210 -1.656
2015.55480 -1.146
2015.56030 -0.339
2015.56300 -0.805
2015.56580 -0.849
2015.56850 -0.647
2015.57120 -0.772
2015.57400 -1.344
2015.57670 -1.492
2015.57950 -1.959
2015.58220 -1.399
2015.58490 -1.171
2015.58770 -1.96
2015.59040 -1.956
2015.59310 -2.013
2015.59590 -1.707
2015.59860 -1.85
2015.60140 -1.687
2015.60410 -2.001
2015.60680 -2.892
2015.60960 -3.035
2015.61230 -2.221
2015.61510 -1.706
2015.61780 -1.041
2015.62060 -2.369
2015.62330 -2.077
2015.62600 -2.275
2015.62880 -2.451
2015.63150 -2.721
2015.63430 -2.193
2015.63700 -2.235
2015.64250 -2.341
2015.64520 -2.657
2015.64800 -2.001
2015.65070 -1.587
2015.65340 -2.64
2015.65620 -1.351
2015.65890 -1.855
2015.66160 -1.882
2015.66440 -2.767
2015.66710 -2.044
2015.66990 -2.334
2015.67530 -1.167
2015.67810 -1.843
2015.68080 -2.18
2015.68360 -2.644
2015.68900 -2.208
2015.69180 -2.98
2015.69450 -2.725
2015.69730 -1.993
2015.70000 -2.116
2015.70270 -2.468
2015.70550 -2.694
2015.70820 -2.241
2015.71100 -2.725
2015.71370 -2.63
2015.71640 -2.287
2015.71920 -2.315
2015.72190 -1.79
2015.72470 -1.988
2015.72740 -1.846
2015.73010 -2.279
2015.73290 -2.206
2015.73560 -2.239
2015.73840 -2.139
2015.74110 -3.58
2015.74380 -2.954
2015.74660 -2.306
2015.74930 -2.168
2015.75210 -1.943
2015.75480 -2.582
2015.75750 -2.379
2015.76300 -2.075
2015.76580 -2.522
2015.76850 -2.533
2015.77120 -2.67
2015.77400 -2.623
2015.77670 -2.44
2015.77950 -2.475
2015.78220 -2.552
2015.78490 -2.274
2015.78770 -2.664
2015.79040 -2.591
2015.79320 -2.785
2015.79590 -2.69
2015.79860 -2.323
2015.80140 -2.339
2015.80410 -2.675
2015.80680 -2.052
2015.80960 -3.309
2015.81230 -3.233
2015.81510 -3.241
2015.81780 -3.059
2015.82050 -2.417
2015.82330 -2.852
2015.82600 -2.925
2015.82880 -2.873
2015.83150 -2.724
2015.83430 -2.714
2015.83700 -2.595
2015.83970 -2.236
2015.84250 -2.736
2015.84520 -3.164
2015.84800 -3.2
2015.85070 -3.546
2015.85340 -3.169
2015.86440 8.992
2015.86990 -1.289
2015.87530 3.685
2015.88080 -1.143
2015.88360 -7.019
2015.89450 -3.254
2015.89730 -3.368
2015.90000 -2.943
2015.90270 -2.221
2015.90550 -3.01
2015.90820 -3.286
2015.91100 -2.955
2015.91370 -2.36
2015.91640 -2.792
2015.91920 -2.465
2015.92190 -2.098
2015.92470 -2.084
2015.92740 -3.138
2015.93010 -3.158
2015.93290 -3.147
2015.93560 -3.089
2015.93840 -3.078
2015.94110 -2.977
2015.94380 -2.981
2015.94660 -3.329
2015.94930 -3.007
2015.95210 -3.141
2015.95480 -3.042
2015.95750 -3.118
2015.96030 -3.092
2015.96300 -3.595
2015.96580 -3.235
2015.96850 -3.011
2015.97120 -3.098
2015.97400 -3.143
2015.97670 -3.365
2015.97950 -2.895
2015.98220 -2.778
2015.98490 -3.42
2015.98770 -2.984
2015.99040 -3.001
2015.99320 -3.152
2015.99590 -2.923
2015.99860 -2.904
2016.00140 -2.729
2016.00410 -2.544
2016.00680 -2.831
2016.00960 -2.956
2016.01230 -2.995
2016.01500 -2.983
2016.01780 -2.922
2016.02050 -2.739
2016.02320 -2.939
2016.02600 -3.097
2016.02870 -3.293
2016.03140 -2.651
2016.03420 -2.608
2016.03690 -2.569
2016.03960 -2.647
2016.04230 -2.872
2016.04510 -2.648
2016.04780 -2.313
2016.05050 -2.756
2016.05330 -3.24
2016.05600 -3.517
2016.05870 -3.622
2016.06150 -2.987
2016.06420 -1.992
2016.06690 -2.476
2016.06970 -2.699
2016.07240 -2.609
2016.07510 -3.251
2016.07790 -3.382
2016.08060 -3.25
2016.08330 -2.972
2016.08610 -2.891
2016.08880 -2.733
2016.09150 -3.012
2016.09430 -3.195
2016.09700 -3.162
2016.09970 -3.053
2016.10250 -3.013
2016.10520 -2.962
2016.10790 -2.779
2016.11070 -2.929
2016.11340 -3.243
2016.11610 -2.642
2016.11890 -3.191
2016.12160 -2.471
2016.12430 -2.627
2016.12710 -2.783
2016.12980 -2.717
2016.13250 -3.171
2016.13530 -3.001
2016.13800 -2.834
2016.14070 -2.942
2016.14340 -3.687
2016.14620 -3.38
2016.14890 -3.164
2016.15160 -3.276
2016.15440 -3.143
2016.15710 -3.073
2016.15980 -3.259
2016.16260 -2.428
2016.16530 -2.649
2016.16800 -1.985
2016.17080 -2.475
2016.17350 -3.277
2016.17620 -3.101
2016.17900 -2.482
2016.18170 -2.961
2016.18440 -3.372
2016.18720 -3.059
2016.18990 -2.864
2016.19260 -2.582
2016.19540 -3.159
2016.19810 -2.793
2016.20080 -2.49
2016.20360 -2.311
2016.20630 -2.306
2016.20900 -2.151
2016.21170 -2.203
2016.21450 -2.529
2016.21720 -2.743
2016.21990 -2.897
2016.22270 -3.039
2016.22540 -3.184
2016.22810 -3.357
2016.23090 -3.316
2016.23360 -2.711
2016.23630 -2.396
2016.23910 -2.921
2016.24180 -2.739
2016.24450 -2.289
2016.24730 -2.457
2016.25000 -3.226
2016.25270 -3.384
2016.25550 -2.931
2016.25820 -2.884
2016.26090 -2.522
2016.26370 -2.431
2016.26640 -2.956
2016.26910 -2.821
2016.27190 -3.294
2016.27460 -3.397
2016.27730 -2.905
2016.28010 -2.832
2016.28280 -3.108
2016.28550 -2.956
2016.28830 -3.325
2016.29100 -3.227
2016.29370 -2.775
2016.29650 -3.402
2016.29920 -3.597
2016.30190 -2.991
2016.30460 -2.652
2016.30740 -2.815
2016.31010 -3.228
2016.31280 -2.942
2016.31560 -3.537
2016.31830 -3.128
2016.32100 -3.366
2016.32380 -3.021
2016.32650 -2.741
2016.32920 -2.867
2016.33200 -2.832
2016.33470 -3.544
2016.33740 -2.706
2016.34020 -2.45
2016.34290 -3.6
2016.34560 -3.289
2016.34840 -3.139
2016.35110 -3.04
2016.35380 -3.312
2016.35660 -2.515
2016.35930 -2.543
2016.36200 -3.09
2016.36480 -3.431
2016.36750 -3.502
2016.37020 -2.626
2016.37290 -2.286
2016.37570 -3.034
2016.37840 -3.044
2016.38110 -3
2016.38390 -3.217
2016.38660 -3.753
2016.38930 -3.317
2016.39210 -3.068
2016.39480 -2.663
2016.39750 -3.512
2016.40030 -3.115
2016.40300 -3.581
2016.40570 -3.145
2016.40850 -2.891
2016.41120 -3.321
2016.41390 -2.987
2016.41670 -3.389
2016.41940 -3.256
2016.42210 -3.705
2016.42490 -2.855
2016.42760 -3.386
2016.43030 -2.674
2016.43310 -3.49
2016.43580 -3.122
2016.43850 -2.692
2016.44130 -3.021
2016.44400 -3.503
2016.44670 -2.426
2016.44950 -3.559
2016.45220 -3.386
2016.45490 -2.794
2016.45770 -2.963
2016.46040 -3.42
2016.46310 -3.511
2016.46590 -3.091
2016.46860 -3.224
2016.47130 -3.048
2016.47400 -2.881
2016.47680 -3.349
2016.47950 -2.816
2016.48220 -2.887
2016.48500 -3.407
2016.48770 -2.908
2016.49040 -3.147
2016.49320 -3.497
2016.49590 -3.654
2016.49860 -3.141
2016.50140 -2.968
2016.50410 -4.486
2016.50680 -2.841
2016.51230 -3.396
2016.51500 -3.249
2016.51780 -3.451
2016.52050 -3.275
2016.52320 -2.567
2016.52600 -3.257
2016.52870 -3.059
2016.53140 -2.533
2016.53420 -3.156
2016.53690 -3.195
2016.53960 -2.716
2016.54230 -2.434
2016.54510 -2.931
2016.54780 -2.955
2016.55050 -3.096
2016.55330 -3.491
2016.55600 -3.334
2016.55870 -4.684
2016.56150 -4.124
2016.56420 -3.931
2016.56970 -4.409
2016.57240 -3.677
2016.57510 -4.066
2016.57790 -2.471
2016.58060 -3.013
2016.58330 -3.616
2016.58610 -3.836
2016.58880 -3.308
2016.59150 -4.274
2016.59430 -3.652
2016.59700 -3.986
2016.60520 -3.895
2016.60790 -3.181
2016.61070 -4.004
2016.61340 -4.078
2016.61610 -4.471
2016.61890 -4.153
2016.62160 -4.033
2016.62430 -3.628
2016.62710 -3.98
2016.62980 -3.033
2016.63250 -3.744
2016.63530 -3.85
2016.63800 -3.912
2016.64070 -3.59
2016.64340 -2.968
2016.64620 -4.189
2016.64890 -4.188
2016.65160 -3.434
2016.65440 -4.701
2016.65710 -3.876
2016.65980 -3.202
2016.66260 -2.9
2016.66530 -2.369
2016.66800 -3.598
2016.67080 -4.507
2016.67350 -3.205
2016.67620 -3.571
2016.67900 -3.935
2016.68170 -3.346
2016.68440 -3.499
2016.68720 -3.552
2016.68990 -3.645
2016.69260 -3.157
2016.69540 -3.94
2016.69810 -3.869
2016.70080 -4.072
2016.70360 -3.725
2016.70630 -3.826
2016.70900 -3.581
2016.71170 -4.249
2016.71450 -4.43
2016.71720 -3.729
2016.71990 -3.832
2016.72270 -3.634
2016.72540 -3.612
2016.72810 -3.619
2016.73090 -3.961
2016.73360 -3.7
2016.73630 -4.466
2016.73910 -4.55
2016.74180 -4.363
2016.74450 -4.229
2016.74730 -3.985
2016.75270 -4.006
2016.75550 -3.694
2016.75820 -4.187
2016.76090 -4.416
2016.76370 -4.268
2016.76640 -4.355
2016.76910 -3.844
2016.77190 -3.597
2016.77460 -4.121
2016.77730 -4.436
2016.78010 -4.306
2016.78280 -4.295
2016.78550 -4.678
2016.78830 -4.388
2016.79100 -4.543
2016.79370 -4.663
2016.79650 -4.202
2016.79920 -4.5
2016.80190 -4.17
2016.80460 -4.197
2016.80740 -4.387
2016.81010 -4.159
2016.81280 -4.465
2016.81560 -3.791
2016.81830 -4.554
2016.82100 -4.528
2016.82650 -4.433
2016.82920 -4.311
2016.83200 -4.597
2016.83470 -4.311
2016.83740 -4.238
2016.84020 -3.732
2016.84290 -3.487
2016.84560 -4.314
2016.84840 -4.947
2016.85110 -5.21
2016.85380 -4.476
2016.85660 -4.251
2016.85930 -4.25
2016.86200 -4.28
2016.86480 -4.477
2016.86750 -4.304
2016.87020 -4.363
2016.87290 -4.411
2016.87570 -4.722
2016.87840 -4.504
2016.88110 -4.1
2016.88390 -4.499
2016.88660 -4.559
2016.89210 -4.319
2016.89480 -4.78
2016.89750 -4.283
2016.90030 -4.586
2016.90300 -4.71
2016.90570 -4.686
2016.90850 -4.829
2016.91120 -4.616
2016.91390 -4.664
2016.91670 -4.598
2016.91940 -4.532
2016.92210 -4.27
2016.92490 -4.274
2016.92760 -4.575
2016.93030 -4.081
2016.93310 -4.355
2016.93580 -4.167
2016.93850 -4.253
2016.94130 -4.433
2016.94400 -4.471
2016.94670 -4.785
2016.94950 -4.68
2016.95220 -4.246
2016.95490 -4.323
2016.95770 -4.097
2016.96040 -4.463
2016.96310 -4.31
2016.96590 -4.262
2016.96860 -4.751
2016.97130 -4.721
2016.97400 -3.932
2016.97680 -4.026
2016.97950 -4.559
2016.98220 -4.076
2016.98500 -4.452
2016.98770 -3.936
2016.99040 -4.452
2016.99320 -4.095
2016.99590 -3.937
2017.00140 -3.991
2017.00410 -3.796
2017.00690 -3.807
2017.00960 -4.208
2017.01230 -3.842
2017.01510 -3.918
2017.01780 -3.676
2017.02060 -3.499
2017.02330 -3.715
2017.02600 -4.035
2017.02880 -4.014
2017.03420 -4.145
2017.03700 -4.35
2017.03970 -4.609
2017.04250 -4.62
2017.04520 -4.758
2017.04790 -4.574
2017.05070 -4.741
2017.05340 -4.199
2017.05620 -4.967
2017.05890 -4.508
2017.06160 -4.867
2017.06440 -5.199
2017.06710 -4.497
2017.06990 -4.637
2017.07260 -4.058
2017.07530 -4.639
2017.07810 -4.761
2017.08080 -4.025
2017.08360 -4.483
2017.08630 -4.473
2017.08900 -4.1
2017.09180 -4.262
2017.09450 -4.094
2017.09730 -4.02
2017.10000 -3.778
2017.10270 -4.281
2017.10550 -4.233
2017.10820 -3.349
2017.11100 -3.96
2017.11370 -4.247
2017.11640 -4.546
2017.11920 -4.671
2017.12190 -4.371
2017.12470 -3.628
2017.12740 -4.157
2017.13010 -4.144
2017.13290 -3.749
2017.13560 -4.158
2017.13840 -3.923
2017.14110 -4.424
2017.14380 -4.479
2017.14660 -3.996
2017.14930 -4.564
2017.15200 -4.613
2017.15480 -4.339
2017.15750 -4.005
2017.16030 -4.303
2017.16300 -4.183
2017.16570 -3.21
2017.16850 -4.082
2017.17120 -4.242
2017.17400 -4.149
2017.17670 -4.083
2017.17950 -3.727
2017.18220 -3.606
2017.18490 -3.801
2017.18770 -3.928
2017.19040 -4.53
2017.19320 -4.567
2017.19590 -4.012
2017.19860 -4.088
2017.20140 -4.121
2017.20410 -4.354
2017.20690 -4.539
2017.20960 -4.754
2017.21230 -4.704
2017.21510 -4.976
2017.21780 -4.259
2017.22060 -4.603
2017.22330 -4.724
2017.22600 -4.835
2017.22880 -4.645
2017.23150 -4.352
2017.23430 -4.263
2017.23700 -4.454
2017.23970 -4.596
2017.24250 -4.693
2017.24520 -4.581
2017.24790 -4.34
2017.25070 -4.392
2017.25340 -4.49
2017.25620 -4.451
2017.25890 -4.044
2017.26160 -3.563
2017.26440 -4.594
2017.26710 -4.573
2017.26990 -4.368
2017.27260 -4.541
2017.27530 -4.518
2017.27810 -3.991
2017.28080 -4.247
2017.28360 -3.831
2017.28630 -4.598
2017.28900 -4.021
2017.29180 -4.039
2017.29450 -4.024
2017.29730 -4.446
2017.30000 -4.104
2017.30270 -3.815
2017.30550 -4.007
2017.30820 -4.422
2017.31100 -4.77
2017.31370 -4.679
2017.31640 -4.328
2017.31920 -4.058
2017.32190 -3.844
2017.32470 -3.719
2017.32740 -4.051
2017.33010 -4.099
2017.33290 -4.152
2017.33560 -4.678
2017.33840 -4.054
2017.34110 -4.327
2017.34380 -4.097
2017.34660 -4.12
2017.34930 -4.08
2017.35210 -4.242
2017.35480 -3.915
2017.35750 -4.173
2017.36030 -4.27
2017.36300 -4.279
2017.36570 -4.327
2017.36850 -4.237
2017.37120 -4.07
2017.37400 -4.062
2017.37670 -4.31
2017.37940 -4.034
2017.38220 -4.035
2017.38490 -3.956
2017.38770 -4.61
2017.39040 -4.092
2017.39320 -3.916
2017.39590 -4.422
2017.39860 -4.003
2017.40140 -3.813
2017.40410 -4.104
2017.40960 -4.762
2017.41230 -4.168
2017.41510 -4.072
2017.41780 -4.849
2017.42060 -4.593
2017.42330 -4.571
2017.42600 -4.49
2017.42880 -4.486
2017.43150 -4.444
2017.43430 -4.377
2017.43700 -4.228
2017.43970 -4.778
2017.44250 -4.409
2017.44520 -4.951
2017.44800 -5.414
2017.45070 -4.467
2017.45340 -4.207
2017.45620 -4.868
2017.45890 -4.071
2017.46160 -4.418
2017.46440 -6.232
2017.46710 -5.114
2017.46990 -4.245
2017.47260 -4.89
2017.47530 -4.642
2017.47810 -4.735
2017.48080 -4.002
2017.48360 -4.158
2017.48630 -5.095
2017.48900 -4.977
2017.49180 -4.545
2017.49450 -3.639
2017.49730 -4.51
2017.50000 -4.623
2017.50270 -5.28
2017.50550 -4.447
2017.50820 -5.247
2017.51100 -4.582
2017.51370 -4.137
2017.51640 -5.309
2017.51920 -5.094
2017.52190 -5.3
2017.52470 -5.148
2017.52740 -4.87
2017.53010 -4.51
2017.53290 -5.262
2017.53560 -5.626
2017.53840 -5.638
2017.99040 -7.6257
2017.99320 -7.4547
2017.99590 -7.2547
2017.99860 -7.1977
2018.00140 -7.6527
2018.00410 -7.8987
2018.00690 -7.7337
2018.00960 -7.4627
2018.01230 -7.3187
2018.01510 -7.2057
2018.01780 -7.5877
2018.02060 -7.0887
2018.02330 -7.2257
2018.02600 -6.9877
2018.02880 -7.2447
2018.03150 -7.3347
2018.03420 -7.3497
2018.03700 -7.3597
2018.03970 -7.2697
2018.04250 -7.4917
2018.04520 -7.5297
2018.04790 -7.7327
2018.05070 -7.4087
2018.05340 -7.7767
2018.05620 -7.8177
2018.05890 -7.6647
2018.06160 -7.0407
2018.06440 -7.9817
2018.06710 -8.3897
2018.06990 -7.5357
2018.07260 -7.7677
2018.07530 -7.2087
2018.07810 -6.8897
2018.08080 -7.6657
2018.08360 -7.7537
2018.08630 -8.3127
2018.08900 -8.4847
2018.09180 -7.5977
2018.09450 -7.4467
2018.09730 -7.7517
2018.10000 -6.9137
2018.10270 -7.5537
2018.10550 -6.9367
2018.10820 -7.7447
2018.11100 -7.2527
2018.11370 -6.7167
2018.11640 -6.7717
2018.11920 -6.9337
2018.12190 -7.6527
2018.12470 -6.9657
2018.12740 -7.4697
2018.13010 -7.2997
2018.13290 -7.4297
2018.13560 -7.3527
2018.13840 -7.3777
2018.14110 -7.1577
2018.14380 -7.3127
2018.14660 -7.3777
2018.14930 -7.5967
2018.15200 -7.6547
2018.15480 -7.9577
2018.15750 -7.8537
2018.16030 -7.4317
2018.16300 -7.1137
2018.16570 -7.2967
2018.16850 -7.3197
2018.17120 -7.7187
2018.17400 -7.3987
2018.17670 -8.2207
2018.17950 -8.0337
2018.18220 -7.2837
2018.18490 -7.4817
2018.18770 -7.7047
2018.19040 -6.8677
2018.19320 -7.3517
2018.19590 -7.8627
2018.19860 -7.6477
2018.20140 -7.7737
2018.20410 -7.3487
2018.20690 -8.1757
2018.20960 -8.1087
2018.21230 -7.7787
2018.21510 -8.3967
2018.21780 -7.7507
2018.22060 -7.1867
2018.22330 -7.8257
2018.22600 -7.7827
2018.22880 -7.6647
2018.23150 -7.2367
2018.23430 -7.1087
2018.23700 -7.4257
2018.23970 -7.7277
2018.24250 -7.7697
2018.24520 -7.7077
2018.24790 -7.3997
2018.25070 -7.3207
2018.25340 -7.6197
2018.25620 -7.6397
2018.25890 -7.9317
2018.26160 -7.5057
2018.26440 -6.9357
2018.26710 -7.5347
2018.26990 -7.1917
2018.27260 -7.4787
2018.27530 -7.1397
2018.27810 -7.5377
2018.28080 -8.0277
2018.28360 -7.6177
2018.28630 -7.0497
2018.28900 -6.9417
2018.29180 -7.1457
2018.29450 -6.5067
2018.29730 -6.9137
2018.30000 -6.6107
2018.30270 -7.9827
2018.30550 -7.2547
2018.30820 -8.3677
2018.31100 -7.2197
2018.31370 -7.6787
2018.31640 -7.4367
2018.31920 -7.2227
2018.32190 -7.3827
2018.32470 -7.7647
2018.32740 -7.9807
2018.33010 -7.8747
2018.33290 -7.6507
2018.33560 -7.1067
2018.33840 -7.3367
2018.34110 -8.1617
2018.34380 -7.5827
2018.34660 -7.6127
2018.34930 -7.8157
2018.35210 -7.9857
2018.35480 -7.8317
2018.35750 -7.7667
2018.36030 -7.3267
2018.36300 -7.1577
2018.36570 -6.5657
2018.36850 -7.2977
2018.37120 -6.8807
2018.37400 -7.8057
2018.37670 -7.4917
2018.37940 -7.8817
2018.38490 -8.3377
2018.38770 -7.8857
2018.39040 -6.9847
2018.39320 -7.3407
2018.39590 -7.3787
2018.39860 -7.4347
2018.40140 -7.9247
2018.40410 -8.0607
2018.40690 -7.6107
2018.40960 -7.7397
2018.41230 -7.5607
2018.41510 -7.4127
2018.41780 -7.7517
2018.42060 -8.0377
2018.42330 -7.8617
2018.42600 -7.5867
2018.42880 -7.6997
2018.43150 -7.7247
2018.43430 -7.2847
2018.43700 -7.9077
2018.43970 -7.8917
2018.44250 -7.6217
2018.44520 -7.7647
2018.44800 -7.9457
2018.45070 -7.8317
2018.45340 -8.0457
2018.45620 -7.2007
2018.45890 -7.8317
2018.46160 -7.6707
2018.46440 -8.1787
2018.46710 -7.6267
2018.46990 -7.6107
2018.47260 -7.4367
2018.47530 -7.9457
2018.47810 -7.3547
2018.48080 -7.9847
2018.48360 -8.1237
2018.48630 -7.7707
2018.48900 -7.8107
2018.49180 -8.1467
2018.49450 -8.0687
2018.49730 -7.8357
2018.50000 -8.2097
2018.50270 -8.0767
2018.50550 -8.1887
2018.50820 -7.4867
2018.51100 -7.9737
2018.51370 -8.9787
2018.51640 -9.3747
2018.51920 -9.0807
2018.52190 -8.4297
2018.52470 -7.2967
2018.52740 -7.7407
2018.53560 -9.1297
2018.53840 -8.4487
2018.54110 -8.4497
2018.54380 -11.1897
2018.54660 -7.2307
2018.54930 -8.6107
2018.55210 -8.1997
2018.55480 -7.6767
2018.55750 -8.6857
2018.56030 -7.6717
2018.56300 -8.8017
2018.56580 -8.6977
2018.57120 -8.7677
2018.57400 -8.8917
2018.57670 -8.7247
2018.57950 -8.4427
2018.58220 -9.2747
2018.58490 -8.3007
2018.58770 -8.5167
2018.59040 -8.7267
2018.59310 -8.4867
2018.59590 -8.9257
2018.59860 -8.1997
2018.60140 -9.3097
2018.60410 -8.9267
2018.60680 -7.7477
2018.60960 -8.5627
2018.61230 -8.2507
2018.61510 -7.9527
2018.62060 -9.3577
2018.62330 -8.7927
2018.62600 -8.5717
2018.62880 -9.7067
2018.63430 -8.7457
2018.63700 -8.2317
2018.63970 -8.7257
2018.64250 -8.9317
2018.64520 -8.7817
2018.64800 -8.5987
2018.65070 -8.6767
2018.65340 -8.4287
2018.65620 -9.8017
2018.65890 -8.9827
2018.66160 -9.0947
2018.66440 -9.2687
2018.66710 -8.7627
2018.67260 -8.5737
2018.67530 -8.5467
2018.67810 -8.7767
2018.68080 -8.8507
2018.68360 -9.1617
2018.68630 -9.3597
2018.68900 -9.6867
2018.69180 -9.2937
2018.69450 -8.5787
2018.69730 -9.2157
2018.70000 -8.6147
2018.70270 -9.0697
2018.70820 -9.1797
2018.71100 -9.9787
2018.71370 -8.8387
2018.71640 -9.7287
2018.71920 -9.8937
2018.72190 -9.0167
2018.72470 -9.2807
2018.72740 -9.1807
2018.73010 -9.4777
2018.73560 -9.5637
2018.73840 -9.5097
2018.74110 -9.2717
2018.74380 -9.3937
2018.74660 -9.3777
2018.74930 -8.6777
2018.75210 -9.2127
2018.75480 -9.4697
2018.75750 -9.8167
2018.76030 -9.5937
2018.76300 -9.4207
2018.76580 -9.9077
2018.76850 -9.6697
2018.77120 -9.5827
2018.77400 -9.3717
2018.77670 -9.5457
2018.77950 -9.5867
2018.78220 -9.1227
2018.78490 -9.5217
2018.78770 -9.4237
2018.79040 -10.1147
2018.79320 -9.5257
2018.79590 -9.6337
2018.79860 -10.2247
2018.80140 -9.6557
2018.80410 -9.5487
2018.80680 -9.6017
2018.80960 -9.0097
2018.81230 -9.4757
2018.81510 -9.3157
2018.81780 -9.2457
2018.82050 -9.2047
2018.82330 -9.1957
2018.82600 -9.0867
2018.82880 -9.4387
2018.83150 -9.2107
2018.83430 -9.5347
2018.83700 -9.5087
2018.83970 -9.6537
2018.84250 -9.6547
2018.84520 -9.7057
2018.84800 -9.5787
2018.85070 -9.3197
2018.85340 -9.2887
2018.85620 -9.1357
2018.85890 -9.7637
2018.86160 -8.9737
2018.86440 -9.1357
2018.86710 -9.3377
2018.86990 -9.3837
2018.87260 -10.0617
2018.87530 -9.1377
2018.87810 -9.5817
2018.88080 -9.0317
2018.88360 -9.1287
2018.88630 -9.5547
2018.88900 -9.6397
2018.89180 -9.5787
2018.89450 -9.8777
2018.89730 -9.7027
2018.90000 -9.5367
2018.90270 -9.9197
2018.90550 -9.8077
2018.90820 -9.8847
2018.91100 -9.4547
2018.91370 -9.1297
2018.91640 -9.0637
2018.91920 -9.4527
2018.92190 -8.8347
2018.92470 -8.9697
2018.92740 -9.4657
2018.93010 -9.6217
2018.93290 -9.2657
2018.93560 -9.4407
2018.93840 -9.7187
2018.94110 -9.6897
2018.94380 -9.3247
2018.94660 -9.3737
2018.94930 -9.5537
2018.95210 -9.0247
2018.95480 -9.4317
2018.96030 -8.6697
2018.96580 -8.7337
2018.96850 -8.5547
2018.97120 -9.0847
2018.97400 -9.4447
2018.97670 -9.2497
2018.97950 -9.5817
2018.98220 -9.3607
2018.98490 -9.0647
2018.98770 -9.6537
2018.99040 -9.6747
2018.99320 -10.2287
2018.99590 -10.1387
2018.99860 -9.7617
2019.00140 -9.9737
2019.00410 -9.7017
2019.00690 -10.0857
2019.00960 -9.8437
2019.01230 -9.9287
2019.01510 -9.2797
2019.01780 -9.7827
2019.02060 -9.9427
2019.02330 -9.6787
2019.02600 -9.4947
2019.02880 -9.7737
2019.03150 -9.3807
2019.03420 -9.8497
2019.03700 -9.9537
2019.03970 -8.9747
2019.04250 -9.2717
2019.04520 -9.3557
2019.04790 -9.0987
2019.05070 -9.4997
2019.05340 -9.0747
2019.05620 -8.7207
2019.05890 -8.9837
2019.06160 -9.2737
2019.06440 -9.6377
2019.06710 -9.7077
2019.06990 -9.1887
2019.07260 -9.3237
2019.07530 -9.3057
2019.07810 -9.4257
2019.08080 -9.2357
2019.08360 -9.4057
2019.08630 -8.7607
2019.08900 -9.2157
2019.09180 -9.6037
2019.09450 -9.1087
2019.09730 -10.0187
2019.10000 -9.7527
2019.10270 -9.5217
2019.10550 -9.8707
2019.10820 -10.2657
2019.11100 -9.2807
2019.11370 -10.1367
2019.11640 -10.1797
2019.11920 -10.4327
2019.12190 -9.9947
2019.12470 -9.7237
2019.12740 -9.3377
2019.13010 -9.7997
2019.13290 -9.8337
2019.13560 -10.1567
2019.13840 -10.3927
2019.14110 -10.3357
2019.14380 -9.7207
2019.14660 -9.6747
2019.14930 -9.3757
2019.15200 -9.4437
2019.15480 -10.1957
2019.15750 -10.1297
2019.16030 -9.5347
2019.16300 -9.4717
2019.16570 -9.4077
2019.16850 -9.9327
2019.17120 -10.0007
2019.17400 -10.3687
2019.17670 -9.6777
2019.17950 -9.6777
2019.18220 -10.6727
2019.18490 -10.1817
2019.18770 -10.2007
2019.19040 -10.6097
2019.19320 -10.4347
2019.19590 -10.1677
2019.19860 -9.8527
2019.20140 -10.2287
2019.20410 -9.2307
2019.20690 -10.1057
2019.20960 -9.2377
2019.21230 -9.5647
2019.21510 -9.6707
2019.21780 -10.4347
2019.22060 -9.4507
2019.22330 -9.8567
2019.22600 -9.0847
2019.22880 -9.4337
2019.23150 -9.9517
2019.23430 -9.8087
2019.23700 -9.4997
2019.23970 -10.5687
2019.24250 -10.0017
2019.24520 -9.6107
2019.24790 -9.8437
2019.25070 -9.9517
2019.25340 -10.2107
2019.25620 -10.0847
2019.25890 -10.0057
2019.26160 -9.4737
2019.26440 -9.1987
2019.26710 -9.6877
2019.26990 -10.0707
2019.27260 -9.9997
2019.27530 -9.7217
2019.27810 -9.7317
2019.28080 -9.7407
2019.28360 -9.8807
2019.28630 -9.6327
2019.28900 -9.3567
2019.29180 -8.9347
2019.29450 -10.0437
2019.29730 -9.7237
2019.30000 -9.8877
2019.30270 -9.2687
2019.30550 -9.9587
2019.30820 -9.6877
2019.31100 -9.9467
2019.31370 -10.2497
2019.31640 -10.2337
2019.31920 -11.2827
2019.32190 -9.8897
2019.32470 -9.9427
2019.32740 -10.2237
2019.33010 -10.2987
2019.33290 -9.8797
2019.33560 -10.1987
2019.33840 -9.6047
2019.34110 -10.8097
2019.34380 -10.5227
2019.34660 -9.4007
2019.34930 -9.5507
2019.35210 -9.7167
2019.35480 -10.6087
2019.35750 -9.0337
2019.36030 -10.5727
2019.36300 -9.7177
2019.36570 -9.8427
2019.36850 -9.5957
2019.37120 -9.4087
2019.37400 -8.5177
2019.37670 -10.4157
2019.37940 -8.9557
2019.38220 -8.8847
2019.38490 -9.4687
2019.38770 -9.9667
2019.39040 -9.8367
2019.39320 -9.0647
2019.39590 -10.4897
2019.39860 -10.6197
2019.40140 -9.9397
2019.40410 -10.0527
2019.40690 -9.1447
2019.40960 -9.7197
2019.41230 -9.5377
2019.41510 -10.0627
2019.41780 -10.8717
2019.42060 -10.0137
2019.42330 -10.6867
2019.42600 -9.8987
2019.42880 -10.4947
2019.43150 -10.2317
2019.43430 -9.5807
2019.43700 -9.7457
2019.43970 -10.4147
2019.44250 -9.0387
2019.44520 -10.3547
2019.44800 -10.5437
2019.45070 -10.4407
2019.45340 -10.1747
2019.45620 -9.9727
2019.45890 -11.6897
2019.46160 -11.4187
2019.46440 -10.7747
2019.46710 -10.1427
2019.46990 -9.9257
2019.47260 -9.6657
2019.47530 -10.0507
2019.47810 -8.9847
2019.48080 -10.3347
2019.48360 -9.5577
2019.48630 -8.9397
2019.48900 -9.9227
2019.49180 -10.7997
2019.49450 -9.8617
2019.49730 -9.3897
2019.50000 -10.2037
2019.50270 -9.9197
2019.50550 -8.5237
2019.50820 -10.1207
2019.51100 -10.8967
2019.51370 -10.0287
2019.51640 -9.7437
2019.51920 -9.2597
2019.52190 -10.8647
2019.52470 -8.8157
2019.52740 -8.9317
2019.53010 -9.1747
2019.53290 -9.2277
2019.53560 -9.0537
2019.53840 -9.6237
2019.54380 -9.3387
2019.54660 -9.0177
2019.54930 -8.9437
2019.55210 -9.0727
2019.55480 -8.9357
2019.55750 -9.4807
2019.56030 -8.4157
2019.56300 -9.2007
2019.56580 -8.7677
2019.56850 -8.9507
2019.57120 -8.8027
2019.57400 -9.6757
2019.57670 -9.0877
2019.57950 -8.7697
2019.58220 -9.5827
2019.58770 -9.1707
2019.59040 -9.2047
2019.59310 -9.6447
2019.59590 -9.2607
2019.59860 -8.6697
2019.60140 -9.1917
2019.60410 -9.3997
2019.60680 -9.6527
2019.60960 -10.2677
2019.61230 -10.0117
2019.61510 -9.2857
2019.61780 -9.4357
2019.62060 -9.4617
2019.62330 -9.5967
2019.62600 -10.0927
2019.62880 -9.9577
2019.63150 -9.5157
2019.63430 -10.0537
2019.63700 -9.5867
2019.63970 -9.4967
2019.64250 -9.9427
2019.64520 -9.2697
2019.64800 -9.7097
2019.65070 -9.8417
2019.65340 -9.9297
2019.65620 -9.5047
2019.66160 -9.4087
2019.66440 -9.4347
2019.66710 -9.8047
2019.66990 -10.1527
2019.67260 -9.7027
2019.67530 -9.9317
2019.67810 -9.3117
2019.68080 -9.9927
2019.68360 -9.3967
2019.68630 -9.4847
2019.68900 -9.8477
2019.69180 -10.6087
2019.69450 -10.8947
2019.69730 -10.1927
2019.70000 -10.3527
2019.70270 -9.9987
2019.70550 -10.0807
2019.70820 -9.8097
2019.71100 -10.1437
2019.71370 -9.8447
2019.71640 -9.4957
2019.71920 -10.2527
2019.72190 -10.3867
2019.72470 -10.0407
2019.72740 -10.3457
2019.73010 -10.3217
2019.73290 -10.6337
2019.73560 -11.2107
2019.73840 -10.0657
2019.74110 -10.1437
2019.74380 -9.6287
2019.74660 -9.6087
2019.74930 -9.7467
2019.75210 -9.6107
2019.75480 -9.1587
2019.75750 -10.6607
2019.76030 -9.7097
2019.76300 -10.4877
2019.76580 -9.8317
2019.76850 -9.5157
2019.77120 -9.8727
2019.77400 -9.0707
2019.77670 -10.0167
2019.77950 -10.3237
2019.78220 -10.9377
2019.78490 -10.4617
2019.78770 -9.4927
2019.79040 -9.9427
2019.79320 -9.7657
2019.79590 -10.0427
2019.79860 -9.9147
2019.80140 -9.6067
2019.80410 -9.6627
2019.80680 -9.7777
2019.80960 -10.0597
2019.81230 -10.0197
2019.81510 -10.2217
2019.81780 -9.1397
2019.82050 -9.1827
2019.82330 -8.9727
2019.82600 -8.6937
2019.82880 -9.2947
2019.83150 -9.6447
2019.83430 -9.7577
2019.83700 -9.7847
2019.83970 -9.6347
2019.84250 -9.9757
2019.84520 -9.4887
2019.84800 -9.4317
2019.85070 -9.8617
2019.85340 -9.8167
2019.85620 -9.6997
2019.85890 -9.2807
2019.86160 -8.8207
2019.86440 -9.7837
2019.86710 -9.4677
2019.86990 -8.8377
2019.87260 -9.3407
2019.87530 -9.8437
2019.87810 -9.8257
2019.88080 -9.0977
2019.88360 -9.1127
2019.88630 -9.5797
2019.88900 -9.4597
2019.89180 -9.4697
2019.89450 -9.2807
2019.89730 -9.9027
2019.90000 -9.2387
2019.90270 -10.0007
2019.90550 -9.9247
2019.90820 -9.6167
2019.91100 -9.8937
2019.91370 -9.5737
2019.91640 -9.5297
2019.91920 -9.2467
2019.92190 -9.9197
2019.92470 -10.1037
2019.92740 -9.9307
2019.93010 -9.4157
2019.93290 -9.5337
2019.93560 -9.2847
2019.93840 -9.4187
2019.94110 -9.5287
2019.94380 -9.4747
2019.94660 -9.6337
2019.94930 -10.2337
2019.95210 -9.8447
2019.95480 -9.9517
2019.95750 -10.1087
2019.96030 -10.0527
2019.96300 -9.3977
2019.96580 -9.6507
2019.96850 -9.4497
2019.97120 -9.6607
2019.97400 -9.7937
2019.97670 -9.6377
2019.97950 -9.6297
2019.98220 -9.7997
2019.98490 -9.4527
2019.98770 -9.4457
2019.99040 -9.9797
2019.99320 -10.3577
2019.99590 -10.2497
2019.99860 -9.6827
2020.00140 -10.3477
2020.00410 -10.0217
2020.00680 -9.9127
2020.00960 -9.8797
2020.01230 -10.4707
2020.01500 -10.2307
2020.01780 -9.7087
2020.02050 -8.9377
2020.02320 -9.7707
2020.02600 -9.7577
2020.02870 -9.7517
2020.03140 -9.3907
2020.03420 -9.4107
2020.03690 -9.7827
2020.03960 -9.6917
2020.04230 -9.3207
2020.04510 -8.9367
2020.04780 -8.8957
2020.05050 -8.7057
2020.05330 -8.4517
2020.05600 -8.8577
2020.05870 -9.3637
2020.06150 -9.3327
2020.06420 -9.5267
2020.06690 -9.7657
2020.06970 -9.6087
2020.07240 -9.5277
2020.07510 -9.4317
2020.07790 -9.2577
2020.08060 -9.3897
2020.08330 -9.5337
2020.08610 -9.9687
2020.08880 -10.0717
2020.09150 -9.4337
2020.09430 -10.0347
2020.09700 -10.2727
2020.09970 -10.1547
2020.10250 -9.9007
2020.10520 -10.2267
2020.10790 -9.6567
2020.11070 -9.5797
2020.11340 -9.6577
2020.11610 -9.5087
2020.11890 -9.4437
2020.12160 -10.6337
2020.12430 -10.2037
2020.12710 -9.3967
2020.12980 -10.0257
2020.13250 -9.9817
2020.13530 -10.1137
2020.13800 -10.3267
2020.14070 -10.9657
2020.14340 -10.0107
2020.14620 -9.7147
2020.14890 -9.7607
2020.15160 -9.4377
2020.15440 -9.5497
2020.15710 -9.5037
2020.15980 -9.6717
2020.16260 -10.8067
2020.16530 -10.0387
2020.16800 -9.9127
2020.17080 -10.3587
2020.17350 -10.0577
2020.17620 -9.0767
2020.17900 -9.8417
2020.18170 -9.6127
2020.18440 -9.4347
2020.18720 -9.2367
2020.18990 -8.7507
2020.19260 -8.6297
2020.19540 -9.7117
2020.19810 -8.9527
2020.20080 -8.5347
2020.20360 -8.9747
2020.20630 -9.0077
2020.20900 -8.6617
2020.21170 -8.5397
2020.21450 -8.5187
2020.21720 -8.4707
2020.21990 -9.0217
2020.22270 -8.6627
2020.22540 -8.9657
2020.22810 -8.7017
2020.23090 -8.8677
2020.23360 -9.4477
2020.23630 -8.8657
2020.23910 -9.0707
2020.24180 -8.7747
2020.24450 -8.8787
2020.24730 -9.2367
2020.25000 -9.3137
2020.25270 -8.9757
2020.25550 -9.5197
2020.25820 -9.2277
2020.26090 -9.1317
2020.26370 -9.5557
2020.26640 -9.6527
2020.26910 -9.2317
2020.27190 -10.0897
2020.27460 -10.0687
2020.27730 -9.3447
2020.28010 -9.1787
2020.28280 -9.5807
2020.28550 -8.8017
2020.28830 -9.0577
2020.29100 -9.2937
2020.29370 -9.7777
2020.29650 -9.2007
2020.29920 -9.2647
2020.30190 -9.0597
2020.30460 -9.0887
2020.30740 -9.1587
2020.31010 -8.6057
2020.31280 -8.6617
2020.31560 -9.1657
2020.31830 -8.9647
2020.32100 -9.3017
2020.32380 -8.6937
2020.32650 -8.9367
2020.32920 -9.0487
2020.33200 -8.5917
2020.33470 -8.2697
2020.33740 -9.1337
2020.34020 -9.0607
2020.34290 -8.7017
2020.34560 -8.1917
2020.34840 -9.4567
2020.35110 -9.7787
2020.35380 -8.9307
2020.35660 -8.6467
2020.35930 -8.3477
2020.36200 -8.6827
2020.36480 -9.0857
2020.36750 -8.9357
2020.37020 -8.8677
2020.37290 -9.0297
2020.37570 -9.0047
2020.37840 -9.1387
2020.38110 -8.8737
2020.38390 -9.3307
2020.38660 -9.3007
2020.38930 -7.8677
2020.39210 -8.5377
2020.39480 -7.7007
2020.39750 -8.1777
2020.40030 -7.4797
2020.40300 -7.4467
2020.40570 -8.0147
2020.40850 -8.7877
2020.41120 -9.1977
2020.41390 -9.3637
2020.41670 -9.0557
2020.41940 -8.6017
2020.42210 -8.2507
2020.42490 -9.1657
2020.42760 -9.2177
2020.43030 -9.0127
2020.43310 -8.4227
2020.43580 -9.6607
2020.43850 -9.4757
2020.44130 -9.8947
2020.44400 -8.8127
2020.44670 -9.0307
2020.44950 -8.1807
2020.45220 -8.5307
2020.45490 -8.6867
2020.45770 -8.8917
2020.46040 -8.9317
2020.46310 -9.4957
2020.46590 -8.5177
2020.46860 -8.3557
2020.47130 -7.9607
2020.47400 -8.7857
2020.47680 -7.4547
2020.47950 -7.9317
2020.48220 -9.4167
2020.48500 -9.2747
2020.48770 -8.9747
2020.49040 -7.8387
2020.49320 -8.2107
2020.49590 -7.4377
2020.49860 -8.8477
2020.50140 -8.2577
2020.50410 -8.2737
2020.50680 -8.6027
2020.50960 -8.1597
2020.51230 -7.9287
2020.51500 -8.0937
2020.51780 -7.7527
2020.52050 -8.3877
2020.52320 -8.3387
2020.52600 -8.9677
2020.52870 -8.8517
2020.53140 -9.2837
2020.53420 -7.1727
2020.53690 -6.8707
2020.53960 -6.8077
2020.54230 -8.9957
2020.54510 -8.7447
2020.54780 -8.6567
2020.55050 -8.1197
2020.55330 -8.7167
2020.55600 -8.7447
2020.55870 -8.4527
2020.56150 -8.2167
2020.56420 -9.1367
2020.56690 -8.6487
2020.56970 -8.5957
2020.57240 -8.6987
2020.57510 -8.7627
2020.57790 -9.6237
2020.58060 -9.2627
2020.58330 -9.4057
2020.58610 -9.1987
2020.58880 -8.7977
2020.59150 -9.6917
2020.59430 -10.4967
2020.59700 -10.4847
2020.59970 -9.5217
2020.60250 -9.2237
2020.60520 -10.2447
2020.60790 -9.3887
2020.61070 -9.3397
2020.61340 -8.9567
2020.61610 -9.4917
2020.61890 -9.7087
2020.62160 -10.7287
2020.62430 -10.2777
2020.62710 -10.0257
2020.62980 -9.4157
2020.63530 -10.0847
2020.63800 -10.2327
2020.64070 -9.7097
2020.64340 -9.9997
2020.64620 -9.7927
2020.64890 -10.7947
2020.65160 -10.7487
2020.65440 -10.2107
2020.65980 -10.0557
2020.66260 -10.3727
2020.66530 -10.9537
2020.66800 -10.7127
2020.67080 -10.1287
2020.67350 -9.6287
2020.67620 -9.8177
2020.67900 -10.1407
2020.68170 -9.906
2020.68440 -8.825
2020.68720 -9.188
2020.68990 -9.016
2020.69260 -8.552
2020.69540 -9.28
2020.69810 -9.328
2020.70080 -10.317
2020.70360 -9.573
2020.70630 -10.057
2020.70900 -9.461
2020.71170 -7.836
2020.71450 -8.087
2020.71720 -8.726
2020.71990 -9.202
2020.72270 -9.398
2020.72540 -8.764
2020.72810 -9.516
2020.73090 -9.198
2020.73360 -8.653
2020.73630 -9.264
2020.73910 -9.098
2020.74180 -8.729
2020.74450 -8.173
2020.74730 -7.987
2020.75000 -8.375
2020.75270 -7.973
2020.75550 -7.822
2020.75820 -7.687
2020.76090 -7.849
2020.76370 -8.831
2020.76640 -8.774
2020.76910 -8.546
2020.77190 -9.172
2020.77460 -7.512
2020.77730 -6.774
2020.78010 -6.279
2020.78280 -6.842
2020.78550 -6.578
2020.78830 -5.978
2020.79100 -6.354
2020.79370 -5.768
2020.79650 -5.748
2020.80190 -6.338
2020.80460 -5.202
2020.81560 -9.5792
2020.81830 -9.5352
2020.82100 -9.8793
2020.82380 -9.4953
2020.82650 -9.5753
2020.82920 -8.9722
2020.83200 -9.1442
2020.83470 -9.2272
2020.83740 -9.2933
2020.84020 -8.9763
2020.84290 -8.8952
2020.84560 -9.3863
2020.84840 -8.9873
2020.85110 -8.9782
2020.85380 -7.2651
2020.85660 -7.1141
2020.85930 -8.5801
2020.86200 -9.9031
2020.86480 -10.0681
2020.87020 -9.8351
2020.87290 -10.1611
2020.87570 -9.9391
2020.87840 -6.7811
2020.88110 -6.8591
2020.88390 -7.4071
2020.88660 -6.2861
2020.88930 -6.6871
2020.89210 -5.2971
2020.89480 -5.4141
2020.89750 -5.7531
2020.90030 -5.6501
2020.90300 -5.9181
2020.90570 -5.1681
2020.90850 -5.4411
2020.91120 -2.8411
2020.91390 -5.5121
2020.91670 -6.4391
2020.91940 -3.6751
2020.92210 -5.6221
2020.92490 -5.7741
2020.92760 -6.5531
2020.93030 -6.1631
2020.93310 -5.9531
2020.93580 -2.8891
2020.93850 -3.0721
2020.94130 -5.6391
2020.94400 -5.0941
2020.94670 -6.1631
2020.94950 -6.1321
2020.95220 -5.7561
2020.95490 -5.8571
2020.95770 -5.4841
2020.96040 -5.1521
2020.96310 -5.4041
2020.96590 -5.0721
2020.96860 -5.0831
2020.97130 -5.0801
2020.97400 -4.7781
2020.97680 -4.9431
2020.97950 -4.3831
2020.98220 -0.7661
2020.98500 -5.4121
2020.98770 -5.0151
2020.99040 -5.1991
2020.99320 -4.7201
2020.99590 -3.3041
2020.99860 -4.5681
2021.00140 -5.4491
2021.00410 -5.2411
2021.00690 -5.0821
2021.00960 -5.4341
2021.01230 -4.8111
2021.01510 -4.1611
2021.01780 -3.2551
2021.02060 -3.8811
2021.02330 -4.2471
2021.02880 -4.3471
2021.03150 -4.4421
2021.03420 -4.8571
2021.03700 -4.4611
2021.03970 -4.8061
2021.04250 -4.4741
2021.04520 -3.9461
2021.04790 -1.6601
2021.05070 -5.0311
2021.05340 -5.7331
2021.05620 -4.9181
2021.05890 -4.8261
2021.06160 -5.5031
2021.06440 -5.6391
2021.06710 -5.5851
2021.06990 -5.3551
2021.07260 -5.3231
2021.07530 -4.9941
2021.07810 -4.8061
2021.08080 -5.3751
2021.08360 -4.9321
2021.08630 -4.9791
2021.08900 -4.2811
2021.09180 -5.2001
2021.09450 -4.9181
2021.09730 -6.5411
2021.10000 -6.1011
2021.10270 -5.7651
2021.10550 -5.5761
2021.10820 -5.5251
2021.11100 -2.8961
2021.11370 -3.2851
2021.12190 -2.4151
2021.12470 -1.1601
2021.12740 -0.7471
2021.13010 -0.6881
2021.13290 -4.4361
2021.13560 -5.5011
2021.13840 -5.2591
2021.14110 -6.0301
2021.14380 -5.2981
2021.14660 -5.5491
2021.14930 -5.5611
2021.15200 -5.3851
2021.15480 -5.5331
2021.15750 -5.5331
2021.16030 -6.4291
2021.16300 -5.8721
2021.16570 -5.5691
2021.16850 -5.8911
2021.17120 -6.3591
2021.17400 -6.2601
2021.17670 -6.0321
2021.17950 -6.0301
2021.18220 -6.1341
2021.18490 -6.9381
2021.18770 -6.6961
2021.19040 -7.1631
2021.19320 -6.5751
2021.19590 -6.7581
2021.19860 -6.5091
2021.20140 -5.8781
2021.20410 -6.3941
2021.20690 -5.8061
2021.20960 -7.2051
2021.21230 -6.7131
2021.21510 -6.6881
2021.21780 -3.3991
2021.22060 -6.7291
2021.22330 -6.9201
2021.22600 -6.6771
2021.22880 -6.8591
2021.23150 -6.7741
2021.23430 -6.8861
2021.23700 -5.4601
2021.23970 -6.6351
2021.24250 -6.6771
2021.24520 -7.2361
2021.24790 -7.1241
2021.25070 -6.9041
2021.25340 -6.4961
2021.25620 -6.5111
2021.25890 -7.1781
2021.26160 -4.5861
2021.26440 -6.7151
2021.26710 -7.0081
2021.26990 -7.4421
2021.27260 -7.2891
2021.27530 -7.6391
2021.27810 -6.9191
2021.28080 -6.2501
2021.28360 -6.3471
2021.28630 -6.8771
2021.28900 -7.6031
2021.29180 -7.6401
2021.29450 -7.6461
2021.29730 -8.2971
2021.30000 -7.7791
2021.30270 -7.7991
2021.30550 -7.2481
2021.30820 -8.3601
2021.31100 -8.4991
2021.31370 -8.1901
2021.31640 -8.1241
2021.31920 -8.2981
2021.32190 -7.7971
2021.32470 -7.7311
2021.32740 -7.6981
2021.33010 -8.3211
2021.33840 -8.1541
2021.34110 -7.6671
2021.34380 -7.6851
2021.34660 -7.6141
2021.34930 -7.4911
2021.35210 -7.9621
2021.35480 -6.7791
2021.35750 -7.4531
2021.36030 -7.9961
2021.36300 -8.0311
2021.36570 -8.3011
2021.36850 -8.1601
2021.37120 -8.3741
2021.37400 -8.0551
2021.37670 -7.9411
2021.37940 -7.5521
2021.38220 -7.7051
2021.38490 -7.7841
2021.38770 -8.1521
2021.39040 -8.9631
2021.39320 -8.3591
2021.39590 -8.2451
2021.39860 -8.1011
2021.40140 -8.0451
2021.40410 -8.0431
2021.40690 -8.7771
2021.40960 -8.9281
2021.41230 -8.7011
2021.41510 -9.0271
2021.41780 -9.3141
2021.42060 -7.3351
2021.42330 -8.2291
2021.42880 -7.3221
2021.43150 -7.3691
2021.43700 -7.7191
2021.44250 -7.6291
2021.44520 -7.4711
2021.44800 -7.7451
2021.45070 -9.2231
2021.45340 -8.4701
2021.45620 -9.4201
2021.45890 -9.1151
2021.46160 -9.0221
2021.46440 -9.1251
2021.46710 -8.6241
2021.46990 -9.6281
2021.47260 -9.3321
2021.47530 -8.8501
2021.47810 -8.6921
2021.48080 -7.7261
2021.48360 -8.1461
2021.48630 -6.8371
2021.48900 -7.3091
2021.49180 -7.0351
2021.49450 -7.5891
2021.49730 -5.3831
2021.50000 -9.6331
2021.50270 -9.3171
2021.50550 -10.7741
2021.50820 -7.9521
2021.51100 -7.6261
2021.51370 -8.3221
2021.51640 -8.6381
2021.51920 -8.2561
2021.52190 -9.1331
2021.52470 -9.1231
2021.52740 -7.6111
2021.53010 -11.1741
2021.53290 -8.7841
2021.53560 -7.3351
2021.53840 -8.5481
2021.54660 -6.2921
2021.54930 -8.5051
2021.55210 -8.2801
2021.55480 -8.5111
2021.55750 -9.0051
2021.56030 -8.3211
2021.56300 -8.3051
2021.56580 -7.8641
2021.56850 -8.1751
2021.57120 -9.7271
2021.57400 -7.9631
2021.57670 -7.4771
2021.57950 -7.6281
2021.58220 -8.0881
2021.58490 -7.1271
2021.58770 -7.7891
2021.60410 -8.4701
2021.60680 -8.4851
2021.60960 -8.9041
2021.61230 -8.6071
2021.61510 -8.0711
2021.61780 -8.2521
2021.62060 -7.1481
2021.62330 -8.5071
2021.62600 -9.1481
2021.63150 -8.2351
2021.63700 -8.0361
2021.63970 -8.8381
2021.64250 -7.3811
2021.64520 -8.6181
2021.64800 -8.8651
2021.65070 -8.3881
2021.65340 -8.6521
2021.65620 -7.7851
2021.65890 -7.8821
2021.66160 -8.6001
2021.66440 -8.9861
2021.66710 -8.2781
2021.66990 -8.6581
2021.67260 -9.3771
2021.67530 -8.3871
2021.67810 -9.3361
2021.68080 -8.3511
2021.68360 -8.1441
2021.68630 -7.8311
2021.68900 -8.4801
2021.69180 -8.3261
2021.69450 -7.0641
2021.69730 -6.6151
2021.70000 -7.9501
2021.70270 -8.0971
2021.70550 -8.1071
2021.70820 -8.0871
2021.71100 -7.6561
2021.71370 -9.1521
2021.71640 -7.7301
2021.71920 -7.7511
2021.72190 -6.7621
2021.72470 -7.8831
2021.72740 -8.1491
2021.73010 -7.9961
2021.73290 -8.8321
2021.73560 -8.2461
2021.73840 -7.9881
2021.74110 -7.9371
2021.74380 -7.4061
2021.74660 -7.5751
2021.74930 -7.8171
2021.75210 -7.6361
2021.76030 -7.1011
2021.76300 -6.2941
2021.76580 -7.2771
2021.76850 -7.4801
2021.77120 -7.3901
2021.77400 -6.9891
2021.77670 -6.9921
2021.77950 -7.2831
2021.78220 -6.9671
2021.78490 -7.8491
2021.78770 -10.062
2021.79040 -6.082
2021.79320 -5.638
2021.79590 -6.95
2021.79860 -6.76
2021.80140 -7.194
2021.80410 -6.999
2021.80680 -7.187
2021.80960 -6.951
2021.81230 -7.023
2021.81510 -5.506
2021.81780 -5.371
2021.82330 -6.443
2021.82600 -6.857
2021.82880 -6.917
2021.83150 -6.043
2021.83430 -4.725
2021.83700 -4.408
2021.83970 -5.223
2021.84250 -5.739
2021.84520 -5.898
2021.84800 -7.419
2021.85070 -5.333
2021.85340 -4.482
2021.85620 -5.992
2021.85890 -4.879
2021.86160 -5.445
2021.86440 -4.437
2021.86710 -6.424
2021.86990 -5.064
2021.87260 -6.649
2021.87530 -7.453
2021.87810 -7.243
2021.88360 -6.845
2021.88630 -6.947
2021.88900 -6.405
2021.89180 -6.755
2021.89450 -6.472
2021.89730 -5.085
2021.90000 -8.052
2021.90270 -7.254
2021.90550 -7.553
2021.90820 -7.93
2021.91100 -7.512
2021.91370 -6.74
2021.91640 -6.411
2021.91920 -6.371
2021.92190 -7.206
2021.92470 -7.599
2021.92740 -7.807
2021.93010 -8.04
2021.93290 -7.609
2021.93560 -6.359
2021.93840 -5.557
2021.94110 -4.04
2021.94380 -5.133
2021.94660 -5.014
2021.94930 -5.618
2021.95210 -5.285
2021.95480 -6.13
2021.95750 -4.759
2021.96030 -6.854
2021.96300 -5.684
2021.96580 -5.657
2021.96850 -5.277
2021.97120 -5.446
2021.97400 -6.184
2021.97670 -6.418
2021.97950 -5.539
2021.98220 -4.596
2021.98490 -4.175
2021.98770 -3.835
2021.99040 -4.254
2021.99320 -4.338
2021.99590 -3.884
2021.99860 -4.778
2022.00140 -5.428
2022.00410 -4.461
2022.00690 -5.393
2022.00960 -4.701
2022.01230 -6.527
2022.01510 -6.356
2022.01780 -6.293
2022.02060 -6.546
2022.02330 -5.82
2022.02600 -5.898
2022.02880 -5.277
2022.03150 -5.169
2022.03420 -6.753
2022.03700 -6.751
2022.03970 -7.817
2022.04250 -7.539
2022.04520 -7.471
2022.04790 -7.402
2022.05070 -8.426
2022.05340 -9.028
2022.05620 -10.02
2022.05890 -9.556
2022.06160 -9.91
2022.06710 -9.074
2022.06990 -8.805
2022.07260 -8.825
2022.07530 -7.865
2022.07810 -7.175
2022.08080 -8.39
2022.08360 -8.317
2022.08630 -6.929
2022.08900 -7.855
2022.09180 -8.122
2022.09450 -9.481
2022.09730 -9.2
2022.10000 -8.853
2022.10270 -9.115
2022.10550 -9.724
2022.10820 -7.829
2022.11100 -7.895
2022.11370 -8.318
2022.11640 -8.453
2022.11920 -8.18
2022.12190 -9.188
2022.12470 -8.827
2022.12740 -8.894
2022.13010 -9.451
2022.13290 -8.628
2022.13560 -9.571
2022.13840 -8.18
2022.14110 -9.958
2022.14380 -8.325
2022.14660 -10.057
2022.14930 -9.467
2022.15200 -9.881
2022.15480 -7.668
2022.15750 -5.811
2022.16030 -7.091
2022.16300 -7.068
2022.16570 -6.716
2022.16850 -7.635
2022.17120 -7.106
2022.17400 -6.563
2022.17670 -6.721
2022.17950 -6.66
2022.18220 -7.354
2022.18490 -7.398
2022.18770 -6.508
2022.19040 -6.076
2022.19320 -6.212
2022.19590 -6.958
2022.19860 -6.794
2022.20140 -4.977
2022.20410 -9.031
2022.20690 -8.529
2022.20960 -7.206
2022.21230 -7.659
2022.21510 -7.207
2022.21780 -7.706
2022.22060 -7.361
2022.22330 -6.444
2022.22600 -7.652
2022.22880 -6.739
2022.23150 -6.811
2022.23430 -7.135
2022.23700 -7.131
2022.23970 -6.826
2022.24250 -6.876
2022.24520 -8.38
2022.24790 -7.331
2022.25070 -7.846
2022.25340 -7.639
2022.25620 -8.06
2022.25890 -7.466
2022.26160 -6.967
2022.26440 -6.849
2022.26710 -7.363
2022.26990 -6.933
2022.27260 -7.285
2022.27530 -7.914
2022.27810 -7.45
2022.28080 -7.603
2022.28360 -8.266
2022.28630 -7.565
2022.28900 -7.069
2022.29180 -7.399
2022.29450 -7.125
2022.29730 -7.102
2022.30000 -6.185
2022.30270 -7.235
2022.30550 -6.88
