2014.00140 0.656
2014.00410 0.368
2014.00690 0.081
2014.00960 0.389
2014.01230 0.455
2014.01510 0.193
2014.01780 0.21
2014.02060 0.318
2014.02330 0.449
2014.02600 -0.016
2014.02880 -0.4
2014.03150 -0.296
2014.03420 -0.704
2014.03700 -0.503
2014.03970 -0.367
2014.04250 -0.406
2014.04520 -0.369
2014.04790 -0.313
2014.05070 -0.041
2014.05340 -0.269
2014.05620 0.439
2014.06160 0.673
2014.06440 0.152
2014.06710 0.491
2014.06990 0.406
2014.07260 0.102
2014.07530 0.577
2014.07810 0.508
2014.08080 0.713
2014.08360 0.59
2014.08630 0.598
2014.08900 0.423
2014.09180 0.52
2014.09450 0.312
2014.09730 0.038
2014.10000 0.145
2014.10270 0.34
2014.10550 0.201
2014.10820 0.317
2014.11100 0.241
2014.11370 0.046
2014.11640 -0.097
2014.11920 -0.108
2014.12190 -0.089
2014.12470 0.072
2014.12740 -0.396
2014.13010 -0.195
2014.13290 -0.17
2014.13560 -0.346
2014.13840 -0.233
2014.14110 -0.154
2014.14380 -0.204
2014.14660 -0.063
2014.14930 -0.205
2014.15200 0.006
2014.15480 -0.282
2014.15750 -0.304
2014.16030 0.421
2014.16300 -0.054
2014.16570 0.094
2014.16850 -0.339
2014.17120 -0.096
2014.17400 0.3
2014.17670 -0.194
2014.17950 0.035
2014.18220 0.06
2014.18490 0.097
2014.18770 0.401
2014.19040 0.227
2014.19320 0.056
2014.19590 0.486
2014.19860 0.642
2014.20140 0.649
2014.20410 0.801
2014.20690 0.217
2014.20960 0.223
2014.21230 0.222
2014.21510 0.175
2014.21780 0.492
2014.22060 0.086
2014.22330 0.78
2014.22600 0.812
2014.22880 0.861
2014.23150 1.193
2014.23430 0.773
2014.23700 0.788
2014.23970 0.91
2014.24250 0.636
2014.24520 0.104
2014.24790 0.425
2014.25070 0.355
2014.25340 0.242
2014.25620 0.412
2014.25890 0.381
2014.26160 0.426
2014.26440 0.479
2014.26710 0.695
2014.26990 0.221
2014.27260 0.524
2014.27530 0.424
2014.27810 0.414
2014.28080 0.329
2014.28360 0.622
2014.28630 1.28
2014.28900 0.859
2014.29180 -0.069
2014.29450 -0.051
2014.29730 0.253
2014.30000 0.584
2014.30270 0.487
2014.30550 0.577
2014.30820 1.05
2014.31100 0.401
2014.31370 0.314
2014.31640 0.418
2014.31920 0.423
2014.32190 0.327
2014.32470 0.75
2014.32740 1.066
2014.33010 0.394
2014.33290 0.31
2014.33560 0.813
2014.33840 0.517
2014.34110 1.095
2014.34380 0.603
2014.34660 0.849
2014.34930 1.133
2014.35210 1.114
2014.35480 0.489
2014.35750 0.988
2014.36030 1.677
2014.36300 1.64
2014.36570 1.339
2014.36850 1.038
2014.37120 1.106
2014.37400 0.85
2014.37670 0.389
2014.37940 0.71
2014.38220 1.112
2014.38490 1.286
2014.38770 0.735
2014.39040 0.654
2014.39320 0.496
2014.39590 1.004
2014.39860 1.428
2014.40140 1.278
2014.40410 1.313
2014.40690 1.637
2014.40960 0.951
2014.41230 0.59
2014.41510 0.439
2014.41780 0.522
2014.42060 1.301
2014.42330 0.883
2014.42600 0.837
2014.43150 0.824
2014.43430 0.803
2014.43700 1.596
2014.43970 0.951
2014.44250 0.819
2014.44520 1.143
2014.44800 1.162
2014.45070 1.166
2014.45340 1.03
2014.45620 1.294
2014.45890 0.976
2014.46160 0.923
2014.46440 0.672
2014.46710 0.686
2014.46990 1.307
2014.47260 1.557
2014.47530 1.348
2014.48080 0.69
2014.48360 0.736
2014.48630 1.686
2014.48900 2.09
2014.49180 1.131
2014.49450 0.493
2014.49730 1.137
2014.50000 1.181
2014.50270 1.014
2014.50550 0.967
2014.51100 0.552
2014.51370 2.321
2014.51640 1.225
2014.52190 1.966
2014.52470 1.412
2014.52740 1.468
2014.53010 1.569
2014.53290 1.287
2014.53560 1.428
2014.53840 0.959
2014.54110 1.09
2014.54380 1.409
2014.54660 1.249
2014.54930 1.95
2014.55210 1.056
2014.55750 1.735
2014.56300 0.945
2014.56580 1.233
2014.56850 0.985
2014.57120 1.647
2014.57670 0.285
2014.57950 0.629
2014.58220 0.178
2014.58490 1.56
2014.58770 1.535
2014.59590 0.729
2014.59860 0.784
2014.60140 1.059
2014.60410 0.551
2014.60680 0.777
2014.60960 0.768
2014.61230 0.399
2014.61510 0.719
2014.61780 1.039
2014.62060 1.175
2014.62330 0.775
2014.62600 0.808
2014.62880 -0.583
2014.63150 1.132
2014.63430 1.332
2014.63700 0.549
2014.63970 0.671
2014.64250 1.47
2014.64520 0.89
2014.64800 1.692
2014.65070 0.872
2014.65340 0.254
2014.65620 0.596
2014.65890 0.489
2014.66160 0.827
2014.66440 0.671
2014.66710 0.547
2014.66990 0.296
2014.67260 0.904
2014.67530 1.131
2014.67810 1.21
2014.68080 0.318
2014.68360 0.301
2014.68630 0.371
2014.68900 1.161
2014.69180 0.573
2014.69450 0.693
2014.69730 0.565
2014.70000 0.577
2014.70550 0.281
2014.70820 0.824
2014.71100 0.391
2014.71370 0.054
2014.71640 0.358
2014.71920 0.129
2014.72470 0.381
2014.72740 0.363
2014.73010 0.652
2014.73290 0.906
2014.73560 0.166
2014.73840 0.598
2014.74110 0.479
2014.74380 0.154
2014.74660 0.935
2014.74930 0.59
2014.75210 0.4
2014.75480 0.704
2014.75750 -0.195
2014.76030 -0.105
2014.76300 0.036
2014.76580 0.435
2014.76850 -0.115
2014.77120 -0.049
2014.77400 0.231
2014.77670 -0.503
2014.77950 -0.656
2014.78220 0.325
2014.78490 0
2014.78770 0.188
2014.79040 0.232
2014.79320 0.327
2014.79590 0.508
2014.79860 0.063
2014.80140 0
2014.80410 0.239
2014.80680 0.347
2014.80960 0.958
2014.81230 0.614
2014.81510 0.291
2014.81780 -0.213
2014.82050 0.426
2014.82330 0.328
2014.82600 0.391
2014.82880 0.402
2014.83150 0.899
2014.83430 0.934
2014.83700 0.611
2014.83970 0.824
2014.84250 0.38
2014.84520 0.464
2014.84800 0.269
2014.85070 0.195
2014.85340 0.215
2014.85620 0.32
2014.85890 0.453
2014.86160 0.476
2014.86440 0.711
2014.86710 0.765
2014.86990 0.528
2014.87260 0.388
2014.87530 0.187
2014.87810 0.268
2014.88080 0.324
2014.88360 0.398
2014.88630 0.46
2014.88900 0.296
2014.89180 0.252
2014.89450 0.086
2014.89730 0.373
2014.90000 0.71
2014.90270 0.548
2014.90550 0.641
2014.90820 0.739
2014.91100 0.371
2014.91370 0.082
2014.91640 0.903
2014.91920 1.006
2014.92190 1.042
2014.92470 1.031
2014.92740 0.852
2014.93010 0.723
2014.93290 0.469
2014.93560 0.579
2014.93840 0.279
2014.94110 0.483
2014.94380 0.579
2014.94660 0.875
2014.94930 0.32
2014.95210 0.028
2014.95480 0.311
2014.95750 0.317
2014.96030 0.622
2014.96300 0.281
2014.96580 0.171
2014.96850 0.603
2014.97120 0.414
2014.97400 0.793
2014.97670 0.491
2014.97950 0.112
2014.98220 0.152
2014.98490 0.303
2014.98770 0.533
2014.99040 0.791
2014.99320 0.966
2014.99590 0.312
2014.99860 0.486
2015.00140 0.799
2015.00410 0.594
2015.00690 1.082
2015.00960 1.104
2015.01230 0.994
2015.01510 1.026
2015.01780 0.508
2015.02060 0.634
2015.02330 0.542
2015.02600 0.744
2015.02880 0.512
2015.03150 0.517
2015.03420 0.152
2015.03700 0.505
2015.03970 0.445
2015.04250 0.355
2015.04520 0.854
2015.04790 0.815
2015.05070 0.905
2015.05340 0.538
2015.05620 0.83
2015.05890 1.107
2015.06160 1.011
2015.06440 0.538
2015.06710 0.864
2015.06990 0.613
2015.07530 0.557
2015.07810 0.505
2015.08080 0.451
2015.08360 0.504
2015.08630 0.531
2015.08900 0.589
2015.09180 0.12
2015.09450 0.929
2015.09730 0.8
2015.10000 0.696
2015.10270 0.354
2015.10550 0.917
2015.10820 1.226
2015.11100 1.126
2015.11370 1.063
2015.11640 1.381
2015.11920 1.354
2015.12190 0.974
2015.12470 0.92
2015.12740 0.946
2015.13010 0.604
2015.13290 0.751
2015.13560 0.584
2015.13840 -0.022
2015.14110 0.541
2015.14380 1.119
2015.14660 1.199
2015.14930 1.074
2015.15200 0.748
2015.15480 0.809
2015.15750 0.499
2015.16030 0.51
2015.16300 1.329
2015.16570 1.014
2015.16850 0.733
2015.17120 0.929
2015.17400 0.99
2015.17670 1.094
2015.17950 1.287
2015.18220 0.392
2015.18490 0.818
2015.18770 0.788
2015.19040 1.235
2015.19320 1.35
2015.19590 1.159
2015.19860 1.215
2015.20140 1.513
2015.20410 1.807
2015.20690 1.466
2015.20960 1.515
2015.21230 1.44
2015.21510 1.233
2015.21780 1.272
2015.22060 0.954
2015.22330 0.841
2015.22600 0.91
2015.22880 0.98
2015.23150 1.407
2015.23430 1.234
2015.23700 1.354
2015.23970 1.185
2015.24250 1.502
2015.24520 1.359
2015.24790 1.446
2015.25070 1.419
2015.25340 1.606
2015.25620 1.309
2015.25890 0.987
2015.26160 1.02
2015.26440 0.911
2015.26710 1.094
2015.26990 0.482
2015.27260 1.103
2015.27530 0.478
2015.27810 0.335
2015.28080 0.746
2015.28360 1.715
2015.28630 1.309
2015.28900 1.064
2015.29180 1.247
2015.29450 1.228
2015.29730 1.28
2015.30000 1.519
2015.30270 1.307
2015.30550 1.31
2015.30820 1.022
2015.31100 1.185
2015.31370 0.978
2015.31640 1.24
2015.31920 1.206
2015.32190 0.781
2015.32470 1.226
2015.32740 1.197
2015.33010 0.956
2015.33290 0.359
2015.33560 0.537
2015.33840 0.973
2015.34110 0.793
2015.34380 0.698
2015.34660 0.832
2015.34930 1.134
2015.35210 0.724
2015.35480 0.49
2015.35750 1.24
2015.36030 2.016
2015.36300 0.913
2015.36570 0.98
2015.36850 1.112
2015.37120 1.456
2015.37400 1.342
2015.37670 1.254
2015.37940 1.318
2015.38220 1.086
2015.38490 1.391
2015.38770 1.319
2015.39040 1.631
2015.39320 1.736
2015.39590 1.679
2015.39860 1.272
2015.40140 1.831
2015.40410 1.579
2015.40690 1.036
2015.40960 1.608
2015.41230 1.347
2015.41510 0.718
2015.41780 1.008
2015.42060 1.742
2015.42330 1.587
2015.42600 1.587
2015.42880 1.271
2015.43150 0.774
2015.43430 1.638
2015.43700 1.714
2015.43970 1.861
2015.44250 1.371
2015.44520 1.599
2015.44800 1.635
2015.45070 1.508
2015.45340 1.57
2015.45620 1.812
2015.45890 1.23
2015.46160 1.596
2015.46440 1.179
2015.46710 1.914
2015.47260 1.942
2015.47530 1.635
2015.47810 2.015
2015.48080 2.019
2015.48360 1.647
2015.48630 1.453
2015.48900 0.782
2015.49180 1.841
2015.49450 1.969
2015.49730 2.244
2015.50000 1.686
2015.50270 1.166
2015.50550 0.912
2015.50820 1.251
2015.51100 1.507
2015.51370 1.434
2015.51640 1.644
2015.51920 1.115
2015.52190 1.517
2015.52470 1.893
2015.52740 1.766
2015.53010 2.13
2015.53290 1.767
2015.53560 1.524
2015.53840 1.055
2015.54110 0.998
2015.54380 1.486
2015.54660 2.252
2015.54930 1.277
2015.55210 1.117
2015.55480 1.475
2015.55750 1.331
2015.56030 1.39
2015.56300 1.375
2015.56580 1.658
2015.56850 0.581
2015.57120 1.209
2015.57400 -0.164
2015.57670 1.537
2015.57950 1.195
2015.58220 1.357
2015.58490 1.501
2015.59040 1.317
2015.59310 0.016
2015.59590 1.611
2015.59860 0.68
2015.60140 0.62
2015.60410 0.803
2015.60680 1.399
2015.60960 1.43
2015.61230 0.55
2015.61510 1.384
2015.61780 1.973
2015.62060 0.505
2015.62330 0.761
2015.62600 1.283
2015.62880 0.754
2015.63150 0.326
2015.63430 1.271
2015.63700 0.871
2015.63970 1.046
2015.64250 1.287
2015.64520 0.472
2015.64800 1.135
2015.65070 1.161
2015.65340 1.087
2015.65620 1.868
2015.65890 1.267
2015.66160 1.506
2015.66440 1.103
2015.66710 0.324
2015.66990 0.672
2015.67530 1.19
2015.67810 1.318
2015.68080 1.839
2015.68360 1.076
2015.68900 0.964
2015.69180 0.395
2015.69450 0.503
2015.69730 1.182
2015.70000 1.231
2015.70270 1.026
2015.70550 0.494
2015.70820 0.722
2015.71100 0.246
2015.71370 0.65
2015.71640 1.06
2015.71920 0.865
2015.72190 1.359
2015.72470 0.504
2015.72740 1.277
2015.73010 0.714
2015.73290 0.939
2015.73560 1.003
2015.73840 0.628
2015.74110 -0.094
2015.74380 0.436
2015.74660 0.887
2015.74930 0.634
2015.75210 1.082
2015.75480 0.92
2015.75750 1.031
2015.76300 0.741
2015.76580 1.003
2015.76850 0.841
2015.77120 0.707
2015.77400 0.861
2015.77670 0.894
2015.77950 0.626
2015.78220 0.584
2015.78490 0.804
2015.78770 0.715
2015.79040 0.656
2015.79320 0.242
2015.79590 0.657
2015.79860 0.801
2015.80140 0.91
2015.80410 0.435
2015.80680 0.489
2015.80960 0.486
2015.81230 0.077
2015.81510 0.257
2015.81780 0.377
2015.82050 0.802
2015.82330 0.66
2015.82600 0.236
2015.82880 0.412
2015.83150 0.316
2015.83430 0.718
2015.83700 0.62
2015.83970 0.674
2015.84250 0.559
2015.84520 0.618
2015.84800 0.119
2015.85070 -0.094
2015.85340 0.118
2015.85620 0.616
2015.85890 0.483
2015.86160 0.481
2015.86440 0.653
2015.86710 0.857
2015.86990 1.24
2015.87260 0.819
2015.87530 0.776
2015.87810 0.617
2015.88080 0.954
2015.88360 0.36
2015.88630 -1.19
2015.89450 0.063
2015.89730 0.155
2015.90000 0.489
2015.90270 1.178
2015.90550 0.512
2015.90820 0.311
2015.91100 0.702
2015.91370 0.783
2015.91640 0.398
2015.91920 1.06
2015.92190 0.923
2015.92470 1.211
2015.92740 0.461
2015.93010 0.344
2015.93290 0.512
2015.93560 0.061
2015.93840 0.505
2015.94660 -0.026
2015.94930 0.566
2015.95210 0.438
2015.95480 0.208
2015.95750 0.398
2015.96030 0.402
2015.96300 0.136
2015.96580 0.455
2015.96850 0.53
2015.97120 0.199
2015.97400 0.362
2015.97670 0.207
2015.97950 0.604
2015.98220 0.82
2015.98490 0.387
2015.98770 0.64
2015.99040 0.632
2015.99320 0.403
2015.99590 0.388
2015.99860 0.727
2016.00140 0.925
2016.00410 0.982
2016.00680 0.906
2016.00960 0.719
2016.01230 0.714
2016.01500 0.629
2016.01780 0.799
2016.02050 0.915
2016.02320 0.68
2016.02600 0.54
2016.02870 0.462
2016.03140 0.924
2016.03420 1.083
2016.03960 1.199
2016.04230 1.084
2016.04510 1.148
2016.04780 1.581
2016.05050 0.926
2016.05330 0.669
2016.05600 0.261
2016.05870 0.162
2016.06150 0.648
2016.06420 1.408
2016.06690 1.071
2016.06970 1.153
2016.07240 1.107
2016.07510 0.498
2016.07790 0.441
2016.08060 0.473
2016.08330 0.745
2016.08610 0.844
2016.09150 0.868
2016.09430 0.917
2016.09700 0.844
2016.09970 0.722
2016.10250 1.136
2016.10520 1.625
2016.10790 1.2
2016.11070 1.205
2016.11340 1.003
2016.11610 0.896
2016.11890 0.59
2016.12160 1.082
2016.12430 1.062
2016.12710 1.062
2016.12980 1.335
2016.13250 0.897
2016.13530 0.687
2016.13800 0.729
2016.14070 0.788
2016.14340 0.414
2016.14620 0.611
2016.14890 0.67
2016.15160 0.739
2016.15440 0.721
2016.15710 0.927
2016.15980 0.506
2016.16260 1.048
2016.16530 1.118
2016.16800 1.345
2016.17080 1.308
2016.17350 0.928
2016.17620 0.831
2016.17900 1.19
2016.18170 0.984
2016.18440 0.531
2016.18720 1.024
2016.18990 1.042
2016.19260 1.25
2016.19540 1.109
2016.19810 1.211
2016.20080 1.482
2016.20360 1.483
2016.20630 1.747
2016.20900 2.01
2016.21170 2.076
2016.21450 1.394
2016.21720 1.319
2016.21990 1.427
2016.22270 1.401
2016.22540 1.014
2016.22810 0.787
2016.23090 0.982
2016.23360 1.433
2016.23630 1.728
2016.23910 1.259
2016.24180 1.331
2016.24450 1.882
2016.24730 1.549
2016.25000 1.348
2016.25270 0.769
2016.25550 1.268
2016.25820 1.572
2016.26090 1.516
2016.26370 1.491
2016.26640 0.973
2016.26910 1.239
2016.27190 1.144
2016.27460 1.025
2016.27730 1.105
2016.28010 1.509
2016.28280 1.301
2016.28550 1.235
2016.28830 0.825
2016.29100 0.853
2016.29370 1.583
2016.29650 1.132
2016.29920 1.139
2016.30190 1.195
2016.30460 1.698
2016.30740 1.705
2016.31010 1.559
2016.31280 1.646
2016.31560 0.975
2016.31830 1.491
2016.32100 1.206
2016.32380 1.435
2016.32650 1.51
2016.32920 1.711
2016.33200 1.243
2016.33470 0.765
2016.33740 1.401
2016.34020 1.053
2016.34290 1.34
2016.34560 1.16
2016.34840 1.502
2016.35110 0.946
2016.35380 1.285
2016.35660 1.791
2016.35930 1.882
2016.36200 1.559
2016.36480 1.275
2016.36750 0.848
2016.37020 1.651
2016.37290 2.202
2016.37570 1.627
2016.37840 1.343
2016.38110 1.423
2016.38390 1.283
2016.38660 1.448
2016.38930 1.801
2016.39210 1.551
2016.39480 1.871
2016.39750 1.456
2016.40030 1.624
2016.40300 1.502
2016.40570 1.758
2016.40850 1.718
2016.41120 1.242
2016.41390 1.444
2016.41670 1.354
2016.41940 1.315
2016.42210 1.407
2016.42490 0.862
2016.42760 1.28
2016.43030 1.804
2016.43310 1.697
2016.43580 1.661
2016.43850 2.1
2016.44130 1.625
2016.44400 1.607
2016.44670 2.182
2016.44950 1.88
2016.45220 1.853
2016.45490 2.225
2016.45770 2.07
2016.46040 1.952
2016.46310 1.514
2016.46590 1.161
2016.46860 1.773
2016.47130 1.556
2016.47400 1.876
2016.47680 1.588
2016.47950 1.662
2016.48220 1.605
2016.48500 1.332
2016.48770 2.847
2016.49040 1.221
2016.49320 1.95
2016.49860 2.141
2016.50140 1.265
2016.50410 1.22
2016.50680 1.585
2016.51230 1.332
2016.51500 1.655
2016.51780 1.54
2016.52050 1.664
2016.52320 1.909
2016.52600 1.426
2016.52870 1.438
2016.53140 1.689
2016.53420 0.964
2016.53690 1.978
2016.54230 1.818
2016.54510 2.632
2016.54780 1.524
2016.55050 0.931
2016.55330 1.28
2016.55600 1.626
2016.55870 1.675
2016.56150 1.756
2016.56420 1.089
2016.56970 0.911
2016.57240 0.944
2016.57510 0.722
2016.57790 0.862
2016.58060 1.528
2016.58330 0.843
2016.58610 0.817
2016.58880 1.316
2016.59150 1.779
2016.59430 1.272
2016.59700 0.981
2016.59970 1.432
2016.60520 0.843
2016.60790 1.463
2016.61070 1.172
2016.61340 1.074
2016.62160 0.8
2016.62430 0.89
2016.62710 1.361
2016.62980 1.522
2016.63250 0.512
2016.63530 1.096
2016.63800 0.895
2016.64070 1.026
2016.64620 1.124
2016.64890 0.504
2016.65160 0.889
2016.65440 0.657
2016.65710 1.097
2016.65980 1.402
2016.66260 1.94
2016.66530 2.319
2016.66800 1.741
2016.67080 1.625
2016.67350 1.16
2016.67620 1.589
2016.67900 0.881
2016.68170 1.458
2016.68440 1.286
2016.68720 1.651
2016.68990 1.3
2016.69260 0.925
2016.69540 0.814
2016.69810 1.153
2016.70080 0.678
2016.70360 0.844
2016.70630 0.871
2016.70900 0.518
2016.71170 0.934
2016.71450 0.281
2016.71720 0.935
2016.71990 0.713
2016.72270 0.918
2016.72540 1.431
2016.72810 0.476
2016.73090 0.876
2016.73360 0.719
2016.73630 0.6
2016.74180 0.504
2016.74450 0.845
2016.74730 0.819
2016.75270 0.934
2016.75550 1.194
2016.75820 0.718
2016.76090 0.507
2016.76370 0.776
2016.76640 0.125
2016.76910 0.61
2016.77190 0.75
2016.77460 0.601
2016.77730 0.532
2016.78010 0.441
2016.78280 0.602
2016.78550 0.353
2016.78830 0.546
2016.79100 0.388
2016.79370 0.423
2016.79650 0.677
2016.79920 0.38
2016.80190 0.721
2016.80460 0.462
2016.80740 0.125
2016.81010 0.46
2016.81280 0.597
2016.81560 1.279
2016.81830 0.668
2016.82100 0.088
2016.82650 0.457
2016.82920 0.631
2016.83200 0.304
2016.83470 0.494
2016.83740 0.695
2016.84020 0.838
2016.84290 1.191
2016.84560 0.66
2016.84840 0.253
2016.85110 -0.101
2016.85380 0.388
2016.85660 0.799
2016.85930 0.421
2016.86200 0.546
2016.86480 0.525
2016.86750 0.541
2016.87020 0.512
2016.87290 0.364
2016.87570 0.207
2016.87840 0.672
2016.88110 0.758
2016.88390 0.516
2016.88660 0.167
2016.88930 -0.356
2016.89210 0.207
2016.89480 0.233
2016.89750 0.561
2016.90030 0.222
2016.90300 0.219
2016.90570 0.179
2016.90850 0.056
2016.91120 0.249
2016.91390 0.271
2016.91670 0.246
2016.91940 0.448
2016.92210 0.163
2016.92490 0.433
2016.92760 0.245
2016.93030 0.624
2016.93310 0.341
2016.93580 0.498
2016.93850 0.604
2016.94130 0.632
2016.94400 0.538
2016.94670 0.207
2016.94950 0.257
2016.95220 0.647
2016.95490 0.691
2016.95770 0.874
2016.96040 0.641
2016.96310 0.572
2016.96590 0.707
2016.96860 0.198
2016.97130 0.418
2016.97400 1.017
2016.97680 0.835
2016.97950 0.487
2016.98220 0.91
2016.98500 0.514
2016.98770 0.875
2016.99040 0.613
2016.99320 0.841
2016.99590 1.03
2017.00140 0.877
2017.00410 1.173
2017.00690 1.282
2017.00960 1.005
2017.01230 1.238
2017.01510 1.153
2017.01780 0.492
2017.02060 1.397
2017.02330 1.343
2017.02600 1.127
2017.02880 1.229
2017.03150 1.107
2017.03420 0.94
2017.03700 0.701
2017.03970 0.61
2017.04250 0.59
2017.04520 0.466
2017.04790 0.602
2017.05070 0.116
2017.05340 0.813
2017.05620 0.257
2017.05890 0.609
2017.06160 0.265
2017.06440 0.101
2017.06710 0.682
2017.06990 0.981
2017.07260 1.018
2017.07530 0.653
2017.07810 0.478
2017.08080 1.027
2017.08360 0.683
2017.08630 0.828
2017.08900 1.058
2017.09180 1.047
2017.09450 1.062
2017.09730 1.045
2017.10000 1.041
2017.10270 0.73
2017.10550 0.553
2017.10820 1.262
2017.11100 1.07
2017.11370 1.002
2017.11640 0.862
2017.11920 0.597
2017.12190 0.671
2017.12470 1.435
2017.12740 0.995
2017.13010 1.067
2017.13290 1.366
2017.13560 1.139
2017.13840 1.044
2017.14110 0.677
2017.14380 0.612
2017.14660 1.052
2017.14930 0.834
2017.15200 0.729
2017.15480 1
2017.15750 1.163
2017.16030 0.924
2017.16300 1.046
2017.16570 1.783
2017.16850 1.282
2017.17120 0.986
2017.17400 0.893
2017.17670 1.479
2017.17950 1.616
2017.18220 1.442
2017.18490 1.623
2017.18770 1.403
2017.19040 0.89
2017.19320 0.792
2017.19590 1.152
2017.19860 1.105
2017.20140 1.013
2017.20410 0.724
2017.20690 0.921
2017.20960 0.477
2017.21230 0.47
2017.21510 0.498
2017.21780 0.902
2017.22060 0.74
2017.22330 0.732
2017.22600 0.542
2017.22880 0.546
2017.23150 1.004
2017.23430 1.143
2017.23700 0.934
2017.23970 0.931
2017.24250 0.89
2017.24520 1.061
2017.24790 1.025
2017.25070 0.957
2017.25340 0.912
2017.25620 1.042
2017.25890 1.057
2017.26160 1.503
2017.26440 1.273
2017.26710 0.825
2017.26990 0.885
2017.27260 0.969
2017.27530 0.974
2017.27810 1.272
2017.28080 1.116
2017.28360 1.705
2017.28630 1.332
2017.28900 1.342
2017.29180 1.523
2017.29450 1.755
2017.29730 1.443
2017.30000 1.449
2017.30270 1.742
2017.30550 1.404
2017.30820 1.374
2017.31100 1.031
2017.31370 1.543
2017.31640 1.284
2017.31920 1.576
2017.32190 1.744
2017.32470 1.71
2017.32740 1.718
2017.33010 1.616
2017.33290 1.784
2017.33560 1.068
2017.33840 1.71
2017.34110 1.56
2017.34380 1.735
2017.34660 1.692
2017.34930 1.709
2017.35210 1.732
2017.35480 1.894
2017.35750 1.668
2017.36030 1.942
2017.36300 1.856
2017.36570 1.798
2017.36850 1.69
2017.37120 2.06
2017.37400 1.974
2017.37670 1.154
2017.37940 1.491
2017.38220 1.967
2017.38490 2.771
2017.38770 1.356
2017.39040 1.826
2017.39320 1.789
2017.39590 2.124
2017.39860 2.065
2017.40140 2.257
2017.40410 2.067
2017.40960 1.771
2017.41230 2.085
2017.41510 2.347
2017.41780 1.91
2017.42060 1.923
2017.42330 1.954
2017.42600 1.799
2017.42880 1.716
2017.43150 2.217
2017.43430 2.083
2017.43700 2.244
2017.43970 1.845
2017.44250 1.856
2017.44800 1.104
2017.45070 1.824
2017.45340 1.77
2017.45620 1.661
2017.45890 2.188
2017.46160 1.718
2017.46440 1.568
2017.46710 2.314
2017.46990 1.551
2017.47260 1.975
2017.47530 2.681
2017.47810 1.823
2017.48080 2.088
2017.48630 2.006
2017.48900 1.836
2017.49180 2.251
2017.49730 2.249
2017.50000 2.394
2017.50550 2.407
2017.51100 2.299
2017.51370 1.864
2017.51640 1.894
2017.51920 1.27
2017.52190 2.3
2017.52470 1.841
2017.52740 1.659
2017.53560 1.029
2017.53840 1.326
2017.54380 0.847
2017.54660 1.072
2017.54930 2.119
2017.55210 1.195
2017.55480 1.445
2017.55750 2.451
2017.56030 1.431
2017.56300 0.709
2017.56580 1.316
2017.57670 1.907
2017.57950 0.837
2017.58220 2.058
2017.58490 2.312
2017.58770 1.762
2017.59040 1.906
2017.59310 2.297
2017.59590 1.707
2017.59860 1.75
2017.60140 2.336
2017.60410 1.861
2017.60680 1.834
2017.60960 2.765
2017.61780 1.222
2017.62060 1.399
2017.62330 1.006
2017.62600 1.4
2017.62880 1.474
2017.63150 0.658
2017.63430 1.14
2017.63700 1.328
2017.63970 1.891
2017.64250 1.173
2017.64520 1.071
2017.64800 1.568
2017.65340 0.793
2017.65620 0.549
2017.65890 1.47
2017.66160 1.175
2017.66440 1.385
2017.66710 1.187
2017.66990 0.879
2017.67260 0.764
2017.67530 1.049
2017.67810 1.181
2017.68080 1.575
2017.68360 1.232
2017.68630 1.13
2017.68900 1.377
2017.69180 1.326
2017.69450 1.496
2017.69730 0.94
2017.70000 0.583
2017.70550 0.513
2017.70820 0.51
2017.71100 1.307
2017.71370 0.778
2017.71640 0.634
2017.71920 1.201
2017.72190 1.205
2017.72470 0.758
2017.72740 1.043
2017.73010 0.858
2017.73290 1.207
2017.73560 0.002
2017.73840 0.893
2017.74110 1.367
2017.74380 0.993
2017.74660 0.564
2017.74930 0.87
2017.75210 0.05
2017.75480 0.842
2017.75750 0.711
2017.76030 0.599
2017.76300 1.068
2017.76580 0.391
2017.76850 0.005
2017.77120 -0.309
2017.77400 0.024
2017.77670 -0.379
2017.77950 0.233
2017.78220 0.14
2017.78490 0.483
2017.78770 -0.025
2017.79040 0.4
2017.79320 -0.083
2017.79590 0.185
2017.79860 0.271
2017.80140 0.495
2017.80410 0.747
2017.80680 0.112
2017.80960 0.333
2017.81230 0.517
2017.81510 0.251
2017.81780 0.855
2017.82050 0.495
2017.82330 0.275
2017.82600 0.862
2017.82880 0.741
2017.83150 0.653
2017.83430 0.873
2017.83700 0.913
2017.83970 0.374
2017.84250 0.831
2017.84520 0.761
2017.84800 0.769
2017.85070 0.886
2017.85340 1.186
2017.85620 0.65
2017.85890 0.808
2017.86160 1.177
2017.86440 0.621
2017.86710 1.044
2017.86990 1.033
2017.87260 0.568
2017.87530 0.649
2017.87810 0.101
2017.88080 0.713
2017.88360 0.377
2017.88630 0.571
2017.88900 0.685
2017.89180 0.714
2017.89450 0.757
2017.89730 0.575
2017.90000 0.823
2017.90270 0.869
2017.90550 1.276
2017.90820 0.463
2017.91100 0.56
2017.91370 0.387
2017.91640 0.788
2017.91920 0.923
2017.92190 0.588
2017.92470 1.035
2017.92740 1.196
2017.93010 0.76
2017.93290 0.52
2017.93560 1.152
2017.93840 1.235
2017.94110 0.703
2017.94380 1.158
2017.94660 0.764
2017.94930 0.884
2017.95210 0.661
2017.95480 0.544
2017.95750 1.037
2017.96030 0.827
2017.96300 0.833
2017.96580 1.251
2017.96850 1.31
2017.97120 1.623
2017.97400 1.619
2017.97670 1.545
2017.97950 1.8
2017.98220 1.396
2017.98490 1.132
2017.98770 1.239
2017.99040 1.11
2017.99320 1.032
2017.99590 1.153
2017.99860 1.263
2018.00140 0.992
2018.00410 0.652
2018.00690 0.968
2018.00960 0.987
2018.01230 1.296
2018.01510 1.143
2018.01780 1.02
2018.02060 1.368
2018.02330 1.149
2018.02600 0.903
2018.02880 1.174
2018.03150 1.038
2018.03420 1.309
2018.03700 1.147
2018.03970 1.462
2018.04250 1.216
2018.04520 0.817
2018.04790 0.937
2018.05070 1.124
2018.05340 0.842
2018.05620 0.957
2018.05890 0.72
2018.06160 1.066
2018.06440 0.71
2018.06990 1.114
2018.07260 0.905
2018.07530 1.09
2018.07810 1.591
2018.08080 0.933
2018.08630 0.62
2018.08900 0.523
2018.09180 0.993
2018.09450 0.975
2018.09730 0.979
2018.10000 1.424
2018.10270 1.142
2018.10550 1.585
2018.10820 1.126
2018.11100 1.443
2018.11370 1.542
2018.11640 1.718
2018.11920 1.852
2018.12190 1.287
2018.12470 1.703
2018.12740 1.245
2018.13010 1.316
2018.13290 1.137
2018.13560 1.297
2018.13840 1.257
2018.14110 1.651
2018.14380 1.557
2018.14660 1.16
2018.14930 1.145
2018.15200 1.196
2018.15480 1.18
2018.15750 1.197
2018.16030 1.639
2018.16300 1.559
2018.16570 1.505
2018.16850 1.641
2018.17120 0.93
2018.17400 1.321
2018.17670 0.368
2018.17950 0.708
2018.18220 1.449
2018.18490 1.291
2018.18770 1.098
2018.19040 1.571
2018.19320 1.734
2018.19590 1.565
2018.19860 1.737
2018.20140 1.073
2018.20410 1.511
2018.20690 0.89
2018.20960 1.125
2018.21230 0.992
2018.21510 0.613
2018.21780 1.141
2018.22060 1.764
2018.22330 1.37
2018.22600 1.391
2018.22880 1.396
2018.23150 1.478
2018.23430 1.643
2018.23700 1.686
2018.23970 1.38
2018.24250 1.234
2018.24520 1.378
2018.24790 1.559
2018.25070 1.424
2018.25340 0.584
2018.25620 0.294
2018.25890 1.24
2018.26160 1.123
2018.26440 1.677
2018.26710 1.434
2018.26990 1.847
2018.27260 1.79
2018.27530 1.378
2018.27810 1.356
2018.28080 1.11
2018.28360 1.386
2018.28630 2.093
2018.28900 1.924
2018.29180 1.812
2018.29450 2.547
2018.29730 2.076
2018.30270 0.934
2018.30550 1.717
2018.30820 1.051
2018.31100 1.728
2018.31370 1.611
2018.31640 1.811
2018.31920 1.562
2018.32190 1.769
2018.32470 1.219
2018.32740 1.159
2018.33010 1.342
2018.33290 1.614
2018.33560 1.789
2018.33840 1.903
2018.34110 1.204
2018.34380 1.766
2018.34660 1.544
2018.34930 1.5
2018.35210 1.482
2018.35480 1.236
2018.35750 1.362
2018.36030 2.134
2018.36300 2.092
2018.36570 2.213
2018.36850 2.489
2018.37120 2.017
2018.37400 1.212
2018.37670 1.707
2018.37940 1.447
2018.38490 1.125
2018.38770 1.366
2018.39040 2.046
2018.39320 2.127
2018.39590 1.725
2018.39860 1.436
2018.40140 1.605
2018.40410 1.982
2018.40690 1.697
2018.40960 1.803
2018.41230 1.757
2018.41510 1.599
2018.41780 1.661
2018.42060 1.655
2018.42330 2.158
2018.42600 2.318
2018.42880 1.656
2018.43150 1.102
2018.43430 1.851
2018.43700 1.398
2018.43970 1.547
2018.44250 1.823
2018.44520 2.412
2018.44800 1.874
2018.45070 1.509
2018.45340 1.96
2018.45620 1.801
2018.45890 2.195
2018.46160 1.85
2018.46440 1.636
2018.46710 1.98
2018.46990 1.72
2018.47260 2.41
2018.47530 1.463
2018.47810 2.266
2018.48080 1.359
2018.48360 1.592
2018.48630 2.151
2018.48900 1.761
2018.49180 1.699
2018.50270 1.856
2018.50550 1.578
2018.50820 1.228
2018.51100 1.632
2018.51370 0.315
2018.51640 0.569
2018.51920 1.816
2018.52190 1.481
2018.52740 2.08
2018.53010 1.427
2018.53290 0.704
2018.53560 1.566
2018.54110 1.481
2018.54380 1.947
2018.55210 2.31
2018.55750 1.823
2018.56300 1.798
2018.56850 0.777
2018.57120 1.029
2018.57400 1.57
2018.57670 1.111
2018.57950 1.672
2018.58220 1.099
2018.58490 1.584
2018.58770 1.001
2018.59040 1.48
2018.59310 1.186
2018.59590 2.029
2018.59860 0.365
2018.60140 1.103
2018.60410 0.499
2018.60680 1.053
2018.60960 0.865
2018.62060 0.573
2018.62600 0.485
2018.62880 0.855
2018.63430 0.668
2018.63700 1.346
2018.63970 0.268
2018.64250 0.733
2018.64520 1.016
2018.64800 1.455
2018.65070 1.41
2018.65340 0.623
2018.65620 0.495
2018.65890 0.503
2018.66160 0.92
2018.66440 1.108
2018.66710 0.624
2018.66990 0.58
2018.67260 1.267
2018.67530 1.096
2018.67810 1.331
2018.68080 1.357
2018.68360 0.603
2018.68630 0.973
2018.68900 0.183
2018.69180 0.442
2018.69450 1.003
2018.69730 0.797
2018.70000 1.008
2018.70270 1.017
2018.70820 0.448
2018.71920 0.204
2018.72190 0.84
2018.72470 0.783
2018.72740 0.627
2018.73010 0.829
2018.73290 0.133
2018.73560 0.616
2018.73840 0.089
2018.74110 0.718
2018.74380 0.579
2018.74660 0.608
2018.74930 1.103
2018.75210 0.718
2018.75480 0.654
2018.75750 0.306
2018.76030 0.392
2018.76300 0.645
2018.76580 0.297
2018.76850 0.617
2018.77120 0.577
2018.77400 0.614
2018.77670 0.576
2018.77950 0.539
2018.78220 0.701
2018.78490 0.895
2018.78770 0.289
2018.79040 0.306
2018.79320 0.661
2018.79590 0.438
2018.79860 0.284
2018.80140 0.532
2018.80410 0.729
2018.80680 0.869
2018.80960 0.905
2018.81230 0.854
2018.81510 0.407
2018.81780 0.624
2018.82050 0.702
2018.82330 0.53
2018.82600 0.752
2018.82880 0.666
2018.83150 0.932
2018.83430 0.774
2018.83700 0.953
2018.83970 0.915
2018.84250 0.294
2018.84520 0.876
2018.84800 0.688
2018.85070 0.887
2018.85340 1.059
2018.85620 0.938
2018.85890 0.501
2018.86160 1.173
2018.86440 1.148
2018.86710 1.111
2018.86990 0.613
2018.87260 0.611
2018.87530 0.967
2018.87810 0.887
2018.88080 1.286
2018.88360 1.113
2018.88630 0.867
2018.88900 0.829
2018.89180 0.529
2018.89450 0.401
2018.89730 0.566
2018.90000 0.824
2018.90270 0.41
2018.90550 0.586
2018.90820 0.716
2018.91100 0.614
2018.91370 0.827
2018.91640 1.035
2018.91920 0.945
2018.92190 1.096
2018.92470 1.097
2018.92740 1.129
2018.93010 0.504
2018.93290 0.777
2018.93560 0.686
2018.93840 0.521
2018.94110 0.513
2018.94380 0.761
2018.94660 1.092
2018.94930 0.682
2018.95210 1.037
2018.95480 1.06
2018.95750 1.348
2018.96030 1.467
2018.96300 1.339
2018.96580 1.372
2018.96850 1.323
2018.97120 1.012
2018.97400 0.891
2018.97670 0.779
2018.97950 1.093
2018.98220 0.809
2018.98490 0.542
2018.98770 0.781
2018.99040 0.342
2018.99320 -0.057
2018.99590 0.08
2018.99860 0.484
2019.00140 0.256
2019.00410 0.463
2019.00690 0.17
2019.00960 0.568
2019.01230 0.684
2019.01510 0.525
2019.01780 0.686
2019.02060 0.603
2019.02330 0.918
2019.02600 1.224
2019.02880 1.132
2019.03150 0.875
2019.03420 0.715
2019.03700 0.674
2019.03970 0.946
2019.04250 1.016
2019.04520 1.038
2019.04790 1.13
2019.05070 1.109
2019.05340 1.239
2019.05620 1.823
2019.05890 1.593
2019.06160 1.21
2019.06440 0.948
2019.06710 0.696
2019.06990 1.101
2019.07260 1.138
2019.07530 1.404
2019.07810 1.119
2019.08080 1.133
2019.08360 1.274
2019.08630 1.603
2019.08900 1.047
2019.09180 1.002
2019.09450 1.694
2019.09730 1.02
2019.10000 1.033
2019.10270 0.764
2019.10550 0.813
2019.10820 0.625
2019.11100 0.869
2019.11370 0.6
2019.11640 0.46
2019.11920 0.425
2019.12190 0.63
2019.12470 0.868
2019.12740 0.998
2019.13010 0.873
2019.13290 0.814
2019.13560 0.859
2019.13840 0.792
2019.14110 0.556
2019.14380 0.691
2019.14660 0.919
2019.14930 0.999
2019.15200 1.368
2019.15480 1.081
2019.15750 1.282
2019.16030 1.256
2019.16300 1.295
2019.16570 1.43
2019.16850 1.33
2019.17120 1.318
2019.17400 0.679
2019.17670 0.892
2019.17950 1.056
2019.18220 0.72
2019.18490 1.146
2019.18770 1.25
2019.19040 0.959
2019.19320 0.72
2019.19590 0.421
2019.19860 0.617
2019.20140 0.857
2019.20410 0.997
2019.20690 1.014
2019.20960 1.716
2019.21230 1.721
2019.21510 1.398
2019.21780 0.986
2019.22060 1.1
2019.22330 1.11
2019.22600 1.663
2019.22880 1.368
2019.23150 1.165
2019.23430 1.171
2019.23700 1.234
2019.23970 0.914
2019.24250 0.996
2019.24520 1.197
2019.24790 1.048
2019.25070 1.209
2019.25340 1.06
2019.25620 1.697
2019.25890 1.793
2019.26160 1.63
2019.26440 1.466
2019.26710 1.283
2019.26990 1.668
2019.27260 1.574
2019.27530 1.526
2019.27810 1.407
2019.28080 1.454
2019.28360 1.481
2019.28630 1.731
2019.28900 2.041
2019.29180 1.57
2019.29450 1.163
2019.29730 1.372
2019.30000 1.142
2019.30270 1.759
2019.30550 1.756
2019.30820 1.906
2019.31100 0.951
2019.31640 1.564
2019.31920 0.842
2019.32190 1.139
2019.32470 1.55
2019.32740 1.445
2019.33010 1.036
2019.33290 1.511
2019.33560 1.367
2019.33840 1.059
2019.34110 0.692
2019.34380 1.152
2019.34660 1.793
2019.34930 1.61
2019.35210 1.771
2019.35480 1.379
2019.35750 1.694
2019.36030 0.853
2019.36300 1.483
2019.36570 1.935
2019.36850 1.688
2019.37120 1.853
2019.37400 2.018
2019.37670 2.276
2019.37940 1.469
2019.38220 1.955
2019.38490 2
2019.38770 1.973
2019.39040 1.735
2019.39320 1.899
2019.39590 1.601
2019.39860 1.66
2019.40140 1.694
2019.40410 1.337
2019.40690 1.669
2019.40960 2.185
2019.41230 1.573
2019.41510 1.939
2019.41780 2.027
2019.42060 1.707
2019.42330 1.115
2019.42880 1.727
2019.43150 1.222
2019.43430 1.901
2019.43700 1.653
2019.43970 1.539
2019.44250 1.683
2019.44520 1.689
2019.44800 1.532
2019.45070 1.643
2019.45340 1.907
2019.45620 1.443
2019.45890 1.247
2019.46160 1.608
2019.46440 1.645
2019.46710 0.61
2019.47260 1.749
2019.47530 1.827
2019.47810 1.924
2019.48080 2.182
2019.48360 2.221
2019.48630 2.641
2019.48900 1.263
2019.49180 0.753
2019.49450 1.266
2019.49730 1.689
2019.50000 0.728
2019.50270 1.44
2019.50550 1.636
2019.50820 0.783
2019.51100 0.634
2019.51370 1.598
2019.51640 1.84
2019.51920 1.671
2019.52190 0.549
2019.52470 1.439
2019.52740 1.528
2019.53010 1.669
2019.53290 1.423
2019.53560 1.412
2019.53840 1.962
2019.54380 2.582
2019.54930 1.178
2019.55210 1.429
2019.55480 2.442
2019.55750 1.885
2019.56030 1.824
2019.56300 1.814
2019.56580 2.042
2019.56850 2.236
2019.57670 1.833
2019.57950 1.638
2019.58770 1.374
2019.59310 0.687
2019.59590 0.868
2019.59860 1.279
2019.60140 1.518
2019.60410 0.411
2019.60960 0.876
2019.61230 1.307
2019.61510 0.717
2019.61780 1.502
2019.62060 0.941
2019.62330 0.415
2019.62600 0.627
2019.62880 0.683
2019.63150 1.202
2019.63430 0.148
2019.63700 1.298
2019.63970 0.676
2019.64250 0.124
2019.64520 1.657
2019.64800 0.506
2019.65070 0.574
2019.65340 0.909
2019.65620 0.874
2019.66160 0.692
2019.66440 1.024
2019.66710 0.175
2019.66990 0.413
2019.67260 1.109
2019.67530 0.876
2019.67810 0.803
2019.68080 0.893
2019.68360 1.766
2019.68630 1.04
2019.68900 0.879
2019.69450 0.282
2019.69730 0.887
2019.70270 0.175
2019.70550 0.252
2019.70820 0.417
2019.71100 -0.255
2019.71370 0.276
2019.71640 0.379
2019.71920 -0.021
2019.72190 0.533
2019.72470 0.448
2019.72740 0.242
2019.73010 0.202
2019.73290 0.002
2019.73560 -0.743
2019.73840 0.013
2019.74110 0.593
2019.74380 0.744
2019.74660 1.117
2019.74930 0.605
2019.75210 0.857
2019.75480 1.316
2019.76030 0.696
2019.76580 0.496
2019.76850 0.827
2019.77120 1.055
2019.77400 1.092
2019.77670 0.207
2019.77950 0.319
2019.78220 -1.013
2019.78490 0.197
2019.78770 0.158
2019.79040 0.363
2019.79320 0.668
2019.79590 0.594
2019.79860 0.431
2019.80140 0.741
2019.80410 0.78
2019.80680 0.53
2019.80960 0.538
2019.81230 -0.237
2019.81510 0.249
2019.81780 0.869
2019.82050 1.055
2019.82330 1.032
2019.82600 1.305
2019.82880 0.89
2019.83150 0.748
2019.83430 0.86
2019.83700 0.406
2019.83970 0.55
2019.84250 0.218
2019.84520 0.831
2019.84800 0.781
2019.85070 0.255
2019.85620 0.478
2019.85890 0.828
2019.86160 1.33
2019.86440 0.291
2019.86710 0.692
2019.86990 1.148
2019.87260 0.855
2019.87530 0.991
2019.87810 0.405
2019.88080 0.957
2019.88360 1.249
2019.88630 0.6
2019.88900 0.989
2019.89180 0.949
2019.89450 1.098
2019.89730 0.316
2019.90000 0.942
2019.90270 0.219
2019.90550 0.312
2019.90820 0.718
2019.91100 0.399
2019.91370 0.536
2019.91640 0.735
2019.91920 1.093
2019.92190 0.431
2019.92470 0.298
2019.92740 0.375
2019.93010 0.76
2019.93290 0.55
2019.93560 0.854
2019.93840 0.951
2019.94110 0.862
2019.94380 0.959
2019.94660 0.878
2019.94930 0.256
2019.95210 0.453
2019.95480 0.718
2019.95750 -0.805
2019.96030 0.136
2019.96300 0.826
2019.96580 0.798
2019.96850 0.91
2019.97120 0.714
2019.97400 0.592
2019.97670 0.641
2019.97950 0.638
2019.98220 0.554
2019.98490 0.896
2019.98770 1.196
2019.99040 0.636
2019.99320 0.391
2019.99590 0.439
2019.99860 0.737
2020.00140 0.251
2020.00410 0.508
2020.00680 0.465
2020.00960 0.499
2020.01230 0.38
2020.01500 0.167
2020.01780 0.777
2020.02050 1.262
2020.02320 0.553
2020.02600 0.645
2020.02870 0.73
2020.03140 1.23
2020.03420 1.035
2020.03690 0.951
2020.03960 0.779
2020.04230 0.926
2020.04510 1.549
2020.04780 1.561
2020.05050 1.658
2020.05330 2.004
2020.05600 1.529
2020.05870 1.382
2020.06150 1.014
2020.06420 0.927
2020.06690 0.696
2020.06970 0.763
2020.07240 0.838
2020.07510 1.179
2020.07790 1.09
2020.08060 1.213
2020.08330 1.009
2020.08610 0.492
2020.08880 0.396
2020.09150 0.755
2020.09430 0.35
2020.09700 0.583
2020.09970 0.65
2020.10250 0.744
2020.10520 0.336
2020.10790 0.953
2020.11070 1.11
2020.11340 1.01
2020.11610 1.142
2020.11890 0.787
2020.12160 -0.161
2020.12430 0.054
2020.12710 0.705
2020.12980 0.592
2020.13250 0.582
2020.13530 0.549
2020.13800 0.148
2020.14070 0.512
2020.14340 0.706
2020.14620 1.151
2020.14890 1.097
2020.15160 0.927
2020.15440 0.501
2020.15710 1.015
2020.15980 0.74
2020.16530 0.517
2020.16800 0.368
2020.17080 0.11
2020.17350 0.68
2020.17620 1.366
2020.17900 0.838
2020.18170 0.965
2020.18440 1.157
2020.18720 1.421
2020.18990 1.683
2020.19260 1.753
2020.19540 0.887
2020.19810 1.127
2020.20080 1.47
2020.20360 1.403
2020.20630 1.531
2020.20900 1.652
2020.21170 1.834
2020.21450 1.79
2020.21720 1.992
2020.21990 1.664
2020.22270 1.723
2020.22540 1.441
2020.22810 2.012
2020.23090 1.653
2020.23360 1.104
2020.23630 1.363
2020.23910 1.384
2020.24180 1.672
2020.24450 1.438
2020.24730 1.187
2020.25000 1.089
2020.25270 1.474
2020.25550 0.972
2020.25820 1.129
2020.26090 1.158
2020.26370 1.333
2020.26640 1.322
2020.26910 1.243
2020.27190 0.653
2020.27460 0.324
2020.27730 0.93
2020.28010 1.199
2020.28280 1.057
2020.28550 1.631
2020.28830 1.342
2020.29100 1.014
2020.29370 1.151
2020.29650 1.359
2020.29920 1.501
2020.30190 0.927
2020.30460 1.371
2020.30740 1.175
2020.31010 1.643
2020.31280 1.566
2020.31560 1.107
2020.31830 1.529
2020.32100 1.344
2020.32380 1.941
2020.32650 1.413
2020.32920 2.06
2020.33200 1.96
2020.33470 2.236
2020.33740 1.431
2020.34020 1.628
2020.34290 2.044
2020.34560 2.598
2020.35110 1.415
2020.35380 1.8
2020.35660 2.121
2020.35930 1.828
2020.36200 1.886
2020.36480 1.703
2020.36750 1.668
2020.37020 2.142
2020.37290 1.502
2020.37570 1.834
2020.37840 2.132
2020.38110 1.814
2020.38390 1.3
2020.38660 1.189
2020.38930 1.666
2020.39210 1.269
2020.39480 1.695
2020.39750 1.617
2020.40030 1.814
2020.40300 2.052
2020.40570 1.948
2020.40850 2.55
2020.41120 1.4
2020.41390 1.904
2020.41670 1.213
2020.41940 1.779
2020.42210 1.686
2020.42490 1.575
2020.42760 1.571
2020.43030 1.478
2020.43310 1.605
2020.43580 1.053
2020.43850 1.034
2020.44130 0.995
2020.44400 1.305
2020.44670 1.457
2020.44950 2.298
2020.45220 1.971
2020.45490 1.939
2020.45770 2.26
2020.46040 1.687
2020.46310 1.467
2020.46590 1.702
2020.46860 1.453
2020.47130 2.092
2020.47400 2.018
2020.47680 1.719
2020.47950 1.567
2020.48220 2.112
2020.48500 1.148
2020.48770 1.871
2020.49040 2.035
2020.49320 1.279
2020.49590 1.448
2020.49860 1.359
2020.50410 1.404
2020.50680 2.041
2020.50960 1.408
2020.51230 1.792
2020.51500 1.57
2020.52050 1.632
2020.52870 2.08
2020.53140 1.796
2020.53420 1.316
2020.53690 1.717
2020.54230 2.524
2020.54510 1.395
2020.54780 1.656
2020.55050 2.368
2020.55330 1.766
2020.55600 1.236
2020.55870 1.487
2020.56150 1.887
2020.56690 1.263
2020.56970 1.465
2020.57240 0.294
2020.57510 0.87
2020.57790 2.788
2020.58880 0.543
2020.59970 1.996
2020.60250 0.763
2020.60520 1.06
2020.61340 0.715
2020.61610 1.336
2020.61890 1.139
2020.62160 -0.17
2020.62430 1.378
2020.62710 0.336
2020.63530 0.391
2020.63800 -0.617
2020.64070 1.839
2020.64340 2.134
2020.64620 0.701
2020.64890 -0.341
2020.65440 0.959
2020.65980 0.814
2020.66260 0.533
2020.66530 0.085
2020.66800 -0.533
2020.67080 0.48
2020.67350 0.972
2020.67620 0.903
2020.67900 0.157
2020.68170 1.122
2020.68440 0.975
2020.68720 0.593
2020.68990 0.836
2020.69260 0.926
2020.69540 -0.361
2020.69810 0.033
2020.70080 0.621
2020.70360 0.521
2020.70630 1.007
2020.70900 1.415
2020.71170 0.976
2020.71450 1.512
2020.71720 0.769
2020.71990 0.787
2020.72270 0.073
2020.72540 -0.48
2020.72810 0.938
2020.73090 0.681
2020.73360 1.046
2020.73630 0.217
2020.73910 0.282
2020.74180 0.868
2020.74450 -0.131
2020.74730 1.246
2020.75270 0.333
2020.75550 1.186
2020.75820 0.251
2020.76090 0.792
2020.76370 0.611
2020.76640 0.449
2020.76910 0.511
2020.77190 0.148
2020.77460 1.091
2020.77730 0.229
2020.78010 0.175
2020.78280 0.751
2020.78550 0.736
2020.78830 1.218
2020.80460 1.112
2020.81560 0.699
2020.81830 0.035
2020.82100 -0.186
2020.82380 0.231
2020.82650 0.14
2020.82920 0.571
2020.83200 0.341
2020.83470 0.52
2020.84020 0.519
2020.84290 0.593
2020.84560 0.132
2020.84840 0.544
2020.85110 0.516
2020.85380 0.521
2020.85660 0.568
2020.85930 0.305
2020.86200 0.327
2020.86480 0.727
2020.87020 0.598
2020.87290 0.227
2020.87570 0.698
2020.87840 0.9
2020.88110 1.149
2020.88390 0.902
2020.88660 0.035
2020.88930 0.171
2020.89210 1.742
2020.89480 1.716
2020.89750 1.348
2020.90030 1.007
2020.90300 0.973
2020.90570 1.541
2020.90850 1.376
2020.91120 1.622
2020.91390 1.203
2020.91670 0.345
2020.91940 0.688
2020.92210 0.871
2020.92490 1.113
2020.92760 0.361
2020.93310 0.81
2020.93850 1.774
2020.94400 1.538
2020.94950 0.936
2020.95220 0.944
2020.95490 0.876
2020.95770 0.856
2020.96040 1.197
2020.96310 0.583
2020.96590 0.875
2020.96860 0.985
2020.97130 1.354
2020.97400 1.516
2020.97680 1.45
2020.97950 1.423
2020.98220 1.339
2020.98500 1.282
2020.98770 1.153
2020.99040 0.738
2020.99590 1.522
2020.99860 1.328
2021.00140 0.786
2021.00410 0.761
2021.00690 0.764
2021.00960 0.639
2021.01230 0.749
2021.01510 1.656
2021.01780 1.574
2021.02060 1.348
2021.02330 1.738
2021.02880 1.756
2021.03150 2.104
2021.03420 1.338
2021.03700 1.489
2021.03970 0.989
2021.04250 1.039
2021.04520 1.48
2021.04790 1.504
2021.05070 1.234
2021.05340 0.898
2021.05620 0.884
2021.05890 0.867
2021.06160 0.835
2021.06440 0.576
2021.06710 0.586
2021.06990 0.95
2021.07260 0.541
2021.07530 0.986
2021.07810 0.976
2021.08080 0.843
2021.08360 1.011
2021.08630 0.649
2021.09180 0.988
2021.09450 0.956
2021.09730 0.742
2021.10000 0.545
2021.10270 0.45
2021.10550 0.8
2021.10820 1.055
2021.11100 1.414
2021.11370 1.315
2021.11640 1.276
2021.11920 0.842
2021.12190 1.312
2021.12470 1.279
2021.12740 1.224
2021.13010 1.075
2021.13290 1.458
2021.13560 1.361
2021.13840 1.859
2021.14110 1.293
2021.14380 0.832
2021.14660 1.062
2021.14930 0.993
2021.15200 1.138
2021.15480 0.808
2021.15750 1.116
2021.16030 0.535
2021.16300 0.72
2021.16570 1.474
2021.16850 1.052
2021.17120 1.304
2021.17400 1.133
2021.17670 1.335
2021.17950 0.949
2021.18220 1.042
2021.18490 0.933
2021.19040 0.614
2021.19320 0.512
2021.19590 0.946
2021.19860 1.256
2021.20140 1.649
2021.20410 1.016
2021.20690 1.21
2021.20960 0.302
2021.21230 0.929
2021.21510 1.136
2021.22060 1.378
2021.22330 1.175
2021.22600 1.633
2021.22880 1.674
2021.23150 1.115
2021.23430 1.342
2021.24250 1.133
2021.24520 0.936
2021.24790 1.313
2021.25070 0.823
2021.26440 0.883
2021.26710 1.009
2021.26990 0.598
2021.27260 0.434
2021.27530 0.5
2021.27810 0.426
2021.28360 1.754
2021.28630 1.106
2021.28900 0.979
2021.29450 1.63
2021.29730 0.824
2021.30270 1.528
2021.30550 1.562
2021.30820 0.644
2021.31100 0.702
2021.31370 1.02
2021.31640 0.519
2021.31920 0.679
2021.32190 1.391
2021.32740 0.543
2021.33010 0.915
2021.33840 1.041
2021.34110 1.326
2021.34380 1.361
2021.34660 1.545
2021.35210 2.144
2021.35480 1.304
2021.36030 2.26
2021.36570 1.746
2021.37400 1.827
2021.37670 1.752
2021.37940 2.018
2021.38220 2.151
2021.38490 1.736
2021.38770 1.352
2021.39320 1.931
2021.39590 1.739
2021.39860 1.616
2021.40140 1.67
2021.40410 1.812
2021.40690 0.798
2021.41230 1.493
2021.42060 2.1
2021.42330 2.033
2021.42600 1.565
2021.43150 1.333
2021.43970 0.524
2021.44520 2.247
2021.45340 1.879
2021.46440 1.479
2021.46710 1.52
2021.46990 0.836
2021.48080 2.593
2021.48630 1.137
2021.48900 1.063
2021.49180 0.087
2021.49450 1.057
2021.50820 0.943
2021.51370 1.834
2021.51640 1.214
2021.51920 1.272
2021.52470 1.352
2021.52740 1.2
2021.53010 -0.278
2021.53560 2.054
2021.53840 0.578
2021.54660 1.278
2021.55210 0.635
2021.55480 0.923
2021.55750 0.908
2021.56030 0.373
2021.56300 1.554
2021.57400 1.35
2021.58220 0.939
2021.58490 0.578
2021.58770 0.716
2021.60410 1.338
2021.60680 0.298
2021.60960 0.091
2021.61230 1.048
2021.61510 1.562
2021.61780 0.987
2021.62060 0.937
2021.62330 -0.406
2021.62600 0.495
2021.63150 0.516
2021.63700 0.266
2021.63970 1.39
2021.64250 1.174
2021.64520 0.905
2021.64800 0.859
2021.65070 0.368
2021.65340 -0.021
2021.65620 0.774
2021.65890 -0.118
2021.66160 0.226
2021.66440 -0.003
2021.66710 0.78
2021.66990 0.663
2021.67260 -0.19
2021.67530 0.14
2021.67810 -0.886
2021.68080 -0.281
2021.68630 1.679
2021.68900 0.789
2021.69450 0.63
2021.69730 0.572
2021.70000 0.761
2021.70270 0.353
2021.70550 0.255
2021.70820 -0.336
2021.71100 0.036
2021.71640 0.548
2021.71920 0.695
2021.72190 0.709
2021.72470 0.696
2021.72740 -0.168
2021.73010 -0.134
2021.73290 -0.611
2021.73560 -0.436
2021.73840 -0.626
2021.74110 0.231
2021.74380 0.221
2021.74660 0.786
2021.74930 0.427
2021.76030 -0.561
2021.76300 0.296
2021.76580 -0.087
2021.76850 0.224
2021.77120 0.24
2021.77670 0.138
2021.78220 -0.10417
2021.79320 1.81583
2021.79590 0.75683
2021.79860 0.77983
2021.80140 0.37383
2021.80410 0.57683
2021.80680 0.85383
2021.80960 0.73883
2021.81230 0.99183
2021.81510 0.91083
2021.81780 1.06683
2021.82330 1.23883
2021.82600 0.77783
2021.83150 1.21683
2021.83430 1.44983
2021.83700 1.78983
2021.83970 1.50783
2021.84250 1.40283
2021.84520 1.07783
2021.84800 0.79783
2021.85070 0.90283
2021.85620 1.77683
2021.85890 2.26483
2021.86160 1.54783
2021.86710 1.82083
2021.87260 1.53383
2021.87530 0.93983
2021.87810 1.41883
2021.88360 1.13683
2021.88630 0.87883
2021.88900 1.68683
2021.89180 1.27383
2021.89450 1.27083
2021.90000 0.48483
2021.90270 0.79383
2021.90550 0.58283
2021.90820 0.39783
2021.91100 0.25383
2021.91370 1.26883
2021.91640 1.33283
2021.91920 1.25183
2021.92190 0.75483
2021.92470 0.79983
2021.92740 0.49683
2021.93010 0.09783
2021.93290 0.35183
2021.93560 0.41983
2021.93840 0.95083
2021.94110 0.49283
2021.94380 0.49183
2021.94660 1.19883
2021.94930 1.10483
2021.95210 1.64083
2021.95480 0.79583
2021.95750 1.16883
2021.96030 1.24983
2021.96300 2.13983
2021.96580 2.20983
2021.96850 2.14483
2021.97120 2.01583
2021.97400 1.75983
2021.97670 1.54683
2021.97950 1.18983
2021.98220 1.66583
2021.98490 1.81983
2021.98770 1.96183
2021.99040 1.92883
2021.99320 1.87783
2021.99590 2.07083
2021.99860 1.05083
2022.00410 1.49983
2022.00690 1.14483
2022.00960 0.99783
2022.01510 1.00383
2022.01780 0.99783
2022.02060 1.07483
2022.02330 0.87583
2022.02600 1.12983
2022.02880 1.29283
2022.03150 1.14883
2022.03420 1.48383
2022.03700 1.18883
2022.03970 0.50683
2022.04250 1.02183
2022.04520 1.14283
2022.04790 0.89383
2022.05070 1.00583
2022.05340 0.85783
2022.05620 0.18483
2022.05890 0.49683
2022.06160 0.50583
2022.06710 1.05483
2022.06990 0.39483
2022.07260 0.72383
2022.07530 0.63883
2022.07810 0.66083
2022.08080 -0.04817
2022.08360 0.89583
2022.08630 0.60683
2022.08900 0.97383
2022.09180 0.79583
2022.09450 0.29283
2022.09730 0.68283
2022.10000 0.65183
2022.10820 1.02083
2022.11100 1.08383
2022.11370 0.50483
2022.11640 0.21683
2022.11920 0.56483
2022.12190 0.80483
2022.12470 0.98083
2022.12740 1.33783
2022.13010 0.55183
2022.13290 0.13483
2022.13560 0.68083
2022.13840 1.37783
2022.14110 1.15583
2022.14380 0.82583
2022.14660 1.20783
2022.14930 1.22883
2022.15480 1.26883
2022.15750 1.86483
2022.16300 1.97283
2022.16570 1.97083
2022.16850 2.08183
2022.17120 2.14783
2022.17400 1.52283
2022.17670 1.30283
2022.17950 1.79883
2022.18220 1.39883
2022.18490 0.79883
2022.18770 1.79983
2022.19040 0.69783
2022.19320 1.49583
2022.19590 1.00083
2022.19860 1.44383
2022.20140 1.45083
2022.20410 0.21383
2022.20960 0.75583
2022.21230 0.71983
2022.21510 0.72683
2022.21780 0.52283
2022.22060 1.05783
2022.22330 1.87983
2022.22600 1.19583
2022.22880 1.92983
2022.23150 2.14683
2022.23430 1.51083
2022.23700 1.83683
2022.23970 1.75483
2022.24250 1.35083
2022.24520 0.68583
2022.24790 1.25483
2022.25070 0.88183
2022.25340 0.89083
2022.25620 1.10683
2022.25890 1.11683
2022.26160 1.33583
2022.26440 1.50283
2022.26710 1.72183
2022.26990 2.19183
2022.27260 2.25283
2022.27810 1.27283
2022.28080 1.14783
2022.28360 1.19083
2022.28630 1.09283
2022.28900 1.72283
2022.29450 1.41083
2022.29730 1.93783
2022.30000 1.85083
2022.30270 2.33783
2022.30550 2.23783
