2014.00140 2.528
2014.00410 2.224
2014.00690 1.931
2014.00960 2.399
2014.01230 2.163
2014.01510 2.031
2014.01780 1.911
2014.02060 2.039
2014.02330 2.161
2014.02600 1.742
2014.02880 1.395
2014.03150 1.414
2014.03420 1.237
2014.03700 1.233
2014.03970 1.354
2014.04250 1.537
2014.04520 1.54
2014.04790 1.683
2014.05070 1.872
2014.05340 1.761
2014.05620 2.114
2014.06160 2.51
2014.06440 1.884
2014.06710 1.953
2014.06990 2.09
2014.07260 1.766
2014.07530 2.212
2014.07810 2.185
2014.08080 2.265
2014.08360 2.073
2014.08630 2.172
2014.08900 2.081
2014.09180 2.541
2014.09450 2.121
2014.09730 1.838
2014.10000 1.437
2014.10270 1.937
2014.10550 1.926
2014.10820 2.065
2014.11100 1.835
2014.11370 1.696
2014.11640 1.469
2014.11920 1.451
2014.12190 1.623
2014.12470 1.624
2014.12740 1.17
2014.13010 1.24
2014.13290 1.21
2014.13560 1.159
2014.13840 1.133
2014.14110 1.233
2014.14380 1.152
2014.14660 1.168
2014.14930 1.192
2014.15200 1.275
2014.15480 1.335
2014.15750 1.129
2014.16030 1.865
2014.16300 1.425
2014.16570 1.235
2014.16850 1.023
2014.17120 1.282
2014.17400 1.537
2014.17670 1.032
2014.17950 1.282
2014.18220 1.195
2014.18490 1.425
2014.18770 1.549
2014.19040 1.359
2014.19320 1.328
2014.19590 1.534
2014.19860 1.803
2014.20140 1.924
2014.20410 1.847
2014.20690 1.432
2014.20960 1.363
2014.21230 1.223
2014.21510 1.43
2014.21780 1.742
2014.22060 1.233
2014.22330 1.94
2014.22600 2.126
2014.22880 1.967
2014.23150 2.089
2014.23430 2.504
2014.23700 1.657
2014.23970 2.051
2014.24250 1.791
2014.24520 1.431
2014.24790 2.026
2014.25070 1.92
2014.25340 1.618
2014.25620 1.595
2014.25890 1.589
2014.26160 1.597
2014.26440 1.689
2014.26710 1.845
2014.26990 1.969
2014.27260 2.028
2014.27530 1.817
2014.27810 1.65
2014.28080 1.688
2014.28360 1.561
2014.28630 2.246
2014.28900 1.975
2014.29180 0.798
2014.29450 0.879
2014.29730 1.288
2014.30000 1.511
2014.30270 1.199
2014.30550 2.154
2014.30820 2.065
2014.31100 1.642
2014.31370 1.998
2014.31640 1.294
2014.31920 1.503
2014.32190 1.62
2014.32470 2.385
2014.32740 2.019
2014.33010 2.134
2014.33290 1.456
2014.33560 1.376
2014.33840 1.839
2014.34110 2.37
2014.34380 1.989
2014.34660 1.991
2014.34930 2.531
2014.35210 2.35
2014.35480 1.516
2014.35750 1.699
2014.36030 2.933
2014.36300 2.316
2014.36570 2.422
2014.36850 2.22
2014.37120 1.941
2014.37400 1.669
2014.37670 1.901
2014.37940 2.396
2014.38220 2.192
2014.38490 1.858
2014.38770 1.785
2014.39040 1.428
2014.39320 1.252
2014.39590 2.029
2014.39860 2.37
2014.40140 2.513
2014.40410 2.157
2014.40690 2.428
2014.40960 1.894
2014.41230 1.82
2014.41510 2.127
2014.41780 1.682
2014.42060 2.307
2014.42330 2.103
2014.42600 2.361
2014.42880 0.858
2014.43430 1.133
2014.43700 2.596
2014.43970 1.731
2014.44250 2.275
2014.44520 1.689
2014.44800 1.715
2014.45070 2.375
2014.45340 2.304
2014.45620 2.612
2014.45890 1.49
2014.46160 1.387
2014.46440 2.11
2014.46710 1.744
2014.46990 2.577
2014.47260 2.032
2014.47530 2.651
2014.47810 2.562
2014.48080 1.78
2014.48360 2.033
2014.48630 2.913
2014.48900 2.928
2014.49180 2.882
2014.49450 1.93
2014.49730 1.724
2014.50000 1.814
2014.50270 2.278
2014.50550 2.935
2014.50820 3.161
2014.51100 2.36
2014.51370 2.484
2014.51640 2.169
2014.51920 2.033
2014.52190 2.298
2014.52470 2.147
2014.52740 2.451
2014.53010 2.085
2014.53290 2.846
2014.53560 2.584
2014.53840 0.261
2014.54110 2.075
2014.54380 1.664
2014.54660 1.784
2014.54930 2.238
2014.55210 2.153
2014.55480 1.615
2014.55750 2.608
2014.56030 1.58
2014.56300 1.833
2014.56580 2.614
2014.56850 1.749
2014.57120 2.214
2014.57400 2.174
2014.57670 0.214
2014.57950 1.917
2014.58220 1.655
2014.58770 2.922
2014.59040 2.577
2014.59310 1.931
2014.59590 0.888
2014.59860 1.637
2014.60140 2.156
2014.60410 2.321
2014.60680 1.47
2014.60960 1.315
2014.61230 1.738
2014.61510 1.919
2014.61780 1.957
2014.62060 1.711
2014.62330 0.254
2014.62600 1.054
2014.62880 0.693
2014.63150 1.694
2014.63430 1.363
2014.63700 1.069
2014.63970 1.182
2014.64250 0.015
2014.64520 1.145
2014.64800 1.641
2014.65070 1.461
2014.65340 1.214
2014.65620 0.835
2014.65890 0.444
2014.66160 1.365
2014.66440 0.746
2014.66710 0.376
2014.66990 0.765
2014.67260 1.029
2014.67530 1.697
2014.67810 1.019
2014.68080 1.46
2014.68360 1.14
2014.68630 0.698
2014.68900 1.198
2014.69180 0.66
2014.69450 0.721
2014.69730 0.926
2014.70000 0.897
2014.70270 0.257
2014.70550 0.839
2014.70820 0.724
2014.71100 0.454
2014.71370 0.182
2014.71640 0.74
2014.71920 0.43
2014.72740 0.483
2014.73010 0.552
2014.73290 0.878
2014.73560 -0.938
2014.73840 0.848
2014.74110 0.961
2014.74380 0.345
2014.74660 0.669
2014.74930 0.281
2014.75210 0.344
2014.75480 0.722
2014.75750 -0.694
2014.76030 0.043
2014.76300 0.23
2014.76580 0.217
2014.76850 0.238
2014.77120 0.1
2014.77400 0.018
2014.77670 -0.323
2014.77950 -0.04
2014.78220 0.57
2014.78490 0.371
2014.78770 0.586
2014.79040 0.572
2014.79320 0.467
2014.79590 0.229
2014.79860 0.121
2014.80140 0
2014.80410 0.172
2014.80680 0.183
2014.80960 0.601
2014.81230 0.806
2014.81510 0.313
2014.81780 0.4
2014.82050 0.379
2014.82330 0.366
2014.82600 0.514
2014.82880 0.025
2014.83150 0.167
2014.83430 0.394
2014.83700 0.649
2014.83970 0.721
2014.84250 0.285
2014.84520 0.437
2014.84800 0.108
2014.85070 0.166
2014.85340 -0.001
2014.85620 0.202
2014.85890 0.464
2014.86160 0.213
2014.86440 0.453
2014.86710 0.602
2014.86990 0.199
2014.87260 -0.022
2014.87530 -0.118
2014.87810 -0.13
2014.88080 0.003
2014.88360 0.153
2014.88630 0.49
2014.88900 0.055
2014.89180 -0.026
2014.89450 -0.385
2014.89730 -0.05
2014.90000 0.305
2014.90270 0.273
2014.90550 0.13
2014.90820 0.143
2014.91100 0.018
2014.91370 -0.224
2014.91640 0.576
2014.91920 0.498
2014.92190 0.423
2014.92470 0.433
2014.92740 0.49
2014.93010 0.14
2014.93290 -0.089
2014.93560 -0.088
2014.93840 -0.503
2014.94110 -0.565
2014.94380 -0.131
2014.94660 0.004
2014.94930 -0.451
2014.95210 -0.653
2014.95480 -0.608
2014.95750 -0.184
2014.96030 -0.039
2014.96300 -0.483
2014.96580 -0.693
2014.96850 -0.237
2014.97120 -0.341
2014.97400 -0.114
2014.97670 -0.577
2014.97950 -0.824
2014.98220 -0.746
2014.98490 -0.761
2014.98770 -0.501
2014.99040 -0.03
2014.99320 0.097
2014.99590 -0.419
2014.99860 -0.453
2015.00140 -0.096
2015.00410 -0.419
2015.00690 0.022
2015.00960 -0.15
2015.01230 -0.076
2015.01510 -0.137
2015.01780 -0.619
2015.02060 -0.419
2015.02330 -0.515
2015.02600 -0.294
2015.02880 -0.545
2015.03150 -0.701
2015.03420 -0.977
2015.03700 -0.64
2015.03970 -0.647
2015.04250 -0.762
2015.04520 -0.234
2015.04790 -0.361
2015.05070 -0.139
2015.05340 -0.638
2015.05620 -0.39
2015.05890 0.063
2015.06160 -0.143
2015.06440 -0.571
2015.06710 -0.395
2015.06990 -0.822
2015.07260 -0.511
2015.07530 -0.704
2015.07810 -0.88
2015.08080 -0.807
2015.08360 -0.797
2015.08630 -1.073
2015.08900 -0.806
2015.09180 -1.247
2015.09450 -0.566
2015.09730 -0.547
2015.10000 -0.69
2015.10270 -0.933
2015.10550 -0.441
2015.10820 -0.335
2015.11100 -0.031
2015.11370 -0.244
2015.11640 -0.133
2015.11920 -0.236
2015.12190 -0.547
2015.12470 -1.135
2015.12740 -0.674
2015.13010 -0.777
2015.13290 -0.553
2015.13560 -0.693
2015.13840 -1.815
2015.14110 -0.984
2015.14380 -0.097
2015.14660 -0.114
2015.14930 -0.343
2015.15200 -0.432
2015.15480 -0.56
2015.15750 -0.87
2015.16030 -0.987
2015.16300 -0.113
2015.16570 -0.522
2015.16850 -0.572
2015.17120 -0.335
2015.17400 -0.473
2015.17670 -0.455
2015.17950 -0.138
2015.18220 -0.816
2015.18490 -0.497
2015.18770 -0.393
2015.19040 -0.115
2015.19320 0.09
2015.19590 -0.573
2015.19860 -0.446
2015.20140 -0.209
2015.20410 0.05
2015.20690 0.012
2015.20960 0.094
2015.21230 0.042
2015.21510 -0.42
2015.21780 -0.339
2015.22060 -0.418
2015.22330 -0.647
2015.22600 -0.82
2015.22880 -0.741
2015.23150 -0.171
2015.23430 -0.339
2015.23700 -0.153
2015.23970 -0.438
2015.24250 0.158
2015.24520 -0.649
2015.24790 0.291
2015.25070 -0.553
2015.25340 0.114
2015.25620 -0.361
2015.25890 -0.944
2015.26160 -0.432
2015.26440 -0.867
2015.26710 -0.384
2015.26990 -1.117
2015.27260 -0.805
2015.27530 -1.422
2015.27810 -1.497
2015.28080 -0.813
2015.28360 0.154
2015.28630 -0.159
2015.28900 -0.45
2015.29180 -0.359
2015.29450 -0.856
2015.29730 -0.688
2015.30000 -0.449
2015.30270 -0.456
2015.30550 -0.443
2015.30820 -0.695
2015.31100 -0.497
2015.31370 -0.498
2015.31640 -0.477
2015.31920 -0.13
2015.32190 -0.965
2015.32470 -0.624
2015.32740 -0.302
2015.33010 -0.665
2015.33290 -1.217
2015.33560 -0.914
2015.33840 -0.524
2015.34110 -1.141
2015.34380 -0.852
2015.34660 -0.924
2015.34930 -1.072
2015.35210 -1.015
2015.35480 -1.307
2015.35750 -0.575
2015.36030 0.308
2015.36300 -0.29
2015.36570 -0.653
2015.36850 -0.847
2015.37120 0.042
2015.37400 -0.58
2015.37670 -0.93
2015.37940 -0.192
2015.38220 -0.561
2015.38490 -0.477
2015.38770 -0.101
2015.39040 -0.379
2015.39320 0.163
2015.39590 0.066
2015.39860 -0.301
2015.40140 0.065
2015.40410 0.46
2015.40690 -0.74
2015.40960 -0.047
2015.41230 -0.505
2015.41510 -0.333
2015.41780 -0.671
2015.42060 0.077
2015.42330 -0.474
2015.42600 -0.599
2015.42880 -0.528
2015.43150 -1.213
2015.43430 0.109
2015.43700 -0.299
2015.43970 -0.526
2015.44250 0.057
2015.44520 0.341
2015.44800 -0.263
2015.45070 -0.283
2015.45340 -0.017
2015.45620 -0.135
2015.45890 0.028
2015.46160 -0.281
2015.46440 -0.351
2015.46710 0.374
2015.46990 0.465
2015.47260 0.562
2015.47530 -0.441
2015.47810 -0.043
2015.48080 0.358
2015.48360 -0.141
2015.48630 -0.506
2015.48900 -0.871
2015.49180 -0.177
2015.49450 -0.069
2015.49730 0.237
2015.50000 0.077
2015.50270 -0.444
2015.50550 -0.596
2015.50820 -0.315
2015.51100 -1.01
2015.51370 0.023
2015.51640 0.178
2015.51920 -0.467
2015.52190 -0.863
2015.52470 -0.279
2015.52740 0.147
2015.53010 -0.538
2015.53290 -0.187
2015.53560 -0.87
2015.53840 -0.652
2015.54110 -0.712
2015.54380 -0.392
2015.54660 0.391
2015.54930 -0.325
2015.55210 -1.491
2015.55480 -0.725
2015.55750 -1.764
2015.56030 -1.39
2015.56300 -0.581
2015.56580 0.039
2015.57120 -0.101
2015.57400 -0.685
2015.57670 -1.507
2015.57950 -1.098
2015.58220 -0.766
2015.58490 -1.252
2015.59040 -1.35
2015.59310 -0.055
2015.59590 -0.733
2015.59860 -1.346
2015.60140 -1.219
2015.60410 -1.07
2015.60680 -1.126
2015.60960 -1.695
2015.61230 -1.334
2015.61510 -0.916
2015.61780 -0.409
2015.62060 -1.401
2015.62330 -2.252
2015.62600 -1.731
2015.62880 -1.105
2015.63150 -1.498
2015.63430 -1.587
2015.63700 -1.041
2015.63970 -1.429
2015.64250 -0.577
2015.64520 -1.173
2015.64800 -1.276
2015.65070 -1.401
2015.65340 -1.394
2015.65620 -1.425
2015.65890 -0.928
2015.66160 -1.435
2015.66440 -1.617
2015.66710 -1.366
2015.66990 -1.275
2015.67530 -1.402
2015.67810 -1.649
2015.68080 -1.262
2015.68360 -1.764
2015.68900 -1.853
2015.69180 -1.777
2015.69450 -1.953
2015.69730 -1.143
2015.70000 -1.086
2015.70270 -1.707
2015.70550 -1.751
2015.70820 -1.838
2015.71100 -1.544
2015.71370 -2.334
2015.71640 -1.602
2015.71920 -1.39
2015.72190 -0.995
2015.72470 -1.536
2015.72740 -0.519
2015.73010 -1.736
2015.73290 -1.58
2015.73560 -1.323
2015.73840 -1.435
2015.74110 -2.462
2015.74380 -1.832
2015.74660 -1.986
2015.74930 -1.264
2015.75210 -1.003
2015.75480 -1.716
2015.75750 -1.565
2015.76300 -1.215
2015.76580 -1.396
2015.76850 -1.421
2015.77120 -1.395
2015.77400 -1.706
2015.77670 -1.398
2015.77950 -1.529
2015.78220 -1.591
2015.78490 -1.135
2015.78770 -1.666
2015.79040 -1.562
2015.79320 -1.99
2015.79590 -1.737
2015.79860 -1.535
2015.80140 -1.365
2015.80410 -1.871
2015.80680 -2.317
2015.80960 -1.975
2015.81230 -2.589
2015.81510 -1.994
2015.81780 -2.24
2015.82330 -2.108
2015.82600 -2.2
2015.82880 -2.005
2015.83150 -2.074
2015.83430 -1.944
2015.83700 -1.704
2015.83970 -1.695
2015.84250 -1.621
2015.84520 -2.136
2015.84800 -2.622
2015.85070 -3.013
2015.85340 -2.437
2015.85620 -2.269
2015.85890 -2.385
2015.86160 -2.283
2015.86440 -2.38
2015.86710 -1.722
2015.86990 -1.38
2015.87260 -1.595
2015.87530 -1.829
2015.87810 -2.29
2015.88080 -1.849
2015.88360 -2.436
2015.88630 -2.553
2015.88900 -2.943
2015.89180 -3.171
2015.89450 -2.585
2015.89730 -2.505
2015.90000 -2.196
2015.90270 -1.576
2015.90550 -2.322
2015.90820 -2.455
2015.91100 -2.174
2015.91370 -1.953
2015.91640 -2.656
2015.91920 -1.799
2015.92190 -1.96
2015.92470 -1.664
2015.92740 -2.41
2015.93010 -2.499
2015.93290 -2.501
2015.93560 -2.919
2015.93840 -2.64
2015.94110 -2.576
2015.94380 -2.546
2015.94660 -2.957
2015.94930 -2.665
2015.95210 -2.84
2015.95480 -2.686
2015.95750 -2.755
2015.96030 -2.665
2015.96300 -2.916
2015.96580 -2.682
2015.96850 -2.44
2015.97120 -2.541
2015.97400 -2.685
2015.97670 -2.833
2015.97950 -2.666
2015.98220 -2.594
2015.98490 -2.99
2015.98770 -2.809
2015.99040 -2.734
2015.99320 -2.816
2015.99590 -2.954
2015.99860 -2.68
2016.00140 -2.459
2016.00410 -2.514
2016.00680 -2.471
2016.00960 -2.57
2016.01230 -2.643
2016.01500 -2.598
2016.01780 -2.57
2016.02050 -2.54
2016.02320 -2.839
2016.02600 -2.964
2016.02870 -3.045
2016.03140 -2.397
2016.03420 -2.228
2016.03690 -2.128
2016.03960 -2.193
2016.04230 -2.391
2016.04510 -2.262
2016.04780 -2.024
2016.05050 -2.542
2016.05330 -2.8
2016.05600 -3.146
2016.05870 -3.312
2016.06150 -2.834
2016.06420 -2.065
2016.06690 -2.392
2016.06970 -2.428
2016.07240 -2.584
2016.07510 -2.999
2016.07790 -3.175
2016.08060 -3.044
2016.08330 -2.859
2016.08610 -2.877
2016.08880 -2.657
2016.09150 -2.817
2016.09430 -3
2016.09700 -2.88
2016.09970 -2.844
2016.10250 -2.671
2016.10520 -2.282
2016.10790 -2.46
2016.11070 -2.618
2016.11340 -2.868
2016.11610 -3.16
2016.11890 -3.41
2016.12160 -2.738
2016.12430 -2.797
2016.12710 -2.842
2016.12980 -2.531
2016.13250 -2.853
2016.13530 -2.885
2016.13800 -2.851
2016.14070 -2.853
2016.14340 -3.263
2016.14620 -3.07
2016.14890 -2.992
2016.15160 -3.121
2016.15440 -3.093
2016.15710 -2.997
2016.15980 -3.205
2016.16260 -2.586
2016.16530 -2.82
2016.16800 -2.397
2016.17080 -2.414
2016.17350 -2.924
2016.17620 -2.893
2016.17900 -2.67
2016.18170 -3.086
2016.18440 -3.532
2016.18720 -3.417
2016.18990 -3.061
2016.19260 -2.925
2016.19540 -3.217
2016.19810 -3.028
2016.20080 -2.492
2016.20360 -2.582
2016.20630 -2.482
2016.20900 -2.21
2016.21170 -2.179
2016.21450 -2.783
2016.21720 -2.937
2016.21990 -2.701
2016.22270 -3.461
2016.22540 -3.347
2016.22810 -3.232
2016.23090 -3.125
2016.23360 -2.738
2016.23630 -2.552
2016.23910 -2.73
2016.24180 -3.092
2016.24450 -2.427
2016.24730 -2.719
2016.25000 -3.361
2016.25270 -3.4
2016.25550 -2.958
2016.25820 -2.927
2016.26090 -2.745
2016.26370 -2.603
2016.26640 -3.489
2016.26910 -2.91
2016.27190 -3.238
2016.27460 -3.272
2016.27730 -2.828
2016.28010 -2.885
2016.28280 -2.674
2016.28550 -2.914
2016.28830 -3.369
2016.29100 -3.707
2016.29370 -2.792
2016.29650 -3.102
2016.29920 -3.782
2016.30190 -3.007
2016.30460 -2.243
2016.30740 -2.813
2016.31010 -3.257
2016.31280 -2.795
2016.31560 -3.396
2016.31830 -2.714
2016.32100 -2.82
2016.32380 -3.184
2016.32650 -2.088
2016.32920 -2.771
2016.33200 -3.015
2016.33470 -3.152
2016.33740 -2.693
2016.34020 -2.327
2016.34290 -3.131
2016.34560 -3.383
2016.34840 -2.902
2016.35110 -2.88
2016.35380 -3.078
2016.35660 -2.574
2016.35930 -2.132
2016.36200 -2.669
2016.36480 -2.766
2016.36750 -3.821
2016.37020 -2.933
2016.37290 -2.525
2016.37570 -2.832
2016.37840 -3.1
2016.38110 -2.611
2016.38390 -3.235
2016.38660 -3.346
2016.38930 -3.18
2016.39210 -2.682
2016.39480 -2.546
2016.39750 -3.026
2016.40030 -2.892
2016.40300 -3.289
2016.40570 -2.813
2016.40850 -2.407
2016.41120 -2.533
2016.41390 -2.734
2016.41670 -3.303
2016.41940 -2.555
2016.42210 -2.969
2016.42490 -2.279
2016.42760 -2.914
2016.43030 -2.764
2016.43310 -3.046
2016.43580 -3.124
2016.43850 -2.485
2016.44130 -2.462
2016.44400 -2.742
2016.44670 -1.627
2016.44950 -2.722
2016.45220 -3.182
2016.45490 -2.407
2016.45770 -2.254
2016.46040 -2.764
2016.46310 -2.466
2016.46590 -2.019
2016.46860 -2.765
2016.47130 -2.656
2016.47400 -1.889
2016.47680 -2.883
2016.47950 -2.693
2016.48220 -2.222
2016.48500 -2.971
2016.48770 -2.509
2016.49040 -2.717
2016.49320 -2.432
2016.49590 -2.601
2016.49860 -3.174
2016.50410 -3.387
2016.50680 -2.451
2016.51230 -2.844
2016.51500 -3.101
2016.52050 -1.863
2016.52320 -2.259
2016.52600 -2.753
2016.52870 -3.201
2016.53140 -2.087
2016.53420 -2.941
2016.53690 -2.779
2016.53960 -2.371
2016.54230 -2.291
2016.54510 -2.266
2016.54780 -2.317
2016.55050 -2.612
2016.55330 -4.347
2016.55600 -3.139
2016.55870 -4.743
2016.56150 -3.308
2016.56420 -4.082
2016.56970 -3.855
2016.57240 -3.047
2016.57510 -3.278
2016.57790 -3.197
2016.58060 -2.071
2016.58330 -3.537
2016.58610 -3.591
2016.58880 -2.56
2016.59150 -3.589
2016.59430 -2.858
2016.59700 -3.494
2016.60520 -3.376
2016.60790 -2.858
2016.61070 -2.982
2016.61340 -3.742
2016.61610 -3.904
2016.61890 -2.873
2016.62160 -3.585
2016.62430 -2.672
2016.62710 -2.435
2016.62980 -2.67
2016.63250 -3.64
2016.63530 -3.467
2016.63800 -3.27
2016.64070 -3.16
2016.64340 -2.981
2016.64620 -3.75
2016.64890 -3.525
2016.65160 -2.741
2016.65440 -3.532
2016.65710 -2.8
2016.65980 -2.669
2016.66260 -2.902
2016.66530 -2.275
2016.66800 -2.607
2016.67080 -3.315
2016.67350 -3.368
2016.67620 -3.761
2016.67900 -3.866
2016.68170 -3.208
2016.68440 -3.564
2016.68720 -3.274
2016.68990 -3.116
2016.69260 -3.473
2016.69540 -4.081
2016.69810 -3.397
2016.70080 -4.164
2016.70360 -3.339
2016.70630 -3.396
2016.70900 -3.565
2016.71170 -3.726
2016.71450 -4.173
2016.71720 -3.209
2016.71990 -3.496
2016.72270 -3.83
2016.72540 -3.438
2016.72810 -3.687
2016.73090 -3.43
2016.73360 -3.533
2016.73630 -4.071
2016.73910 -4.065
2016.74180 -3.85
2016.74450 -3.637
2016.74730 -3.552
2016.75270 -3.549
2016.75550 -3.256
2016.75820 -4.149
2016.76090 -3.781
2016.76370 -3.953
2016.76640 -4.469
2016.76910 -3.244
2016.77190 -3.258
2016.77460 -3.755
2016.77730 -4.149
2016.78010 -4.167
2016.78280 -3.763
2016.78550 -4.475
2016.78830 -4.16
2016.79100 -4.774
2016.79370 -4.117
2016.79650 -3.988
2016.79920 -4.341
2016.80190 -3.918
2016.80460 -4.182
2016.80740 -4.568
2016.81010 -3.771
2016.81280 -4.036
2016.81560 -3.65
2016.81830 -4.102
2016.82100 -4.521
2016.82650 -4.047
2016.82920 -4.293
2016.83200 -4.298
2016.83470 -4.32
2016.83740 -4.154
2016.84020 -4.047
2016.84290 -3.812
2016.84560 -4.251
2016.84840 -4.611
2016.85110 -4.804
2016.85380 -4.496
2016.85660 -4.117
2016.85930 -4.376
2016.86200 -3.961
2016.86480 -4.305
2016.86750 -4.628
2016.87020 -4.313
2016.87290 -4.497
2016.87570 -4.605
2016.87840 -4.344
2016.88110 -4.096
2016.88390 -4.373
2016.88660 -4.798
2016.88930 -5.103
2016.89210 -4.653
2016.89480 -4.632
2016.89750 -4.436
2016.90030 -4.675
2016.90300 -4.7
2016.90570 -4.835
2016.90850 -4.909
2016.91120 -4.961
2016.91390 -4.908
2016.91670 -4.715
2016.91940 -4.647
2016.92210 -4.62
2016.92490 -4.678
2016.92760 -4.781
2016.93030 -4.438
2016.93310 -4.713
2016.93580 -4.423
2016.93850 -4.477
2016.94130 -4.45
2016.94400 -4.73
2016.94670 -4.996
2016.94950 -5.043
2016.95220 -4.616
2016.95490 -4.561
2016.95770 -4.372
2016.96040 -4.595
2016.96310 -4.642
2016.96590 -4.494
2016.96860 -4.823
2016.97130 -4.774
2016.97400 -4.12
2016.97680 -4.28
2016.97950 -4.554
2016.98220 -4.743
2016.98500 -4.977
2016.98770 -4.359
2016.99040 -4.554
2016.99320 -4.337
2016.99590 -4.232
2017.00140 -4.326
2017.00410 -4.358
2017.00690 -4.216
2017.00960 -4.351
2017.01230 -4.384
2017.01510 -4.464
2017.01780 -4.016
2017.02060 -3.871
2017.02330 -4.173
2017.02600 -4.246
2017.02880 -4.308
2017.03150 -4.181
2017.03420 -4.5
2017.03700 -4.634
2017.03970 -4.888
2017.04250 -4.899
2017.04520 -5.012
2017.04790 -5.106
2017.05070 -5.125
2017.05340 -4.695
2017.05620 -5.304
2017.05890 -5.031
2017.06160 -5.19
2017.06440 -5.389
2017.06710 -4.843
2017.06990 -4.749
2017.07260 -4.402
2017.07530 -4.922
2017.07810 -5.135
2017.08080 -4.524
2017.08360 -4.831
2017.08630 -4.715
2017.08900 -4.453
2017.09180 -4.579
2017.09450 -4.382
2017.09730 -4.535
2017.10000 -4.687
2017.10270 -4.813
2017.10550 -5.005
2017.10820 -4.186
2017.11100 -4.566
2017.11370 -4.579
2017.11640 -4.789
2017.11920 -5.007
2017.12190 -4.856
2017.12470 -4.077
2017.12740 -4.664
2017.13010 -4.609
2017.13290 -4.333
2017.13560 -4.723
2017.13840 -4.473
2017.14110 -5.268
2017.14380 -5.119
2017.14660 -4.601
2017.14930 -4.95
2017.15200 -5.112
2017.15480 -4.96
2017.15750 -4.644
2017.16030 -4.947
2017.16300 -4.802
2017.16570 -4.047
2017.16850 -4.692
2017.17120 -4.788
2017.17400 -4.975
2017.17670 -4.707
2017.17950 -4.524
2017.18220 -4.611
2017.18490 -4.487
2017.18770 -4.489
2017.19040 -5.22
2017.19320 -5.153
2017.19590 -4.903
2017.19860 -4.995
2017.20140 -4.989
2017.20410 -5.178
2017.20690 -5.272
2017.20960 -5.391
2017.21230 -5.66
2017.21510 -5.442
2017.21780 -5.121
2017.22060 -5.482
2017.22330 -5.661
2017.22600 -5.859
2017.22880 -5.663
2017.23150 -5.411
2017.23430 -5.134
2017.23700 -5.445
2017.23970 -5.425
2017.24250 -5.029
2017.24520 -5.134
2017.24790 -4.998
2017.25070 -4.979
2017.25340 -5.034
2017.25620 -4.873
2017.25890 -5.144
2017.26160 -4.572
2017.26440 -5.273
2017.26710 -5.387
2017.26990 -5.097
2017.27260 -5.087
2017.27530 -4.898
2017.27810 -4.725
2017.28080 -4.868
2017.28360 -4.439
2017.28630 -5.116
2017.28900 -5.215
2017.29180 -4.308
2017.29450 -4.543
2017.29730 -4.879
2017.30000 -4.836
2017.30270 -4.45
2017.30550 -4.61
2017.30820 -4.609
2017.31100 -4.937
2017.31370 -5.155
2017.31640 -4.962
2017.31920 -4.723
2017.32190 -4.541
2017.32470 -4.724
2017.32740 -4.541
2017.33010 -4.51
2017.33290 -4.567
2017.33560 -5.114
2017.33840 -4.146
2017.34110 -4.791
2017.34380 -4.633
2017.34660 -4.19
2017.34930 -4.066
2017.35210 -4.516
2017.35480 -3.968
2017.35750 -4.481
2017.36030 -4.061
2017.36300 -4.618
2017.36570 -4.813
2017.36850 -4.11
2017.37120 -3.892
2017.37400 -3.931
2017.37670 -4.55
2017.37940 -4.613
2017.38220 -3.916
2017.38490 -4.179
2017.38770 -4.95
2017.39040 -4.052
2017.39320 -3.944
2017.39590 -4.126
2017.39860 -4.205
2017.40140 -4.186
2017.40410 -4.065
2017.40960 -4.15
2017.41230 -4.157
2017.41510 -3.848
2017.41780 -5.079
2017.42060 -4.44
2017.42330 -4.447
2017.42600 -4.327
2017.42880 -4.726
2017.43150 -4.132
2017.43430 -4.208
2017.43700 -3.843
2017.43970 -4.256
2017.44250 -4.734
2017.44520 -4.738
2017.44800 -5.257
2017.45070 -4.188
2017.45340 -4.197
2017.45620 -4.303
2017.45890 -4.43
2017.46160 -4.794
2017.46440 -4.867
2017.46710 -4.295
2017.46990 -4.29
2017.47260 -4.863
2017.47530 -5.024
2017.47810 -4.681
2017.48080 -3.968
2017.48630 -4.393
2017.48900 -4.518
2017.49180 -4.055
2017.49450 -4.342
2017.49730 -4.012
2017.50000 -3.757
2017.50550 -4.584
2017.51100 -4.705
2017.51370 -4.45
2017.51640 -4.833
2017.51920 -4.61
2017.52190 -4.247
2017.52470 -4.663
2017.52740 -4.793
2017.53560 -4.081
2017.53840 -4.875
2017.54380 -4.444
2017.54660 -5.066
2017.54930 -3.443
2017.55210 -4.604
2017.55480 -5.028
2017.55750 -4.999
2017.56030 -5.757
2017.56300 -4.414
2017.56580 -5.042
2017.56850 -5.195
2017.57670 -4.229
2017.57950 -5.169
2017.58220 -4.115
2017.58490 -4.616
2017.58770 -4.351
2017.59040 -4.169
2017.59310 -4.363
2017.59590 -4.738
2017.59860 -4.474
2017.60140 -3.955
2017.60410 -4.135
2017.60680 -4.542
2017.61230 -5.051
2017.61510 -4.731
2017.61780 -5.23
2017.62060 -4.675
2017.62330 -5.268
2017.62880 -5.057
2017.63150 -6.222
2017.63430 -5.302
2017.63700 -5.298
2017.63970 -4.274
2017.64250 -4.968
2017.64520 -4.885
2017.64800 -5.226
2017.65070 -4.904
2017.65340 -5.958
2017.65620 -6.41
2017.65890 -5.487
2017.66160 -5.068
2017.66440 -5.135
2017.66710 -4.935
2017.66990 -5.264
2017.67260 -5.149
2017.67530 -5.345
2017.67810 -5.667
2017.68080 -4.87
2017.68360 -5.062
2017.68630 -5.369
2017.68900 -5.387
2017.69180 -5.319
2017.69450 -5.103
2017.69730 -5.354
2017.70000 -5.432
2017.70270 -5.851
2017.70550 -5.888
2017.70820 -5.513
2017.71100 -5.107
2017.71370 -5.508
2017.71640 -5.46
2017.71920 -5.025
2017.72190 -4.735
2017.72470 -5.102
2017.72740 -5.585
2017.73010 -5.058
2017.73290 -5.313
2017.73560 -5.655
2017.73840 -6.101
2017.74110 -5.038
2017.74380 -5.34
2017.74660 -5.738
2017.74930 -5.837
2017.75210 -6.425
2017.75480 -5.748
2017.75750 -6.112
2017.76030 -6.012
2017.76300 -5.772
2017.76580 -6.371
2017.76850 -6.772
2017.77120 -6.824
2017.77400 -6.939
2017.77670 -6.591
2017.77950 -6.313
2017.78220 -6.029
2017.78490 -6.164
2017.78770 -6.681
2017.79040 -6.488
2017.79320 -6.341
2017.79590 -6.48
2017.79860 -6.25
2017.80140 -5.893
2017.80410 -6.356
2017.80680 -6.335
2017.80960 -6.229
2017.81230 -6.043
2017.81510 -5.751
2017.81780 -5.932
2017.82050 -6.073
2017.82330 -6.451
2017.82600 -5.827
2017.82880 -5.805
2017.83150 -5.909
2017.83430 -5.607
2017.83700 -6.05
2017.83970 -6.045
2017.84250 -5.736
2017.84520 -5.789
2017.84800 -5.884
2017.85070 -5.715
2017.85340 -5.386
2017.85620 -6.001
2017.85890 -5.812
2017.86160 -5.384
2017.86440 -6.067
2017.86710 -5.744
2017.86990 -5.695
2017.87260 -6.112
2017.87530 -6.075
2017.87810 -6.439
2017.88080 -5.994
2017.88360 -6.289
2017.88630 -6.219
2017.88900 -5.997
2017.89180 -6.197
2017.89450 -6.021
2017.89730 -5.97
2017.90000 -6.143
2017.90270 -5.803
2017.90550 -5.543
2017.90820 -6.207
2017.91100 -6.225
2017.91370 -6.43
2017.91640 -6.08
2017.91920 -6.054
2017.92190 -6.303
2017.92470 -5.896
2017.92740 -5.563
2017.93010 -6.068
2017.93290 -6.122
2017.93560 -5.68
2017.93840 -5.651
2017.94110 -6.093
2017.94380 -5.929
2017.94660 -6.192
2017.94930 -6.184
2017.95210 -6.307
2017.95480 -6.628
2017.95750 -5.933
2017.96030 -6.015
2017.96300 -6.37
2017.96580 -5.938
2017.96850 -5.841
2017.97120 -5.44
2017.97400 -5.566
2017.97670 -5.461
2017.97950 -5.582
2017.98220 -5.736
2017.98490 -5.941
2017.98770 -5.8
2017.99040 -5.993
2017.99320 -6.321
2017.99590 -6.068
2017.99860 -6.023
2018.00140 -6.288
2018.00410 -6.553
2018.00690 -6.333
2018.00960 -6.101
2018.01230 -5.884
2018.01510 -6.01
2018.01780 -6.08
2018.02060 -5.736
2018.02330 -5.925
2018.02600 -6.147
2018.02880 -6.165
2018.03150 -6.18
2018.03420 -6.058
2018.03700 -6.231
2018.03970 -5.965
2018.04250 -6.114
2018.04520 -6.482
2018.04790 -6.305
2018.05070 -6.08
2018.05340 -6.441
2018.05620 -6.426
2018.05890 -6.532
2018.06160 -6.328
2018.06440 -6.584
2018.06990 -6.276
2018.07260 -6.559
2018.07530 -6.098
2018.07810 -5.773
2018.08080 -6.336
2018.08360 -6.357
2018.08630 -6.795
2018.08900 -7.002
2018.09180 -6.467
2018.09450 -6.541
2018.09730 -6.438
2018.10000 -6.057
2018.10270 -6.557
2018.10550 -5.961
2018.10820 -6.547
2018.11100 -6.197
2018.11370 -5.928
2018.11640 -6.026
2018.11920 -5.755
2018.12190 -6.455
2018.12470 -5.88
2018.12740 -6.342
2018.13010 -6.242
2018.13290 -6.293
2018.13560 -6.187
2018.13840 -6.087
2018.14110 -5.8
2018.14380 -6.125
2018.14660 -6.615
2018.14930 -6.476
2018.15200 -6.581
2018.15480 -6.644
2018.15750 -6.682
2018.16030 -6.373
2018.16300 -5.927
2018.16570 -6.267
2018.16850 -6.29
2018.17120 -6.585
2018.17400 -6.478
2018.17670 -7.066
2018.17950 -7.088
2018.18220 -6.116
2018.18490 -6.55
2018.18770 -6.623
2018.19040 -6.166
2018.19320 -6.083
2018.19590 -6.503
2018.19860 -6.311
2018.20140 -6.536
2018.20410 -6.177
2018.20690 -7.025
2018.20960 -7.029
2018.21230 -6.807
2018.21510 -7.295
2018.21780 -6.683
2018.22060 -6.045
2018.22330 -6.507
2018.22600 -6.678
2018.22880 -6.383
2018.23150 -6.317
2018.23430 -6.027
2018.23700 -6.327
2018.23970 -6.604
2018.24250 -6.377
2018.24520 -6.444
2018.24790 -5.907
2018.25070 -6.196
2018.25340 -6.647
2018.25620 -9.865
2018.25890 -6.641
2018.26160 -6.572
2018.26440 -5.879
2018.26710 -6.36
2018.26990 -6.18
2018.27260 -6.388
2018.27530 -5.95
2018.27810 -6.488
2018.28080 -6.782
2018.28360 -6.199
2018.28630 -5.868
2018.28900 -5.597
2018.29180 -5.825
2018.29450 -5.469
2018.29730 -5.71
2018.30000 -5.636
2018.30270 -6.308
2018.30550 -6.34
2018.30820 -6.873
2018.31100 -6.152
2018.31370 -6.789
2018.31640 -6.612
2018.31920 -6.26
2018.32190 -6.14
2018.32470 -6.378
2018.32740 -7.074
2018.33010 -6.806
2018.33290 -6.245
2018.33560 -5.864
2018.33840 -5.867
2018.34110 -6.78
2018.34380 -6.051
2018.34660 -6.096
2018.34930 -6.263
2018.35210 -5.676
2018.35480 -6.51
2018.35750 -6.533
2018.36030 -6.175
2018.36300 -5.883
2018.36570 -5.407
2018.36850 -5.019
2018.37120 -5.452
2018.37400 -6.377
2018.37670 -6.108
2018.37940 -6.568
2018.38490 -6.911
2018.38770 -6.616
2018.39040 -5.629
2018.39320 -5.722
2018.39590 -6.141
2018.39860 -6.275
2018.40140 -5.921
2018.40410 -6.037
2018.40690 -6.117
2018.40960 -6.176
2018.41230 -5.996
2018.41510 -6.39
2018.41780 -6.436
2018.42060 -5.835
2018.42330 -6.211
2018.42600 -5.688
2018.42880 -5.78
2018.43150 -6.544
2018.43430 -5.732
2018.43700 -6.434
2018.43970 -6.414
2018.44250 -6.096
2018.44520 -6.111
2018.44800 -5.896
2018.45070 -6.058
2018.45340 -6.324
2018.45620 -5.862
2018.45890 -5.86
2018.46160 -5.955
2018.46440 -6.116
2018.46710 -5.896
2018.46990 -5.984
2018.47260 -6.316
2018.47530 -5.848
2018.48080 -5.571
2018.48360 -5.66
2018.48630 -5.601
2018.48900 -5.589
2018.49180 -5.975
2018.49450 -5.769
2018.49730 -5.092
2018.50270 -5.407
2018.50550 -5.728
2018.50820 -5.663
2018.51100 -5.845
2018.51370 -6.417
2018.51640 -7.309
2018.51920 -6.337
2018.52190 -6.338
2018.53010 -6.685
2018.53560 -7.236
2018.53840 -6.874
2018.54110 -7.063
2018.54380 -5.999
2018.54660 -5.819
2018.54930 -5.786
2018.55210 -6.003
2018.55750 -5.167
2018.56300 -6.106
2018.56580 -7.366
2018.56850 -6.929
2018.57120 -6.651
2018.57400 -6.482
2018.57670 -6.308
2018.57950 -6.054
2018.58220 -4.992
2018.58490 -5.89
2018.58770 -6.559
2018.59040 -6.429
2018.59590 -6.006
2018.59860 -5.84
2018.60140 -7.492
2018.60410 -6.335
2018.60680 -5.868
2018.60960 -6.453
2018.61510 -6.385
2018.62060 -7.143
2018.62600 -6.511
2018.62880 -5.921
2018.63150 -7.259
2018.63430 -7.172
2018.63700 -6.13
2018.63970 -6.615
2018.64250 -7.447
2018.64520 -6.864
2018.64800 -6.849
2018.65070 -6.6
2018.65620 -7.486
2018.65890 -6.809
2018.66160 -6.626
2018.66440 -6.844
2018.66710 -6.558
2018.66990 -7.105
2018.67260 -6.705
2018.67530 -7.1
2018.67810 -6.519
2018.68080 -7.053
2018.68360 -6.742
2018.68630 -6.629
2018.68900 -7.382
2018.69180 -7.272
2018.69450 -6.528
2018.69730 -7.032
2018.70000 -6.723
2018.70270 -7.014
2018.70550 -7.588
2018.70820 -6.677
2018.71100 -7.059
2018.71370 -6.965
2018.71640 -7.216
2018.71920 -7.752
2018.72190 -6.96
2018.72470 -7.007
2018.72740 -6.946
2018.73010 -7.153
2018.73290 -7.459
2018.73560 -7.254
2018.73840 -7.484
2018.74110 -7.123
2018.74380 -6.979
2018.74660 -7.114
2018.74930 -6.55
2018.75210 -7.057
2018.75480 -7.282
2018.75750 -7.651
2018.76030 -7.177
2018.76300 -6.783
2018.76580 -7.428
2018.76850 -7.429
2018.77120 -7.049
2018.77400 -7.094
2018.77670 -7.06
2018.77950 -7.243
2018.78220 -6.912
2018.78490 -6.79
2018.78770 -6.991
2018.79040 -7.644
2018.79320 -7.147
2018.79590 -7.211
2018.79860 -7.617
2018.80140 -7.182
2018.80410 -7.074
2018.80680 -7.195
2018.80960 -6.952
2018.81230 -7.06
2018.81510 -7.482
2018.81780 -7.156
2018.82050 -7.152
2018.82330 -7.453
2018.82600 -7.144
2018.82880 -7.267
2018.83150 -7.172
2018.83430 -7.241
2018.83700 -7.101
2018.83970 -6.953
2018.84250 -7.64
2018.84520 -7.618
2018.84800 -7.451
2018.85070 -7.208
2018.85340 -6.984
2018.85620 -7.212
2018.85890 -7.371
2018.86160 -7.012
2018.86440 -7.021
2018.86710 -7.369
2018.86990 -7.468
2018.87260 -7.799
2018.87530 -7.175
2018.87810 -7.43
2018.88080 -6.861
2018.88360 -7.116
2018.88630 -7.426
2018.88900 -7.499
2018.89180 -7.719
2018.89450 -7.982
2018.89730 -7.561
2018.90000 -7.432
2018.90270 -7.858
2018.90550 -7.72
2018.90820 -7.597
2018.91100 -7.685
2018.91370 -7.704
2018.91640 -7.274
2018.91920 -7.487
2018.92190 -7.427
2018.92470 -7.289
2018.92740 -7.523
2018.93010 -7.672
2018.93290 -7.474
2018.93560 -7.528
2018.93840 -7.714
2018.94110 -7.972
2018.94380 -7.552
2018.94660 -7.354
2018.94930 -7.752
2018.95210 -7.432
2018.95480 -7.241
2018.95750 -7.151
2018.96030 -6.887
2018.96300 -7.104
2018.96580 -7.183
2018.96850 -7.266
2018.97120 -7.434
2018.97400 -7.51
2018.97670 -7.624
2018.97950 -7.278
2018.98220 -7.602
2018.98490 -7.674
2018.98770 -7.707
2018.99040 -8.189
2018.99320 -8.435
2018.99590 -8.384
2018.99860 -8.121
2019.00140 -8.336
2019.00410 -8.109
2019.00690 -8.35
2019.00960 -7.833
2019.01230 -7.974
2019.01510 -7.885
2019.01780 -7.738
2019.02060 -8.059
2019.02330 -7.564
2019.02600 -7.42
2019.02880 -7.497
2019.03150 -7.648
2019.03420 -7.978
2019.03700 -8.097
2019.03970 -7.689
2019.04250 -7.494
2019.04520 -7.527
2019.04790 -7.857
2019.05070 -7.535
2019.05340 -7.305
2019.05620 -6.952
2019.05890 -7.226
2019.06160 -7.654
2019.06440 -7.809
2019.06710 -8.045
2019.06990 -7.569
2019.07260 -7.581
2019.07530 -7.361
2019.07810 -7.38
2019.08080 -7.698
2019.08360 -7.383
2019.08630 -7.205
2019.08900 -7.481
2019.09180 -7.743
2019.09450 -7.064
2019.09730 -7.727
2019.10000 -7.685
2019.10270 -7.901
2019.10550 -7.868
2019.10820 -8.003
2019.11100 -7.85
2019.11370 -8.085
2019.11640 -8.307
2019.11920 -8.172
2019.12190 -8.225
2019.12470 -7.97
2019.12740 -7.732
2019.13010 -7.848
2019.13290 -7.838
2019.13560 -8.192
2019.13840 -8.1
2019.14110 -8.307
2019.14380 -8.179
2019.14660 -8.005
2019.14930 -7.966
2019.15200 -7.68
2019.15480 -8.013
2019.15750 -7.526
2019.16030 -7.613
2019.16300 -7.521
2019.16570 -7.526
2019.16850 -7.487
2019.17120 -7.572
2019.17400 -8.012
2019.17670 -8.033
2019.17950 -7.86
2019.18220 -7.985
2019.18490 -7.944
2019.18770 -8.076
2019.19040 -8.074
2019.19320 -8.172
2019.19590 -8.174
2019.19860 -8.538
2019.20140 -8.018
2019.20410 -7.83
2019.20690 -7.889
2019.20960 -7.402
2019.21230 -7.24
2019.21510 -7.627
2019.21780 -7.922
2019.22060 -7.948
2019.22330 -7.933
2019.22600 -7.275
2019.22880 -7.587
2019.23150 -7.822
2019.23430 -7.619
2019.23700 -7.859
2019.23970 -7.877
2019.24250 -8.01
2019.24520 -7.865
2019.24790 -7.676
2019.25070 -7.979
2019.25340 -7.827
2019.25620 -7.313
2019.25890 -7.253
2019.26160 -7.425
2019.26440 -7.479
2019.26710 -7.705
2019.26990 -7.533
2019.27260 -7.702
2019.27530 -7.606
2019.27810 -7.43
2019.28080 -7.742
2019.28360 -7.645
2019.28630 -7.188
2019.28900 -6.772
2019.29180 -6.855
2019.29450 -7.439
2019.29730 -7.241
2019.30000 -8.097
2019.30270 -7.377
2019.30550 -7.407
2019.30820 -7.275
2019.31100 -7.786
2019.31370 -7.748
2019.31640 -7.647
2019.31920 -8.63
2019.32190 -7.898
2019.32470 -7.551
2019.32740 -7.691
2019.33010 -7.65
2019.33290 -7.37
2019.33560 -7.967
2019.33840 -7.795
2019.34110 -8.007
2019.34380 -7.61
2019.34660 -7.525
2019.34930 -7.577
2019.35210 -6.99
2019.35480 -7.56
2019.35750 -7.389
2019.36030 -7.718
2019.36300 -7.41
2019.36570 -6.77
2019.36850 -7.171
2019.37120 -7.059
2019.37400 -6.912
2019.37670 -7.091
2019.37940 -6.917
2019.38220 -7.26
2019.38490 -6.882
2019.38770 -6.942
2019.39040 -6.779
2019.39320 -7.038
2019.39590 -7.514
2019.39860 -7.739
2019.40140 -7.829
2019.40410 -7.212
2019.40690 -7.334
2019.40960 -7.115
2019.41230 -7.178
2019.41510 -6.827
2019.41780 -6.72
2019.42060 -6.879
2019.42330 -7.96
2019.42600 -7.75
2019.42880 -7.759
2019.43150 -7.662
2019.43430 -6.907
2019.43700 -7.206
2019.43970 -7.243
2019.44250 -6.923
2019.44520 -7.308
2019.44800 -7.207
2019.45070 -8.365
2019.45340 -7.676
2019.45620 -7.367
2019.45890 -7.828
2019.46160 -7.359
2019.46440 -7.708
2019.46710 -7.883
2019.46990 -7.885
2019.47260 -7.37
2019.47530 -7.102
2019.47810 -7.589
2019.48080 -6.942
2019.48360 -6.531
2019.48630 -6.876
2019.48900 -7.444
2019.49180 -7.333
2019.49450 -8.414
2019.49730 -7.01
2019.50000 -7.972
2019.50270 -7.918
2019.50550 -6.695
2019.50820 -7.988
2019.51100 -7.653
2019.51370 -7.296
2019.51640 -7.562
2019.51920 -7.295
2019.52190 -7.617
2019.52470 -7.325
2019.52740 -7.044
2019.53010 -6.901
2019.53290 -7.049
2019.53560 -7.337
2019.53840 -7.142
2019.54380 -7.019
2019.54930 -7.301
2019.55210 -7.141
2019.55480 -6.535
2019.55750 -7.636
2019.56030 -7.047
2019.56300 -7.164
2019.56580 -6.588
2019.56850 -7.6
2019.57400 -7.543
2019.57670 -7.468
2019.57950 -7.652
2019.58770 -7.362
2019.59310 -7.211
2019.59590 -7.119
2019.59860 -7.54
2019.60410 -7.662
2019.60680 -7.298
2019.60960 -8.231
2019.61230 -8.19
2019.61510 -6.906
2019.61780 -7.502
2019.62060 -8.201
2019.62330 -8.154
2019.62600 -7.848
2019.62880 -8.073
2019.63150 -7.465
2019.63430 -8.52
2019.63700 -7.49
2019.63970 -8.079
2019.64250 -8.079
2019.64520 -7.79
2019.64800 -8.006
2019.65070 -7.695
2019.65340 -8.21
2019.65620 -7.961
2019.66160 -8.111
2019.66440 -7.934
2019.66710 -8.362
2019.66990 -8.24
2019.67260 -8.245
2019.67530 -7.954
2019.67810 -7.742
2019.68080 -7.818
2019.68360 -7.494
2019.68630 -7.587
2019.68900 -7.497
2019.69180 -8.621
2019.69450 -8.308
2019.69730 -7.945
2019.70000 -8.919
2019.70270 -7.932
2019.70550 -8.505
2019.70820 -8.201
2019.71100 -8.372
2019.71370 -8.291
2019.71640 -8.413
2019.71920 -8.656
2019.72190 -8.683
2019.72470 -8.288
2019.72740 -8.848
2019.73010 -8.563
2019.73290 -8.869
2019.73560 -9.202
2019.73840 -8.467
2019.74110 -8.298
2019.74380 -8.096
2019.74660 -7.571
2019.74930 -8.212
2019.75210 -7.959
2019.75480 -7.615
2019.75750 -8.803
2019.76030 -8.118
2019.76300 -9.11
2019.76580 -8.133
2019.76850 -7.743
2019.77120 -8.556
2019.77400 -8.019
2019.77670 -8.27
2019.77950 -8.478
2019.78220 -9.335
2019.78490 -8.614
2019.78770 -7.884
2019.79040 -8.158
2019.79320 -7.939
2019.79590 -8.254
2019.79860 -8.014
2019.80140 -7.912
2019.80410 -7.673
2019.80680 -7.92
2019.80960 -8.053
2019.81230 -8.348
2019.81510 -8.146
2019.81780 -7.478
2019.82050 -7.67
2019.82330 -7.257
2019.82600 -7.003
2019.82880 -7.637
2019.83150 -7.587
2019.83430 -7.906
2019.83700 -8.297
2019.83970 -8.163
2019.84250 -8.339
2019.84520 -8.1
2019.84800 -7.814
2019.85070 -8.174
2019.85340 -8.15
2019.85620 -8.097
2019.85890 -7.658
2019.86160 -6.868
2019.86440 -8.127
2019.86710 -7.93
2019.86990 -7.225
2019.87260 -7.848
2019.87530 -7.924
2019.87810 -8.092
2019.88080 -7.769
2019.88360 -7.643
2019.88630 -8.179
2019.88900 -7.741
2019.89180 -7.931
2019.89450 -7.805
2019.89730 -8.476
2019.90000 -7.88
2019.90270 -8.507
2019.90550 -8.544
2019.90820 -8.126
2019.91100 -8.393
2019.91370 -8.101
2019.91640 -8.152
2019.91920 -7.86
2019.92190 -8.218
2019.92470 -8.531
2019.92740 -8.366
2019.93010 -7.953
2019.93290 -8.279
2019.93560 -8.061
2019.93840 -8.037
2019.94110 -8.095
2019.94380 -8.135
2019.94660 -8.337
2019.94930 -8.726
2019.95210 -8.515
2019.95480 -8.53
2019.95750 -8.541
2019.96030 -8.683
2019.96300 -8.151
2019.96580 -8.317
2019.96850 -8.111
2019.97120 -8.371
2019.97400 -8.479
2019.97670 -8.361
2019.97950 -8.142
2019.98220 -8.204
2019.98490 -8.038
2019.98770 -7.785
2019.99040 -8.228
2019.99320 -8.588
2019.99590 -8.866
2019.99860 -8.466
2020.00140 -8.814
2020.00410 -8.632
2020.00680 -8.66
2020.00960 -8.57
2020.01230 -9.055
2020.01500 -9.245
2020.01780 -8.332
2020.02050 -7.768
2020.02320 -8.371
2020.02600 -8.303
2020.02870 -8.376
2020.03140 -7.919
2020.03420 -8.058
2020.03690 -8.193
2020.03960 -8.471
2020.04230 -8.218
2020.04510 -7.754
2020.04780 -7.772
2020.05050 -7.55
2020.05330 -7.347
2020.05600 -7.602
2020.05870 -7.718
2020.06150 -8.15
2020.06420 -8.334
2020.06690 -8.513
2020.06970 -8.301
2020.07240 -8.118
2020.07510 -8.124
2020.07790 -8.151
2020.08060 -7.974
2020.08330 -8.445
2020.08610 -8.79
2020.08880 -8.791
2020.09150 -8.451
2020.09430 -8.851
2020.09700 -9.207
2020.09970 -8.685
2020.10250 -8.637
2020.10520 -9.068
2020.10790 -8.345
2020.11070 -8.405
2020.11340 -8.431
2020.11610 -8.248
2020.11890 -8.481
2020.12160 -9.399
2020.12430 -9.127
2020.12710 -8.636
2020.12980 -8.444
2020.13250 -8.903
2020.13530 -8.863
2020.13800 -9.077
2020.14070 -8.995
2020.14340 -8.676
2020.14620 -8.27
2020.14890 -8.651
2020.15160 -8.381
2020.15440 -8.811
2020.15710 -8.431
2020.15980 -8.693
2020.16260 -9.305
2020.16530 -9.017
2020.16800 -9.099
2020.17080 -9.312
2020.17350 -8.553
2020.17620 -8.048
2020.17900 -8.91
2020.18170 -8.76
2020.18440 -8.337
2020.18720 -8.445
2020.18990 -7.881
2020.19260 -7.841
2020.19540 -8.697
2020.19810 -8.001
2020.20080 -8.027
2020.20360 -8.073
2020.20630 -7.886
2020.20900 -7.881
2020.21170 -7.837
2020.21450 -7.507
2020.21720 -7.603
2020.21990 -7.939
2020.22270 -7.914
2020.22540 -7.959
2020.22810 -7.54
2020.23090 -7.612
2020.23360 -8.351
2020.23630 -8.01
2020.23910 -7.966
2020.24180 -7.882
2020.24450 -7.859
2020.24730 -8.066
2020.25000 -8.222
2020.25270 -7.883
2020.25550 -8.217
2020.25820 -8.187
2020.26090 -8.13
2020.26370 -8.357
2020.26640 -8.43
2020.26910 -8.475
2020.27190 -8.748
2020.27460 -8.935
2020.27730 -8.367
2020.28010 -7.977
2020.28280 -7.932
2020.28550 -7.778
2020.28830 -8.024
2020.29100 -8.46
2020.29370 -8.136
2020.29650 -8.336
2020.29920 -8.572
2020.30190 -8.134
2020.30460 -8.102
2020.30740 -8.261
2020.31010 -7.563
2020.31280 -7.55
2020.31560 -8.273
2020.31830 -7.675
2020.32100 -8.187
2020.32380 -7.514
2020.32650 -7.752
2020.32920 -7.513
2020.33470 -7.202
2020.33740 -7.325
2020.34020 -7.637
2020.34290 -7.35
2020.34560 -6.989
2020.34840 -8.118
2020.35110 -8.199
2020.35380 -7.676
2020.35660 -7.539
2020.35930 -7.278
2020.36200 -7.505
2020.36480 -7.483
2020.36750 -7.862
2020.37020 -7.601
2020.37290 -7.337
2020.37570 -7.689
2020.37840 -7.698
2020.38110 -7.446
2020.38390 -7.805
2020.38660 -8.552
2020.38930 -8.228
2020.39210 -8.117
2020.39480 -7.687
2020.39750 -8.096
2020.40030 -7.351
2020.40300 -7.448
2020.40570 -7.66
2020.40850 -7.508
2020.41120 -7.757
2020.41390 -7.681
2020.41670 -7.548
2020.41940 -7.422
2020.42210 -7.691
2020.42490 -7.466
2020.42760 -8.003
2020.43030 -7.546
2020.43310 -7.25
2020.43580 -7.695
2020.43850 -8.349
2020.44130 -8.031
2020.44400 -7.118
2020.44670 -7.729
2020.44950 -7.354
2020.45220 -7.286
2020.45490 -7.156
2020.45770 -7.523
2020.46040 -7.982
2020.46310 -7.847
2020.46590 -7.497
2020.46860 -7.352
2020.47130 -7.844
2020.47400 -7.756
2020.47680 -7.024
2020.47950 -7.96
2020.48220 -7.371
2020.48500 -7.47
2020.48770 -8.044
2020.49040 -7.476
2020.49320 -7.527
2020.49590 -7.321
2020.49860 -7.291
2020.50140 -7.822
2020.50410 -7.52
2020.50680 -6.945
2020.50960 -7.673
2020.51230 -7.246
2020.51500 -7.031
2020.52050 -7.667
2020.52320 -7.283
2020.52600 -7.832
2020.52870 -7.545
2020.53140 -8.324
2020.53420 -7.368
2020.53690 -7.502
2020.53960 -6.835
2020.54230 -7.424
2020.54510 -7.527
2020.54780 -7.642
2020.55050 -7.289
2020.55330 -7.769
2020.55600 -7.494
2020.55870 -7.825
2020.56150 -7.111
2020.56420 -7.406
2020.56690 -7.952
2020.56970 -7.727
2020.57240 -7.665
2020.57510 -7.367
2020.57790 -7.742
2020.58060 -7.876
2020.58330 -8.585
2020.58610 -8.367
2020.58880 -9.033
2020.59150 -8.377
2020.59430 -8.361
2020.59970 -7.566
2020.60250 -7.288
2020.60520 -8.108
2020.60790 -7.622
2020.61070 -8.88
2020.61340 -7.409
2020.61610 -8.081
2020.61890 -8.166
2020.62160 -8.798
2020.62430 -8.126
2020.62980 -8.12
2020.63250 -9.125
2020.63800 -8.905
2020.64070 -7.786
2020.64340 -7.916
2020.64620 -7.7
2020.64890 -8.856
2020.65160 -9.009
2020.65440 -8.453
2020.66260 -8.924
2020.66530 -8.66
2020.66800 -8.875
2020.67080 -8.664
2020.67350 -7.92
2020.67620 -8.763
2020.67900 -8.308
2020.68170 -7.742
2020.68440 -8.536
2020.68720 -8.699
2020.68990 -8.123
2020.69260 -8.132
2020.69540 -9.018
2020.69810 -8.927
2020.70080 -8.466
2020.70360 -8.652
2020.70630 -8.448
2020.70900 -8.017
2020.71170 -7.679
2020.71450 -7.883
2020.71720 -8.343
2020.71990 -8.553
2020.72270 -8.715
2020.72540 -8.557
2020.72810 -8.871
2020.73090 -8.945
2020.73360 -8.351
2020.73630 -8.664
2020.73910 -8.578
2020.74180 -8.301
2020.74450 -8.586
2020.74730 -7.391
2020.75000 -8.455
2020.75270 -8.507
2020.75550 -8.099
2020.75820 -8.13
2020.76090 -8.435
2020.76370 -8.764
2020.76640 -8.945
2020.77190 -8.847
2020.77460 -7.538
2020.77730 -8.676
2020.78010 -8.437
2020.78280 -8.353
2020.78550 -8.281
2020.78830 -7.744
2020.80190 -7.535
2020.80460 -7.594
2020.81560 -8.138
2020.81830 -8.668
2020.82100 -8.963
2020.82380 -8.406
2020.82650 -8.701
2020.82920 -7.972
2020.83200 -8.226
2020.83470 -8.123
2020.83740 -8.259
2020.84020 -8.115
2020.84290 -7.81
2020.84560 -8.534
2020.84840 -7.938
2020.85110 -8.055
2020.85380 -8.197
2020.85660 -8.245
2020.85930 -8.375
2020.86200 -8.255
2020.86480 -8.411
2020.87020 -8.24
2020.87290 -8.429
2020.87570 -8.097
2020.87840 -7.896
2020.88110 -8.076
2020.88390 -8.281
2020.88660 -7.95
2020.88930 -8.624
2020.89210 -7.502
2020.89480 -7.496
2020.89750 -8.189
2020.90030 -7.99
2020.90300 -8.284
2020.90570 -7.775
2020.90850 -7.978
2020.91120 -7.894
2020.91390 -8.251
2020.91670 -8.917
2020.91940 -8.644
2020.92210 -8.556
2020.92490 -8.357
2020.92760 -8.999
2020.93030 -8.702
2020.93310 -8.748
2020.93580 -8.624
2020.93850 -7.856
2020.94130 -8.184
2020.94400 -8.013
2020.94670 -8.079
2020.94950 -8.462
2020.95220 -8.492
2020.95490 -8.69
2020.95770 -8.649
2020.96040 -8.388
2020.96310 -8.783
2020.96590 -8.617
2020.96860 -8.409
2020.97130 -8.259
2020.97400 -7.961
2020.97680 -8.297
2020.97950 -8.164
2020.98220 -8.461
2020.98500 -8.351
2020.98770 -8.347
2020.99040 -8.764
2020.99320 -8.786
2020.99590 -7.657
2020.99860 -8.544
2021.00140 -8.773
2021.00410 -8.972
2021.00690 -8.869
2021.00960 -9.186
2021.01230 -9.21
2021.01510 -8.63
2021.01780 -8.372
2021.02060 -8.257
2021.02330 -8.237
2021.02880 -8.103
2021.03150 -7.655
2021.03420 -8.469
2021.03700 -8.35
2021.03970 -8.44
2021.04250 -8.54
2021.04520 -8.23
2021.04790 -8.319
2021.05070 -8.719
2021.05340 -9.077
2021.05620 -8.647
2021.05890 -8.876
2021.06160 -9.07
2021.06440 -9.305
2021.06710 -9.346
2021.06990 -8.97
2021.07260 -9.265
2021.07530 -8.98
2021.07810 -8.93
2021.08080 -9.217
2021.08360 -8.93
2021.08630 -8.99
2021.08900 -8.496
2021.09180 -9.077
2021.09450 -9.005
2021.09730 -9.288
2021.10000 -9.368
2021.10270 -9.511
2021.10550 -9.183
2021.10820 -9.032
2021.11100 -8.603
2021.11370 -8.614
2021.11640 -8.68
2021.11920 -8.539
2021.12740 -8.718
2021.13290 -8.427
2021.13560 -8.525
2021.13840 -7.947
2021.14110 -8.826
2021.14380 -9.041
2021.14660 -8.94
2021.14930 -8.98
2021.15200 -8.925
2021.15480 -9.078
2021.15750 -8.97
2021.16030 -8.947
2021.16300 -9.078
2021.16570 -8.732
2021.16850 -9.111
2021.17120 -8.605
2021.17400 -8.888
2021.17670 -8.973
2021.17950 -9.211
2021.18220 -8.989
2021.18490 -9.029
2021.18770 -9.083
2021.19040 -9.481
2021.19320 -9.318
2021.19590 -8.793
2021.19860 -8.517
2021.20140 -8.33
2021.20410 -8.882
2021.20690 -8.651
2021.20960 -9.131
2021.21230 -9.096
2021.21510 -9.144
2021.21780 -8.64
2021.22060 -8.306
2021.22330 -8.581
2021.22600 -8.493
2021.22880 -7.9
2021.23150 -8.672
2021.23430 -8.56
2021.23700 -7.91
2021.23970 -8.211
2021.24250 -8.62
2021.24520 -9.241
2021.24790 -8.801
2021.25070 -9.016
2021.25340 -8.933
2021.25620 -8.528
2021.25890 -8.678
2021.26160 -9.14
2021.26440 -9.07
2021.26710 -8.628
2021.26990 -9.508
2021.27260 -9.154
2021.27530 -9.366
2021.27810 -9.186
2021.28080 -7.96
2021.28360 -8.157
2021.28630 -8.947
2021.28900 -9.048
2021.29180 -8.519
2021.29450 -8.541
2021.29730 -9.115
2021.30000 -8.532
2021.30270 -8.582
2021.30550 -8.56
2021.30820 -9.383
2021.31100 -9.135
2021.31370 -9.095
2021.31640 -9.232
2021.31920 -9.074
2021.32190 -8.735
2021.32470 -8.408
2021.32740 -9.526
2021.33010 -9.196
2021.33840 -9.266
2021.34110 -8.338
2021.34380 -8.672
2021.34660 -8.693
2021.34930 -9.048
2021.35210 -8.282
2021.35480 -8.579
2021.35750 -8.337
2021.36030 -7.993
2021.36300 -8.191
2021.36570 -8.789
2021.36850 -8.651
2021.37120 -8.746
2021.37400 -8.364
2021.37670 -7.786
2021.37940 -7.873
2021.38220 -7.398
2021.38490 -7.967
2021.38770 -8.315
2021.39040 -8.566
2021.39320 -8.169
2021.39590 -8.498
2021.39860 -8.709
2021.40140 -8.436
2021.40410 -8.249
2021.40690 -8.828
2021.40960 -9.199
2021.41230 -8.906
2021.41510 -9.279
2021.41780 -9.242
2021.42880 -7.91
2021.43700 -7.962
2021.44250 -7.966
2021.45070 -8.901
2021.45340 -8.372
2021.45620 -8.882
2021.45890 -8.693
2021.46160 -9.487
2021.46440 -8.754
2021.46710 -8.275
2021.46990 -8.466
2021.47260 -9.267
2021.47530 -8.982
2021.47810 -8.691
2021.48080 -8.346
2021.48360 -9.687
2021.48630 -8.695
2021.48900 -8.722
2021.49180 -8.902
2021.49450 -8.357
2021.49730 -8.019
2021.50550 -10.484
2021.50820 -8.821
2021.51100 -8.98
2021.51370 -8.804
2021.51640 -8.963
2021.51920 -8.384
2021.52190 -9.09
2021.52470 -8.748
2021.52740 -7.994
2021.53010 -9.615
2021.53290 -8.648
2021.53560 -8.504
2021.53840 -8.54
2021.54660 -8.711
2021.54930 -9.784
2021.55210 -8.811
2021.55480 -9.005
2021.55750 -8.13
2021.56030 -8.703
2021.56300 -8.9
2021.56580 -9.114
2021.56850 -9.076
2021.57120 -9.515
2021.57400 -7.608
2021.57950 -8.869
2021.58220 -8.081
2021.58490 -8.181
2021.60410 -9.334
2021.60680 -9.37
2021.61230 -8.356
2021.61510 -7.726
2021.61780 -8.592
2021.62330 -9.1
2021.62600 -9.229
2021.62880 -9.812
2021.63150 -9.265
2021.63700 -8.701
2021.63970 -9.202
2021.64250 -7.895
2021.64520 -9.47
2021.64800 -8.965
2021.65070 -9.225
2021.65340 -8.998
2021.65620 -9.316
2021.65890 -8.782
2021.66160 -9.654
2021.66440 -9.623
2021.66710 -8.468
2021.66990 -8.487
2021.67530 -9.928
2021.67810 -10.223
2021.68080 -9.652
2021.68360 -8.763
2021.68630 -9.135
2021.68900 -8.783
2021.69180 -8.872
2021.69450 -8.436
2021.69730 -8.525
2021.70000 -8.867
2021.70270 -8.809
2021.70550 -9.13
2021.70820 -9.355
2021.71100 -9.672
2021.71370 -10.003
2021.71640 -9.293
2021.71920 -9.563
2021.72190 -9.206
2021.72470 -8.885
2021.72740 -9.691
2021.73010 -9.496
2021.73290 -10.217
2021.73560 -9.775
2021.73840 -9.802
2021.74110 -9.858
2021.74380 -9.162
2021.74660 -9.006
2021.74930 -10.091
2021.75210 -9.019
2021.76030 -10.184
2021.76300 -9.489
2021.76580 -10.045
2021.76850 -9.482
2021.77120 -10.026
2021.77400 -10.149
2021.77670 -9.923
2021.77950 -10.083
2021.78220 -10.0082
2021.78490 -10.8972
2021.79040 -8.9212
2021.79320 -8.4552
2021.79590 -9.4672
2021.79860 -9.6542
2021.80140 -9.8572
2021.80410 -9.7012
2021.80680 -9.5942
2021.80960 -9.6392
2021.81230 -9.3842
2021.81510 -9.3352
2021.81780 -9.5502
2021.82330 -8.9822
2021.82600 -9.6402
2021.82880 -9.5772
2021.83150 -9.2832
2021.83430 -9.2452
2021.83700 -8.8472
2021.83970 -9.4082
2021.84250 -9.3882
2021.84520 -9.4032
2021.84800 -10.0172
2021.85070 -9.8882
2021.85340 -8.9082
2021.85620 -8.5482
2021.85890 -8.1252
2021.86160 -8.9122
2021.86710 -8.6052
2021.86990 -6.64218
2021.87260 -8.8612
2021.87530 -9.3282
2021.87810 -9.2622
2021.88360 -9.3832
2021.88630 -9.7282
2021.88900 -8.9642
2021.89180 -9.1732
2021.89450 -9.0372
2021.89730 -7.35118
2021.90000 -9.9462
2021.90270 -9.6892
2021.90550 -9.5192
2021.90820 -10.0582
2021.91100 -10.0842
2021.91370 -9.0802
2021.91920 -9.2032
2021.92190 -9.4682
2021.92470 -9.7932
2021.92740 -9.7942
2021.93010 -10.1582
2021.93290 -10.1352
2021.93560 -9.9912
2021.93840 -9.4742
2021.94110 -9.6882
2021.94380 -10.0212
2021.94660 -9.0262
2021.94930 -9.1722
2021.95210 -8.5942
2021.95480 -9.4422
2021.95750 -8.7102
2021.96030 -8.9822
2021.96300 -8.2922
2021.96580 -8.1642
2021.96850 -8.0052
2021.97120 -8.3632
2021.97400 -8.5992
2021.97670 -8.7282
2021.97950 -9.0892
2021.98220 -8.6112
2021.98490 -8.4522
2021.98770 -8.3332
2021.99040 -8.3472
2021.99320 -8.5232
2021.99590 -8.1832
2021.99860 -9.4712
2022.00140 -9.0062
2022.00410 -8.7522
2022.00690 -9.2682
2022.00960 -9.3552
2022.01230 -9.3282
2022.01510 -9.3272
2022.01780 -9.2472
2022.02060 -9.2652
2022.02330 -9.4722
2022.02600 -9.1782
2022.02880 -9.0322
2022.03150 -9.0442
2022.03420 -8.8392
2022.03700 -9.0142
2022.03970 -9.5322
2022.04250 -9.3822
2022.04520 -9.2932
2022.04790 -9.2942
2022.05070 -9.4042
2022.05340 -9.4772
2022.05620 -9.9112
2022.05890 -10.2252
2022.06160 -9.9472
2022.06710 -9.4382
2022.06990 -9.8012
2022.07260 -9.4842
2022.07530 -9.4612
2022.07810 -9.5912
2022.08080 -10.2812
2022.08360 -9.7772
2022.08630 -9.6762
2022.08900 -9.2992
2022.09180 -9.2882
2022.09450 -9.7202
2022.09730 -9.3412
2022.10000 -9.6242
2022.10270 -9.5862
2022.10550 -9.6052
2022.10820 -9.3942
2022.11100 -9.2642
2022.11370 -9.6532
2022.11640 -9.7682
2022.11920 -9.4922
2022.12190 -9.2772
2022.12470 -9.1962
2022.12740 -8.9412
2022.13010 -9.6822
2022.13290 -10.0912
2022.13560 -9.7102
2022.13840 -9.0412
2022.14110 -9.1012
2022.14380 -9.5772
2022.14660 -9.1262
2022.14930 -9.0392
2022.15200 -9.7872
2022.15480 -9.2672
2022.15750 -8.5302
2022.16030 -9.5602
2022.16570 -8.5052
2022.16850 -8.2492
2022.17120 -8.5732
2022.17400 -8.7612
2022.17670 -9.0342
2022.17950 -8.8342
2022.18220 -9.2842
2022.18490 -9.7312
2022.18770 -8.6422
2022.19040 -9.7022
2022.19320 -9.0522
2022.19590 -9.7972
2022.19860 -9.3082
2022.20140 -9.0522
2022.20410 -10.1562
2022.20690 -10.0762
2022.20960 -9.0862
2022.21230 -9.8542
2022.21510 -9.5302
2022.21780 -9.9492
2022.22060 -9.6532
2022.22330 -8.5552
2022.22600 -8.9682
2022.22880 -8.8872
2022.23150 -8.5902
2022.23430 -9.2402
2022.23700 -8.8662
2022.23970 -9.2612
2022.24250 -9.3292
2022.24520 -10.0862
2022.25070 -9.4122
2022.25340 -9.6742
2022.25620 -9.4052
2022.25890 -9.1772
2022.26160 -9.4122
2022.26440 -8.9102
2022.26710 -8.7072
2022.26990 -8.3612
2022.27260 -8.4872
2022.27530 -9.1142
2022.27810 -9.4202
2022.28080 -9.2942
2022.28360 -9.3362
2022.28630 -9.1772
2022.28900 -8.7662
2022.29180 -8.8152
2022.29450 -9.1262
2022.29730 -8.4492
2022.30000 -8.5192
2022.30270 -8.2102
2022.30550 -8.3172
