2014.804931640625 -0.0 -0.9197480304901854
2014.837768554688 -2.478570699692 -2.159335279030863
2014.903442382812 -4.507653713226 -4.638200974246658
2014.96923828125 -7.744142055511 -7.12138871770663
2015.03564453125 -11.537741661072 -9.627485774084768
2015.101318359375 -9.104629516602 -12.105869720886261
2015.265625 -21.042505264282 -18.30533582806904
2015.331298828125 -18.534677505493 -20.782310955343682
2015.39697265625 -17.98458480835 -23.25831908056046
2016.021850585938 -47.357070922852 -46.81879739595752
2016.1533203125 -51.926765441895 -51.846997446469594
2016.350463867188 -63.23095703125 -58.96954287823957
2016.416137695312 -59.90246963501 -61.272196481097005
2016.547607421875 -69.099487304688 -65.95990316782887
2016.744750976562 -75.716300964355 -73.46749929532729
2016.777587890625 -75.106407165527 -74.55881680138488
2016.810424804688 -76.37467956543 -75.63538292319062
2016.84326171875 -76.579216003418 -76.59601398396794
2016.876098632812 -76.985420227051 -77.34698160058892
2016.908935546875 -78.419357299805 -78.08106449719014
2016.941772460938 -78.456748962402 -78.83048963940175
2016.974731445312 -78.949844360352 -79.5906846124175
2017.005493164062 -79.932807922363 -80.34690260553396
2017.038330078125 -80.840202331543 -81.1282297537438
2017.071166992188 -81.030265808105 -81.91785909828045
2017.10400390625 -82.1201171875 -82.79799444161769
2017.136840820312 -83.348236083984 -83.72229773575853
2017.169799804688 -84.25895690918 -84.68123434662986
2017.20263671875 -85.369583129883 -85.66985833364747
2017.235473632812 -86.843727111816 -86.68754822246396
2017.268310546875 -87.550331115723 -87.72611640551878
2017.301147460938 -88.917190551758 -88.76991641511755
2017.333984375 -89.465438842773 -89.80609602029
2017.366821289062 -92.686210632324 -90.83088646396862
2017.399780273438 -91.994132995605 -91.83722655860063
2017.4326171875 -95.302505493164 -92.80883099572735
2017.498291015625 -94.263946533203 -94.64607956888061
2017.531127929688 -96.69554901123 -95.5137359430834
2017.56396484375 -97.380531311035 -96.35269565757844
2017.596801757812 -97.758735656738 -97.15329750020975
2017.629760742188 -98.082786560059 -97.90150587716533
2017.66259765625 -99.934677124023 -98.5808814820791
2017.695434570312 -98.973075866699 -99.20584450180131
2017.728271484375 -100.094451904297 -99.79270948332777
2017.761108398438 -100.395248413086 -100.35023563032023
2017.7939453125 -99.859367370605 -100.8882212372728
2017.826782226562 -101.641654968262 -101.4058907871077
2017.859741210938 -103.143608093262 -101.90397164858241
2017.892578125 -101.761573791504 -102.38406398111537
2017.925415039062 -103.261947631836 -102.850337781411
2017.958251953125 -103.084968566895 -103.30518903482682
2017.991088867188 -104.408599853516 -103.75369255957547
2018.024658203125 -104.569976806641 -104.21200135605706
2018.057495117188 -104.704200744629 -104.65981496086631
2018.09033203125 -105.391044616699 -105.11370034081538
2018.123168945312 -105.397521972656 -105.57886731207397
2018.156005859375 -105.585205078125 -106.05594686982492
2018.18896484375 -105.808082580566 -106.55002516707697
2018.221801757812 -104.965759277344 -107.0604311036026
2018.254638671875 -107.591331481934 -107.59085606368998
2018.287475585938 -107.739936828613 -108.14747790916468
2018.3203125 -108.842163085938 -108.7306838309409
2018.353149414062 -108.068778991699 -109.33656286758072
2018.385986328125 -110.521331787109 -109.96299422214085
2018.4189453125 -110.773551940918 -110.60950521361738
2018.451782226562 -110.508628845215 -111.25821490691791
2018.484619140625 -111.792594909668 -111.89390575346013
2018.517456054688 -113.123374938965 -112.50479005381858
2018.55029296875 -113.840141296387 -113.08688496362794
2018.583129882812 -115.46900177002 -113.64009678545658
2018.615966796875 -114.380805969238 -114.16566103344162
2018.64892578125 -113.843589782715 -114.66444309828178
2018.681762695312 -116.667152404785 -115.1357312580271
2018.714599609375 -116.697647094727 -115.58464304798682
2018.747436523438 -116.084060668945 -116.01235256546472
2018.7802734375 -116.514022827148 -116.41687921980217
2018.813110351562 -116.907279968262 -116.79994526386398
2018.845947265625 -116.854721069336 -117.17130729345048
2018.87890625 -116.975708007812 -117.54212033028226
2018.911743164062 -117.711708068848 -117.93004407737281
2018.944580078125 -118.145118713379 -118.30653173216407
2018.977416992188 -118.746459960938 -118.6977590677108
2019.010986328125 -118.992652893066 -119.1443084988797
2019.043823242188 -119.487777709961 -119.58974125518905
2019.109497070312 -120.214347839355 -120.54780580725617
2019.1259765625 -121.019073486328 -120.7876306493704
2019.142333984375 -121.243034362793 -121.03056037805348
2019.175170898438 -121.109245300293 -121.52453070439712
2019.191650390625 -121.928283691406 -121.78171808107501
2019.208129882812 -122.194641113281 -122.04241044992823
2019.224487304688 -122.325531005859 -122.30109609189505
2019.240966796875 -122.463928222656 -122.56018718608317
2019.25732421875 -122.62565612793 -122.80920181467857
2019.273803710938 -123.216934204102 -123.06307879809441
2019.290161132812 -122.958213806152 -123.31239235237607
2019.306640625 -123.412315368652 -123.5373035666237
2019.323120117188 -124.126770019531 -123.7426781586414
2019.339477539062 -124.367958068848 -123.92869894435805
2019.35595703125 -124.654624938965 -124.09489109975864
2019.372314453125 -126.162292480469 -124.2360326901161
2019.388793945312 -124.645629882812 -124.3532628577325
2019.405151367188 -123.821914672852 -124.39622247980647
2019.421630859375 -124.945755004883 -124.47772521550938
2019.438110351562 -125.244163513184 -124.5450439009308
2019.454467773438 -125.037048339844 -124.59888558575769
2019.470947265625 -123.780410766602 -124.64464549695191
2019.4873046875 -125.423225402832 -124.68640390972874
2019.503784179688 -124.046928405762 -124.73424561741747
2019.520141601562 -123.682342529297 -124.76645913688884
2019.53662109375 -124.52367401123 -124.80168049350968
2019.569458007812 -125.148986816406 -124.90747876333995
2019.602294921875 -126.823753356934 -125.08945123652022
2019.618774414062 -124.498100280762 -125.18503651111247
2019.635131835938 -124.991172790527 -125.29201423868847
2019.651611328125 -125.699073791504 -125.43720973505991
2019.668090820312 -123.748748779297 -125.56456462697747
2019.71728515625 -125.984489440918 -125.99115671622236
2019.733764648438 -126.383148193359 -126.13249625935084
2019.750122070312 -125.102272033691 -126.26900815503771
2019.7666015625 -126.609802246094 -126.4005230699302
2019.799438476562 -127.404777526855 -126.62896135890833
2019.832275390625 -127.203826904297 -126.84466689853419
2019.865112304688 -127.394386291504 -127.04713330920183
2019.898071289062 -127.54793548584 -127.23584929567076
2019.930908203125 -127.802993774414 -127.4066817715654
2019.963745117188 -127.716873168945 -127.57091003407668
2019.99658203125 -127.356391906738 -127.73520560030207
2020.030151367188 -127.579292297363 -127.89195278834862
2020.06298828125 -127.563102722168 -128.05112905354088
2020.095825195312 -128.121932983398 -128.2202969597688
2020.128662109375 -128.096481323242 -128.42063319255954
2020.161499023438 -128.077972412109 -128.6561650796254
2020.177978515625 -129.364120483398 -128.80214656340877
2020.1943359375 -128.913497924805 -128.91753535987309
2020.227294921875 -128.945617675781 -129.19336701355806
2020.260131835938 -126.905380249023 -129.46980944221255
2020.29296875 -129.253753662109 -129.7529798826368
2020.325805664062 -131.170806884766 -130.0373493275858
2020.358642578125 -129.933898925781 -130.31976037803898
2020.391479492188 -131.300415039062 -130.60900190583428
2020.42431640625 -132.017578125 -130.90116621811654
2020.457275390625 -129.367889404297 -131.1688723203129
2020.490112304688 -131.087814331055 -131.36061630826947
2020.52294921875 -131.32536315918 -131.46001387189492
2020.555786132812 -132.21647644043 -131.48509529549443
2020.572265625 -132.953430175781 -131.4191303431688
2020.588623046875 -132.605621337891 -131.33963330349005
2020.605102539062 -128.929275512695 -131.35506010669297
2020.621459960938 -132.703140258789 -131.25264401739014
2020.654296875 -134.432037353516 -131.1046921327306
2020.687255859375 -132.823623657227 -130.89216128337804
2020.70361328125 -130.874221801758 -130.79754589705672
2020.720092773438 -131.034622192383 -130.61815743850303
2020.7529296875 -130.467575073242 -130.30029441164154
2020.785766601562 -130.021484375 -129.94146036839098
2020.818603515625 -129.437774658203 -129.55719476840395
2020.851440429688 -128.300231933594 -129.17757712609858
2020.917236328125 -128.316390991211 -128.5850968918011
2020.950073242188 -127.845642089844 -128.49814398539937
2020.98291015625 -127.70622253418 -128.48332140047978
2021.013671875 -126.738830566406 -128.36735549781523
2021.046508789062 -125.813941955566 -128.40009884956646
2021.079345703125 -127.689949035645 -128.61003701068861
2021.1123046875 -127.588813781738 -128.8240201894603
2021.145141601562 -127.238082885742 -129.12219488069962
2021.177978515625 -129.386489868164 -129.49188030563764
2021.210815429688 -129.186859130859 -129.91221522952418
2021.24365234375 -129.997116088867 -130.31809740229596
2021.276489257812 -129.727645874023 -130.8794040585507
2021.309326171875 -131.860824584961 -131.45130762133743
2021.34228515625 -132.781723022461 -131.98478043963172
2021.358642578125 -133.338882446289 -132.18569922986586
2021.391479492188 -134.554916381836 -132.62680674942519
2021.407958984375 -133.748992919922 -132.79967876033925
2021.440795898438 -132.678405761719 -133.16827606280873
2021.4736328125 -134.264526367188 -133.4151392462275
2021.506469726562 -135.170547485352 -133.5118945723137
2021.539306640625 -137.301086425781 -133.49029716145586
2021.572265625 -132.01774597168 -133.26163981053526
2021.605102539062 -134.890380859375 -133.18010831005188
2021.637939453125 -134.466842651367 -133.05603959487215
2021.670776367188 -136.086944580078 -132.88970823455705
2021.736450195312 -135.161727905273 -132.40223204780818
2021.769287109375 -131.823684692383 -132.1614277067798
2021.80224609375 -133.077224731445 -131.856802867932
2021.835083007812 -129.995956420898 -131.54769629586065
2021.867919921875 -131.510055541992 -131.1630004175888
2021.966430664062 -129.932373046875 -129.95492967298554
2022.0 -129.991561889648 -129.53744620047343
2022.065673828125 -129.896087646484 -128.72620670134458
2022.098510742188 -127.085891723633 -128.3372584756094
2022.197143554688 -126.439567565918 -127.25529073346965
2022.22998046875 -126.073104858398 -126.93155228825863
2022.262817382812 -125.124443054199 -126.62617476167885
2022.295654296875 -127.752838134766 -126.33466058255733
2022.328491210938 -126.124618530273 -126.05114370666577
2022.394287109375 -124.323921203613 -125.47032387869659
2022.558471679688 -124.781532287598 -124.00241213212257
2022.591430664062 -118.248725891113 -123.76000788314082
2022.68994140625 -123.46435546875 -123.04675030483338
2022.722778320312 -124.383842468262 -122.79560685984384
2022.821411132812 -121.643615722656 -122.04104386416518
2022.854248046875 -120.221351623535 -121.79950177373127
2022.887084960938 -121.046073913574 -121.57163691884136
2022.919921875 -120.145042419434 -121.32187062630196
2022.952758789062 -120.106079101562 -121.0865617222945
2022.985595703125 -122.684677124023 -120.93642680109835
2023.019165039062 -120.837989807129 -120.81273266561723
2023.052001953125 -120.435729980469 -120.69011053237269
2023.084838867188 -120.582420349121 -120.63691908191193
2023.11767578125 -120.617683410645 -120.58340188182882
2023.150634765625 -120.231170654297 -120.52721471172006
2023.183471679688 -120.328819274902 -120.44709011160163
2023.21630859375 -121.06803894043 -120.33849138058767
2023.249145507812 -122.270370483398 -120.21173465639608
2023.281982421875 -120.383377075195 -120.07682101408216
2023.314819335938 -120.201652526855 -119.93861414647213
2023.34765625 -120.019287109375 -119.79892343397435
2023.380615234375 -119.879859924316 -119.65750573012399
2023.413452148438 -121.745002746582 -119.51493870227182
2023.4462890625 -117.579734802246 -119.36981201369383
2023.57763671875 -117.290771484375 -118.74666448973579
