2014.804931640625 -0.0 -0.9985921176445852
2014.837768554688 -8.020451545715 -1.9749624502564425
2014.903442382812 -8.41215133667 -3.926520007429377
2014.96923828125 -6.607342720032 -5.880486136452899
2015.03564453125 -12.406992912292 -7.8517111364275065
2015.101318359375 3.176857948303 -9.800462633654424
2015.265625 -22.123029708862 -14.673091632414517
2015.331298828125 -8.805006027222 -16.619813521470483
2015.39697265625 6.40934419632 -18.566427010301037
2016.021850585938 -36.822849273682 -38.423286175270505
2016.1533203125 -42.661930084229 -41.34298339579351
2016.350463867188 -44.621746063232 -44.87378696685349
2016.416137695312 -40.015506744385 -45.984172523381105
2016.547607421875 -52.502750396729 -48.415330994405124
2016.744750976562 -62.591060638428 -52.334672474686265
2016.777587890625 -55.560012817383 -52.961563142853116
2016.810424804688 -57.618713378906 -53.503217885809356
2016.84326171875 -55.078060150146 -53.55302559982765
2016.876098632812 -52.77267074585 -53.324916449557875
2016.908935546875 -53.018085479736 -53.11165456535951
2016.941772460938 -51.893936157227 -52.94220090293531
2016.974731445312 -51.293632507324 -52.733112287144856
2017.005493164062 -52.091869354248 -52.59003927853751
2017.038330078125 -52.097763061523 -52.41486996968578
2017.071166992188 -50.346893310547 -52.255210078423715
2017.10400390625 -51.803771972656 -52.25008468496836
2017.136840820312 -51.504730224609 -52.343201512889834
2017.169799804688 -51.827152252197 -52.503984732960674
2017.20263671875 -52.340003967285 -52.74055285679424
2017.235473632812 -52.555732727051 -53.06053295320081
2017.268310546875 -53.652099609375 -53.47043136906059
2017.301147460938 -53.517154693604 -53.96368858940205
2017.333984375 -52.583740234375 -54.52669700691943
2017.366821289062 -53.705486297607 -55.14076784472813
2017.399780273438 -55.855365753174 -55.77784116860153
2017.4326171875 -57.175510406494 -56.41182957235887
2017.498291015625 -55.636577606201 -57.69100601596443
2017.531127929688 -59.208381652832 -58.33579956438512
2017.56396484375 -59.953388214111 -58.98263573577032
2017.596801757812 -60.441143035889 -59.622694978179155
2017.629760742188 -61.195690155029 -60.24157244940593
2017.66259765625 -62.159790039062 -60.81198929539481
2017.695434570312 -60.168659210205 -61.32728319953842
2017.728271484375 -60.284969329834 -61.785355605967425
2017.761108398438 -63.704372406006 -62.19492490710031
2017.7939453125 -63.487087249756 -62.564683066127046
2017.826782226562 -62.985801696777 -62.89756726023387
2017.859741210938 -64.138458251953 -63.19239419674527
2017.892578125 -63.562282562256 -63.45099750814144
2017.925415039062 -63.727046966553 -63.67908787508296
2017.958251953125 -63.867527008057 -63.87277227712535
2017.991088867188 -64.560165405273 -64.02528130392172
2018.024658203125 -64.418869018555 -64.13257884083467
2018.057495117188 -65.062057495117 -64.19540188064678
2018.09033203125 -64.517936706543 -64.24599693361081
2018.123168945312 -64.700927734375 -64.30568046560512
2018.156005859375 -63.625823974609 -64.38847503662566
2018.18896484375 -64.38835144043 -64.51539711918194
2018.221801757812 -65.006385803223 -64.69272557419902
2018.254638671875 -63.814399719238 -64.91882044634731
2018.287475585938 -62.326778411865 -65.19878657841927
2018.3203125 -64.263496398926 -65.55173258121575
2018.353149414062 -62.113521575928 -65.99346985406268
2018.385986328125 -67.633926391602 -66.53042890684
2018.4189453125 -64.542419433594 -67.17763713426369
2018.451782226562 -66.227294921875 -67.92434601383624
2018.484619140625 -68.886123657227 -68.76099959271644
2018.517456054688 -67.709396362305 -69.67797291248246
2018.55029296875 -69.121490478516 -70.66227353610357
2018.583129882812 -70.187705993652 -71.68372086715664
2018.615966796875 -73.871200561523 -72.69841729925794
2018.64892578125 -75.782707214355 -73.68300288550572
2018.681762695312 -78.151298522949 -74.62427665915993
2018.714599609375 -76.647682189941 -75.52065508340283
2018.747436523438 -76.898223876953 -76.36546758639587
2018.7802734375 -78.686012268066 -77.15648713969313
2018.813110351562 -79.355194091797 -77.85073789627916
2018.845947265625 -79.854537963867 -78.51419483368663
2018.87890625 -79.244430541992 -79.01967451996664
2018.911743164062 -79.36848449707 -79.35880500677406
2018.944580078125 -79.585510253906 -79.6627156063479
2018.977416992188 -80.079032897949 -79.93241752089722
2019.010986328125 -79.76163482666 -80.15854087695874
2019.043823242188 -80.131050109863 -80.34482725624075
2019.109497070312 -80.663619995117 -80.76144271727281
2019.1259765625 -80.8818359375 -80.87588341755185
2019.142333984375 -81.904418945312 -80.99775685504832
2019.175170898438 -81.150466918945 -81.25584981266137
2019.191650390625 -81.108451843262 -81.40414396073126
2019.208129882812 -81.125228881836 -81.5622375442815
2019.224487304688 -81.281776428223 -81.71168481449487
2019.240966796875 -82.407783508301 -81.87795851406224
2019.25732421875 -81.353141784668 -82.04401210168419
2019.273803710938 -81.950828552246 -82.20242104209376
2019.290161132812 -81.461334228516 -82.36924858399315
2019.306640625 -82.668312072754 -82.55257777577165
2019.323120117188 -83.108840942383 -82.7438149187699
2019.339477539062 -83.653526306152 -82.94490428648993
2019.35595703125 -83.823616027832 -83.15788219798114
2019.372314453125 -87.165031433105 -83.36517645954325
2019.388793945312 -83.006591796875 -83.55887227962221
2019.405151367188 -82.018196105957 -83.71950194739267
2019.421630859375 -83.16633605957 -83.90514154272928
2019.438110351562 -86.493385314941 -84.08707835845159
2019.454467773438 -83.709411621094 -84.26183078829281
2019.470947265625 -78.531288146973 -84.45274579320689
2019.4873046875 -85.620628356934 -84.68207705333239
2019.503784179688 -85.144821166992 -84.98396204580776
2019.520141601562 -82.32413482666 -85.24466167732973
2019.53662109375 -84.640258789062 -85.5210615337329
2019.569458007812 -87.484970092773 -86.10112042528753
2019.602294921875 -81.574089050293 -86.72182553979427
2019.618774414062 -83.25284576416 -87.03075524708522
2019.635131835938 -88.867294311523 -87.3485452628907
2019.651611328125 -89.500953674316 -87.72020151356688
2019.668090820312 -84.896064758301 -88.07284265324745
2019.71728515625 -89.507194519043 -89.18298514398325
2019.733764648438 -88.75 -89.55340571516048
2019.750122070312 -89.687805175781 -89.91823989290891
2019.7666015625 -90.088912963867 -90.28319343618973
2019.799438476562 -91.091033935547 -90.99143918984754
2019.832275390625 -93.934608459473 -91.6739586018305
2019.865112304688 -92.356468200684 -92.32175760973479
2019.898071289062 -92.724098205566 -92.92753413294788
2019.930908203125 -94.071678161621 -93.47861672184945
2019.963745117188 -94.551605224609 -93.93989434995687
2019.99658203125 -95.075691223145 -94.36097174640095
2020.030151367188 -95.70238494873 -94.83636026337359
2020.06298828125 -95.052261352539 -95.14130430586661
2020.095825195312 -95.30199432373 -95.43470281038908
2020.128662109375 -95.959350585938 -95.714018240406
2020.161499023438 -96.595626831055 -95.99965475195032
2020.177978515625 -96.194198608398 -96.16869379329353
2020.1943359375 -96.557319641113 -96.30664472842604
2020.227294921875 -95.791923522949 -96.66952313429456
2020.260131835938 -93.369163513184 -97.11055727328696
2020.29296875 -96.868492126465 -97.56390165587409
2020.325805664062 -95.435729980469 -98.08687654051735
2020.358642578125 -99.11058807373 -98.77432140641785
2020.391479492188 -98.26114654541 -99.50090063905499
2020.42431640625 -98.979316711426 -100.28273695422313
2020.457275390625 -99.898666381836 -101.19761916091042
2020.490112304688 -103.373580932617 -102.23732845959924
2020.52294921875 -103.812065124512 -103.31046515530868
2020.555786132812 -104.049362182617 -104.36427928153469
2020.572265625 -103.820709228516 -104.84059749151196
2020.588623046875 -107.564544677734 -105.28248058901184
2020.605102539062 -106.408294677734 -105.79853814965719
2020.621459960938 -106.02237701416 -106.19897526175382
2020.654296875 -110.464424133301 -107.01881522777812
2020.687255859375 -111.279266357422 -107.71343122293503
2020.70361328125 -108.844543457031 -108.07559986847627
2020.720092773438 -108.981575012207 -108.24700193056317
2020.7529296875 -109.304893493652 -108.66742790533362
2020.785766601562 -110.421096801758 -109.01906011667961
2020.818603515625 -109.995567321777 -109.3276181033963
2020.851440429688 -110.144790649414 -109.58161424649668
2020.917236328125 -109.161018371582 -109.86653369850964
2020.950073242188 -109.656517028809 -109.9474354840842
2020.98291015625 -110.039909362793 -110.07044150346616
2021.013671875 -110.053749084473 -110.19927743697302
2021.046508789062 -110.309257507324 -110.49239403706557
2021.079345703125 -110.289459228516 -111.0552564641206
2021.1123046875 -109.335037231445 -111.67084165367802
2021.145141601562 -110.962516784668 -112.41736150895277
2021.177978515625 -110.580993652344 -113.27719558780203
2021.210815429688 -111.210968017578 -114.20662640860131
2021.24365234375 -111.538154602051 -115.00231525619432
2021.276489257812 -114.291130065918 -116.07362346975869
2021.309326171875 -118.979858398438 -117.2176911147167
2021.34228515625 -116.500091552734 -118.42612160290268
2021.358642578125 -121.275825500488 -119.0028802281468
2021.391479492188 -126.427352905273 -120.1964774848349
2021.407958984375 -120.458740234375 -120.74761615044416
2021.440795898438 -124.470375061035 -121.88257099760631
2021.4736328125 -124.697639465332 -122.89381406384021
2021.506469726562 -133.222854614258 -123.70698547710711
2021.539306640625 -130.972351074219 -124.35441108450817
2021.572265625 -124.392715454102 -124.73728064268015
2021.605102539062 -130.026412963867 -125.33934888964941
2021.637939453125 -127.59814453125 -125.87703504324924
2021.670776367188 -131.701477050781 -126.32485009167044
2021.736450195312 -129.480026245117 -126.7542595392283
2021.769287109375 -123.870452880859 -126.9293730646666
2021.80224609375 -126.933120727539 -126.97209503879624
2021.835083007812 -127.809104919434 -127.02421302062238
2021.867919921875 -129.630432128906 -126.97876405307622
2021.966430664062 -126.761077880859 -126.76400390786648
2022.0 -123.692024230957 -126.66566586938902
2022.065673828125 -126.774627685547 -126.46962181555591
2022.098510742188 -125.530143737793 -126.41067542687257
2022.197143554688 -126.912727355957 -126.36544083261798
2022.22998046875 -125.365745544434 -126.38448278786112
2022.262817382812 -124.498275756836 -126.43630691289634
2022.295654296875 -123.456893920898 -126.54221108732925
2022.328491210938 -130.053939819336 -126.70988402663451
2022.394287109375 -124.033126831055 -127.12729460906226
2022.558471679688 -128.144866943359 -127.90532311089142
2022.591430664062 -144.363494873047 -128.08750592769144
2022.68994140625 -124.532211303711 -128.75574498319108
2022.722778320312 -134.182434082031 -128.960295808163
2022.821411132812 -131.389038085938 -129.41642258177544
2022.854248046875 -126.187759399414 -129.5401650993775
2022.887084960938 -129.571640014648 -129.65616511582232
2022.919921875 -128.694686889648 -129.7848120918064
2022.952758789062 -129.961685180664 -129.90427737327067
2022.985595703125 -130.337646484375 -130.04803624253407
2023.019165039062 -129.940704345703 -130.22189209265508
2023.052001953125 -129.787353515625 -130.38386942580172
2023.084838867188 -129.726028442383 -130.57317066150955
2023.11767578125 -129.905990600586 -130.7637035567276
2023.150634765625 -131.818664550781 -130.9489913184903
2023.183471679688 -131.235626220703 -131.14059230412855
2023.21630859375 -131.720855712891 -131.35920093497725
2023.249145507812 -133.293884277344 -131.59750435670458
2023.281982421875 -131.599639892578 -131.84418289325836
2023.314819335938 -132.857162475586 -132.09276706836766
2023.34765625 -131.435043334961 -132.34022772246146
2023.380615234375 -130.623687744141 -132.58591089471904
2023.413452148438 -140.373229980469 -132.82773412669022
2023.4462890625 -124.752159118652 -133.06741649473787
2023.57763671875 -134.737030029297 -134.0229394497648
