2014.804931640625 0.0 5.969129506947209
2014.837768554688 3.893150091171 4.655658166405279
2014.903442382812 1.28842997551 2.0277626735022958
2014.96923828125 -0.532516717911 -0.6060648063814235
2015.03564453125 -2.934245824814 -3.264923096325944
2015.101318359375 -4.336311340332 -5.894499482240373
2015.265625 -2.585550546646 -12.470693251445145
2015.331298828125 -7.939277648926 -15.097513378425605
2015.39697265625 -12.036905288696 -17.723025641057166
2016.021850585938 -42.834701538086 -43.17270627394686
2016.1533203125 -48.372848510742 -48.197141596598165
2016.350463867188 -57.415100097656 -55.770389530052114
2016.416137695312 -75.209060668945 -58.35746234920309
2016.547607421875 -61.656517028809 -63.490055905864025
2016.744750976562 -68.950813293457 -70.85208036139993
2016.777587890625 -71.5595703125 -72.10511564871767
2016.810424804688 -66.850677490234 -73.43054393742906
2016.84326171875 -73.490921020508 -74.98715366603626
2016.876098632812 -76.271865844727 -76.67247098391817
2016.908935546875 -78.070053100586 -78.33846486517169
2016.941772460938 -80.6455078125 -79.97771357088558
2016.974731445312 -82.712677001953 -81.63728256586747
2017.005493164062 -84.084571838379 -83.06192009027474
2017.038330078125 -85.349906921387 -84.64470444464604
2017.071166992188 -88.104347229004 -86.19646514073251
2017.10400390625 -88.255958557129 -87.45108004516791
2017.136840820312 -90.157836914062 -88.54131787487702
2017.169799804688 -93.297225952148 -89.54186994535446
2017.20263671875 -92.446907043457 -90.39676037187353
2017.235473632812 -93.529495239258 -91.08966572245726
2017.268310546875 -92.942329406738 -91.62130718472282
2017.301147460938 -94.26301574707 -92.01261991465763
2017.333984375 -91.660369873047 -92.27699895036746
2017.366821289062 -94.542686462402 -92.41960533017486
2017.399780273438 -94.326271057129 -92.490976432026
2017.4326171875 -91.235771179199 -92.59737052258734
2017.498291015625 -91.716674804688 -93.1853715586155
2017.531127929688 -90.83553314209 -93.64736836932542
2017.56396484375 -91.685615539551 -94.18024159121406
2017.596801757812 -91.548477172852 -94.77914938645168
2017.629760742188 -89.712127685547 -95.46419170407218
2017.66259765625 -92.6298828125 -96.2691456747544
2017.695434570312 -95.055839538574 -97.22539302428791
2017.728271484375 -97.4248046875 -98.37633251281845
2017.761108398438 -99.39868927002 -99.71604687900602
2017.7939453125 -100.22566986084 -101.1945909380919
2017.826782226562 -102.961845397949 -102.76021610075838
2017.859741210938 -103.99617767334 -104.39422427640307
2017.892578125 -106.457427978516 -106.02676203437032
2017.925415039062 -108.861213684082 -107.61221939324133
2017.958251953125 -109.689811706543 -109.12641596115604
2017.991088867188 -112.014793395996 -110.55739851047474
2018.024658203125 -113.80640411377 -111.92383834433396
2018.057495117188 -114.518135070801 -113.15610634808846
2018.09033203125 -115.119407653809 -114.27968341439126
2018.123168945312 -116.285972595215 -115.28810296166493
2018.156005859375 -117.256355285645 -116.18056683957816
2018.18896484375 -118.496696472168 -116.97380806003278
2018.221801757812 -118.351768493652 -117.68013235355728
2018.254638671875 -119.794784545898 -118.33371507145853
2018.287475585938 -118.824424743652 -118.95425206753677
2018.3203125 -119.782249450684 -119.55071618816893
2018.353149414062 -118.700141906738 -120.13357666787242
2018.385986328125 -120.24870300293 -120.7129476815288
2018.4189453125 -119.214866638184 -121.3035366079625
2018.451782226562 -120.608856201172 -121.94398251504172
2018.484619140625 -123.451110839844 -122.68853000542035
2018.517456054688 -122.430023193359 -123.56440206750736
2018.55029296875 -126.430526733398 -124.56634438286395
2018.583129882812 -124.033622741699 -125.67873746271799
2018.615966796875 -124.501602172852 -126.88320907373947
2018.64892578125 -125.52872467041 -128.1767780286073
2018.681762695312 -127.820014953613 -129.54444714802
2018.714599609375 -122.710243225098 -130.98513420475854
2018.747436523438 -131.961517333984 -132.50001404766508
2018.7802734375 -133.687210083008 -134.07671907755866
2018.813110351562 -134.906814575195 -135.74897088676846
2018.845947265625 -137.317337036133 -137.47986648861965
2018.87890625 -138.828063964844 -139.3482353650264
2018.911743164062 -140.706909179688 -141.2477673560079
2018.944580078125 -143.431243896484 -143.13119472479323
2018.977416992188 -145.943862915039 -144.9796518657337
2019.010986328125 -147.347366333008 -146.76512276353947
2019.043823242188 -149.689208984375 -148.54295928123497
2019.109497070312 -152.745010375977 -151.75457801448576
2019.1259765625 -153.393569946289 -152.571622375915
2019.142333984375 -154.329620361328 -153.2087235588098
2019.175170898438 -155.644027709961 -154.42204114523696
2019.191650390625 -155.89518737793 -154.84775460674345
2019.208129882812 -156.067337036133 -155.16496532917446
2019.224487304688 -156.059280395508 -155.48451284966663
2019.240966796875 -155.887832641602 -155.59567599614235
2019.25732421875 -157.039093017578 -155.63293160855557
2019.273803710938 -156.984634399414 -155.73335285961872
2019.290161132812 -156.73078918457 -155.76511838951598
2019.306640625 -155.882186889648 -155.6106964168657
2019.323120117188 -155.839736938477 -155.4082692103826
2019.339477539062 -156.171783447266 -155.17106431976794
2019.35595703125 -154.964492797852 -154.88958972355647
2019.372314453125 -153.648864746094 -154.5749146048102
2019.388793945312 -154.65592956543 -154.251052181028
2019.405151367188 -153.439346313477 -154.02271816608234
2019.421630859375 -153.976699829102 -153.81303758728927
2019.438110351562 -152.801818847656 -153.66474371704066
2019.454467773438 -153.687072753906 -153.59474461045968
2019.470947265625 -150.657379150391 -153.58488930170083
2019.4873046875 -151.179321289062 -153.59651146990856
2019.503784179688 -148.291091918945 -153.6682365348013
2019.520141601562 -152.116912841797 -153.66656403789804
2019.53662109375 -155.951934814453 -153.68937216339447
2019.569458007812 -155.934997558594 -153.83616342909943
2019.602294921875 -152.509689331055 -154.1319494955011
2019.618774414062 -156.194198608398 -154.28439413504591
2019.635131835938 -154.480667114258 -154.44795215744844
2019.651611328125 -152.840072631836 -154.58823402793234
2019.668090820312 -154.240478515625 -154.73150941272164
2019.71728515625 -155.851867675781 -155.00417450148538
2019.733764648438 -154.901947021484 -155.0695313156894
2019.750122070312 -157.503799438477 -155.1133064863897
2019.7666015625 -155.405731201172 -155.17108855345955
2019.799438476562 -155.032943725586 -155.28084724243683
2019.832275390625 -156.127059936523 -155.411773401372
2019.865112304688 -154.688705444336 -155.5519912371066
2019.898071289062 -155.27619934082 -155.6856427906095
2019.930908203125 -155.437301635742 -155.80753772045992
2019.963745117188 -155.783279418945 -155.92801099043723
2019.99658203125 -155.904418945312 -156.02036762464328
2020.030151367188 -156.097702026367 -156.1014378963408
2020.06298828125 -156.69157409668 -156.13127169454188
2020.095825195312 -156.635726928711 -156.12539779156833
2020.128662109375 -157.018005371094 -156.0464058026088
2020.161499023438 -157.045227050781 -155.87879407624757
2020.177978515625 -156.864151000977 -155.68305145590568
2020.1943359375 -156.601318359375 -155.6112234046713
2020.227294921875 -155.8271484375 -155.23256819059864
2020.260131835938 -156.123565673828 -154.76676615028296
2020.29296875 -154.438949584961 -154.27203291647962
2020.325805664062 -154.538436889648 -153.72776559033267
2020.358642578125 -152.61018371582 -153.26398698033242
2020.391479492188 -152.098327636719 -152.84042865322013
2020.42431640625 -150.30256652832 -152.41865230868672
2020.457275390625 -148.120025634766 -152.0534631956664
2020.490112304688 -149.078536987305 -151.78563763247314
2020.52294921875 -151.653350830078 -151.6170732625641
2020.555786132812 -151.552734375 -151.57105422102697
2020.572265625 -150.677490234375 -151.67713631564217
2020.588623046875 -150.462295532227 -151.79317629311288
2020.605102539062 -151.707565307617 -151.8081911758016
2020.621459960938 -154.112182617188 -151.9569378844862
2020.654296875 -148.359741210938 -152.22118010485426
2020.687255859375 -153.220779418945 -152.52499920150288
2020.70361328125 -152.915557861328 -152.68975232437109
2020.720092773438 -152.044952392578 -152.7922200992328
2020.7529296875 -153.533660888672 -152.9866228577181
2020.785766601562 -154.395614624023 -153.10888771873127
2020.818603515625 -153.588958740234 -153.1700970341511
2020.851440429688 -154.175094604492 -153.17653862579982
2020.917236328125 -154.321975708008 -152.97874421626653
2020.950073242188 -153.692749023438 -152.71386567249175
2020.98291015625 -152.826705932617 -152.36524674041718
2021.013671875 -152.701263427734 -152.10613892719766
2021.046508789062 -152.097122192383 -151.64025738811895
2021.079345703125 -151.329132080078 -151.0270536308473
2021.1123046875 -150.808227539062 -150.39490226426247
2021.145141601562 -151.175827026367 -149.70253319434468
2021.177978515625 -149.1103515625 -148.96327817265094
2021.210815429688 -149.897674560547 -148.20629156073332
2021.24365234375 -145.954666137695 -147.4357772791499
2021.276489257812 -144.377151489258 -146.68996081294495
2021.309326171875 -147.446151733398 -146.1219729957777
2021.34228515625 -144.890197753906 -145.78295964762864
2021.358642578125 -145.156478881836 -145.79247347373348
2021.391479492188 -141.495529174805 -145.5522513317412
2021.407958984375 -140.332641601562 -145.5348743043945
2021.440795898438 -139.974182128906 -145.32659777872146
2021.4736328125 -138.871185302734 -145.19571518021058
2021.506469726562 -148.843399047852 -145.15677464467916
2021.539306640625 -141.546493530273 -145.19798922740722
2021.572265625 -145.138259887695 -145.4291544275046
2021.605102539062 -145.492080688477 -145.5384388811239
2021.637939453125 -143.961822509766 -145.6881348765333
2021.670776367188 -146.740051269531 -145.90226576848008
2021.736450195312 -145.314559936523 -146.52615590207336
2021.769287109375 -147.885437011719 -146.8438747424982
2021.80224609375 -147.487838745117 -147.14755573494304
2021.835083007812 -148.928695678711 -147.45129903052904
2021.867919921875 -147.273284912109 -147.7443249316215
2021.966430664062 -148.938491821289 -148.55263314034656
2022.0 -148.889739990234 -148.78329141186433
2022.065673828125 -149.227233886719 -149.26809053051133
2022.098510742188 -149.198669433594 -149.4151603808253
2022.197143554688 -150.454254150391 -149.57005580115845
2022.22998046875 -151.392288208008 -149.54226529126
2022.262817382812 -151.854248046875 -149.48020334893903
2022.295654296875 -149.904174804688 -149.3873064747984
2022.328491210938 -149.7587890625 -149.2569619261329
2022.394287109375 -151.910537719727 -148.90619155919975
2022.558471679688 -147.323638916016 -147.82578741137633
2022.591430664062 -148.891128540039 -147.5592252754812
2022.68994140625 -145.819671630859 -146.5977113658666
2022.722778320312 -145.792739868164 -146.26156528816296
2022.821411132812 -144.865112304688 -145.33355039301523
2022.854248046875 -145.022094726562 -145.0788409952696
2022.887084960938 -144.407867431641 -144.84865179064343
2022.919921875 -144.367202758789 -144.59543207055788
2022.952758789062 -143.820739746094 -144.35826923438233
2022.985595703125 -143.656585693359 -144.21032992437702
2023.019165039062 -144.305038452148 -144.10205952254853
2023.052001953125 -143.649765014648 -143.9838719151391
2023.084838867188 -143.706985473633 -143.9433529396809
2023.11767578125 -144.159362792969 -143.96506583979783
2023.150634765625 -143.298812866211 -143.95863393588243
2023.183471679688 -143.912475585938 -143.98088062317953
2023.21630859375 -143.398345947266 -143.99985764605483
2023.249145507812 -141.57536315918 -144.01839065146012
2023.281982421875 -144.121612548828 -144.03848655265037
2023.314819335938 -145.333114624023 -144.06192792565682
2023.34765625 -144.097915649414 -144.0897591113669
2023.380615234375 -144.690979003906 -144.12224243670465
2023.413452148438 -145.593338012695 -144.15890883045427
2023.4462890625 -142.8310546875 -144.19914850926898
2023.57763671875 -152.393356323242 -144.37849198679464
