2014.804931640625 -0.0 1.6537750318051543
2014.837768554688 -0.26611700654 0.8229205768421306
2014.903442382812 2.271192550659 -0.8378138517983114
2014.96923828125 -2.308343648911 -2.499794465711562
2015.03564453125 0.769160866737 -4.174998379368918
2015.101318359375 -5.142286777496 -5.829428646959103
2015.265625 2.80878663063 -9.959553805541207
2015.331298828125 -12.75318813324 -11.608310017656956
2015.39697265625 -24.226459503174 -13.257309401907234
2016.021850585938 -20.498628616333 -29.364811212356873
2016.1533203125 -42.294803619385 -32.26245201648893
2016.350463867188 -44.850986480713 -36.27631377539781
2016.416137695312 -48.647914886475 -38.182862197383905
2016.547607421875 -41.279201507568 -41.96280590522953
2016.744750976562 -38.948417663574 -47.54119785177481
2016.777587890625 -49.270469665527 -48.43562736889463
2016.810424804688 -48.892810821533 -49.332072489545055
2016.84326171875 -50.060710906982 -50.22862982135675
2016.876098632812 -51.360694885254 -51.09503620526303
2016.908935546875 -52.463592529297 -51.93581910519826
2016.941772460938 -53.015148162842 -52.7726646917055
2016.974731445312 -53.395275115967 -53.56915751525235
2017.005493164062 -54.661148071289 -54.3014325360957
2017.038330078125 -55.746788024902 -55.0859363425166
2017.071166992188 -55.460247039795 -55.87292825973507
2017.10400390625 -55.931175231934 -56.671874273847656
2017.136840820312 -57.405372619629 -57.485437235995825
2017.169799804688 -58.334831237793 -58.30748969541673
2017.20263671875 -59.083206176758 -59.12810045712765
2017.235473632812 -60.107219696045 -59.943032039506036
2017.268310546875 -59.075531005859 -60.75199763404852
2017.301147460938 -61.72087097168 -61.562844682491786
2017.333984375 -61.917045593262 -62.37933017365503
2017.366821289062 -64.708877563477 -63.193028227660335
2017.399780273438 -65.156982421875 -63.999147444002006
2017.4326171875 -65.288619995117 -64.78171463784216
2017.498291015625 -63.517601013184 -66.27221987978919
2017.531127929688 -65.998443603516 -66.98400153664895
2017.56396484375 -68.77693939209 -67.68422937226589
2017.596801757812 -70.428153991699 -68.38160550311319
2017.629760742188 -69.851051330566 -69.08841963899974
2017.66259765625 -68.956512451172 -69.81620942578137
2017.695434570312 -70.684181213379 -70.58274973485243
2017.728271484375 -69.563652038574 -71.40099464630748
2017.761108398438 -70.967979431152 -72.26180222249509
2017.7939453125 -71.975852966309 -73.14709326044137
2017.826782226562 -72.6123046875 -74.04179184835607
2017.859741210938 -75.474998474121 -74.94775727121396
2017.892578125 -75.408027648926 -75.88056381972858
2017.925415039062 -77.836311340332 -76.84947152563025
2017.958251953125 -78.012413024902 -77.84513821184497
2017.991088867188 -79.513038635254 -78.85313996904422
2018.024658203125 -80.100608825684 -79.88342778122251
2018.057495117188 -80.942855834961 -80.89117727354456
2018.09033203125 -82.245124816895 -81.91165700338645
2018.123168945312 -83.039901733398 -82.95934188118098
2018.156005859375 -82.045463562012 -84.03827579432459
2018.18896484375 -85.515747070312 -85.15731348863649
2018.221801757812 -85.093780517578 -86.31536003999835
2018.254638671875 -85.57137298584 -87.51838613320294
2018.287475585938 -87.528594970703 -88.77406484259653
2018.3203125 -89.079879760742 -90.08584844311422
2018.353149414062 -90.567764282227 -91.4468887266252
2018.385986328125 -93.418045043945 -92.83861835811749
2018.4189453125 -94.578071594238 -94.24651481521018
2018.451782226562 -94.773361206055 -95.64508101680279
2018.484619140625 -97.609939575195 -97.0320454254655
2018.517456054688 -99.25276184082 -98.40369124868275
2018.55029296875 -101.876594543457 -99.7600634604794
2018.583129882812 -103.154388427734 -101.08963083429113
2018.615966796875 -104.098030090332 -102.38693149331901
2018.64892578125 -103.197792053223 -103.65008915978711
2018.681762695312 -104.32014465332 -104.86319032591454
2018.714599609375 -104.978355407715 -106.02506573970622
2018.747436523438 -107.131301879883 -107.13222269291747
2018.7802734375 -109.108795166016 -108.18846692391355
2018.813110351562 -109.470314025879 -109.19156027845449
2018.845947265625 -111.001655578613 -110.17620054435795
2018.87890625 -111.215309143066 -111.15819286552747
2018.911743164062 -112.910575866699 -112.08649578901016
2018.944580078125 -113.322418212891 -113.02789325688003
2018.977416992188 -114.29044342041 -113.91302867135667
2019.010986328125 -114.836250305176 -114.7445412842377
2019.043823242188 -115.405197143555 -115.54213233174899
2019.109497070312 -116.828086853027 -117.07957420593445
2019.1259765625 -117.428787231445 -117.44847725333949
2019.142333984375 -117.642501831055 -117.82633259142385
2019.175170898438 -118.63582611084 -118.58889353255263
2019.191650390625 -118.834022521973 -118.9834799543934
2019.208129882812 -119.667457580566 -119.38021246798016
2019.224487304688 -119.584541320801 -119.77848789877646
2019.240966796875 -120.227516174316 -120.17380257475554
2019.25732421875 -120.68701171875 -120.56658900719567
2019.273803710938 -120.692405700684 -120.96522683580751
2019.290161132812 -121.88264465332 -121.35773355387923
2019.306640625 -122.100410461426 -121.7600348658837
2019.323120117188 -122.551696777344 -122.16878713949603
2019.339477539062 -121.67618560791 -122.57553924852932
2019.35595703125 -122.812866210938 -122.98013122181696
2019.372314453125 -122.649436950684 -123.37473594082198
2019.388793945312 -124.554222106934 -123.77203374745615
2019.405151367188 -122.92325592041 -124.18468426728515
2019.421630859375 -124.863288879395 -124.60233300415183
2019.438110351562 -126.277961730957 -125.03953342382603
2019.454467773438 -125.835304260254 -125.50676184008414
2019.470947265625 -124.930274963379 -126.01043295584232
2019.4873046875 -126.358505249023 -126.52574630135756
2019.503784179688 -126.144569396973 -127.04281265257221
2019.520141601562 -126.44214630127 -127.5343261592925
2019.53662109375 -128.753952026367 -128.02891167542808
2019.569458007812 -128.836883544922 -129.037841278277
2019.602294921875 -132.826751708984 -130.10450724734113
2019.618774414062 -132.012802124023 -130.63993091218256
2019.635131835938 -130.916275024414 -131.17493493166592
2019.651611328125 -130.670501708984 -131.70149344296308
2019.668090820312 -131.209075927734 -132.22931172674254
2019.71728515625 -134.323043823242 -133.70568626458447
2019.733764648438 -134.307647705078 -134.17799383908775
2019.750122070312 -136.327514648438 -134.6018708732917
2019.7666015625 -134.861373901367 -135.04277462845647
2019.799438476562 -136.246215820312 -135.8423514090342
2019.832275390625 -137.134719848633 -136.62478655024202
2019.865112304688 -137.682876586914 -137.37100996983204
2019.898071289062 -138.275619506836 -138.08368325118795
2019.930908203125 -139.141616821289 -138.7372742966655
2019.963745117188 -139.579040527344 -139.34112621048862
2019.99658203125 -139.801467895508 -139.93541246758414
2020.030151367188 -140.382751464844 -140.54808073287268
2020.06298828125 -141.378173828125 -141.11193345700173
2020.095825195312 -141.47688293457 -141.66743954855818
2020.128662109375 -142.314804077148 -142.2095785734298
2020.161499023438 -142.589538574219 -142.73541232325562
2020.177978515625 -142.941467285156 -142.97866826052476
2020.1943359375 -143.565170288086 -143.23977339522315
2020.227294921875 -144.807815551758 -143.72613907352343
2020.260131835938 -143.431167602539 -144.20571343748284
2020.29296875 -144.759582519531 -144.6928476182033
2020.325805664062 -146.856872558594 -145.18166173666657
2020.358642578125 -144.700592041016 -145.70801653796693
2020.391479492188 -146.778198242188 -146.24664690771368
2020.42431640625 -145.626876831055 -146.77591867638503
2020.457275390625 -146.374145507812 -147.280947523088
2020.490112304688 -146.893630981445 -147.7536259393288
2020.52294921875 -149.05744934082 -148.18998364857742
2020.555786132812 -149.685440063477 -148.58203878125326
2020.572265625 -151.21728515625 -148.71528051826587
2020.588623046875 -149.290939331055 -148.83123716497417
2020.605102539062 -149.982086181641 -149.0305220295884
2020.621459960938 -150.362869262695 -149.12152956965875
2020.654296875 -150.66845703125 -149.3552270627727
2020.687255859375 -148.935760498047 -149.50898235012488
2020.70361328125 -150.393478393555 -149.57854895320799
2020.720092773438 -149.387008666992 -149.56506795599032
2020.7529296875 -149.198028564453 -149.545912093351
2020.785766601562 -149.513534545898 -149.47283111300985
2020.818603515625 -148.864227294922 -149.37513642966647
2020.851440429688 -149.974548339844 -149.27719117077365
2020.917236328125 -149.980346679688 -149.12748657967063
2020.950073242188 -148.420883178711 -149.10633353986665
2020.98291015625 -148.857421875 -149.11320026567304
2021.013671875 -148.718109130859 -149.09890259871227
2021.046508789062 -147.258056640625 -149.13186933716608
2021.079345703125 -149.387390136719 -149.23826773900518
2021.1123046875 -148.979843139648 -149.36124344821425
2021.145141601562 -149.053726196289 -149.54327984834268
2021.177978515625 -148.997253417969 -149.78356244793795
2021.210815429688 -149.635681152344 -150.07211312265287
2021.24365234375 -150.87858581543 -150.347915200783
2021.276489257812 -148.587158203125 -150.74111699913888
2021.309326171875 -151.387130737305 -151.18389866457
2021.34228515625 -150.44319152832 -151.66914395369363
2021.358642578125 -152.459838867188 -151.94453687044444
2021.391479492188 -148.647445678711 -152.46718974294524
2021.407958984375 -152.620101928711 -152.7518679761015
2021.440795898438 -154.036666870117 -153.30107272038518
2021.4736328125 -152.750213623047 -153.86639945884653
2021.506469726562 -147.243667602539 -154.42815315406278
2021.539306640625 -156.18132019043 -154.96720889592163
2021.572265625 -155.164764404297 -155.41837253547624
2021.605102539062 -159.154327392578 -155.90077780351933
2021.637939453125 -156.380630493164 -156.35853993624505
2021.670776367188 -157.449401855469 -156.783572479848
2021.736450195312 -158.446105957031 -157.5180688722151
2021.769287109375 -160.082214355469 -157.8846505321872
2021.80224609375 -158.087554931641 -158.20992496897313
2021.835083007812 -158.481307983398 -158.52218506053842
2021.867919921875 -156.878616333008 -158.79689382806603
2021.966430664062 -159.546569824219 -159.632288468437
2022.0 -160.041442871094 -159.9255558421318
2022.065673828125 -162.606536865234 -160.47969694829638
2022.098510742188 -159.48405456543 -160.63931253797375
2022.197143554688 -160.257827758789 -160.66522074265487
2022.22998046875 -162.511245727539 -160.62840662184294
2022.262817382812 -163.893280029297 -160.56326331235078
2022.295654296875 -163.225616455078 -160.45088741674488
2022.328491210938 -162.955200195312 -160.26163019898692
2022.394287109375 -165.114242553711 -159.69010272821563
2022.558471679688 -157.263107299805 -158.32367366287548
2022.591430664062 -160.008590698242 -158.0446669350545
2022.68994140625 -154.293960571289 -156.76345145519946
2022.722778320312 -163.032272338867 -156.29785858578828
2022.821411132812 -153.471435546875 -155.24650341913477
2022.854248046875 -154.396041870117 -154.96250414289912
2022.887084960938 -152.877410888672 -154.69102903186658
2022.919921875 -155.303024291992 -154.36100019198213
2022.952758789062 -153.479125976562 -154.0700719098475
2022.985595703125 -156.106369018555 -153.9833448053243
2023.019165039062 -152.863861083984 -153.97880120464146
2023.052001953125 -154.49772644043 -153.98619516638928
2023.084838867188 -152.703384399414 -154.04410107146538
2023.11767578125 -154.122543334961 -154.169946058054
2023.150634765625 -152.819519042969 -154.27299447341468
2023.183471679688 -154.459899902344 -154.42518457073476
2023.21630859375 -152.997055053711 -154.58147002321093
2023.249145507812 -153.376968383789 -154.74197751368027
2023.281982421875 -154.522811889648 -154.90754386170858
2023.314819335938 -155.452285766602 -155.079357345495
2023.34765625 -156.547515869141 -155.25848472873943
2023.380615234375 -155.386505126953 -155.44616054446772
2023.413452148438 -155.009979248047 -155.64081118268433
2023.4462890625 -158.083084106445 -155.84289906665282
2023.57763671875 -163.872772216797 -156.7170980311001
