2014.804931640625 -0.0 -12.38897388642004
2014.837768554688 -9.630365371704 -13.278854348808808
2014.903442382812 -13.309100151062 -15.054731565514539
2014.96923828125 -17.08543586731 -16.828270428746343
2015.03564453125 -19.066278457642 -18.61220263227259
2015.101318359375 -26.147127151489 -20.370016809381056
2015.265625 -31.978960037231 -24.734442802957034
2015.331298828125 -39.914142608643 -26.46283689846758
2015.39697265625 -49.130840301514 -28.180179173682593
2016.021850585938 -44.864601135254 -49.055627563076825
2016.1533203125 -50.000759124756 -50.31386962333691
2016.350463867188 -61.461727142334 -51.13612972920854
2016.416137695312 -45.683292388916 -51.3231986528299
2016.547607421875 -55.570369720459 -51.83225200644237
2016.744750976562 -57.429389953613 -53.44162925129456
2016.777587890625 -53.664337158203 -53.12401493904569
2016.810424804688 -52.980285644531 -52.815492601874176
2016.84326171875 -53.607486724854 -52.514450574918676
2016.876098632812 -51.585643768311 -52.20860006495532
2016.908935546875 -51.893600463867 -51.95381132691356
2016.941772460938 -50.929016113281 -51.7308225048005
2016.974731445312 -50.134334564209 -51.51845093547411
2017.005493164062 -51.032855987549 -51.366709683876024
2017.038330078125 -50.83179473877 -51.179164360577666
2017.071166992188 -49.931884765625 -50.99680522686431
2017.10400390625 -50.753486633301 -50.90580270737202
2017.136840820312 -50.165946960449 -50.86817279826612
2017.169799804688 -50.950805664062 -50.87115041599949
2017.20263671875 -50.344268798828 -50.90742833776159
2017.235473632812 -51.24488067627 -50.94891829864362
2017.268310546875 -52.790328979492 -50.97331192853702
2017.301147460938 -51.165138244629 -50.972667224349856
2017.333984375 -49.232856750488 -50.95591948267377
2017.366821289062 -50.92790222168 -50.92324547416791
2017.399780273438 -52.336101531982 -50.87118467472736
2017.4326171875 -53.121479034424 -50.796612307988134
2017.498291015625 -50.943481445312 -50.58369274569727
2017.531127929688 -49.538414001465 -50.46044531630914
2017.56396484375 -50.523349761963 -50.335638597941596
2017.596801757812 -49.647380828857 -50.21549010401891
2017.629760742188 -52.053730010986 -50.104758992161315
2017.66259765625 -49.07141494751 -50.010342092369534
2017.695434570312 -46.924697875977 -49.945277086559656
2017.728271484375 -46.354736328125 -49.93314274482456
2017.761108398438 -49.744579315186 -49.98078399309269
2017.7939453125 -49.559844970703 -50.07658307993456
2017.826782226562 -49.592208862305 -50.20987129983394
2017.859741210938 -49.463413238525 -50.38902514376085
2017.892578125 -49.524932861328 -50.637911212333925
2017.925415039062 -50.473606109619 -50.97233546828111
2017.958251953125 -51.29309463501 -51.38678200918391
2017.991088867188 -51.987316131592 -51.857985556441086
2018.024658203125 -51.9504737854 -52.37518373033186
2018.057495117188 -52.463188171387 -52.90762514978741
2018.09033203125 -53.516387939453 -53.47119036328475
2018.123168945312 -53.87043762207 -54.06725903708768
2018.156005859375 -54.745178222656 -54.68406131764111
2018.18896484375 -55.191482543945 -55.30462265164216
2018.221801757812 -56.074974060059 -55.910603986447434
2018.254638671875 -56.111961364746 -56.50742257318194
2018.287475585938 -56.620029449463 -57.10169399103668
2018.3203125 -57.921443939209 -57.6856445176916
2018.353149414062 -60.638134002686 -58.24400906789282
2018.385986328125 -61.71849822998 -58.7726612301135
2018.4189453125 -58.888916015625 -59.26441320765212
2018.451782226562 -60.582386016846 -59.711981048563494
2018.484619140625 -57.469104766846 -60.116565902933765
2018.517456054688 -60.510509490967 -60.47778850033673
2018.55029296875 -63.384433746338 -60.792980337707974
2018.583129882812 -63.752613067627 -61.05287458709304
2018.615966796875 -61.963340759277 -61.253377724492054
2018.64892578125 -61.265258789062 -61.40725862220445
2018.681762695312 -63.299900054932 -61.54004232558215
2018.714599609375 -61.382125854492 -61.672132638102084
2018.747436523438 -61.974300384521 -61.79883810153208
2018.7802734375 -61.363162994385 -61.91115343711233
2018.813110351562 -61.703727722168 -62.031716065191674
2018.845947265625 -60.921558380127 -62.143171741013305
2018.87890625 -61.027080535889 -62.28995517943194
2018.911743164062 -61.865039825439 -62.52546251617459
2018.944580078125 -62.726119995117 -62.758250529574624
2018.977416992188 -63.179809570312 -63.03883869493783
2019.010986328125 -63.445243835449 -63.38275303726339
2019.043823242188 -63.772708892822 -63.752595085646306
2019.109497070312 -64.423637390137 -64.48053935271346
2019.1259765625 -65.192260742188 -64.66376833513289
2019.142333984375 -65.7822265625 -64.7966000273066
2019.175170898438 -64.930541992188 -65.05788015597311
2019.191650390625 -65.369850158691 -65.13849851936412
2019.208129882812 -66.31615447998 -65.1860880134359
2019.224487304688 -65.312843322754 -65.23442704851261
2019.240966796875 -65.238822937012 -65.20916239568633
2019.25732421875 -65.204643249512 -65.15396898429248
2019.273803710938 -65.862655639648 -65.11283084687625
2019.290161132812 -64.659034729004 -65.04460268624227
2019.306640625 -65.180618286133 -64.92442783884327
2019.323120117188 -64.745063781738 -64.79771454615482
2019.339477539062 -65.327972412109 -64.66974795271376
2019.35595703125 -64.783180236816 -64.53257113343159
2019.372314453125 -68.175186157227 -64.38329410962083
2019.388793945312 -63.982444763184 -64.21599651996443
2019.405151367188 -62.011318206787 -64.02787628546803
2019.421630859375 -64.22541809082 -63.86714269500965
2019.438110351562 -63.778442382812 -63.72491031971554
2019.454467773438 -65.004043579102 -63.613187032702335
2019.470947265625 -62.491256713867 -63.547844555343715
2019.4873046875 -64.281433105469 -63.53729988037212
2019.503784179688 -61.814098358154 -63.64720341227433
2019.520141601562 -61.82991027832 -63.69909933950762
2019.53662109375 -61.407318115234 -63.79139009386485
2019.569458007812 -65.205581665039 -64.0916670815408
2019.602294921875 -63.380592346191 -64.52093227470048
2019.618774414062 -62.469669342041 -64.71995741135696
2019.635131835938 -65.609977722168 -64.93575352217584
2019.651611328125 -66.532981872559 -65.21486528047843
2019.668090820312 -60.847393035889 -65.4689496719191
2019.71728515625 -66.222602844238 -66.3158475215817
2019.733764648438 -66.803817749023 -66.60735112597867
2019.750122070312 -62.37576675415 -66.87608564107035
2019.7666015625 -66.575836181641 -67.15422169525044
2019.799438476562 -67.857406616211 -67.6695183639952
2019.832275390625 -68.902847290039 -68.17003784761955
2019.865112304688 -68.522483825684 -68.64472849769226
2019.898071289062 -69.199432373047 -69.0876314675156
2019.930908203125 -70.209106445312 -69.50436577786992
2019.963745117188 -69.726188659668 -69.88579114264232
2019.99658203125 -70.380737304688 -70.24213156996576
2020.030151367188 -71.273735046387 -70.61641642225793
2020.06298828125 -70.710899353027 -70.88892983991742
2020.095825195312 -71.177108764648 -71.1376391279866
2020.128662109375 -71.629737854004 -71.34834526906472
2020.161499023438 -72.451881408691 -71.531292834011
2020.177978515625 -72.04907989502 -71.59385129075325
2020.1943359375 -71.835319519043 -71.68831245917475
2020.227294921875 -72.501518249512 -71.8216321852555
2020.260131835938 -69.115921020508 -71.93726666288188
2020.29296875 -72.045837402344 -72.0439995591581
2020.325805664062 -72.168632507324 -72.14066596541446
2020.358642578125 -72.175476074219 -72.27062489763624
2020.391479492188 -71.692695617676 -72.42610499711205
2020.42431640625 -73.345779418945 -72.60771448521197
2020.457275390625 -70.159530639648 -72.84298681476038
2020.490112304688 -72.455612182617 -73.1309933500502
2020.52294921875 -72.951698303223 -73.43997074046635
2020.555786132812 -73.541549682617 -73.74202648073788
2020.572265625 -72.81714630127 -73.88276842864238
2020.588623046875 -75.391036987305 -74.00150650657304
2020.605102539062 -74.086517333984 -74.14603899067937
2020.621459960938 -74.942222595215 -74.2449496278877
2020.654296875 -76.011734008789 -74.45847611925056
2020.687255859375 -77.026229858398 -74.63277861763135
2020.70361328125 -75.361434936523 -74.72885084673251
2020.720092773438 -74.89372253418 -74.76870303904136
2020.7529296875 -75.58780670166 -74.89498830045589
2020.785766601562 -74.705032348633 -75.02945778483074
2020.818603515625 -74.081565856934 -75.17952963004726
2020.851440429688 -74.606292724609 -75.34134124800067
2020.917236328125 -74.383766174316 -75.72525422748876
2020.950073242188 -75.36612701416 -76.04948419605812
2020.98291015625 -76.14030456543 -76.41745434042832
2021.013671875 -75.855987548828 -76.7028282619376
2021.046508789062 -76.664794921875 -77.15060270600068
2021.079345703125 -77.744407653809 -77.71302405529765
2021.1123046875 -77.892761230469 -78.29647670278626
2021.145141601562 -78.68701171875 -78.90653470390924
2021.177978515625 -79.099586486816 -79.51565513114991
2021.210815429688 -80.859558105469 -80.11198379681858
2021.24365234375 -81.493095397949 -80.73377529421
2021.276489257812 -79.223251342773 -81.31156688234275
2021.309326171875 -83.208137512207 -81.87610454133595
2021.34228515625 -84.417236328125 -82.41708434265506
2021.358642578125 -82.557746887207 -82.63482612378769
2021.391479492188 -84.366668701172 -83.07924180610398
2021.407958984375 -83.76806640625 -83.24466604139157
2021.440795898438 -81.58723449707 -83.58917437727361
2021.4736328125 -83.306518554688 -83.86633821680739
2021.506469726562 -85.26683807373 -84.06197419967134
2021.539306640625 -87.630760192871 -84.19798165493235
2021.572265625 -80.557098388672 -84.287624928643
2021.605102539062 -87.005912780762 -84.43507818208342
2021.637939453125 -83.520294189453 -84.5681741191631
2021.670776367188 -90.018371582031 -84.6757625109582
2021.736450195312 -85.961502075195 -84.77725107391983
2021.769287109375 -80.812797546387 -84.8411669956492
2021.80224609375 -83.526206970215 -84.87699649281288
2021.835083007812 -85.03271484375 -84.9268815830826
2021.867919921875 -87.093307495117 -84.96317494681847
2021.966430664062 -85.190788269043 -85.01526983972748
2022.0 -82.779174804688 -84.99546498693155
2022.065673828125 -84.802505493164 -84.95008848976646
2022.098510742188 -85.23030090332 -84.89035799402318
2022.197143554688 -86.690696716309 -84.64371622379777
2022.22998046875 -86.391258239746 -84.55336405313503
2022.262817382812 -81.993988037109 -84.46375690123328
2022.295654296875 -83.308044433594 -84.3750444749534
2022.328491210938 -87.338333129883 -84.28171313617759
2022.394287109375 -82.713523864746 -84.05132690131627
2022.558471679688 -89.576568603516 -83.26906538132113
2022.591430664062 -80.857048034668 -83.06549404891412
2022.68994140625 -86.93920135498 -82.51700667697084
2022.722778320312 -85.786163330078 -82.43011680306252
2022.821411132812 -83.091537475586 -82.10892633961191
2022.854248046875 -80.277000427246 -81.87445982810456
2022.887084960938 -82.056007385254 -81.57756659129707
2022.919921875 -80.038047790527 -81.27796761705942
2022.952758789062 -80.365844726562 -80.93956650849661
2022.985595703125 -82.482452392578 -80.56142397183187
2023.019165039062 -80.357276916504 -80.17386398685088
2023.052001953125 -79.876327514648 -79.79461177667241
2023.084838867188 -78.850128173828 -79.43111615387369
2023.11767578125 -78.851745605469 -79.02312877693467
2023.150634765625 -78.735130310059 -78.60931307447079
2023.183471679688 -78.321548461914 -78.14630775203777
2023.21630859375 -78.169593811035 -77.67305574901073
2023.249145507812 -79.142158508301 -77.19504492558528
2023.281982421875 -76.839447021484 -76.71470421677724
2023.314819335938 -77.111923217773 -76.23251801106618
2023.34765625 -76.189460754395 -75.74805697717126
2023.380615234375 -76.653030395508 -75.25835337263139
2023.413452148438 -71.507904052734 -74.7654298842265
2023.4462890625 -72.666236877441 -74.26563406078944
2023.57763671875 -67.437728881836 -72.19367073223783
