2014.804931640625 0.0 7.243969963375125
2014.837768554688 5.872121810913 7.057826574512312
2014.903442382812 6.932881355286 6.683710912271951
2014.96923828125 6.264853000641 6.306479895753934
2015.03564453125 5.087183475494 5.92329547809793
2015.101318359375 7.247241973877 5.541945881409895
2015.265625 5.220087051392 4.578255922776294
2015.331298828125 9.940724372864 4.189371498816399
2015.39697265625 14.564589500427 3.7983019943515752
2016.021850585938 -0.401177078485 0.14041164131984937
2016.1533203125 0.9189234972 -0.7077500989556083
2016.350463867188 0.896075248718 -2.379328459216829
2016.416137695312 -8.761984825134 -2.9430602625598086
2016.547607421875 -4.536117076874 -4.064196242500681
2016.744750976562 -6.118884563446 -6.020569075037221
2016.777587890625 -6.289187908173 -6.279206235472269
2016.810424804688 -6.088948249817 -6.537562138380861
2016.84326171875 -6.759705543518 -6.79558597955705
2016.876098632812 -7.492256641388 -7.055317584647743
2016.908935546875 -7.048315525055 -7.317265049828227
2016.941772460938 -7.740880012512 -7.57965444749707
2016.974731445312 -7.875727176666 -7.8463693284804155
2017.005493164062 -8.122805595398 -8.09665439993977
2017.038330078125 -8.352001190186 -8.3643289963508
2017.071166992188 -8.520771980286 -8.63248709265265
2017.10400390625 -8.537750244141 -8.8981284491146
2017.136840820312 -9.261889457703 -9.163731112516219
2017.169799804688 -10.161448478699 -9.434200976018898
2017.20263671875 -9.353707313538 -9.716920199509701
2017.235473632812 -9.71328163147 -10.01368117453076
2017.268310546875 -7.825747013092 -10.313478337496509
2017.301147460938 -11.585693359375 -10.60360426664936
2017.333984375 -9.218926429749 -10.88525376301915
2017.366821289062 -10.714510917664 -11.15955154415875
2017.399780273438 -11.80726146698 -11.441493244468727
2017.4326171875 -15.140602111816 -11.74188783845371
2017.498291015625 -13.65744304657 -12.3987899757488
2017.531127929688 -8.148446083069 -12.744865780662797
2017.56396484375 -12.240698814392 -13.08928527363896
2017.596801757812 -12.038816452026 -13.429765271177976
2017.629760742188 -15.510087013245 -13.768834471717291
2017.66259765625 -12.806319236755 -14.105349933104272
2017.695434570312 -16.118711471558 -14.436261135148206
2017.728271484375 -16.517469406128 -14.77851024093909
2017.761108398438 -15.052195549011 -15.14411224101727
2017.7939453125 -15.144216537476 -15.526797900413598
2017.826782226562 -16.468437194824 -15.922392927214034
2017.859741210938 -15.736302375793 -16.325960594119962
2017.892578125 -16.836332321167 -16.721553397693157
2017.925415039062 -16.783952713013 -17.10961997428182
2017.958251953125 -17.380321502686 -17.498594930113228
2017.991088867188 -17.9098777771 -17.89487910305164
2018.024658203125 -18.246875762939 -18.309301389995884
2018.057495117188 -18.84666633606 -18.728848805932962
2018.09033203125 -19.27347946167 -19.16310586981518
2018.123168945312 -19.589519500732 -19.608230660251213
2018.156005859375 -19.818580627441 -20.05735529213267
2018.18896484375 -20.280469894409 -20.506822625019552
2018.221801757812 -20.65397644043 -20.945901463107397
2018.254638671875 -21.682104110718 -21.372446422480984
2018.287475585938 -21.587985992432 -21.788695266221612
2018.3203125 -22.15333366394 -22.19676720223146
2018.353149414062 -23.527111053467 -22.594274393935695
2018.385986328125 -24.31519317627 -22.980216096195072
2018.4189453125 -23.618076324463 -23.356857170599206
2018.451782226562 -23.22117805481 -23.722255168582357
2018.484619140625 -24.669622421265 -24.084453151249313
2018.517456054688 -24.37575340271 -24.451939248702725
2018.55029296875 -24.189172744751 -24.827990420893094
2018.583129882812 -25.757623672485 -25.208018999560522
2018.615966796875 -23.456359863281 -25.58673172078818
2018.64892578125 -25.237951278687 -25.962870943571204
2018.681762695312 -25.922058105469 -26.336389976264936
2018.714599609375 -21.1364402771 -26.71355075971365
2018.747436523438 -26.925750732422 -27.097468270710092
2018.7802734375 -28.29243850708 -27.490197420888425
2018.813110351562 -28.334005355835 -27.898406401027223
2018.845947265625 -29.460660934448 -28.325496608470214
2018.87890625 -28.332696914673 -28.77067569070229
2018.911743164062 -28.790651321411 -29.22773809215721
2018.944580078125 -29.405332565308 -29.674626241616192
2018.977416992188 -29.854131698608 -30.105250083066437
2019.010986328125 -30.097017288208 -30.565063732387237
2019.043823242188 -30.854299545288 -31.00663736231568
2019.109497070312 -32.297737121582 -32.02628421236949
2019.1259765625 -32.256858825684 -32.29828358167881
2019.142333984375 -32.579029083252 -32.570224827498784
2019.175170898438 -33.321231842041 -33.12389920091412
2019.191650390625 -33.387088775635 -33.397199162762426
2019.208129882812 -33.517395019531 -33.66491526865003
2019.224487304688 -34.004459381104 -33.92830283700825
2019.240966796875 -34.323764801025 -34.183974115742544
2019.25732421875 -34.328243255615 -34.43498052374078
2019.273803710938 -34.730735778809 -34.68932205624349
2019.290161132812 -34.671073913574 -34.94137553087287
2019.306640625 -35.4055519104 -35.18542633159636
2019.323120117188 -35.457546234131 -35.42086934458324
2019.339477539062 -36.142375946045 -35.64533003086677
2019.35595703125 -36.037059783936 -35.8620955741417
2019.372314453125 -35.551986694336 -36.06730829161277
2019.388793945312 -36.461059570312 -36.26315804991638
2019.405151367188 -36.827053070068 -36.45164445241487
2019.421630859375 -36.754825592041 -36.65688037767671
2019.438110351562 -37.535842895508 -36.87777453882594
2019.454467773438 -36.357727050781 -37.13770694189951
2019.470947265625 -35.275695800781 -37.44053527298984
2019.4873046875 -37.308113098145 -37.730488785902274
2019.503784179688 -35.11096572876 -37.968343161145754
2019.520141601562 -34.840839385986 -38.190792498901956
2019.53662109375 -41.167098999023 -38.41327329948149
2019.569458007812 -40.28101348877 -38.85760648817623
2019.602294921875 -35.973472595215 -39.30998277127364
2019.618774414062 -40.400268554688 -39.558447871817535
2019.635131835938 -40.208488464355 -39.819209437862
2019.651611328125 -39.819316864014 -40.027497281582356
2019.668090820312 -39.365699768066 -40.26601013082515
2019.71728515625 -41.526203155518 -40.765418916527345
2019.733764648438 -40.377220153809 -40.894686532781186
2019.750122070312 -41.977085113525 -41.00642850906443
2019.7666015625 -41.137775421143 -41.12099216015788
2019.799438476562 -41.237640380859 -41.33714870075969
2019.832275390625 -42.92985534668 -41.55352244273467
2019.865112304688 -41.76099395752 -41.76134257026506
2019.898071289062 -41.505718231201 -41.960614791909464
2019.930908203125 -42.323745727539 -42.140655133782154
2019.963745117188 -42.338104248047 -42.29398601818554
2019.99658203125 -42.348583221436 -42.421049129280775
2020.030151367188 -43.007671356201 -42.555533106160944
2020.06298828125 -42.634860992432 -42.64953301713088
2020.095825195312 -42.491794586182 -42.73936875102921
2020.128662109375 -43.476589202881 -42.81249188995579
2020.161499023438 -44.008701324463 -42.866424053074475
2020.177978515625 -42.828086853027 -42.86871874428301
2020.1943359375 -43.112991333008 -42.8953419962537
2020.227294921875 -42.833908081055 -42.89516165495779
2020.260131835938 -42.126922607422 -42.88002464468267
2020.29296875 -43.133220672607 -42.86202741581755
2020.325805664062 -44.505195617676 -42.845051111019366
2020.358642578125 -42.798797607422 -42.88457888216101
2020.391479492188 -42.781562805176 -42.95636092324003
2020.42431640625 -41.501720428467 -43.036095736584706
2020.457275390625 -40.253681182861 -43.13478809641589
2020.490112304688 -41.844707489014 -43.256721591667855
2020.52294921875 -43.511096954346 -43.395183839447846
2020.555786132812 -43.741237640381 -43.56345345425388
2020.572265625 -39.139129638672 -43.695590545088216
2020.588623046875 -42.88362121582 -43.83261946219744
2020.605102539062 -44.548839569092 -43.934229641805565
2020.621459960938 -44.734127044678 -44.08719001486014
2020.654296875 -43.178249359131 -44.38507004145887
2020.687255859375 -44.276397705078 -44.696070020052574
2020.70361328125 -45.234401702881 -44.85172719614856
2020.720092773438 -45.076839447021 -44.9706497387709
2020.7529296875 -45.023147583008 -45.20366401694362
2020.785766601562 -45.881641387939 -45.41122227664922
2020.818603515625 -46.372467041016 -45.60760843282548
2020.851440429688 -48.457324981689 -45.801553463714555
2020.917236328125 -48.885063171387 -46.15967543033184
2020.950073242188 -46.289958953857 -46.29014689971975
2020.98291015625 -46.562065124512 -46.38941540304667
2021.013671875 -46.953002929688 -46.51448041045445
2021.046508789062 -46.511516571045 -46.57239187038217
2021.079345703125 -46.695198059082 -46.55568784234913
2021.1123046875 -47.207767486572 -46.52099879560048
2021.145141601562 -46.946968078613 -46.457926160375976
2021.177978515625 -46.303009033203 -46.38333752421198
2021.210815429688 -47.747062683105 -46.30940658983038
2021.24365234375 -45.720489501953 -46.227872306491165
2021.276489257812 -45.984352111816 -46.1596814403247
2021.309326171875 -45.473838806152 -46.13693896668754
2021.34228515625 -45.741992950439 -46.151529116102
2021.358642578125 -46.293933868408 -46.19168608602404
2021.391479492188 -42.128425598145 -46.221756267753356
2021.407958984375 -43.595516204834 -46.265012659808875
2021.440795898438 -42.394649505615 -46.32662341218118
2021.4736328125 -42.535820007324 -46.43246500957602
2021.506469726562 -46.343288421631 -46.58292414701064
2021.539306640625 -41.879928588867 -46.766184119910676
2021.572265625 -47.364936828613 -47.046747300807475
2021.605102539062 -45.844467163086 -47.25635476552899
2021.637939453125 -46.314067840576 -47.48473230693392
2021.670776367188 -47.454719543457 -47.75964618264882
2021.736450195312 -48.032005310059 -48.57564473174664
2021.769287109375 -50.006290435791 -49.02694241412798
2021.80224609375 -48.895351409912 -49.51234450762927
2021.835083007812 -49.312000274658 -49.997487070792346
2021.867919921875 -50.494705200195 -50.503527081308285
2021.966430664062 -53.054183959961 -52.01192826767882
2022.0 -52.462047576904 -52.53022567189369
2022.065673828125 -53.814376831055 -53.551325898726994
2022.098510742188 -53.586360931396 -54.01365989819715
2022.197143554688 -56.115665435791 -55.24527767456227
2022.22998046875 -57.280811309814 -55.61873407778142
2022.262817382812 -56.145790100098 -55.96816563998025
2022.295654296875 -56.407333374023 -56.27531712819997
2022.328491210938 -58.578430175781 -56.51879739791258
2022.394287109375 -59.250370025635 -56.84352462416317
2022.558471679688 -57.951206207275 -57.5479870384663
2022.591430664062 -61.218673706055 -57.730718394775515
2022.68994140625 -59.757968902588 -58.17856971381233
2022.722778320312 -60.679248809814 -58.285122386139
2022.821411132812 -57.56721496582 -58.18270914381189
2022.854248046875 -58.571475982666 -58.09480509639941
2022.887084960938 -58.233699798584 -57.992211440217
2022.919921875 -58.491115570068 -57.894824032642624
2022.952758789062 -57.210414886475 -57.75207003028951
2022.985595703125 -57.580074310303 -57.54734299973597
2023.019165039062 -57.075996398926 -57.31073580130933
2023.052001953125 -57.759338378906 -57.087479708544336
2023.084838867188 -57.077404022217 -56.818100941376386
2023.11767578125 -57.06420135498 -56.506541160156
2023.150634765625 -56.613471984863 -56.21616133888644
2023.183471679688 -55.845237731934 -55.90236515798781
2023.21630859375 -57.0622215271 -55.58911969142384
2023.249145507812 -56.975727081299 -55.27447569668806
2023.281982421875 -54.838905334473 -54.95694843435635
2023.314819335938 -54.552768707275 -54.63536238396517
2023.34765625 -53.770168304443 -54.309005517129734
2023.380615234375 -52.772430419922 -53.9763582123187
2023.413452148438 -54.831867218018 -53.64029439945138
2023.4462890625 -46.761920928955 -53.30065815190891
2023.57763671875 -44.824611663818 -51.91757014746026
