2014.804931640625 -0.0 -9.55432281338768
2014.837768554688 -10.223944664001 -9.912530403902124
2014.903442382812 -9.289556503296 -10.627911009730685
2014.96923828125 -11.175487518311 -11.343061561940527
2015.03564453125 -13.239645957947 -12.063216053009137
2015.101318359375 -12.541604995728 -12.77379438818518
2015.265625 -24.834108352661 -14.542766076181666
2015.331298828125 -24.998908996582 -15.245391023436165
2015.39697265625 -25.232166290283 -15.944784738115779
2016.021850585938 -22.677055358887 -23.13852311407038
2016.1533203125 -24.797729492188 -23.81787786636741
2016.350463867188 -34.140331268311 -23.860898363683607
2016.416137695312 -14.457298278809 -23.871554680619564
2016.547607421875 -29.676431655884 -24.117131360005942
2016.744750976562 -28.823308944702 -25.196469198484454
2016.777587890625 -26.459133148193 -24.775402804970962
2016.810424804688 -24.423023223877 -24.368901466835982
2016.84326171875 -24.532228469849 -23.973128746325287
2016.876098632812 -22.463949203491 -23.57123402037962
2016.908935546875 -23.237907409668 -23.227084468827602
2016.941772460938 -21.988636016846 -22.916393880912686
2016.974731445312 -21.732950210571 -22.613265978698397
2017.005493164062 -21.658538818359 -22.376262055256927
2017.038330078125 -21.728748321533 -22.09895235756785
2017.071166992188 -20.900451660156 -21.83330515155377
2017.10400390625 -21.368473052979 -21.647658228854283
2017.136840820312 -21.049674987793 -21.49165807000496
2017.169799804688 -22.28590965271 -21.347293939955655
2017.20263671875 -20.952180862427 -21.190303013969196
2017.235473632812 -22.458330154419 -20.98461697876451
2017.268310546875 -21.60732460022 -20.71395035002308
2017.301147460938 -20.297565460205 -20.3866793053162
2017.333984375 -20.601446151733 -20.013631209629594
2017.366821289062 -20.958627700806 -19.601150034852438
2017.399780273438 -21.198720932007 -19.14614087245461
2017.4326171875 -19.149356842041 -18.6471110338705
2017.498291015625 -16.14818572998 -17.53903980070618
2017.531127929688 -16.614320755005 -16.969337421606372
2017.56396484375 -16.366901397705 -16.414858638073532
2017.596801757812 -16.776062011719 -15.888439006271408
2017.629760742188 -14.898031234741 -15.395842240842281
2017.66259765625 -14.192870140076 -14.960726183312579
2017.695434570312 -12.384575843811 -14.599959261891081
2017.728271484375 -11.517881393433 -14.3246547750763
2017.761108398438 -13.402311325073 -14.127078291737014
2017.7939453125 -13.002553939819 -13.991137873103918
2017.826782226562 -13.604595184326 -13.9004932005319
2017.859741210938 -13.246157646179 -13.858071346362774
2017.892578125 -13.182635307312 -13.892509002367674
2017.925415039062 -13.149680137634 -14.007665433326295
2017.958251953125 -14.055609703064 -14.191831603527392
2017.991088867188 -14.526568412781 -14.419699657992975
2018.024658203125 -14.787395477295 -14.676270474676835
2018.057495117188 -15.137735366821 -14.94214352569327
2018.09033203125 -15.285363197327 -15.223916335041345
2018.123168945312 -15.508582115173 -15.523974808525839
2018.156005859375 -15.410339355469 -15.834428636230212
2018.18896484375 -16.591932296753 -16.137212326132126
2018.221801757812 -16.129028320312 -16.410854452651655
2018.254638671875 -16.46697807312 -16.65555539137021
2018.287475585938 -16.693458557129 -16.882864767270256
2018.3203125 -17.240062713623 -17.098474817334445
2018.353149414062 -18.943893432617 -17.299930212380456
2018.385986328125 -22.565406799316 -17.484397303320677
2018.4189453125 -18.508115768433 -17.643843697540305
2018.451782226562 -18.568550109863 -17.76652559589592
2018.484619140625 -17.260469436646 -17.843979531570078
2018.517456054688 -17.00279045105 -17.869725402322146
2018.55029296875 -18.653121948242 -17.84126855965665
2018.583129882812 -19.786851882935 -17.754876409011576
2018.615966796875 -18.375402450562 -17.617793209596616
2018.64892578125 -17.693162918091 -17.4464978365589
2018.681762695312 -18.289979934692 -17.266303160065448
2018.714599609375 -17.358619689941 -17.090875282833817
2018.747436523438 -16.411083221436 -16.913915110484115
2018.7802734375 -15.785053253174 -16.720911812720217
2018.813110351562 -15.924378395081 -16.498419640096575
2018.845947265625 -15.474165916443 -16.24347621157324
2018.87890625 -15.945201873779 -15.97771203478307
2018.911743164062 -16.202987670898 -15.716393281219819
2018.944580078125 -15.745581626892 -15.46827780995434
2018.977416992188 -16.32567024231 -15.240313528628665
2019.010986328125 -15.808199882507 -14.966903934066975
2019.043823242188 -14.614917755127 -14.710057027022032
2019.109497070312 -13.20721912384 -13.948189673442252
2019.1259765625 -13.82116317749 -13.734042842078045
2019.142333984375 -15.424928665161 -13.470585343923966
2019.175170898438 -13.007534980774 -12.924071629050138
2019.191650390625 -12.637385368347 -12.618098782510007
2019.208129882812 -14.110733985901 -12.292732762381974
2019.224487304688 -12.185267448425 -11.982274360396069
2019.240966796875 -11.50886631012 -11.59751426218404
2019.25732421875 -11.187093734741 -11.179284622995898
2019.273803710938 -11.312457084656 -10.772077560642305
2019.290161132812 -10.006953239441 -10.326806083914777
2019.306640625 -9.702934265137 -9.808488800364028
2019.323120117188 -9.574458122253 -9.27408871036335
2019.339477539062 -9.446805000305 -8.728858859042454
2019.35595703125 -8.643444061279 -8.164113841206158
2019.372314453125 -10.602687835693 -7.588731948482734
2019.388793945312 -6.918171882629 -6.99316361585264
2019.405151367188 -4.957826137543 -6.379032204075995
2019.421630859375 -6.547825336456 -5.79239443021421
2019.438110351562 -2.79497051239 -5.238378424374355
2019.454467773438 -6.93026971817 -4.762839082213749
2019.470947265625 -4.106905460358 -4.407097403796556
2019.4873046875 -2.605583429337 -4.163840750754383
2019.503784179688 -0.200453951955 -4.120125093083352
2019.520141601562 -1.152898550034 -3.914345866605455
2019.53662109375 1.291632056236 -3.766667774601753
2019.569458007812 -2.142109632492 -3.6472953861436053
2019.602294921875 -6.607531070709 -3.8083946381934384
2019.618774414062 -1.579327821732 -3.8657419732363723
2019.635131835938 -3.394834280014 -3.9626995133019447
2019.651611328125 -5.504440307617 -4.207010675107356
2019.668090820312 0.91703993082 -4.383701450437602
2019.71728515625 -5.232021331787 -5.192483150189008
2019.733764648438 -4.482210636139 -5.496687014407796
2019.750122070312 -1.15171122551 -5.791535293730659
2019.7666015625 -6.148505210876 -6.084625439704001
2019.799438476562 -7.502950668335 -6.626197843721787
2019.832275390625 -6.724191188812 -7.15209566125909
2019.865112304688 -8.715470314026 -7.6556100139094605
2019.898071289062 -8.095467567444 -8.14502771543724
2019.930908203125 -9.818566322327 -8.613000617209615
2019.963745117188 -8.616600990295 -9.043512431135698
2019.99658203125 -9.224188804626 -9.442366078871753
2020.030151367188 -10.086822509766 -9.852332017272214
2020.06298828125 -10.036033630371 -10.167392041817278
2020.095825195312 -10.709481239319 -10.462964353105457
2020.128662109375 -11.138576507568 -10.728949105749042
2020.161499023438 -12.308084487915 -10.964992012506437
2020.177978515625 -11.289052009583 -11.046794304840741
2020.1943359375 -10.890391349792 -11.169883293417058
2020.227294921875 -12.720608711243 -11.342488116484025
2020.260131835938 -10.273295402527 -11.475445568988125
2020.29296875 -12.203199386597 -11.584823724485524
2020.325805664062 -11.890007972717 -11.645530874936858
2020.358642578125 -11.480133056641 -11.64394691437983
2020.391479492188 -12.525900840759 -11.610988009752903
2020.42431640625 -11.980573654175 -11.564553732639208
2020.457275390625 -10.087958335876 -11.49457403217152
2020.490112304688 -13.440596580505 -11.381647847339655
2020.52294921875 -11.048398017883 -11.229832668267617
2020.555786132812 -11.421222686768 -11.031389217255894
2020.572265625 -12.938305854797 -10.886508849917483
2020.588623046875 -10.047065734863 -10.733894150703664
2020.605102539062 -11.196212768555 -10.623887872986874
2020.621459960938 -9.8862657547 -10.45647309965275
2020.654296875 -11.118402481079 -10.148064946089594
2020.687255859375 -10.571908950806 -9.828219899770982
2020.70361328125 -9.684161186218 -9.66238681400961
2020.720092773438 -9.060688018799 -9.524225542340668
2020.7529296875 -8.639954566956 -9.245395719139616
2020.785766601562 -8.661692619324 -8.994316692559345
2020.818603515625 -6.526446819305 -8.78041463167171
2020.851440429688 -8.364352226257 -8.609298716449928
2020.917236328125 -8.056314468384 -8.421574268686554
2020.950073242188 -7.921498298645 -8.478769250421706
2020.98291015625 -7.847191810608 -8.578810927348979
2021.013671875 -7.775525093079 -8.61456918891637
2021.046508789062 -7.827683448792 -8.790416061511248
2021.079345703125 -8.939732551575 -9.056267148032196
2021.1123046875 -9.462594985962 -9.327704668987199
2021.145141601562 -9.078275680542 -9.615580086806997
2021.177978515625 -10.049027442932 -9.903666740684873
2021.210815429688 -10.810968399048 -10.186656300895445
2021.24365234375 -11.529605865479 -10.508099377456883
2021.276489257812 -9.674238204956 -10.776189039484153
2021.309326171875 -12.150470733643 -11.011994092690461
2021.34228515625 -12.686783790588 -11.212764645552543
2021.358642578125 -11.146171569824 -11.283001641353662
2021.391479492188 -12.623044967651 -11.443788037299443
2021.407958984375 -11.172723770142 -11.507188023192722
2021.440795898438 -9.914531707764 -11.62437362506906
2021.4736328125 -12.077095031738 -11.683832842667684
2021.506469726562 -11.443470001221 -11.677133701798299
2021.539306640625 -15.466559410095 -11.62319532234989
2021.572265625 -8.624729156494 -11.512440183091401
2021.605102539062 -14.163321495056 -11.458279422712394
2021.637939453125 -12.23703289032 -11.396316749612623
2021.670776367188 -16.320669174194 -11.324981896479171
2021.736450195312 -12.215858459473 -11.143181527761557
2021.769287109375 -9.167269706726 -11.067954638382535
2021.80224609375 -10.760684967041 -10.967724885703639
2021.835083007812 -10.672758102417 -10.868652895563248
2021.867919921875 -11.237367630005 -10.75128433572272
2021.966430664062 -9.742588996887 -10.35659199144318
2022.0 -9.959344863892 -10.227466518416104
2022.065673828125 -10.67983341217 -9.966546101036009
2022.098510742188 -9.701308250427 -9.8480548441759
2022.197143554688 -10.54590511322 -9.498895598297329
2022.22998046875 -9.158564567566 -9.385969498948208
2022.262817382812 -8.201469421387 -9.270072568663512
2022.295654296875 -8.495630264282 -9.137737623790516
2022.328491210938 -10.488931655884 -8.968041509439006
2022.394287109375 -8.574986457825 -8.49015605651341
2022.558471679688 -12.247094154358 -7.153462461938798
2022.591430664062 0.09660127759 -6.928900536624043
2022.68994140625 -11.559734344482 -6.281884513752106
2022.722778320312 -7.759797096252 -6.078183178933375
2022.821411132812 -5.59423828125 -5.237969770033976
2022.854248046875 -2.617185115814 -4.847331421110489
2022.887084960938 -4.675909519196 -4.442142896721461
2022.919921875 -3.07376408577 -4.064880808489295
2022.952758789062 -2.89120554924 -3.6905712335690457
2022.985595703125 -5.203075408936 -3.3641090538351786
2023.019165039062 -2.721252918243 -3.0819324628935942
2023.052001953125 -2.528240680695 -2.7949297391714847
2023.084838867188 -1.562858104706 -2.6139375211554357
2023.11767578125 -2.442742586136 -2.5390962844361273
2023.150634765625 -1.466971516609 -2.4400843609293323
2023.183471679688 -1.668071269989 -2.4164461617267516
2023.21630859375 0.03972107172 -2.400121083299968
2023.249145507812 -2.051858901978 -2.3891139800862597
2023.281982421875 -1.807486057281 -2.3835688538921103
2023.314819335938 -2.335312128067 -2.384393421151171
2023.34765625 -1.978693604469 -2.3928686912482036
2023.380615234375 -3.983861923218 -2.4103820148275488
2023.413452148438 1.145504713058 -2.437968594663195
2023.4462890625 -4.408270359039 -2.4759889478590713
2023.57763671875 -8.761546134949 -2.7214037939816924
