2014.804931640625 0.0 4.9738459981184215
2014.837768554688 1.54161298275 4.844124874553502
2014.903442382812 4.214413166046 4.580807384439424
2014.96923828125 5.871453762054 4.312645944876785
2015.03564453125 12.373310089111 4.038761387964468
2015.101318359375 4.807022094727 3.7656520042833095
2015.265625 25.813646316528 3.0763835275535913
2015.331298828125 11.671640396118 2.7994152496387588
2015.39697265625 -5.889019966125 2.5221157152462745
2016.021850585938 2.571372747421 -0.188310658793632
2016.1533203125 -6.995942592621 -0.8076544556496982
2016.350463867188 -2.347133398056 -2.1647687056036045
2016.416137695312 -25.162895202637 -2.6889809081121547
2016.547607421875 2.398720502853 -3.6663676746725002
2016.744750976562 0.485200971365 -4.428016437041984
2016.777587890625 -2.181114673615 -4.628374014760163
2016.810424804688 -3.96146273613 -4.903325936407649
2016.84326171875 -6.912734031677 -5.452937799275518
2016.876098632812 -10.15991973877 -6.064157919783326
2016.908935546875 -7.529573917389 -6.672173423702569
2016.941772460938 -8.591772079468 -7.302993155111016
2016.974731445312 -9.756943702698 -7.93372423201589
2017.005493164062 -9.555267333984 -8.513365728371074
2017.038330078125 -7.843841552734 -9.141473069367741
2017.071166992188 -6.991342544556 -9.72956217748832
2017.10400390625 -6.800619602203 -10.268675880552193
2017.136840820312 -8.270346641541 -10.77653783573456
2017.169799804688 -12.21580696106 -11.2744683383441
2017.20263671875 -13.027220726013 -11.805173855082565
2017.235473632812 -14.468097686768 -12.398716604795737
2017.268310546875 -13.742234230042 -13.050080125653492
2017.301147460938 -13.879413604736 -13.739046101493289
2017.333984375 -12.458155632019 -14.442229284937065
2017.366821289062 -16.279117584229 -15.132407758927299
2017.399780273438 -16.237277984619 -15.791710604451755
2017.4326171875 -13.240270614624 -16.412489084019366
2017.498291015625 -18.092119216919 -17.609442270381706
2017.531127929688 -20.988439559937 -18.237986341143934
2017.56396484375 -17.691482543945 -18.891246147229538
2017.596801757812 -18.836761474609 -19.549650876308217
2017.629760742188 -20.5826587677 -20.192201119666816
2017.66259765625 -20.682931900024 -20.780592690833274
2017.695434570312 -20.957220077515 -21.2903028051255
2017.728271484375 -22.52227973938 -21.703707873756436
2017.761108398438 -22.880220413208 -22.01404506070461
2017.7939453125 -24.787370681763 -22.234964350179595
2017.826782226562 -25.283323287964 -22.390698158961357
2017.859741210938 -23.00464630127 -22.49210296077484
2017.892578125 -23.351341247559 -22.53502387458883
2017.925415039062 -25.317501068115 -22.52248781714796
2017.958251953125 -21.423309326172 -22.471357231192982
2017.991088867188 -21.493480682373 -22.412034468267674
2018.024658203125 -21.620071411133 -22.378999373148652
2018.057495117188 -22.130428314209 -22.40007670845055
2018.09033203125 -20.714647293091 -22.50212962911956
2018.123168945312 -20.359201431274 -22.70908117614983
2018.156005859375 -20.15403175354 -23.037223784875984
2018.18896484375 -23.495656967163 -23.50065812282887
2018.221801757812 -20.855627059937 -24.107590063582105
2018.254638671875 -23.385456085205 -24.86217188443021
2018.287475585938 -25.070213317871 -25.75376124521075
2018.3203125 -28.055349349976 -26.769044246252395
2018.353149414062 -25.194858551025 -27.90608742298239
2018.385986328125 -28.105472564697 -29.137198838263263
2018.4189453125 -29.445058822632 -30.404841730331302
2018.451782226562 -30.835014343262 -31.63513113907649
2018.484619140625 -34.141719818115 -32.80020143803665
2018.517456054688 -34.829040527344 -33.90294370140168
2018.55029296875 -37.754280090332 -34.94909605847209
2018.583129882812 -36.545471191406 -35.909654554515676
2018.615966796875 -42.589672088623 -36.7633219199408
2018.64892578125 -40.59171295166 -37.50534039015233
2018.681762695312 -40.479816436768 -38.115038312068116
2018.714599609375 -34.834663391113 -38.569631733613285
2018.747436523438 -40.052165985107 -38.85701110502274
2018.7802734375 -40.426250457764 -39.00503402431277
2018.813110351562 -41.87979888916 -39.011944964365156
2018.845947265625 -42.070682525635 -38.967737835385265
2018.87890625 -38.171276092529 -38.8128711366894
2018.911743164062 -37.962860107422 -38.63225263570365
2018.944580078125 -40.123302459717 -38.47667016805149
2018.977416992188 -34.923137664795 -38.30867774911489
2019.010986328125 -37.059200286865 -38.20518019585873
2019.043823242188 -35.445011138916 -38.03608941488403
2019.109497070312 -38.385444641113 -38.35817202685971
2019.1259765625 -37.555187225342 -38.432427938296996
2019.142333984375 -36.584217071533 -38.75487486107139
2019.175170898438 -38.053104400635 -39.56244337824291
2019.191650390625 -40.528652191162 -40.17891172129681
2019.208129882812 -37.713516235352 -40.87953680968816
2019.224487304688 -40.702297210693 -41.572759607507
2019.240966796875 -40.702781677246 -42.4184451328519
2019.25732421875 -43.013813018799 -43.294115184846646
2019.273803710938 -43.222354888916 -44.14589359367831
2019.290161132812 -47.494499206543 -45.06819626866711
2019.306640625 -46.255229949951 -46.09284336686586
2019.323120117188 -48.126972198486 -47.12634314493821
2019.339477539062 -48.504695892334 -48.1400183603153
2019.35595703125 -48.320625305176 -49.122555284874096
2019.372314453125 -50.34740447998 -50.035378044665535
2019.388793945312 -50.611961364746 -50.891735205734804
2019.405151367188 -50.819511413574 -51.646920041835756
2019.421630859375 -54.402057647705 -52.45390669311642
2019.438110351562 -56.255836486816 -53.22203750363047
2019.454467773438 -54.73558807373 -53.94092919899639
2019.470947265625 -53.814884185791 -54.60218576442252
2019.4873046875 -56.382797241211 -55.172849732413155
2019.503784179688 -50.786167144775 -55.53327711971129
2019.520141601562 -55.182594299316 -55.987970135689466
2019.53662109375 -61.970859527588 -56.386917846221564
2019.569458007812 -61.865543365479 -57.00462261430182
2019.602294921875 -56.864482879639 -57.28290455758584
2019.618774414062 -61.967407226562 -57.40423102830132
2019.635131835938 -58.623794555664 -57.4801612716855
2019.651611328125 -57.252819061279 -57.33204307193539
2019.668090820312 -57.848224639893 -57.288054137503615
2019.71728515625 -56.194133758545 -56.42409564038681
2019.733764648438 -59.018966674805 -55.99200678323024
2019.750122070312 -60.465309143066 -55.368652983571735
2019.7666015625 -55.379901885986 -54.82747852641976
2019.799438476562 -52.284217834473 -53.61883575762685
2019.832275390625 -55.34986114502 -52.425958532006035
2019.865112304688 -51.552936553955 -51.20336245643731
2019.898071289062 -49.030345916748 -49.93608904746905
2019.930908203125 -46.349407196045 -48.6767231265935
2019.963745117188 -45.625675201416 -47.557391178796344
2019.99658203125 -47.662784576416 -46.584161818825024
2020.030151367188 -45.41886138916 -45.488142540239146
2020.06298828125 -41.538639068604 -44.886109246715655
2020.095825195312 -42.306018829346 -44.349865798397126
2020.128662109375 -41.57502746582 -43.981584449988766
2020.161499023438 -41.875972747803 -43.76890986636009
2020.177978515625 -41.745719909668 -43.797652375033486
2020.1943359375 -42.352840423584 -43.67334474589786
2020.227294921875 -42.028392791748 -43.67201804832956
2020.260131835938 -45.873561859131 -43.75819949522014
2020.29296875 -45.308792114258 -43.92774353722679
2020.325805664062 -46.580116271973 -44.20665795405441
2020.358642578125 -43.996906280518 -44.42181470709386
2020.391479492188 -44.619117736816 -44.60891444715184
2020.42431640625 -44.908374786377 -44.74608017258718
2020.457275390625 -43.891315460205 -44.77440532719217
2020.490112304688 -45.867576599121 -44.6849448293389
2020.52294921875 -46.105403900146 -44.54266986909069
2020.555786132812 -44.513202667236 -44.40321680474766
2020.572265625 -43.683547973633 -44.33267926414241
2020.588623046875 -42.787281036377 -44.2609044343978
2020.605102539062 -44.586433410645 -44.20057840051767
2020.621459960938 -46.98653793335 -44.1224053584132
2020.654296875 -36.392036437988 -43.97675722584639
2020.687255859375 -42.946762084961 -43.81562959968974
2020.70361328125 -44.34037399292 -43.72566159045815
2020.720092773438 -41.115245819092 -43.599485832762824
2020.7529296875 -44.210731506348 -43.26602231567309
2020.785766601562 -44.509189605713 -42.77878029759044
2020.818603515625 -43.830093383789 -42.16257861679883
2020.851440429688 -41.644866943359 -41.4850756815046
2020.917236328125 -43.814945220947 -40.24892463423977
2020.950073242188 -44.049129486084 -39.78688233632174
2020.98291015625 -35.133369445801 -39.358697838621616
2021.013671875 -33.980815887451 -38.868815020628105
2021.046508789062 -34.824409484863 -38.34550556693493
2021.079345703125 -36.116283416748 -37.916291360443125
2021.1123046875 -34.454891204834 -37.451330882397386
2021.145141601562 -39.082950592041 -37.09171346943442
2021.177978515625 -38.457183837891 -36.896188405491195
2021.210815429688 -37.734764099121 -36.909889955529
2021.24365234375 -35.216621398926 -36.99167744474507
2021.276489257812 -35.817756652832 -37.42830281839486
2021.309326171875 -37.849044799805 -38.02954815123733
2021.34228515625 -35.865261077881 -38.758619731511075
2021.358642578125 -38.034164428711 -39.30057453955508
2021.391479492188 -33.401302337646 -40.16275307174066
2021.407958984375 -35.957454681396 -40.73098117213641
2021.440795898438 -34.243698120117 -41.69738278385416
2021.4736328125 -42.770095825195 -42.7563270949868
2021.506469726562 -44.186450958252 -43.88991188697729
2021.539306640625 -45.556858062744 -45.06742498004499
2021.572265625 -47.594440460205 -46.14468750023947
2021.605102539062 -52.108699798584 -47.25757383022956
2021.637939453125 -48.448841094971 -48.339774701296555
2021.670776367188 -49.608020782471 -49.3378919442121
2021.736450195312 -55.897556304932 -50.841036393667274
2021.769287109375 -53.197559356689 -51.518591910129615
2021.80224609375 -51.864459991455 -52.04682932821903
2021.835083007812 -60.382545471191 -52.51358155068824
2021.867919921875 -50.491744995117 -52.74769511336479
2021.966430664062 -58.486339569092 -53.468421252987206
2022.0 -55.531352996826 -53.725845036999516
2022.065673828125 -54.88493347168 -54.31581213148996
2022.098510742188 -47.78201675415 -54.55371289390651
2022.197143554688 -52.953754425049 -55.18436893120612
2022.22998046875 -53.07389831543 -55.3759818966337
2022.262817382812 -56.112770080566 -55.56085869280606
2022.295654296875 -54.418975830078 -55.72309894001613
2022.328491210938 -58.521152496338 -55.832914705368275
2022.394287109375 -61.152732849121 -55.79092319452634
2022.558471679688 -54.472919464111 -54.926252309570934
2022.591430664062 -61.086231231689 -54.936159306563766
2022.68994140625 -61.062286376953 -54.7072960315674
2022.722778320312 -58.627510070801 -54.42257275317912
2022.821411132812 -52.662521362305 -52.603800980756354
2022.854248046875 -53.748622894287 -51.89388799332645
2022.887084960938 -48.885730743408 -51.19612709112474
2022.919921875 -49.281795501709 -50.497629254319186
2022.952758789062 -48.778736114502 -49.71475102406682
2022.985595703125 -48.240142822266 -49.01785549122316
2023.019165039062 -46.107070922852 -48.42562483076168
2023.052001953125 -47.713577270508 -47.802402266628064
2023.084838867188 -42.546569824219 -47.47408114791505
2023.11767578125 -45.111099243164 -47.436076545442894
2023.150634765625 -47.958019256592 -47.299319612501755
2023.183471679688 -47.331077575684 -47.34741579563886
2023.21630859375 -45.810485839844 -47.40093251193019
2023.249145507812 -44.120101928711 -47.4611757565235
2023.281982421875 -45.557006835938 -47.5303335136842
2023.314819335938 -46.026424407959 -47.61121269814099
2023.34765625 -47.885944366455 -47.7068500819024
2023.380615234375 -51.361736297607 -47.82063646081494
2023.413452148438 -50.878898620605 -47.95365231579279
2023.4462890625 -48.662578582764 -48.10609664238703
2023.57763671875 -62.582233428955 -48.86906588693962
