2014.804931640625 -0.0 0.541242096164414
2014.837768554688 -3.146593332291 -0.1509659862227941
2014.903442382812 -4.293671131134 -1.5403603536074357
2014.96923828125 -1.233051657677 -2.9383425623994306
2015.03564453125 5.921491622925 -4.354092758403892
2015.101318359375 5.320840358734 -5.757742085195193
2015.265625 3.563819885254 -9.278581439639883
2015.331298828125 -6.493381500244 -10.6870103923356
2015.39697265625 -16.942569732666 -12.094462710733334
2016.021850585938 -15.572491645813 -25.754106470572033
2016.1533203125 -42.103164672852 -29.430944921062657
2016.350463867188 -34.435276031494 -34.26040790307665
2016.416137695312 -38.278167724609 -35.05171850165367
2016.547607421875 -34.790336608887 -36.64245696318856
2016.744750976562 -32.28636932373 -38.29928743370114
2016.777587890625 -44.168395996094 -38.529997506874935
2016.810424804688 -40.822284698486 -38.7574096611986
2016.84326171875 -37.549640655518 -39.0081387683911
2016.876098632812 -39.286945343018 -39.288939615981505
2016.908935546875 -38.381866455078 -39.58075160670792
2016.941772460938 -44.340099334717 -39.890130554747856
2016.974731445312 -45.093414306641 -40.1549790374645
2017.005493164062 -35.311862945557 -40.42248715242327
2017.038330078125 -40.270896911621 -40.683897554344334
2017.071166992188 -37.253707885742 -40.920094613519424
2017.10400390625 -38.39559173584 -41.27586900168732
2017.136840820312 -41.609809875488 -41.74254324667138
2017.169799804688 -43.918827056885 -42.28574048464844
2017.20263671875 -43.26371383667 -42.94672468040515
2017.235473632812 -42.826850891113 -43.79265271709802
2017.268310546875 -40.459358215332 -44.83867636898558
2017.301147460938 -43.737201690674 -46.02900188559972
2017.333984375 -43.802696228027 -47.27819906906429
2017.366821289062 -48.907875061035 -48.525207113536545
2017.399780273438 -52.975105285645 -49.76764603373718
2017.4326171875 -48.316738128662 -50.99960178657962
2017.498291015625 -61.313320159912 -53.41489976063303
2017.531127929688 -58.895713806152 -54.5402435490721
2017.56396484375 -55.14510345459 -55.550602652056945
2017.596801757812 -58.229869842529 -56.39818808784538
2017.629760742188 -58.677791595459 -57.055978701988096
2017.66259765625 -59.016933441162 -57.487203430429474
2017.695434570312 -60.863342285156 -57.68560918785118
2017.728271484375 -61.617008209229 -57.642550964825695
2017.761108398438 -60.130195617676 -57.38894712180556
2017.7939453125 -56.511352539062 -56.97552326622096
2017.826782226562 -55.666828155518 -56.462813874211335
2017.859741210938 -56.197425842285 -55.87488842413095
2017.892578125 -53.820880889893 -55.21862610648878
2017.925415039062 -54.950561523438 -54.50467769759425
2017.958251953125 -56.286151885986 -53.76202035326246
2017.991088867188 -54.972461700439 -53.02193111913469
2018.024658203125 -50.902404785156 -52.310638422955286
2018.057495117188 -46.694152832031 -51.70686356573875
2018.09033203125 -50.277626037598 -51.23621028426525
2018.123168945312 -49.228843688965 -50.95376748297285
2018.156005859375 -49.879760742188 -50.91246863435278
2018.18896484375 -52.278697967529 -51.13310913269518
2018.221801757812 -46.765476226807 -51.6095784705078
2018.254638671875 -46.884159088135 -52.33028120300868
2018.287475585938 -46.428554534912 -53.30067230205841
2018.3203125 -49.789096832275 -54.50749552130272
2018.353149414062 -52.401519775391 -55.925286281065205
2018.385986328125 -53.551147460938 -57.50793973191887
2018.4189453125 -57.399322509766 -59.23762470668054
2018.451782226562 -62.327445983887 -61.08872288306422
2018.484619140625 -63.403846740723 -63.033888026747924
2018.517456054688 -65.154411315918 -65.02709331385616
2018.55029296875 -71.033309936523 -66.97220072406593
2018.583129882812 -73.464424133301 -68.77091870177289
2018.615966796875 -78.045059204102 -70.38383378270673
2018.64892578125 -72.857719421387 -71.80260137883735
2018.681762695312 -75.810348510742 -73.0168982829524
2018.714599609375 -79.015953063965 -74.0233842487944
2018.747436523438 -74.408760070801 -74.81602920422624
2018.7802734375 -75.209365844727 -75.41320510637128
2018.813110351562 -81.881362915039 -75.75621805015442
2018.845947265625 -76.934600830078 -75.9562537597817
2018.87890625 -77.195304870605 -75.95245088969696
2018.911743164062 -76.706207275391 -75.82205945073807
2018.944580078125 -75.188667297363 -75.69567307687579
2018.977416992188 -76.057838439941 -75.50514867202962
2019.010986328125 -73.06583404541 -75.28497177363509
2019.043823242188 -75.330131530762 -74.97762620239925
2019.109497070312 -73.431663513184 -74.51475858233147
2019.1259765625 -72.501747131348 -74.40652470277935
2019.142333984375 -74.710975646973 -74.376840034499
2019.175170898438 -75.335830688477 -74.3608943099192
2019.191650390625 -74.59400177002 -74.42692737994601
2019.208129882812 -74.255989074707 -74.53086063030445
2019.224487304688 -75.163146972656 -74.63206759917517
2019.240966796875 -74.625045776367 -74.80173320186886
2019.25732421875 -72.301170349121 -75.00308716424901
2019.273803710938 -74.424949645996 -75.17965814476663
2019.290161132812 -75.770988464355 -75.3425190088542
2019.306640625 -77.380569458008 -75.60692888177464
2019.323120117188 -73.051651000977 -75.94297855867637
2019.339477539062 -75.995239257812 -76.34427340774427
2019.35595703125 -76.959182739258 -76.80601403993799
2019.372314453125 -76.602760314941 -77.31020094489612
2019.388793945312 -76.77513885498 -77.8574191481672
2019.405151367188 -77.294906616211 -78.45839396410565
2019.421630859375 -78.170623779297 -79.02748626896093
2019.438110351562 -81.115203857422 -79.61240585904245
2019.454467773438 -78.858039855957 -80.19226749155608
2019.470947265625 -84.311965942383 -80.76871932086817
2019.4873046875 -83.15087890625 -81.32724339759409
2019.503784179688 -74.093894958496 -81.79664279987206
2019.520141601562 -82.59644317627 -82.31143553402195
2019.53662109375 -84.849349975586 -82.79353148484692
2019.569458007812 -82.653526306152 -83.59237186466429
2019.602294921875 -89.48169708252 -84.1650057474515
2019.618774414062 -79.834495544434 -84.48046339782198
2019.635131835938 -87.420211791992 -84.76614017677305
2019.651611328125 -86.434898376465 -84.97504903184824
2019.668090820312 -84.831161499023 -85.2022753486626
2019.71728515625 -84.777809143066 -85.74985303147564
2019.733764648438 -84.540412902832 -85.95703034018825
2019.750122070312 -86.644973754883 -86.24055002992975
2019.7666015625 -87.740425109863 -86.52224236998694
2019.799438476562 -88.121383666992 -87.20745297112084
2019.832275390625 -83.762832641602 -87.83333339486491
2019.865112304688 -85.283752441406 -88.43529732410636
2019.898071289062 -89.044769287109 -89.05313118894738
2019.930908203125 -90.404930114746 -89.71746669157547
2019.963745117188 -93.173515319824 -90.48079213104809
2019.99658203125 -94.974220275879 -91.36120223063229
2020.030151367188 -89.823516845703 -92.23518863443458
2020.06298828125 -83.489280700684 -93.16767993657332
2020.095825195312 -85.91276550293 -94.06550222851942
2020.128662109375 -95.979820251465 -94.91781278989234
2020.161499023438 -95.569328308105 -95.71493315441838
2020.177978515625 -94.724639892578 -96.1290213602325
2020.1943359375 -96.242065429688 -96.49916372528534
2020.227294921875 -102.590675354004 -97.32251295727207
2020.260131835938 -100.809898376465 -98.19772945577508
2020.29296875 -97.126419067383 -99.13168284569232
2020.325805664062 -100.503463745117 -100.01696094831928
2020.358642578125 -96.703163146973 -100.79425453857483
2020.391479492188 -103.116622924805 -101.56565501515833
2020.42431640625 -102.393692016602 -102.33164522462032
2020.457275390625 -106.106117248535 -103.09224106829686
2020.490112304688 -102.361289978027 -103.88952826078963
2020.52294921875 -103.773414611816 -104.7508910829426
2020.555786132812 -106.052864074707 -105.62726795689565
2020.572265625 -101.853691101074 -106.04045515077026
2020.588623046875 -105.001136779785 -106.42871441392911
2020.605102539062 -110.363868713379 -106.84126146971624
2020.621459960938 -110.623077392578 -107.2089859238375
2020.654296875 -106.721832275391 -107.96054207619814
2020.687255859375 -108.598831176758 -108.6800451913731
2020.70361328125 -107.59538269043 -109.05133934839223
2020.720092773438 -113.088218688965 -109.35692481474912
2020.7529296875 -111.115295410156 -109.97680481484313
2020.785766601562 -111.050468444824 -110.50218838422249
2020.818603515625 -110.480995178223 -110.8794473275646
2020.851440429688 -110.65453338623 -111.0973723908879
2020.917236328125 -116.704811096191 -111.31949047194956
2020.950073242188 -110.446678161621 -111.44128175138239
2020.98291015625 -115.493225097656 -111.6261968308103
2021.013671875 -112.899169921875 -111.79790543384335
2021.046508789062 -104.033294677734 -111.98339084860615
2021.079345703125 -107.172943115234 -112.21941862701239
2021.1123046875 -105.878791809082 -112.41761271369592
2021.145141601562 -115.371200561523 -112.59476711990645
2021.177978515625 -113.130020141602 -112.765810480563
2021.210815429688 -112.46704864502 -112.96475879138768
2021.24365234375 -112.12907409668 -113.18843182165868
2021.276489257812 -116.609573364258 -113.57216425181346
2021.309326171875 -112.192581176758 -114.03703037622188
2021.34228515625 -116.5732421875 -114.54875787385573
2021.358642578125 -117.421600341797 -114.83320889408071
2021.391479492188 -112.156074523926 -115.37010369750784
2021.407958984375 -115.865943908691 -115.65469226846496
2021.440795898438 -109.978004455566 -116.17065873423809
2021.4736328125 -112.434982299805 -116.68491434956735
2021.506469726562 -119.162330627441 -117.1904397540189
2021.539306640625 -118.929443359375 -117.64516868842259
2021.572265625 -118.002937316895 -117.91459653627349
2021.605102539062 -121.806533813477 -118.23361341728203
2021.637939453125 -120.689460754395 -118.5289275231565
2021.670776367188 -117.970291137695 -118.79002250809906
2021.736450195312 -121.948677062988 -118.93122962570496
2021.769287109375 -122.04337310791 -118.91695977881727
2021.80224609375 -120.141555786133 -118.72754002929955
2021.835083007812 -117.395057678223 -118.52666504991498
2021.867919921875 -115.001029968262 -118.21468974844025
2021.966430664062 -121.045875549316 -117.39757978207132
2022.0 -118.803642272949 -117.1060128257002
2022.065673828125 -114.442016601562 -116.51346071014592
2022.098510742188 -113.390701293945 -116.26353433104742
2022.197143554688 -110.437515258789 -115.91184967727094
2022.22998046875 -117.482200622559 -116.02422905205026
2022.262817382812 -115.930450439453 -116.28221366844951
2022.295654296875 -115.957862854004 -116.6969946710127
2022.328491210938 -112.019134521484 -117.25384320336774
2022.394287109375 -113.43091583252 -118.59879617221496
2022.558471679688 -129.799880981445 -121.77597030445915
2022.591430664062 -112.325302124023 -122.4738461019028
2022.68994140625 -123.349472045898 -124.76299609431007
2022.722778320312 -134.375762939453 -125.74937727242114
2022.821411132812 -131.966293334961 -128.1024243940162
2022.854248046875 -140.352111816406 -128.4875403529761
2022.887084960938 -125.471527099609 -128.77859001802517
2022.919921875 -130.709838867188 -129.0618440374882
2022.952758789062 -131.331634521484 -129.36463503205005
2022.985595703125 -130.091171264648 -129.5790650693029
2023.019165039062 -128.670288085938 -129.72197865319913
2023.052001953125 -128.651672363281 -129.83774590413194
2023.084838867188 -119.370979309082 -129.8377548958828
2023.11767578125 -120.534896850586 -129.8154919966661
2023.150634765625 -131.645935058594 -129.80872988266168
2023.183471679688 -132.953857421875 -129.82100780439137
2023.21630859375 -134.735458374023 -129.91341440237878
2023.249145507812 -125.047607421875 -130.05793174247168
2023.281982421875 -132.205322265625 -130.2231644450026
2023.314819335938 -126.560523986816 -130.3931634007005
2023.34765625 -127.95947265625 -130.5604540358678
2023.380615234375 -129.304931640625 -130.72388482778376
2023.413452148438 -136.599563598633 -130.88373172518993
2023.4462890625 -124.043190002441 -131.04309300777655
2023.57763671875 -135.720016479492 -131.7208266034104
