2014.804931640625 0.0 2.7718407632408764
2014.837768554688 3.026843309402 2.4797800014708296
2014.903442382812 4.073053359985 1.896976410307569
2014.96923828125 1.607723474503 1.3147720024839984
2015.03564453125 -0.851631939411 0.7287475492001758
2015.101318359375 0.023562701419 0.1505908204068132
2015.265625 -5.374938011169 -1.2896122028882437
2015.331298828125 -2.327482461929 -1.8623898783162347
2015.39697265625 -0.926923274994 -2.4331135579127676
2016.021850585938 -4.874885559082 -7.507920775842186
2016.1533203125 -9.116575241089 -8.647547080027737
2016.350463867188 -12.695275306702 -10.243511797318277
2016.416137695312 -8.273118972778 -10.617898291474019
2016.547607421875 -14.52513885498 -11.358551752603148
2016.744750976562 -14.495576858521 -12.206864430943313
2016.777587890625 -13.380522727966 -12.449635698086503
2016.810424804688 -12.197869300842 -12.699005555180888
2016.84326171875 -13.201250076294 -12.953160338262983
2016.876098632812 -12.016309738159 -13.211866295318053
2016.908935546875 -13.449964523315 -13.48679339660225
2016.941772460938 -12.982421875 -13.758318657879244
2016.974731445312 -13.7890625 -14.03089397047651
2017.005493164062 -14.172776222229 -14.284574380944528
2017.038330078125 -14.755418777466 -14.551650982341183
2017.071166992188 -14.281719207764 -14.824309056110296
2017.10400390625 -15.388526916504 -15.076546218967849
2017.136840820312 -15.955611228943 -15.306580517797263
2017.169799804688 -16.088388442993 -15.521515918582061
2017.20263671875 -16.207153320312 -15.708886885859037
2017.235473632812 -16.912136077881 -15.858775376461736
2017.268310546875 -16.601341247559 -15.963462158829522
2017.301147460938 -16.501411437988 -16.025026766687773
2017.333984375 -15.780837059021 -16.055705016874533
2017.366821289062 -16.07533454895 -16.071883859414733
2017.399780273438 -16.7956199646 -16.08434099331593
2017.4326171875 -15.874578475952 -16.101848210926033
2017.498291015625 -15.090304374695 -16.207078678796645
2017.531127929688 -15.219737052917 -16.312838450600303
2017.56396484375 -15.823585510254 -16.45514627976401
2017.596801757812 -15.520324707031 -16.629188599062708
2017.629760742188 -16.490383148193 -16.833481049772793
2017.66259765625 -16.6949634552 -17.073932508504928
2017.695434570312 -16.539194107056 -17.35859713612518
2017.728271484375 -17.1363697052 -17.69383331424869
2017.761108398438 -18.857683181763 -18.062723813050486
2017.7939453125 -19.012359619141 -18.438218822274045
2017.826782226562 -19.181730270386 -18.80194284429677
2017.859741210938 -19.543783187866 -19.148486561519768
2017.892578125 -19.772747039795 -19.46691384817632
2017.925415039062 -19.977895736694 -19.752998007175798
2017.958251953125 -20.126886367798 -20.00096137603838
2017.991088867188 -20.804286956787 -20.206461879053307
2018.024658203125 -20.883378982544 -20.372595867361024
2018.057495117188 -20.778701782227 -20.498706298610305
2018.09033203125 -20.757526397705 -20.595613453168564
2018.123168945312 -21.242034912109 -20.669452196566446
2018.156005859375 -20.689208984375 -20.724566768069863
2018.18896484375 -20.937473297119 -20.765376699010943
2018.221801757812 -20.835531234741 -20.796227780044077
2018.254638671875 -20.787092208862 -20.82221626511813
2018.287475585938 -20.559238433838 -20.849154798186177
2018.3203125 -20.760580062866 -20.884148305831324
2018.353149414062 -19.089330673218 -20.9408330629228
2018.385986328125 -20.83314704895 -21.028334535879193
2018.4189453125 -20.713882446289 -21.150150891538633
2018.451782226562 -21.185676574707 -21.310576561380643
2018.484619140625 -20.992059707642 -21.513207565247594
2018.517456054688 -21.156719207764 -21.756851994831887
2018.55029296875 -21.375511169434 -22.038242647302923
2018.583129882812 -21.801193237305 -22.35288339025909
2018.615966796875 -21.684377670288 -22.692200971460935
2018.64892578125 -23.642404556274 -23.04794936856099
2018.681762695312 -24.428108215332 -23.408014539670617
2018.714599609375 -22.710411071777 -23.766673362314446
2018.747436523438 -24.404150009155 -24.12371037266415
2018.7802734375 -25.087779998779 -24.479373801413846
2018.813110351562 -25.126388549805 -24.817032390560804
2018.845947265625 -25.830562591553 -25.153040523594836
2018.87890625 -25.59080696106 -25.448545949435836
2018.911743164062 -25.813940048218 -25.672538600077324
2018.944580078125 -26.165124893188 -25.885409882912615
2018.977416992188 -26.125804901123 -26.07401174742465
2019.010986328125 -26.310297012329 -26.218040105837954
2019.043823242188 -26.344064712524 -26.34549017275524
2019.109497070312 -26.557586669922 -26.543569939492368
2019.1259765625 -26.734979629517 -26.592499757253318
2019.142333984375 -26.842567443848 -26.628584958277035
2019.175170898438 -26.556127548218 -26.70114275289652
2019.191650390625 -26.840177536011 -26.729979266230615
2019.208129882812 -27.035171508789 -26.757594311766667
2019.224487304688 -26.886690139771 -26.78336019174299
2019.240966796875 -26.711818695068 -26.811957679473018
2019.25732421875 -26.721914291382 -26.844388937924922
2019.273803710938 -26.66522026062 -26.870576834509937
2019.290161132812 -26.525266647339 -26.897448787587436
2019.306640625 -26.760757446289 -26.937932256851493
2019.323120117188 -26.926542282104 -26.971584835341773
2019.339477539062 -27.022994995117 -26.992799896805515
2019.35595703125 -27.143390655518 -26.999791715855974
2019.372314453125 -28.506753921509 -26.991679738512364
2019.388793945312 -26.90106010437 -26.96930240483819
2019.405151367188 -27.59143447876 -26.90390311547441
2019.421630859375 -27.268758773804 -26.872790479378377
2019.438110351562 -27.507244110107 -26.836657444121094
2019.454467773438 -27.161350250244 -26.79493368022589
2019.470947265625 -25.872343063354 -26.746821072275594
2019.4873046875 -26.779388427734 -26.6964474565012
2019.503784179688 -25.560735702515 -26.65729824279076
2019.520141601562 -25.525531768799 -26.60581242623344
2019.53662109375 -26.380205154419 -26.56513465077306
2019.569458007812 -27.547525405884 -26.56368183316377
2019.602294921875 -26.150056838989 -26.673184942943728
2019.618774414062 -26.415674209595 -26.711953386131295
2019.635131835938 -25.165018081665 -26.762004888496477
2019.651611328125 -27.045581817627 -26.849713499047304
2019.668090820312 -24.997638702393 -26.921838294882207
2019.71728515625 -27.702657699585 -27.2099740861711
2019.733764648438 -27.242568969727 -27.314064247076
2019.750122070312 -27.268404006958 -27.42914578517937
2019.7666015625 -27.198165893555 -27.539012961927977
2019.799438476562 -27.721725463867 -27.762950946529703
2019.832275390625 -28.133316040039 -27.980472191730595
2019.865112304688 -28.39542388916 -28.191463070921795
2019.898071289062 -28.350330352783 -28.390903312002493
2019.930908203125 -28.815040588379 -28.577919059868403
2019.963745117188 -28.923257827759 -28.752483757106017
2019.99658203125 -29.157014846802 -28.922397876356367
2020.030151367188 -29.133401870728 -29.10871883828958
2020.06298828125 -29.070041656494 -29.262248047467565
2020.095825195312 -29.330108642578 -29.412241587977455
2020.128662109375 -29.597457885742 -29.559391609798173
2020.161499023438 -29.881645202637 -29.708818149830247
2020.177978515625 -29.68398475647 -29.786401118057693
2020.1943359375 -29.8876953125 -29.85877011148116
2020.227294921875 -29.966711044312 -30.0073897803887
2020.260131835938 -29.906713485718 -30.151311995044587
2020.29296875 -30.348358154297 -30.295034341309965
2020.325805664062 -30.498718261719 -30.4320057711382
2020.358642578125 -30.47186088562 -30.53969831757658
2020.391479492188 -31.26283454895 -30.620639029447673
2020.42431640625 -31.403551101685 -30.682990291219294
2020.457275390625 -30.347450256348 -30.730147832262187
2020.490112304688 -31.216920852661 -30.76028701484479
2020.52294921875 -30.915521621704 -30.774339842723293
2020.555786132812 -31.386734008789 -30.771187750222587
2020.572265625 -27.564891815186 -30.76230555624493
2020.588623046875 -29.280055999756 -30.76122747504049
2020.605102539062 -30.725505828857 -30.755205413385927
2020.621459960938 -30.579439163208 -30.764292477115404
2020.654296875 -30.193159103394 -30.790608764623542
2020.687255859375 -30.83807182312 -30.864359278926056
2020.70361328125 -30.873277664185 -30.89345540061845
2020.720092773438 -30.62633895874 -31.005365124574976
2020.7529296875 -30.182884216309 -31.196881526092504
2020.785766601562 -30.990406036377 -31.419814051005797
2020.818603515625 -30.680360794067 -31.668332150330063
2020.851440429688 -31.875947952271 -31.941333764024105
2020.917236328125 -33.360366821289 -32.546089872984965
2020.950073242188 -32.900424957275 -32.885579081168544
2020.98291015625 -33.05233001709 -33.228552707199654
2021.013671875 -33.439365386963 -33.552271561433336
2021.046508789062 -33.548713684082 -33.898524740489826
2021.079345703125 -34.48503112793 -34.21102462565171
2021.1123046875 -35.115207672119 -34.49830553931405
2021.145141601562 -34.612571716309 -34.74457598193322
2021.177978515625 -35.302242279053 -34.95563496954455
2021.210815429688 -35.829891204834 -35.140821387325445
2021.24365234375 -36.584617614746 -35.37143878471636
2021.276489257812 -35.481426239014 -35.51476725761103
2021.309326171875 -36.183742523193 -35.6248434102022
2021.34228515625 -36.502151489258 -35.7035470122316
2021.358642578125 -36.565994262695 -35.712173780942564
2021.391479492188 -35.300010681152 -35.748359567358115
2021.407958984375 -35.266597747803 -35.74312977451545
2021.440795898438 -34.911388397217 -35.74651413319216
2021.4736328125 -36.134586334229 -35.729743368809835
2021.506469726562 -35.822288513184 -35.70029370922226
2021.539306640625 -36.071666717529 -35.66351219874585
2021.572265625 -35.036262512207 -35.61598054174965
2021.605102539062 -36.780117034912 -35.57119776530992
2021.637939453125 -35.197856903076 -35.531491175373915
2021.670776367188 -35.408908843994 -35.50196474909834
2021.736450195312 -36.713836669922 -35.48513413921788
2021.769287109375 -34.64697265625 -35.47639417324447
2021.80224609375 -35.796562194824 -35.468939801680726
2021.835083007812 -34.352714538574 -35.45953418916809
2021.867919921875 -35.100563049316 -35.467511187336356
2021.966430664062 -35.635089874268 -35.54992653748879
2022.0 -35.743324279785 -35.59747889892945
2022.065673828125 -35.666278839111 -35.662991213478506
2022.098510742188 -34.936771392822 -35.70812104010832
2022.197143554688 -35.785133361816 -35.79593534353619
2022.22998046875 -35.89476776123 -35.807223262013395
2022.262817382812 -36.297039031982 -35.809229275567866
2022.295654296875 -36.415523529053 -35.80452704673177
2022.328491210938 -36.405666351318 -35.793051723488624
2022.394287109375 -35.553802490234 -35.75941155991485
2022.558471679688 -37.071189880371 -35.70726633361026
2022.591430664062 -35.402744293213 -35.683739324056695
2022.68994140625 -34.83568572998 -35.574032822060666
2022.722778320312 -34.802688598633 -35.535997028615974
2022.821411132812 -36.286682128906 -35.48275755232681
2022.854248046875 -34.257572174072 -35.47247122243015
2022.887084960938 -35.869792938232 -35.45527686165469
2022.919921875 -35.302040100098 -35.442763088721044
2022.952758789062 -35.679962158203 -35.44286960243321
2022.985595703125 -36.659297943115 -35.395668851212974
2023.019165039062 -35.969306945801 -35.29533074372236
2023.052001953125 -35.415721893311 -35.215896194411116
2023.084838867188 -35.117721557617 -35.02043188538962
2023.11767578125 -35.136951446533 -34.755598364159624
2023.150634765625 -35.82788848877 -34.526258639960595
2023.183471679688 -34.739391326904 -34.26073388440822
2023.21630859375 -36.449333190918 -33.995692428417236
2023.249145507812 -35.908378601074 -33.728237756594595
2023.281982421875 -33.687816619873 -33.456967024426945
2023.314819335938 -33.422412872314 -33.181158696611995
2023.34765625 -32.294624328613 -32.900293711615575
2023.380615234375 -31.203012466431 -32.612959449007974
2023.413452148438 -32.665641784668 -32.32162645662535
2023.4462890625 -27.329961776733 -32.02622677021027
2023.57763671875 -21.536012649536 -30.816629912202597
