2014.804931640625 -0.0 -2.1884439378842977
2014.837768554688 -7.059766769409 -3.2353404367671748
2014.903442382812 -6.70050573349 -5.331737784880998
2014.96923828125 -8.238278388977 -7.435864094859639
2015.03564453125 1.963668227196 -9.563490964366245
2015.101318359375 -20.821220397949 -11.671372212041545
2015.265625 5.371934890747 -16.958242747397634
2015.331298828125 -17.016218185425 -19.07475935716323
2015.39697265625 -28.126272201538 -21.191493915043594
2016.021850585938 -36.492881774902 -40.994588158518226
2016.1533203125 -48.275798797607 -45.88208142513701
2016.350463867188 -51.645488739014 -52.142676815246595
2016.416137695312 -55.669536590576 -53.960564926177256
2016.547607421875 -61.005443572998 -57.693775906064616
2016.744750976562 -54.020587921143 -62.631303080556485
2016.777587890625 -63.153743743896 -63.45443495872784
2016.810424804688 -66.930793762207 -64.28866428119893
2016.84326171875 -64.478202819824 -64.94183435160012
2016.876098632812 -67.1376953125 -65.37826719108665
2016.908935546875 -65.773681640625 -65.80562263103388
2016.941772460938 -65.89917755127 -66.26289317438307
2016.974731445312 -66.078910827637 -66.74303978303026
2017.005493164062 -66.348693847656 -67.28455394654998
2017.038330078125 -66.704521179199 -67.83064294902944
2017.071166992188 -67.680404663086 -68.39847582219336
2017.10400390625 -66.783004760742 -69.23553431326907
2017.136840820312 -68.16854095459 -70.22985585037527
2017.169799804688 -71.241241455078 -71.31190720987124
2017.20263671875 -71.999145507812 -72.49287105316563
2017.235473632812 -67.996520996094 -73.8171216902998
2017.268310546875 -67.831642150879 -75.29271554631981
2017.301147460938 -75.75178527832 -76.82361245340375
2017.333984375 -73.856239318848 -78.29821851071478
2017.366821289062 -81.473136901855 -79.7167158016906
2017.399780273438 -84.70809173584 -81.13362767032609
2017.4326171875 -77.225791931152 -82.561078701876
2017.498291015625 -98.596572875977 -85.33409714075337
2017.531127929688 -90.020736694336 -86.62777970309826
2017.56396484375 -90.881324768066 -87.82471749903024
2017.596801757812 -89.106437683105 -88.92784026435024
2017.629760742188 -89.013847351074 -89.90369330104238
2017.66259765625 -92.099090576172 -90.62709569302315
2017.695434570312 -92.36661529541 -91.08014051289018
2017.728271484375 -95.86296081543 -91.29469100157279
2017.761108398438 -91.428031921387 -91.34745677150927
2017.7939453125 -92.600578308105 -91.29956978748532
2017.826782226562 -92.831977844238 -91.18615728938387
2017.859741210938 -93.191764831543 -91.01890684832378
2017.892578125 -90.969909667969 -90.78783339409976
2017.925415039062 -90.946823120117 -90.49297712649819
2017.958251953125 -90.055923461914 -90.13646485648815
2017.991088867188 -89.793083190918 -89.75802872101927
2018.024658203125 -88.674819946289 -89.44886703522604
2018.057495117188 -88.520606994629 -89.3076704224866
2018.09033203125 -87.31867980957 -89.32987075538082
2018.123168945312 -86.30207824707 -89.49681318635265
2018.156005859375 -85.140037536621 -89.79486944793673
2018.18896484375 -89.699081420898 -90.21039590787149
2018.221801757812 -87.972793579102 -90.75603785812412
2018.254638671875 -84.89436340332 -91.44970888329874
2018.287475585938 -87.846946716309 -92.31753555751027
2018.3203125 -93.146621704102 -93.3708292945798
2018.353149414062 -94.098602294922 -94.60929810254997
2018.385986328125 -93.04271697998 -96.0095807793413
2018.4189453125 -95.734184265137 -97.54748169155332
2018.451782226562 -98.19059753418 -99.15778870214727
2018.484619140625 -98.163955688477 -100.78918700577228
2018.517456054688 -104.558532714844 -102.41839133817311
2018.55029296875 -107.68953704834 -104.00803041845052
2018.583129882812 -108.338592529297 -105.48136729034964
2018.615966796875 -109.871696472168 -106.79805862859233
2018.64892578125 -108.942924499512 -107.9603223728618
2018.681762695312 -110.218162536621 -108.9717597117124
2018.714599609375 -114.954742431641 -109.8251611404108
2018.747436523438 -112.99976348877 -110.5009646703357
2018.7802734375 -111.859771728516 -111.00984378425979
2018.813110351562 -119.243545532227 -111.31439093942966
2018.845947265625 -114.083793640137 -111.54857609390203
2018.87890625 -112.522193908691 -111.67725243568238
2018.911743164062 -112.346298217773 -111.66537416890193
2018.944580078125 -111.485076904297 -111.60978170481428
2018.977416992188 -111.30696105957 -111.42594410273412
2019.010986328125 -108.968238830566 -111.23179535787875
2019.043823242188 -110.63842010498 -111.00625193555452
2019.109497070312 -110.518180847168 -110.66543530817847
2019.1259765625 -110.184341430664 -110.59442102331255
2019.142333984375 -111.130516052246 -110.59612804540268
2019.175170898438 -110.570465087891 -110.66176262335024
2019.191650390625 -109.853080749512 -110.74711711608482
2019.208129882812 -110.669906616211 -110.8565962882643
2019.224487304688 -110.912010192871 -110.9511244771769
2019.240966796875 -111.054039001465 -111.09774537214456
2019.25732421875 -111.156814575195 -111.26261575306012
2019.273803710938 -110.824409484863 -111.40818716929412
2019.290161132812 -110.226692199707 -111.5723658251647
2019.306640625 -113.205360412598 -111.79805808476266
2019.323120117188 -110.41886138916 -112.0499961849222
2019.339477539062 -111.578025817871 -112.31235009467069
2019.35595703125 -113.94214630127 -112.58027843070704
2019.372314453125 -113.019302368164 -112.85200418253532
2019.388793945312 -114.308219909668 -113.14412995796022
2019.405151367188 -112.617691040039 -113.45950547977485
2019.421630859375 -111.77840423584 -113.77347753722131
2019.438110351562 -114.251258850098 -114.08614041135587
2019.454467773438 -115.719520568848 -114.38825185028976
2019.470947265625 -119.961494445801 -114.68821993114773
2019.4873046875 -113.369117736816 -114.97411821621053
2019.503784179688 -113.693778991699 -115.2194769571314
2019.520141601562 -115.721366882324 -115.4727920124343
2019.53662109375 -119.828964233398 -115.7242161207693
2019.569458007812 -115.85196685791 -116.2246783452368
2019.602294921875 -123.902153015137 -116.77082462806199
2019.618774414062 -116.446647644043 -117.04860684023275
2019.635131835938 -119.374626159668 -117.3095127796965
2019.651611328125 -113.192886352539 -117.55188787165032
2019.668090820312 -117.306266784668 -117.79068214540668
2019.71728515625 -119.145431518555 -118.48286810865358
2019.733764648438 -117.281257629395 -118.71176722850716
2019.750122070312 -119.475318908691 -118.9308502591725
2019.7666015625 -121.882690429688 -119.14956769849898
2019.799438476562 -119.682182312012 -119.5594067746242
2019.832275390625 -117.646369934082 -119.96208386557059
2019.865112304688 -121.326721191406 -120.34100148459036
2019.898071289062 -121.168479919434 -120.70233154236227
2019.930908203125 -121.476928710938 -121.0447987051106
2019.963745117188 -121.324668884277 -121.3584855188931
2019.99658203125 -121.479072570801 -121.64256486176868
2020.030151367188 -121.772819519043 -121.9395518375692
2020.06298828125 -122.436393737793 -122.18464464458165
2020.095825195312 -122.437713623047 -122.42348478779559
2020.128662109375 -122.911911010742 -122.63356675432826
2020.161499023438 -124.00390625 -122.8094889953997
2020.177978515625 -123.123916625977 -122.86027265798046
2020.1943359375 -122.870018005371 -122.94895211858463
2020.227294921875 -123.141555786133 -123.0389999308095
2020.260131835938 -122.466972351074 -123.07524342441819
2020.29296875 -123.444076538086 -123.09493862908633
2020.325805664062 -126.4248046875 -123.07478555856349
2020.358642578125 -121.260612487793 -123.05187042440173
2020.391479492188 -125.226051330566 -123.060901478824
2020.42431640625 -122.601989746094 -123.08636439775803
2020.457275390625 -122.169273376465 -123.11106411582384
2020.490112304688 -121.938972473145 -123.13207512061622
2020.52294921875 -122.210151672363 -123.17390502866455
2020.555786132812 -122.302749633789 -123.27185266772607
2020.572265625 -122.707427978516 -123.38901815789859
2020.588623046875 -126.792098999023 -123.50678088468432
2020.605102539062 -124.299583435059 -123.57887426728527
2020.621459960938 -123.01976776123 -123.70279567121811
2020.654296875 -129.391555786133 -123.92439795765063
2020.687255859375 -119.005180358887 -124.14198466696945
2020.70361328125 -121.665817260742 -124.26575088300191
2020.720092773438 -125.046516418457 -124.31908870454578
2020.7529296875 -126.423057556152 -124.4396627506064
2020.785766601562 -125.247489929199 -124.50385166195865
2020.818603515625 -126.127044677734 -124.52622681623846
2020.851440429688 -124.013442993164 -124.52256219933894
2020.917236328125 -125.284950256348 -124.44685080717325
2020.950073242188 -124.923110961914 -124.37161185888505
2020.98291015625 -123.827941894531 -124.31216252273053
2021.013671875 -124.016807556152 -124.24539788023648
2021.046508789062 -122.072280883789 -124.1882763542069
2021.079345703125 -123.638732910156 -124.20403733949951
2021.1123046875 -124.013725280762 -124.22267246845689
2021.145141601562 -124.492034912109 -124.27912537089776
2021.177978515625 -123.570648193359 -124.36696955901552
2021.210815429688 -124.257514953613 -124.48716146318586
2021.24365234375 -123.088691711426 -124.61012811899764
2021.276489257812 -126.722557067871 -124.82780671295427
2021.309326171875 -126.319152832031 -125.09010787171506
2021.34228515625 -123.738555908203 -125.39382583753539
2021.358642578125 -125.843444824219 -125.5915927483766
2021.391479492188 -123.373420715332 -125.97034765286146
2021.407958984375 -126.458015441895 -126.1932361252201
2021.440795898438 -125.993957519531 -126.6033749505231
2021.4736328125 -124.514656066895 -127.0381823494757
2021.506469726562 -128.292922973633 -127.48501973952852
2021.539306640625 -133.064697265625 -127.91618933989207
2021.572265625 -136.753646850586 -128.30742486854268
2021.605102539062 -136.534545898438 -128.71382662545886
2021.637939453125 -129.702713012695 -129.12685832195885
2021.670776367188 -129.252990722656 -129.53185798220764
2021.736450195312 -130.297729492188 -130.14982160796663
2021.769287109375 -133.543182373047 -130.413685236578
2021.80224609375 -131.485214233398 -130.5414423044562
2021.835083007812 -129.314819335938 -130.62776203886025
2021.867919921875 -131.421112060547 -130.55585545382766
2021.966430664062 -133.587585449219 -130.07343359751772
2022.0 -129.979537963867 -129.8487392190789
2022.065673828125 -134.247924804688 -129.509624677524
2022.098510742188 -127.673439025879 -129.32635626997802
2022.197143554688 -126.409873962402 -128.9215973791066
2022.22998046875 -132.100662231445 -128.87027742977764
2022.262817382812 -127.509696960449 -128.90233959465442
2022.295654296875 -127.062126159668 -129.06294811090737
2022.328491210938 -125.399772644043 -129.39443929172953
2022.394287109375 -128.495178222656 -130.39612231553963
2022.558471679688 -129.997482299805 -133.06724043203002
2022.591430664062 -125.911056518555 -133.58050007360856
2022.68994140625 -124.517936706543 -135.35946377337592
2022.722778320312 -137.654190063477 -136.1090193231755
2022.821411132812 -138.852996826172 -138.54032419124485
2022.854248046875 -140.094711303711 -139.2394347241856
2022.887084960938 -137.920043945312 -139.84677893524423
2022.919921875 -142.991119384766 -140.45684121359955
2022.952758789062 -142.773498535156 -140.95274079828343
2022.985595703125 -144.844299316406 -141.27821514817353
2023.019165039062 -141.382080078125 -141.5643444617808
2023.052001953125 -141.819534301758 -141.87267657440555
2023.084838867188 -141.176116943359 -142.0763985605952
2023.11767578125 -142.500671386719 -142.157138624847
2023.150634765625 -144.640350341797 -142.26639575316204
2023.183471679688 -141.81428527832 -142.2802849908448
2023.21630859375 -142.594757080078 -142.28593646418037
2023.249145507812 -144.87174987793 -142.29320924979072
2023.281982421875 -142.460464477539 -142.30238474727818
2023.314819335938 -141.735717773438 -142.31075461610084
2023.34765625 -142.220657348633 -142.31605535653347
2023.380615234375 -144.340835571289 -142.31701642282272
2023.413452148438 -138.945663452148 -142.31278907244925
2023.4462890625 -136.873077392578 -142.3025076413669
2023.57763671875 -142.75163269043 -142.21449424944453
