2014.804931640625 -0.0 0.6405790230145549
2014.837768554688 -3.734971523285 0.06338665306608761
2014.903442382812 -1.920028567314 -1.094260764746856
2014.96923828125 -2.74146270752 -2.258368383270453
2015.03564453125 0.546382904053 -3.4373912988752173
2015.101318359375 -3.941704750061 -4.6070444751148925
2015.265625 -5.205418586731 -7.545877442632157
2015.331298828125 -8.172587394714 -8.724111518183582
2015.39697265625 -9.663869857788 -9.903626172216363
2016.021850585938 -18.663988113403 -21.106482639850984
2016.1533203125 -25.107694625854 -23.695183914516125
2016.350463867188 -40.536869049072 -27.58950827078056
2016.416137695312 -28.637941360474 -28.545790198322216
2016.547607421875 -32.655567169189 -30.57373184786845
2016.744750976562 -32.816734313965 -33.119591890820196
2016.777587890625 -34.466339111328 -33.404226133101275
2016.810424804688 -35.923625946045 -33.69448028899669
2016.84326171875 -34.450885772705 -33.94039273940334
2016.876098632812 -35.174579620361 -34.04976014562273
2016.908935546875 -34.050838470459 -34.1328573300193
2016.941772460938 -33.339485168457 -34.21997938855409
2016.974731445312 -33.479511260986 -34.3020514949923
2017.005493164062 -33.805988311768 -34.418905230764025
2017.038330078125 -34.493915557861 -34.513913100285656
2017.071166992188 -33.548767089844 -34.60789778128577
2017.10400390625 -33.877277374268 -34.832066372129326
2017.136840820312 -33.464157104492 -35.15517436531496
2017.169799804688 -35.957916259766 -35.553808472442235
2017.20263671875 -35.555233001709 -36.04367928946714
2017.235473632812 -36.346626281738 -36.62678879589886
2017.268310546875 -33.770641326904 -37.284627844445396
2017.301147460938 -35.894550323486 -37.97411508008107
2017.333984375 -38.527297973633 -38.6550848178561
2017.366821289062 -43.032726287842 -39.31764859440288
2017.399780273438 -42.808948516846 -39.959794240436274
2017.4326171875 -39.297821044922 -40.57583782306443
2017.498291015625 -43.372039794922 -41.77204692035952
2017.531127929688 -44.843837738037 -42.36472800016125
2017.56396484375 -43.915748596191 -42.92792083053146
2017.596801757812 -44.336349487305 -43.44461017527443
2017.629760742188 -41.779895782471 -43.91316469336217
2017.66259765625 -44.913887023926 -44.323641837112326
2017.695434570312 -43.683200836182 -44.69263842578647
2017.728271484375 -44.19002532959 -45.03342360476356
2017.761108398438 -45.285842895508 -45.34593512880878
2017.7939453125 -45.040088653564 -45.635406237792765
2017.826782226562 -47.510444641113 -45.91925921138006
2017.859741210938 -47.346542358398 -46.208426861306606
2017.892578125 -46.963745117188 -46.49993702464805
2017.925415039062 -46.88809967041 -46.786053764602045
2017.958251953125 -47.092742919922 -47.05538215494503
2017.991088867188 -47.434474945068 -47.30251865853711
2018.024658203125 -47.630004882812 -47.5385698562091
2018.057495117188 -47.572078704834 -47.75939110021003
2018.09033203125 -47.927021026611 -47.990838151463485
2018.123168945312 -47.910121917725 -48.268312261003366
2018.156005859375 -48.054386138916 -48.623676575645405
2018.18896484375 -48.943592071533 -49.07159679491239
2018.221801757812 -48.170185089111 -49.60681063455681
2018.254638671875 -48.329093933105 -50.22382607466141
2018.287475585938 -49.161994934082 -50.92040447704221
2018.3203125 -51.034236907959 -51.68990523506174
2018.353149414062 -50.083480834961 -52.53060027795595
2018.385986328125 -51.922821044922 -53.442502198253855
2018.4189453125 -53.956386566162 -54.43535072107787
2018.451782226562 -55.429100036621 -55.50223609982463
2018.484619140625 -56.112277984619 -56.63742801759315
2018.517456054688 -57.898780822754 -57.82209687244628
2018.55029296875 -60.909576416016 -59.01646465305603
2018.583129882812 -60.214973449707 -60.17141062762142
2018.615966796875 -60.754661560059 -61.25211165672121
2018.64892578125 -63.065464019775 -62.245480983417515
2018.681762695312 -65.227249145508 -63.149633327906926
2018.714599609375 -66.172904968262 -63.97428789094257
2018.747436523438 -65.872695922852 -64.71263661667805
2018.7802734375 -66.605278015137 -65.37512463101781
2018.813110351562 -68.789672851562 -65.92062499200904
2018.845947265625 -67.22013092041 -66.44781889593405
2018.87890625 -67.625755310059 -66.87382887917975
2018.911743164062 -67.772735595703 -67.10526945490908
2018.944580078125 -67.323028564453 -67.27753832008655
2018.977416992188 -67.980690002441 -67.37398538367843
2019.010986328125 -64.829780578613 -67.4343849401167
2019.043823242188 -67.252174377441 -67.45450340960565
2019.109497070312 -66.95027923584 -67.48471892934262
2019.1259765625 -67.22924041748 -67.48552506464954
2019.142333984375 -68.783218383789 -67.52231182641756
2019.175170898438 -67.423385620117 -67.6400875366222
2019.191650390625 -67.314163208008 -67.73717744442622
2019.208129882812 -68.056289672852 -67.85053015240858
2019.224487304688 -67.978332519531 -67.95384251160432
2019.240966796875 -67.89363861084 -68.08458229126725
2019.25732421875 -67.92115020752 -68.22430260436474
2019.273803710938 -67.815940856934 -68.348079428884
2019.290161132812 -66.980484008789 -68.47579388456008
2019.306640625 -68.686653137207 -68.64480872106208
2019.323120117188 -69.070739746094 -68.83213846221189
2019.339477539062 -69.120796203613 -69.03269166472428
2019.35595703125 -69.728507995605 -69.24674938567645
2019.372314453125 -69.8740234375 -69.47013750654918
2019.388793945312 -69.932098388672 -69.70266311150294
2019.405151367188 -68.659538269043 -69.9287664835337
2019.421630859375 -70.544784545898 -70.16484138572663
2019.438110351562 -69.343940734863 -70.39969618956539
2019.454467773438 -70.963912963867 -70.6291182771078
2019.470947265625 -73.595153808594 -70.85856742824376
2019.4873046875 -70.983276367188 -71.07821522757962
2019.503784179688 -70.210380554199 -71.25110533228631
2019.520141601562 -71.858108520508 -71.4241862920411
2019.53662109375 -71.486633300781 -71.5913622705146
2019.569458007812 -72.885948181152 -71.94147048623593
2019.602294921875 -78.654365539551 -72.3174495573271
2019.618774414062 -72.690757751465 -72.51504232827912
2019.635131835938 -76.299285888672 -72.70854957608566
2019.651611328125 -70.953872680664 -72.91287206000754
2019.668090820312 -71.873947143555 -73.11282894660576
2019.71728515625 -73.686454772949 -73.80394503955996
2019.733764648438 -74.96509552002 -74.03816655064072
2019.750122070312 -71.907752990723 -74.30817911559048
2019.7666015625 -78.686531066895 -74.55189987161843
2019.799438476562 -75.439910888672 -75.08880254123613
2019.832275390625 -72.982833862305 -75.64476133167514
2019.865112304688 -76.58757019043 -76.24877383246023
2019.898071289062 -77.329216003418 -76.89237308081746
2019.930908203125 -77.089630126953 -77.56625429680913
2019.963745117188 -77.737014770508 -78.28911676430376
2019.99658203125 -78.753860473633 -79.03931586575115
2020.030151367188 -79.143180847168 -79.78994633022354
2020.06298828125 -80.373245239258 -80.60351594378469
2020.095825195312 -81.595771789551 -81.42620749314273
2020.128662109375 -82.134300231934 -82.27499266573166
2020.161499023438 -82.731773376465 -83.14249123505948
2020.177978515625 -83.765731811523 -83.57315305969475
2020.1943359375 -83.92155456543 -84.00742548259643
2020.227294921875 -85.029289245605 -84.84373569786882
2020.260131835938 -85.883697509766 -85.60066762434417
2020.29296875 -86.340293884277 -86.32191669965475
2020.325805664062 -89.309455871582 -86.96412990831692
2020.358642578125 -88.143592834473 -87.45044222122434
2020.391479492188 -92.009353637695 -87.91179756028252
2020.42431640625 -90.434478759766 -88.36785851587979
2020.457275390625 -87.761375427246 -88.78536174396424
2020.490112304688 -93.209518432617 -89.13121265828576
2020.52294921875 -89.206283569336 -89.4056288442265
2020.555786132812 -89.889793395996 -89.60169832825613
2020.572265625 -94.059600830078 -89.6628276925596
2020.588623046875 -88.711822509766 -89.71579150574819
2020.605102539062 -91.22289276123 -89.78526308713194
2020.621459960938 -89.748970031738 -89.83040202567449
2020.654296875 -90.037910461426 -89.93121266695712
2020.687255859375 -89.926712036133 -90.02634093455242
2020.70361328125 -90.437843322754 -90.07563459215194
2020.720092773438 -91.197608947754 -90.11505319417448
2020.7529296875 -89.571441650391 -90.18549071475522
2020.785766601562 -89.835472106934 -90.22826015238522
2020.818603515625 -89.106002807617 -90.25540808794985
2020.851440429688 -91.37109375 -90.29051599841046
2020.917236328125 -91.028930664062 -90.44900438427602
2020.950073242188 -90.164459228516 -90.60712283306191
2020.98291015625 -90.834754943848 -90.80191163569016
2021.013671875 -89.502311706543 -90.94362450464381
2021.046508789062 -88.198654174805 -91.16338454640436
2021.079345703125 -90.767654418945 -91.443819240748
2021.1123046875 -91.902488708496 -91.73553503811434
2021.145141601562 -91.953140258789 -92.06471566316284
2021.177978515625 -91.772201538086 -92.43259069161552
2021.210815429688 -92.775184631348 -92.83818480768795
2021.24365234375 -93.224189758301 -93.26060137402443
2021.276489257812 -95.195167541504 -93.75587956101725
2021.309326171875 -93.078468322754 -94.3068066594297
2021.34228515625 -93.148513793945 -94.93863589082598
2021.358642578125 -94.876487731934 -95.34646202845741
2021.391479492188 -97.276191711426 -96.11986221399624
2021.407958984375 -96.06810760498 -96.56860232947552
2021.440795898438 -94.711128234863 -97.37293805518127
2021.4736328125 -94.649085998535 -98.1230240203213
2021.506469726562 -95.442489624023 -98.7964597845533
2021.539306640625 -102.572387695312 -99.4040715544814
2021.572265625 -101.732002258301 -99.86933417480763
2021.605102539062 -103.88875579834 -100.4737968780818
2021.637939453125 -102.862579345703 -101.07717864502149
2021.670776367188 -104.905296325684 -101.66259112660067
2021.736450195312 -103.487197875977 -102.43084531777531
2021.769287109375 -103.043601989746 -102.77009225594924
2021.80224609375 -104.401870727539 -102.87358497531253
2021.835083007812 -103.036064147949 -102.93067224915663
2021.867919921875 -103.413589477539 -102.87972082104415
2021.966430664062 -102.973564147949 -102.74851002079575
2022.0 -102.485992431641 -102.72944212083463
2022.065673828125 -100.992088317871 -102.66095291744892
2022.098510742188 -100.508941650391 -102.67109352309684
2022.197143554688 -102.301666259766 -102.75218104438454
2022.22998046875 -103.235687255859 -102.79618617511805
2022.262817382812 -101.26025390625 -102.85464681625885
2022.295654296875 -102.002487182617 -102.930641341461
2022.328491210938 -105.76619720459 -103.01951732597989
2022.394287109375 -103.067604064941 -103.16944351755338
2022.558471679688 -105.16495513916 -103.40726378465675
2022.591430664062 -112.292633056641 -103.50707570765394
2022.68994140625 -103.410713195801 -103.76169843937883
2022.722778320312 -112.537750244141 -103.80494685727047
2022.821411132812 -106.20613861084 -103.73840607003541
2022.854248046875 -103.404457092285 -103.70467929293048
2022.887084960938 -102.534629821777 -103.68996933518001
2022.919921875 -102.038795471191 -103.66477619867874
2022.952758789062 -102.512702941895 -103.67703000293778
2022.985595703125 -104.619834899902 -103.79402070129075
2023.019165039062 -102.797080993652 -103.96683903685862
2023.052001953125 -103.774909973145 -104.12260261382089
2023.084838867188 -103.880180358887 -104.39525919538788
2023.11767578125 -104.40412902832 -104.76466684400582
2023.150634765625 -104.520278930664 -105.11618697343366
2023.183471679688 -105.123092651367 -105.53050373048276
2023.21630859375 -104.502944946289 -105.95232710108465
2023.249145507812 -106.190414428711 -106.38082695034815
2023.281982421875 -106.659973144531 -106.81667040596966
2023.314819335938 -107.470687866211 -107.26099818253552
2023.34765625 -108.156936645508 -107.7149939190706
2023.380615234375 -112.953468322754 -108.18124887759805
2023.413452148438 -106.048049926758 -108.65641276271339
2023.4462890625 -118.805267333984 -109.14112247209131
2023.57763671875 -118.954040527344 -111.1542774188584
