2014.804931640625 0.0 5.722396878737118
2014.837768554688 3.613632202148 4.994957276185859
2014.903442382812 3.359286308289 3.5385497308426883
2014.96923828125 2.732610940933 2.077393586102342
2015.03564453125 -0.125924736261 0.6006270958987024
2015.101318359375 2.713218212128 -0.861978467971274
2015.265625 -3.865748643875 -4.530403134885642
2015.331298828125 0.815741539001 -6.000198031754408
2015.39697265625 4.81812620163 -7.472016575268659
2016.021850585938 -21.391723632812 -21.316497363540478
2016.1533203125 -23.606344223022 -24.352410988270528
2016.350463867188 -27.433294296265 -29.503115020234876
2016.416137695312 -36.788276672363 -31.23452269119917
2016.547607421875 -35.16215133667 -34.68217932384346
2016.744750976562 -39.313022613525 -40.12851807784719
2016.777587890625 -41.27486038208 -40.99386170869127
2016.810424804688 -41.724193572998 -41.84211123136986
2016.84326171875 -42.499729156494 -42.668182769485945
2016.876098632812 -44.465278625488 -43.477859769247765
2016.908935546875 -44.367446899414 -44.27201192535877
2016.941772460938 -45.36743927002 -45.06630422061649
2016.974731445312 -46.100303649902 -45.84714488788314
2017.005493164062 -47.032299041748 -46.543847275414976
2017.038330078125 -47.594623565674 -47.30270219750687
2017.071166992188 -48.231334686279 -48.04985422949713
2017.10400390625 -48.683734893799 -48.74573607176827
2017.136840820312 -49.384738922119 -49.427887779672254
2017.169799804688 -50.427108764648 -50.108124229925195
2017.20263671875 -50.646339416504 -50.7840032527249
2017.235473632812 -51.527687072754 -51.45440151720934
2017.268310546875 -49.988380432129 -52.114048976101884
2017.301147460938 -53.045612335205 -52.76101957653303
2017.333984375 -52.673118591309 -53.39854204308401
2017.366821289062 -54.265361785889 -54.02445966865634
2017.399780273438 -54.766590118408 -54.64521513315031
2017.4326171875 -56.229923248291 -55.259261339303016
2017.498291015625 -57.350330352783 -56.445555714587584
2017.531127929688 -56.032089233398 -56.99548044910991
2017.56396484375 -58.020812988281 -57.50412186601606
2017.596801757812 -57.974117279053 -57.97207072788818
2017.629760742188 -59.986873626709 -58.40496052420636
2017.66259765625 -58.309898376465 -58.79630298064506
2017.695434570312 -60.563709259033 -59.147917254975546
2017.728271484375 -61.193183898926 -59.46571175312089
2017.761108398438 -60.364459991455 -59.76323298048361
2017.7939453125 -60.242450714111 -60.05518055653283
2017.826782226562 -60.532150268555 -60.344786199595596
2017.859741210938 -60.114547729492 -60.62523468526002
2017.892578125 -60.549266815186 -60.891137098051466
2017.925415039062 -60.561298370361 -61.15536728400353
2017.958251953125 -61.112354278564 -61.433593611670084
2017.991088867188 -61.379558563232 -61.74001841135935
2018.024658203125 -61.717700958252 -62.09299824357472
2018.057495117188 -62.409950256348 -62.48191021920968
2018.09033203125 -62.913028717041 -62.92094302444192
2018.123168945312 -63.127040863037 -63.41630842164102
2018.156005859375 -63.044967651367 -63.961859815793424
2018.18896484375 -64.018775939941 -64.54595971216843
2018.221801757812 -64.260353088379 -65.15621575685076
2018.254638671875 -65.639457702637 -65.79010232583957
2018.287475585938 -65.793495178223 -66.44300508597705
2018.3203125 -67.27938079834 -67.09504442110692
2018.353149414062 -70.134941101074 -67.71624844879922
2018.385986328125 -69.079887390137 -68.29190482139144
2018.4189453125 -69.464324951172 -68.8385503531494
2018.451782226562 -69.736351013184 -69.34772351290115
2018.484619140625 -72.250335693359 -69.81307132120419
2018.517456054688 -71.367416381836 -70.23010474213716
2018.55029296875 -72.860633850098 -70.59744890007607
2018.583129882812 -73.840728759766 -70.90568516440932
2018.615966796875 -71.45622253418 -71.14785725121357
2018.64892578125 -72.080627441406 -71.32607201622544
2018.681762695312 -71.745887756348 -71.45383708040298
2018.714599609375 -68.872817993164 -71.54060130937104
2018.747436523438 -72.009490966797 -71.56176899236128
2018.7802734375 -72.119018554688 -71.51461007782582
2018.813110351562 -71.897796630859 -71.42872735513915
2018.845947265625 -71.677017211914 -71.34230584426516
2018.87890625 -70.81908416748 -71.25851747780467
2018.911743164062 -70.21760559082 -71.2058471326872
2018.944580078125 -71.107345581055 -71.14325358087908
2018.977416992188 -70.528663635254 -71.09577254144904
2019.010986328125 -70.270294189453 -71.12256064493167
2019.043823242188 -70.634300231934 -71.14010647700012
2019.109497070312 -71.60311126709 -71.4570926145131
2019.1259765625 -71.14476776123 -71.55075233628884
2019.142333984375 -71.360237121582 -71.70313082861134
2019.175170898438 -71.651489257812 -72.04363395450544
2019.191650390625 -71.915451049805 -72.27772489835996
2019.208129882812 -71.712326049805 -72.53967316936459
2019.224487304688 -72.561592102051 -72.79317209993476
2019.240966796875 -73.197227478027 -73.10242011320732
2019.25732421875 -73.152526855469 -73.42663547070809
2019.273803710938 -73.410530090332 -73.7404016173268
2019.290161132812 -73.873458862305 -74.07885218997608
2019.306640625 -74.704719543457 -74.45266746542896
2019.323120117188 -75.02352142334 -74.820315256217
2019.339477539062 -75.049743652344 -75.17382561953434
2019.35595703125 -75.79727935791 -75.51410953449928
2019.372314453125 -75.614250183105 -75.83318229908957
2019.388793945312 -76.714225769043 -76.13715858495826
2019.405151367188 -77.544281005859 -76.39929199218295
2019.421630859375 -76.567268371582 -76.68461350276561
2019.438110351562 -77.829200744629 -76.9538862441692
2019.454467773438 -76.992370605469 -77.2058178996832
2019.470947265625 -76.660331726074 -77.45269665346231
2019.4873046875 -78.474952697754 -77.69895619662863
2019.503784179688 -77.402740478516 -77.9629337352146
2019.520141601562 -76.958862304688 -78.20846978685934
2019.53662109375 -82.301193237305 -78.44258399182348
2019.569458007812 -80.608596801758 -78.8372190015292
2019.602294921875 -77.569389343262 -79.1018040877038
2019.618774414062 -81.254417419434 -79.24566637717116
2019.635131835938 -80.179748535156 -79.3920401658935
2019.651611328125 -80.008583068848 -79.46424876438444
2019.668090820312 -80.656707763672 -79.59524810802161
2019.71728515625 -80.428184509277 -79.73530591963788
2019.733764648438 -79.044563293457 -79.72552057314128
2019.750122070312 -80.902549743652 -79.63764828744912
2019.7666015625 -79.363998413086 -79.57011659160128
2019.799438476562 -79.133079528809 -79.3556516774746
2019.832275390625 -80.173034667969 -79.12655030085521
2019.865112304688 -79.00333404541 -78.8793771625331
2019.898071289062 -78.570724487305 -78.61656718450595
2019.930908203125 -78.335807800293 -78.34837060408226
2019.963745117188 -78.035652160645 -78.08494111968972
2019.99658203125 -77.734100341797 -77.82761971089069
2020.030151367188 -77.327049255371 -77.55622791446476
2020.06298828125 -77.07063293457 -77.32425176020186
2020.095825195312 -77.013916015625 -77.1151011800274
2020.128662109375 -76.705055236816 -76.95280843533277
2020.161499023438 -76.490310668945 -76.84073681914255
2020.177978515625 -76.493782043457 -76.8273039008926
2020.1943359375 -76.537216186523 -76.76809959468238
2020.227294921875 -75.971237182617 -76.73533293638778
2020.260131835938 -76.210182189941 -76.76452752132596
2020.29296875 -75.795333862305 -76.83466576005505
2020.325805664062 -77.941909790039 -76.9695425226939
2020.358642578125 -76.486343383789 -77.20425873943401
2020.391479492188 -77.871246337891 -77.46646433258361
2020.42431640625 -76.839393615723 -77.74226177117387
2020.457275390625 -75.208564758301 -78.05346475740237
2020.490112304688 -76.245750427246 -78.40471089923732
2020.52294921875 -79.04517364502 -78.7754061808124
2020.555786132812 -79.515884399414 -79.16222671334455
2020.572265625 -78.222915649414 -79.38017623656955
2020.588623046875 -78.703125 -79.59589523856089
2020.605102539062 -80.457527160645 -79.79147122757036
2020.621459960938 -81.130836486816 -80.01202309451486
2020.654296875 -78.851058959961 -80.44079833663329
2020.687255859375 -80.580375671387 -80.84290412074937
2020.70361328125 -81.887344360352 -81.04684346474127
2020.720092773438 -82.123748779297 -81.16486453572283
2020.7529296875 -81.559211730957 -81.40286619653462
2020.785766601562 -82.362411499023 -81.58149917445188
2020.818603515625 -82.251220703125 -81.72650594176696
2020.851440429688 -83.402450561523 -81.84838845970269
2020.917236328125 -83.09521484375 -81.98623194569662
2020.950073242188 -81.903701782227 -81.9853393699381
2020.98291015625 -81.933097839355 -81.96049306039754
2021.013671875 -81.848937988281 -81.94447153439427
2021.046508789062 -81.343338012695 -81.86723946566177
2021.079345703125 -81.605926513672 -81.76367170154673
2021.1123046875 -82.033210754395 -81.65369683198638
2021.145141601562 -81.866218566895 -81.54048629721763
2021.177978515625 -81.674476623535 -81.4309886188924
2021.210815429688 -81.735176086426 -81.33216063049416
2021.24365234375 -80.876823425293 -81.23964212424912
2021.276489257812 -80.688064575195 -81.15816882658778
2021.309326171875 -80.579559326172 -81.11474231599762
2021.34228515625 -81.212211608887 -81.13591639496119
2021.358642578125 -81.580696105957 -81.2147297273559
2021.391479492188 -78.745452880859 -81.30465836063837
2021.407958984375 -80.198768615723 -81.39505659290164
2021.440795898438 -79.28099822998 -81.51079189110209
2021.4736328125 -77.855781555176 -81.65540333300741
2021.506469726562 -81.470893859863 -81.83333174430243
2021.539306640625 -79.137519836426 -82.04002698940069
2021.572265625 -82.03044128418 -82.31433979509202
2021.605102539062 -82.956169128418 -82.54535622666909
2021.637939453125 -82.02661895752 -82.78683768431841
2021.670776367188 -83.578628540039 -83.03546295108715
2021.736450195312 -83.075424194336 -83.4971182363677
2021.769287109375 -84.958572387695 -83.71590179155564
2021.80224609375 -84.40892791748 -83.90310321095565
2021.835083007812 -84.811584472656 -84.08818544194017
2021.867919921875 -84.534553527832 -84.2410495428459
2021.966430664062 -84.585342407227 -84.68222802940518
2022.0 -84.639602661133 -84.81874006972589
2022.065673828125 -85.603332519531 -85.0980461930584
2022.098510742188 -83.765106201172 -85.19961189701367
2022.197143554688 -85.711906433105 -85.40651317368602
2022.22998046875 -85.91429901123 -85.46137752868646
2022.262817382812 -85.233367919922 -85.50907860877268
2022.295654296875 -85.947334289551 -85.54353574774755
2022.328491210938 -87.364517211914 -85.55605647765783
2022.394287109375 -86.41325378418 -85.51175979657272
2022.558471679688 -84.100891113281 -85.260792155529
2022.591430664062 -85.674087524414 -85.2171634127011
2022.68994140625 -88.305274963379 -84.97135504686933
2022.722778320312 -86.859336853027 -84.85510327938485
2022.821411132812 -84.01611328125 -84.41701242538923
2022.854248046875 -84.929000854492 -84.24350541942135
2022.887084960938 -84.550628662109 -84.04895197517419
2022.919921875 -84.495819091797 -83.8806348955995
2022.952758789062 -83.823539733887 -83.67184234952532
2022.985595703125 -83.244987487793 -83.36421041964884
2023.019165039062 -83.033821105957 -83.03224512297349
2023.052001953125 -82.660827636719 -82.70794449823626
2023.084838867188 -82.196350097656 -82.38312447762544
2023.11767578125 -82.136833190918 -82.05022360177391
2023.150634765625 -81.756462097168 -81.7153556019649
2023.183471679688 -81.415863037109 -81.37147410972702
2023.21630859375 -81.137222290039 -81.01897081583733
2023.249145507812 -80.210304260254 -80.66169945862497
2023.281982421875 -80.467964172363 -80.30268607486552
2023.314819335938 -80.113143920898 -79.94340764008633
2023.34765625 -80.18106842041 -79.58441681654584
2023.380615234375 -79.963500976562 -79.2244346544323
2023.413452148438 -77.649513244629 -78.86579890436212
2023.4462890625 -78.630157470703 -78.50666764363848
2023.57763671875 -76.704986572266 -77.06080143845502
