2014.804931640625 -0.0 0.8751469242800443
2014.837768554688 -3.835110187531 -0.3757227426198532
2014.903442382812 -1.968611001968 -2.878853804287556
2014.96923828125 -4.656718730927 -5.388032054080362
2015.03564453125 7.180889606476 -7.921524948380571
2015.101318359375 -17.525825500488 -10.427964508255041
2015.265625 11.893016815186 -16.702304503999542
2015.331298828125 -11.645722389221 -19.21161719777719
2015.39697265625 -28.835788726807 -21.721798265753513
2016.021850585938 -38.153182983398 -45.817898911336435
2016.1533203125 -50.73352432251 -51.16696516177677
2016.350463867188 -66.845230102539 -58.73654461436696
2016.416137695312 -70.527656555176 -61.084743554743966
2016.547607421875 -74.107818603516 -65.99750216707557
2016.744750976562 -71.932418823242 -74.83117862363012
2016.777587890625 -76.377044677734 -75.30138637325221
2016.810424804688 -78.878593444824 -75.77959537208827
2016.84326171875 -75.404022216797 -76.26699926614626
2016.876098632812 -80.611976623535 -76.74862294574447
2016.908935546875 -76.896873474121 -77.28554178967276
2016.941772460938 -76.80256652832 -77.86497525532333
2016.974731445312 -77.055381774902 -78.45648902383452
2017.005493164062 -78.000900268555 -79.08250997102243
2017.038330078125 -78.753196716309 -79.70143678924181
2017.071166992188 -79.533905029297 -80.31618984720335
2017.10400390625 -80.42790222168 -81.16401621770767
2017.136840820312 -80.256202697754 -82.17340423611637
2017.169799804688 -82.897674560547 -83.29517497118037
2017.20263671875 -84.304351806641 -84.52357811605462
2017.235473632812 -81.843193054199 -85.87467434921092
2017.268310546875 -86.758399963379 -87.3630699734224
2017.301147460938 -87.085113525391 -88.97170648057437
2017.333984375 -87.125831604004 -90.6434277263984
2017.366821289062 -94.438415527344 -92.32800561120841
2017.399780273438 -97.82186126709 -94.01084816556929
2017.4326171875 -90.849670410156 -95.64633192655029
2017.498291015625 -105.318283081055 -98.68269577921994
2017.531127929688 -105.430229187012 -100.11100654379601
2017.56396484375 -101.228515625 -101.50202290280912
2017.596801757812 -106.106826782227 -102.83947699414907
2017.629760742188 -106.384124755859 -104.03778864557479
2017.66259765625 -107.63916015625 -104.94820339541157
2017.695434570312 -108.520492553711 -105.53236822533788
2017.728271484375 -107.234878540039 -105.82060895461568
2017.761108398438 -104.992706298828 -105.92826743682313
2017.7939453125 -106.015235900879 -105.94171290292003
2017.826782226562 -106.43970489502 -105.9021873626484
2017.859741210938 -106.936103820801 -105.81712299689245
2017.892578125 -105.319221496582 -105.68761580389861
2017.925415039062 -105.167747497559 -105.53512744932544
2017.958251953125 -105.252777099609 -105.3969437232064
2017.991088867188 -104.81697845459 -105.30798851138958
2018.024658203125 -104.864051818848 -105.36632820144744
2018.057495117188 -104.660232543945 -105.65185024388117
2018.09033203125 -104.686248779297 -106.15509670910443
2018.123168945312 -104.448204040527 -106.88167299601679
2018.156005859375 -101.770454406738 -107.81069765731229
2018.18896484375 -106.754020690918 -108.89837489016993
2018.221801757812 -105.497024536133 -110.09932487074119
2018.254638671875 -104.045593261719 -111.39855754270981
2018.287475585938 -106.677299499512 -112.8042652634479
2018.3203125 -113.512298583984 -114.3213517363352
2018.353149414062 -113.815620422363 -115.96342769233766
2018.385986328125 -113.159217834473 -117.74953684634356
2018.4189453125 -120.353126525879 -119.70004131690924
2018.451782226562 -121.761032104492 -121.74964318151707
2018.484619140625 -123.750076293945 -123.80732992068609
2018.517456054688 -127.202774047852 -125.80782702146362
2018.55029296875 -131.057006835938 -127.7154379299197
2018.583129882812 -130.554672241211 -129.5025247230002
2018.615966796875 -134.186477661133 -131.16671288263547
2018.64892578125 -134.79736328125 -132.7070071234871
2018.681762695312 -134.792739868164 -134.10237892251325
2018.714599609375 -138.121154785156 -135.35765480676912
2018.747436523438 -137.357879638672 -136.48429692056726
2018.7802734375 -136.703964233398 -137.49254704372828
2018.813110351562 -142.472213745117 -138.3499168085271
2018.845947265625 -139.793075561523 -139.13828297558354
2018.87890625 -140.583221435547 -139.83128460958326
2018.911743164062 -140.891464233398 -140.44014013865703
2018.944580078125 -140.867904663086 -141.04717544628386
2018.977416992188 -141.689651489258 -141.62474650866392
2019.010986328125 -140.942779541016 -142.21836822094127
2019.043823242188 -142.451812744141 -142.74969851959136
2019.109497070312 -143.809692382812 -143.87195682042693
2019.1259765625 -142.628646850586 -144.16626127455402
2019.142333984375 -145.357620239258 -144.49307968793403
2019.175170898438 -144.791656494141 -145.18418818319824
2019.191650390625 -146.195205688477 -145.55454062537396
2019.208129882812 -146.790618896484 -145.93998528570435
2019.224487304688 -146.117263793945 -146.32089605667215
2019.240966796875 -147.051300048828 -146.7292099511641
2019.25732421875 -147.444519042969 -147.1459293138908
2019.273803710938 -145.815536499023 -147.5530335764914
2019.290161132812 -145.901184082031 -147.94808931350005
2019.306640625 -150.684036254883 -148.37468193309917
2019.323120117188 -146.323776245117 -148.81631258457077
2019.339477539062 -148.808090209961 -149.26382104117178
2019.35595703125 -150.98030090332 -149.7203397246648
2019.372314453125 -150.248596191406 -150.1775849603361
2019.388793945312 -151.656112670898 -150.64438197963
2019.405151367188 -151.598693847656 -151.05317090150658
2019.421630859375 -148.987503051758 -151.46705062716845
2019.438110351562 -153.217224121094 -151.83783431032657
2019.454467773438 -153.373809814453 -152.13284926565126
2019.470947265625 -153.358551025391 -152.3497645715761
2019.4873046875 -153.583526611328 -152.47875654070953
2019.503784179688 -152.725494384766 -152.37743117840137
2019.520141601562 -152.497207641602 -152.35362830047808
2019.53662109375 -155.870162963867 -152.26058544054385
2019.569458007812 -151.532150268555 -151.90292071061776
2019.602294921875 -155.361938476562 -151.4439971557642
2019.618774414062 -150.684005737305 -151.244828721459
2019.635131835938 -154.243194580078 -151.02635955921033
2019.651611328125 -147.422790527344 -150.78134739842403
2019.668090820312 -148.142837524414 -150.52990727176282
2019.71728515625 -149.241729736328 -149.77818505721572
2019.733764648438 -149.174194335938 -149.52811238204103
2019.750122070312 -148.798080444336 -149.31518030443954
2019.7666015625 -153.313049316406 -149.08078000909995
2019.799438476562 -149.621810913086 -148.6715455186825
2019.832275390625 -144.890686035156 -148.29541948800227
2019.865112304688 -148.287353515625 -147.98622240138874
2019.898071289062 -147.647399902344 -147.75061947278786
2019.930908203125 -147.527801513672 -147.58019786009183
2019.963745117188 -146.032043457031 -147.48476440908829
2019.99658203125 -146.861419677734 -147.40621765342266
2020.030151367188 -145.981292724609 -147.26458161269855
2020.06298828125 -147.012969970703 -147.28278597105043
2020.095825195312 -147.666168212891 -147.3270461586473
2020.128662109375 -147.976104736328 -147.41701610489704
2020.161499023438 -147.25341796875 -147.52907677235046
2020.177978515625 -147.775283813477 -147.5813751898114
2020.1943359375 -147.202774047852 -147.64178735883874
2020.227294921875 -147.895721435547 -147.7354863117929
2020.260131835938 -147.210113525391 -147.78072599621072
2020.29296875 -148.179595947266 -147.79881062777883
2020.325805664062 -150.855026245117 -147.75129247896555
2020.358642578125 -147.091430664062 -147.55860305817149
2020.391479492188 -151.430816650391 -147.31261940009145
2020.42431640625 -147.240447998047 -147.02341847022495
2020.457275390625 -146.089126586914 -146.5858749694245
2020.490112304688 -151.323959350586 -145.95998522489907
2020.52294921875 -146.176498413086 -145.18695104568548
2020.555786132812 -145.709777832031 -144.2825606560556
2020.572265625 -150.417556762695 -143.70283959255397
2020.588623046875 -143.459136962891 -143.1063426153893
2020.605102539062 -143.661148071289 -142.6377681640349
2020.621459960938 -148.498016357422 -142.00092224442014
2020.654296875 -144.000915527344 -140.7955567520771
2020.687255859375 -137.793273925781 -139.49462672420685
2020.70361328125 -136.612091064453 -138.84110493020978
2020.720092773438 -138.900451660156 -138.1260201385811
2020.7529296875 -137.608001708984 -136.71175819781797
2020.785766601562 -136.100463867188 -135.27546622738444
2020.818603515625 -132.982391357422 -133.84584003453816
2020.851440429688 -131.094055175781 -132.43819200275155
2020.917236328125 -130.093841552734 -129.78427345808217
2020.950073242188 -128.13330078125 -128.62694009493845
2020.98291015625 -127.118530273438 -127.54170119828329
2021.013671875 -125.623680114746 -126.45388845675603
2021.046508789062 -121.046768188477 -125.45549258962856
2021.079345703125 -123.795524597168 -124.68779783750948
2021.1123046875 -122.403312683105 -123.96236733846679
2021.145141601562 -122.384742736816 -123.34925537899231
2021.177978515625 -121.900512695312 -122.82954039578912
2021.210815429688 -121.952590942383 -122.41094457340324
2021.24365234375 -119.443534851074 -121.95315720181917
2021.276489257812 -121.232757568359 -121.83111167383336
2021.309326171875 -121.252197265625 -121.896757397506
2021.34228515625 -120.599487304688 -122.12901233266767
2021.358642578125 -122.640045166016 -122.38174916168062
2021.391479492188 -122.418968200684 -122.82140357516221
2021.407958984375 -121.589866638184 -123.14247640484278
2021.440795898438 -118.493644714355 -123.68791325577017
2021.4736328125 -120.57640838623 -124.28135716546524
2021.506469726562 -124.399719238281 -124.90230182961442
2021.539306640625 -129.632171630859 -125.53467258163424
2021.572265625 -129.663772583008 -126.1734255165765
2021.605102539062 -133.233688354492 -126.82815847944987
2021.637939453125 -125.430000305176 -127.46963820164592
2021.670776367188 -130.970962524414 -128.05551289357018
2021.736450195312 -125.178100585938 -128.80747291453784
2021.769287109375 -131.578659057617 -129.12834292983408
2021.80224609375 -131.127044677734 -129.25263680097257
2021.835083007812 -130.882476806641 -129.35296717395053
2021.867919921875 -131.813720703125 -129.21950440834797
2021.966430664062 -130.860336303711 -128.3926983220891
2022.0 -127.74382019043 -127.90830759688161
2022.065673828125 -130.441268920898 -127.10425405224002
2022.098510742188 -126.563636779785 -126.62432285706925
2022.197143554688 -124.406097412109 -125.41870370694316
2022.22998046875 -127.32502746582 -125.01827715659098
2022.262817382812 -121.935134887695 -124.63815161949279
2022.295654296875 -122.884162902832 -124.33915471726907
2022.328491210938 -118.143333435059 -124.20738688105592
2022.394287109375 -120.351623535156 -124.36642593895175
2022.558471679688 -125.161499023438 -124.80398283918777
2022.591430664062 -100.498641967773 -124.80615334074523
2022.68994140625 -116.985977172852 -125.25498901108982
2022.722778320312 -136.135314941406 -125.57517302956929
2022.821411132812 -125.403450012207 -126.61898783537303
2022.854248046875 -127.283081054688 -126.90665435270995
2022.887084960938 -124.034271240234 -127.17032351980374
2022.919921875 -128.938491821289 -127.41556826068839
2022.952758789062 -131.621795654297 -127.69950962181221
2022.985595703125 -129.138702392578 -128.0281137535999
2023.019165039062 -127.911010742188 -128.3785903438864
2023.052001953125 -127.877754211426 -128.73123312651077
2023.084838867188 -128.346694946289 -129.0891893101933
2023.11767578125 -129.948852539062 -129.43639773397774
2023.150634765625 -131.32014465332 -129.77330936536077
2023.183471679688 -128.245315551758 -130.09930026429382
2023.21630859375 -128.107421875 -130.4595236926404
2023.249145507812 -131.28205871582 -130.85017417895315
2023.281982421875 -131.379928588867 -131.25919148460912
2023.314819335938 -132.084625244141 -131.6783307462426
2023.34765625 -132.18864440918 -132.1029913138205
2023.380615234375 -136.067855834961 -132.5323251307205
2023.413452148438 -128.674911499023 -132.9617815568455
2023.4462890625 -130.849411010742 -133.39174979535153
2023.57763671875 -138.438110351562 -135.1333397409466
