2014.804931640625	0.000000000000	0.000000000000
2014.837768554688	6.312417507172	0.633439421654
2014.903442382812	6.383033275604	1.085284709930
2014.969238281250	2.716873168945	0.542079865932
2015.035644531250	-0.208795890212	0.754055917263
2015.101318359375	-3.190046072006	0.976853668690
2015.265625000000	-8.278334617615	1.048430442810
2015.331298828125	-8.168457984924	1.858716487885
2015.396972656250	-7.303361415863	2.454429626465
2016.021850585938	-16.223463058472	1.647769212723
2016.153320312500	-19.290090560913	1.857870459557
2016.350463867188	-19.452363967896	1.541890501976
2016.416137695312	-16.856870651245	1.263210892677
2016.547607421875	-23.286298751831	1.659170150757
2016.744750976562	-24.016651153564	1.595192313194
2016.777587890625	-23.651449203491	1.756317615509
2016.810424804688	-22.377569198608	1.692199826241
2016.843261718750	-23.530122756958	1.622396826744
2016.876098632812	-23.658599853516	1.694583535194
2016.908935546875	-24.723287582397	1.641827583313
2016.941772460938	-25.273344039917	1.612079143524
2016.974731445312	-25.840364456177	1.650213241577
2017.005493164062	-26.890789031982	1.638149261475
2017.038330078125	-27.743352890015	1.646345376968
2017.071166992188	-28.180057525635	1.844878315926
2017.104003906250	-29.407407760620	1.713055253029
2017.136840820312	-30.720602035522	1.809881567955
2017.169799804688	-31.640558242798	1.823900580406
2017.202636718750	-31.758695602417	1.866155624390
2017.235473632812	-32.792869567871	1.796657323837
2017.268310546875	-33.876914978027	1.893199801445
2017.301147460938	-34.731201171875	1.990947723389
2017.333984375000	-33.264503479004	1.916623711586
2017.366821289062	-34.226421356201	1.897003412247
2017.399780273438	-35.785789489746	1.971851587296
2017.432617187500	-36.756767272949	1.990843653679
2017.498291015625	-36.571792602539	2.141634702682
2017.531127929688	-35.063861846924	2.120704412460
2017.563964843750	-35.902568817139	2.179085016251
2017.596801757812	-35.655590057373	2.177824020386
2017.629760742188	-38.699268341064	2.363171339035
2017.662597656250	-35.627750396729	2.279422283173
2017.695434570312	-36.040767669678	2.341633319855
2017.728271484375	-36.294013977051	2.350180387497
2017.761108398438	-37.634601593018	2.334853649139
2017.793945312500	-37.700874328613	2.358324527740
2017.826782226562	-38.758502960205	2.434339046478
2017.859741210938	-38.025474548340	2.449074268341
2017.892578125000	-39.341922760010	2.494088888168
2017.925415039062	-39.670219421387	2.465986013412
2017.958251953125	-40.368785858154	2.561045408249
2017.991088867188	-41.211582183838	2.597542762756
2018.024658203125	-41.554767608643	2.573944568634
2018.057495117188	-41.842842102051	2.701782703400
2018.090332031250	-41.899482727051	2.657184362411
2018.123168945312	-42.451778411865	2.624162435532
2018.156005859375	-42.318687438965	2.662798881531
2018.188964843750	-42.966854095459	2.640219926834
2018.221801757812	-43.191093444824	2.675883054733
2018.254638671875	-43.929328918457	2.648721218109
2018.287475585938	-43.490806579590	2.614320755005
2018.320312500000	-43.186157226562	2.608260631561
2018.353149414062	-42.331783294678	2.540358781815
2018.385986328125	-43.945220947266	2.645494461060
2018.418945312500	-43.348087310791	2.653274059296
2018.451782226562	-42.676612854004	2.593244552612
2018.484619140625	-43.155979156494	2.649198770523
2018.517456054688	-42.800098419189	2.609723567963
2018.550292968750	-42.363018035889	2.652171134949
2018.583129882812	-43.678424835205	2.646678209305
2018.615966796875	-41.874755859375	2.706441402435
2018.648925781250	-45.161277770996	2.765127897263
2018.681762695312	-45.733612060547	2.800508737564
2018.714599609375	-40.675071716309	2.856966018677
2018.747436523438	-45.146514892578	2.752189636230
2018.780273437500	-46.402317047119	2.743474960327
2018.813110351562	-47.296382904053	2.782054424286
2018.845947265625	-47.502330780029	2.756095647812
2018.878906250000	-46.807682037354	2.750658750534
2018.911743164062	-47.519493103027	2.750507354736
2018.944580078125	-48.930301666260	2.720065355301
2018.977416992188	-49.134449005127	2.737287282944
2019.010986328125	-50.108142852783	2.651657581329
2019.043823242188	-51.069274902344	2.723330259323
2019.109497070312	-53.031021118164	2.773774147034
2019.125976562500	-53.131469726562	2.722918033600
2019.142333984375	-53.371517181396	2.731235027313
2019.175170898438	-54.087131500244	2.765362024307
2019.191650390625	-54.577854156494	2.784639358521
2019.208129882812	-55.050350189209	2.798501729965
2019.224487304688	-55.333980560303	2.822971105576
2019.240966796875	-55.421691894531	2.851676702499
2019.257324218750	-55.676246643066	2.808255195618
2019.273803710938	-55.836841583252	2.816315412521
2019.290161132812	-55.719959259033	2.835014820099
2019.306640625000	-56.182880401611	2.861048698425
2019.323120117188	-56.390956878662	2.899114131927
2019.339477539062	-56.357517242432	2.922063112259
2019.355957031250	-56.883552551270	2.945486068726
2019.372314453125	-57.179508209229	3.004057884216
2019.388793945312	-56.244663238525	2.981162786484
2019.405151367188	-57.328132629395	3.075086593628
2019.421630859375	-55.398059844971	2.995554208755
2019.438110351562	-56.950191497803	3.069170713425
2019.454467773438	-54.920196533203	3.011511087418
2019.470947265625	-53.172538757324	3.084361076355
2019.487304687500	-54.356830596924	3.101204156876
2019.503784179688	-53.054527282715	3.153754949570
2019.520141601562	-52.893405914307	3.232480525970
2019.536621093750	-57.017604827881	3.133803367615
2019.569458007812	-57.156158447266	3.152572154999
2019.602294921875	-51.102935791016	3.268880128860
2019.618774414062	-55.373374938965	3.190246820450
2019.635131835938	-57.249938964844	3.189550399780
2019.651611328125	-56.756649017334	3.213458299637
2019.668090820312	-54.330875396729	3.180275201797
2019.717285156250	-56.734176635742	3.204492092133
2019.733764648438	-55.230327606201	3.250061273575
2019.750122070312	-57.122215270996	3.199850082397
2019.766601562500	-56.585235595703	3.146870851517
2019.799438476562	-57.508419036865	3.122541904449
2019.832275390625	-58.964019775391	3.193115234375
2019.865112304688	-58.474327087402	3.135768413544
2019.898071289062	-58.715908050537	3.239608049393
2019.930908203125	-60.059841156006	3.123090744019
2019.963745117188	-60.406803131104	3.120247125626
2019.996582031250	-60.386901855469	3.153552532196
2020.030151367188	-61.181949615479	3.105474472046
2020.062988281250	-61.404087066650	3.137700080872
2020.095825195312	-61.360969543457	3.196848392487
2020.128662109375	-62.085052490234	3.106304645538
2020.161499023438	-62.604053497314	3.114629030228
2020.177978515625	-62.086555480957	3.188386440277
2020.194335937500	-62.418697357178	3.136769294739
2020.227294921875	-62.368679046631	3.147931337357
2020.260131835938	-62.206890106201	3.199501037598
2020.292968750000	-62.438030242920	3.119652032852
2020.325805664062	-62.142368316650	3.140388488770
2020.358642578125	-61.412075042725	3.171175956726
2020.391479492188	-61.261962890625	3.212692975998
2020.424316406250	-60.363044738770	3.320595026016
2020.457275390625	-59.697624206543	3.295982122421
2020.490112304688	-60.186218261719	3.313242673874
2020.522949218750	-61.827812194824	3.255341291428
2020.555786132812	-61.569580078125	3.397322654724
2020.572265625000	-61.165840148926	3.371483087540
2020.588623046875	-61.201961517334	3.404989242554
2020.605102539062	-63.171775817871	3.417247056961
2020.621459960938	-64.381591796875	3.390078544617
2020.654296875000	-62.258358001709	3.466806173325
2020.687255859375	-65.390487670898	3.472380876541
2020.703613281250	-65.308769226074	3.501283645630
2020.720092773438	-64.435699462891	3.512455940247
2020.752929687500	-65.768730163574	3.540109395981
2020.785766601562	-66.628181457520	3.521839618683
2020.818603515625	-66.819862365723	3.415561437607
2020.851440429688	-68.166854858398	3.414612293243
2020.917236328125	-68.693801879883	3.286609411240
2020.950073242188	-69.294967651367	3.417087316513
2020.982910156250	-70.111724853516	3.348426103592
2021.013671875000	-70.531387329102	3.488774299622
2021.046508789062	-71.381217956543	3.223967790604
2021.079345703125	-71.547615051270	3.344367742538
2021.112304687500	-72.549415588379	3.335380792618
2021.145141601562	-72.017478942871	3.287405252457
2021.177978515625	-71.909545898438	3.259958505630
2021.210815429688	-73.365501403809	3.254321336746
2021.243652343750	-73.019805908203	3.324842214584
2021.276489257812	-70.516868591309	3.316512346268
2021.309326171875	-72.255569458008	3.338275909424
2021.342285156250	-72.662345886230	3.263076782227
2021.358642578125	-71.849525451660	3.377017021179
2021.391479492188	-67.803367614746	3.346420764923
2021.407958984375	-69.496681213379	3.383693695068
2021.440795898438	-67.348838806152	3.258655786514
2021.473632812500	-68.968078613281	3.360537052155
2021.506469726562	-71.312950134277	3.983804702759
2021.539306640625	-69.211341857910	3.510609865189
2021.572265625000	-69.809753417969	3.461334705353
2021.605102539062	-75.073905944824	3.544991731644
2021.637939453125	-73.959274291992	3.450601100922
2021.670776367188	-74.313148498535	3.662670135498
2021.736450195312	-76.994354248047	3.671814203262
2021.769287109375	-77.927505493164	3.558599472046
2021.802246093750	-78.149444580078	3.622694015503
2021.835083007812	-77.705749511719	3.551280736923
2021.867919921875	-80.412597656250	3.591636896133
2021.966430664062	-83.885368347168	3.568547010422
2022.000000000000	-83.032875061035	3.499734878540
2022.065673828125	-83.658782958984	3.630704164505
2022.098510742188	-84.046119689941	3.556374311447
2022.197143554688	-86.346153259277	3.557360410690
2022.229980468750	-88.189750671387	3.564842462540
2022.262817382812	-88.248413085938	3.504130840302
2022.295654296875	-88.207916259766	3.587695360184
2022.328491210938	-86.903640747070	3.654378652573
2022.394287109375	-85.599014282227	3.704310417175
2022.558471679688	-88.743072509766	3.811418294907
2022.591430664062	-87.498191833496	4.157214164734
2022.689941406250	-82.201568603516	3.653271675110
2022.722778320312	-84.290664672852	4.121059894562
2022.821411132812	-86.369140625000	4.168087005615
2022.854248046875	-86.840950012207	4.062088012695
2022.887084960938	-86.654861450195	4.117829322815
2022.919921875000	-87.054115295410	4.109305381775
2022.952758789062	-87.579750061035	4.204386234283
2022.985595703125	-87.815071105957	4.498444080353
2023.019165039062	-88.228202819824	4.307178020477
2023.052001953125	-88.285240173340	4.181146621704
2023.084838867188	-88.304985046387	4.250129222870
2023.117675781250	-88.148567199707	4.181773185730
2023.150634765625	-89.137031555176	4.255789756775
2023.183471679688	-88.359054565430	4.333082675934
2023.216308593750	-90.864822387695	4.245637893677
2023.249145507812	-91.415939331055	4.192257404327
2023.281982421875	-87.576316833496	4.124871730804
2023.314819335938	-87.306884765625	4.262334823608
2023.347656250000	-86.023132324219	4.040205478668
2023.380615234375	-84.670646667480	4.088057041168
2023.413452148438	-88.213066101074	3.919967412949
2023.446289062500	-77.921554565430	4.151206493378
2023.577636718750	-70.373840332031	4.144084453583
