2014.804931640625	0.000000000000	0.000000000000
2014.837768554688	4.990651130676	0.520474731922
2014.903442382812	2.495407104492	1.447402358055
2014.969238281250	-3.509631156921	1.156391739845
2015.035644531250	-7.422289848328	1.411623835564
2015.101318359375	-15.505642890930	4.128513336182
2015.265625000000	-18.165649414062	2.324095726013
2015.331298828125	-24.517269134521	1.432802200317
2015.396972656250	-31.258995056152	2.194505214691
2016.021850585938	-64.233451843262	2.453711748123
2016.153320312500	-73.740600585938	2.751711130142
2016.350463867188	-82.717567443848	3.367472410202
2016.416137695312	-98.825233459473	3.221800565720
2016.547607421875	-96.468132019043	3.359812498093
2016.744750976562	-104.806755065918	3.657709836960
2016.777587890625	-107.538223266602	3.660874128342
2016.810424804688	-106.868835449219	3.680492162704
2016.843261718750	-109.829254150391	3.704473972321
2016.876098632812	-112.793357849121	3.714667797089
2016.908935546875	-114.636695861816	3.721961021423
2016.941772460938	-117.064140319824	3.825338125229
2016.974731445312	-119.160377502441	3.875173807144
2017.005493164062	-121.440834045410	3.926568269730
2017.038330078125	-123.947891235352	3.937550306320
2017.071166992188	-126.238830566406	4.002076148987
2017.104003906250	-128.583648681641	4.040625095367
2017.136840820312	-131.393280029297	4.109918117523
2017.169799804688	-134.871017456055	4.162214756012
2017.202636718750	-135.900482177734	4.193277359009
2017.235473632812	-138.572067260742	4.222587585449
2017.268310546875	-140.937240600586	4.284124851227
2017.301147460938	-143.529678344727	4.272039413452
2017.333984375000	-144.647079467773	4.324499607086
2017.366821289062	-147.520980834961	4.287584781647
2017.399780273438	-150.243118286133	4.360184192657
2017.432617187500	-150.575424194336	4.227292537689
2017.498291015625	-155.725509643555	4.228022575378
2017.531127929688	-157.911132812500	4.430579185486
2017.563964843750	-157.242721557617	4.413095951080
2017.596801757812	-158.393981933594	4.486784458160
2017.629760742188	-158.310668945312	4.365242958069
2017.662597656250	-162.405288696289	4.566652297974
2017.695434570312	-165.044601440430	4.510074615479
2017.728271484375	-168.239135742188	4.561604976654
2017.761108398438	-169.986450195312	4.505983352661
2017.793945312500	-171.400466918945	4.609734058380
2017.826782226562	-173.908370971680	4.521656990051
2017.859741210938	-176.009994506836	4.509874343872
2017.892578125000	-178.450103759766	4.524804115295
2017.925415039062	-180.653350830078	4.530703544617
2017.958251953125	-181.839126586914	4.513278007507
2017.991088867188	-184.103607177734	4.530980587006
2018.024658203125	-186.140167236328	4.533731937408
2018.057495117188	-188.283599853516	4.520803451538
2018.090332031250	-189.933639526367	4.523224830627
2018.123168945312	-191.572082519531	4.648185253143
2018.156005859375	-192.568939208984	4.595858573914
2018.188964843750	-195.273254394531	4.657427787781
2018.221801757812	-196.569808959961	4.658505916595
2018.254638671875	-199.269287109375	4.694668769836
2018.287475585938	-199.474029541016	4.773840904236
2018.320312500000	-202.388778686523	4.813178062439
2018.353149414062	-205.511764526367	4.881442546844
2018.385986328125	-207.470199584961	4.913472175598
2018.418945312500	-207.749893188477	4.997549057007
2018.451782226562	-210.278442382812	4.963790893555
2018.484619140625	-214.208267211914	5.042108058929
2018.517456054688	-214.258346557617	5.087672710419
2018.550292968750	-219.319992065430	5.104404449463
2018.583129882812	-220.282165527344	5.301800727844
2018.615966796875	-220.589324951172	5.188126087189
2018.648925781250	-221.746688842773	5.314513683319
2018.681762695312	-225.634262084961	5.289742946625
2018.714599609375	-220.533828735352	5.299936771393
2018.747436523438	-229.240112304688	5.424196243286
2018.780273437500	-231.987030029297	5.502720832825
2018.813110351562	-234.404632568359	5.563273906708
2018.845947265625	-236.547531127930	5.636018276215
2018.878906250000	-236.927383422852	5.657025814056
2018.911743164062	-238.883789062500	5.753662109375
2018.944580078125	-242.085250854492	5.802765846252
2018.977416992188	-243.565338134766	5.844794273376
2019.010986328125	-246.058807373047	5.991382598877
2019.043823242188	-248.557723999023	5.985371112823
2019.109497070312	-253.606521606445	6.083433628082
2019.125976562500	-254.296157836914	6.130219459534
2019.142333984375	-255.418640136719	6.141625404358
2019.175170898438	-258.445800781250	6.242622375488
2019.191650390625	-259.321685791016	6.283354759216
2019.208129882812	-260.672760009766	6.415600299835
2019.224487304688	-261.647705078125	6.321087837219
2019.240966796875	-263.126861572266	6.241628170013
2019.257324218750	-264.347747802734	6.417589664459
2019.273803710938	-265.642181396484	6.423171520233
2019.290161132812	-266.522369384766	6.497685432434
2019.306640625000	-268.345214843750	6.358935356140
2019.323120117188	-269.355712890625	6.388672828674
2019.339477539062	-270.630645751953	6.450587272644
2019.355957031250	-271.281738281250	6.467443466187
2019.372314453125	-271.495452880859	6.392666816711
2019.388793945312	-274.246459960938	6.462858676910
2019.405151367188	-274.727172851562	6.437010765076
2019.421630859375	-275.328277587891	6.469974517822
2019.438110351562	-277.709075927734	6.511003017426
2019.454467773438	-277.621215820312	6.633867263794
2019.470947265625	-276.676269531250	6.654424190521
2019.487304687500	-278.646850585938	6.530166149139
2019.503784179688	-277.524505615234	6.539182186127
2019.520141601562	-278.925323486328	6.566254138947
2019.536621093750	-287.934020996094	6.595742225647
2019.569458007812	-286.890930175781	6.698785305023
2019.602294921875	-283.173431396484	6.827848434448
2019.618774414062	-290.072265625000	6.799948692322
2019.635131835938	-289.862426757812	6.793944835663
2019.651611328125	-290.021759033203	6.848896026611
2019.668090820312	-291.065338134766	6.959777355194
2019.717285156250	-294.307189941406	7.206197738647
2019.733764648438	-294.085144042969	7.148492813110
2019.750122070312	-297.260131835938	7.194511413574
2019.766601562500	-295.633026123047	7.346469879150
2019.799438476562	-297.217407226562	7.494077205658
2019.832275390625	-300.613983154297	7.524709224701
2019.865112304688	-300.410064697266	7.704072475433
2019.898071289062	-301.691345214844	7.773151397705
2019.930908203125	-303.132019042969	7.855063915253
2019.963745117188	-304.535217285156	7.888789653778
2019.996582031250	-305.469665527344	8.009370803833
2020.030151367188	-306.530670166016	8.158146858215
2020.062988281250	-307.499725341797	8.162165641785
2020.095825195312	-308.088226318359	8.323190689087
2020.128662109375	-309.312347412109	8.400835037231
2020.161499023438	-310.091339111328	8.551694869995
2020.177978515625	-310.088134765625	8.586040496826
2020.194335937500	-310.597930908203	8.656282424927
2020.227294921875	-310.834533691406	8.741636276245
2020.260131835938	-311.674011230469	8.854572296143
2020.292968750000	-311.890625000000	8.826289176941
2020.325805664062	-313.377197265625	8.892546653748
2020.358642578125	-312.990356445312	8.848949432373
2020.391479492188	-313.568054199219	9.091879844666
2020.424316406250	-312.716217041016	9.161768913269
2020.457275390625	-310.939086914062	9.252662658691
2020.490112304688	-314.142944335938	9.320077896118
2020.522949218750	-316.081359863281	9.314058303833
2020.555786132812	-316.800079345703	9.357749938965
2020.572265625000	-315.883941650391	9.443263053894
2020.588623046875	-317.481536865234	9.301818847656
2020.605102539062	-318.694396972656	9.575088500977
2020.621459960938	-322.386291503906	9.789575576782
2020.654296875000	-317.775512695312	9.861692428589
2020.687255859375	-322.448974609375	10.161218643188
2020.703613281250	-323.130218505859	10.085987091064
2020.720092773438	-322.764831542969	10.247695922852
2020.752929687500	-324.113769531250	10.434709548950
2020.785766601562	-325.999969482422	10.468610763550
2020.818603515625	-326.472930908203	10.782532691956
2020.851440429688	-327.537475585938	10.797927856445
2020.917236328125	-328.338745117188	10.992767333984
2020.950073242188	-328.898254394531	11.145977020264
2020.982910156250	-329.451019287109	11.315164566040
2021.013671875000	-330.529235839844	10.980437278748
2021.046508789062	-330.403808593750	11.457960128784
2021.079345703125	-330.721923828125	11.557884216309
2021.112304687500	-330.860198974609	11.585560798645
2021.145141601562	-331.831481933594	11.636983871460
2021.177978515625	-331.576751708984	11.679165840149
2021.210815429688	-333.008972167969	11.826555252075
2021.243652343750	-330.512237548828	11.781673431396
2021.276489257812	-332.683349609375	11.828114509583
2021.309326171875	-332.683166503906	11.916275024414
2021.342285156250	-332.390411376953	12.061877250671
2021.358642578125	-334.042480468750	11.945547103882
2021.391479492188	-333.519866943359	11.966711044312
2021.407958984375	-332.370422363281	12.049433708191
2021.440795898438	-329.778228759766	12.154893875122
2021.473632812500	-330.163421630859	12.206545829773
2021.506469726562	-341.203613281250	12.142186164856
2021.539306640625	-332.879272460938	12.271785736084
2021.572265625000	-333.424713134766	12.112514495850
2021.605102539062	-337.690856933594	12.052298545837
2021.637939453125	-335.937011718750	12.125599861145
2021.670776367188	-337.642578125000	12.149143218994
2021.736450195312	-334.210235595703	12.644716262817
2021.769287109375	-339.502471923828	12.513498306274
2021.802246093750	-339.662628173828	12.659556388855
2021.835083007812	-340.929992675781	12.739665031433
2021.867919921875	-341.602325439453	12.911526679993
2021.966430664062	-343.839355468750	12.918183326721
2022.000000000000	-344.063537597656	13.428578376770
2022.065673828125	-346.621398925781	13.600717544556
2022.098510742188	-346.758209228516	13.769899368286
2022.197143554688	-349.324798583984	13.657045364380
2022.229980468750	-351.196014404297	13.553486824036
2022.262817382812	-351.215362548828	13.525188446045
2022.295654296875	-351.253265380859	13.649036407471
2022.328491210938	-352.045349121094	13.561387062073
2022.394287109375	-353.763122558594	13.925645828247
2022.558471679688	-355.123291015625	14.032732009888
2022.591430664062	-357.066558837891	14.253597259521
2022.689941406250	-355.818450927734	13.715089797974
2022.722778320312	-356.136688232422	14.766379356384
2022.821411132812	-356.594787597656	14.377944946289
2022.854248046875	-357.656066894531	14.012312889099
2022.887084960938	-357.733947753906	14.334753990173
2022.919921875000	-358.241882324219	14.434497833252
2022.952758789062	-358.156066894531	14.470734596252
2022.985595703125	-359.128112792969	14.316515922546
2023.019165039062	-360.147705078125	14.338156700134
2023.052001953125	-360.634399414062	14.445767402649
2023.084838867188	-362.027099609375	14.286310195923
2023.117675781250	-363.019592285156	14.446041107178
2023.150634765625	-362.132537841797	14.632112503052
2023.183471679688	-364.441070556641	14.557538032532
2023.216308593750	-362.976226806641	14.585917472839
2023.249145507812	-361.558288574219	14.618084907532
2023.281982421875	-367.310028076172	14.564547538757
2023.314819335938	-369.712158203125	14.523913383484
2023.347656250000	-369.705841064453	14.446354866028
2023.380615234375	-370.753631591797	14.610367774963
2023.413452148438	-372.759521484375	14.227081298828
2023.446289062500	-374.728698730469	14.458264350891
2023.577636718750	-394.569824218750	14.594176292419
