2014.804931640625	0.000000000000	0.000000000000
2014.837768554688	6.594052314758	0.435265570879
2014.903442382812	6.805360794067	0.864347338676
2014.969238281250	0.145077064633	1.205648541451
2015.035644531250	-1.127395629883	1.871008872986
2015.101318359375	-12.171121597290	2.094343900681
2015.265625000000	-12.716395378113	3.691929101944
2015.331298828125	-19.002635955811	4.258933067322
2015.396972656250	-24.826753616333	4.672379970551
2016.021850585938	-25.895658493042	6.564385890961
2016.153320312500	-32.110862731934	7.699910640717
2016.350463867188	-30.542526245117	8.535782814026
2016.416137695312	-36.492603302002	8.885246276855
2016.547607421875	-33.749244689941	8.938729286194
2016.744750976562	-34.677993774414	9.013664245605
2016.777587890625	-34.920185089111	9.089605331421
2016.810424804688	-34.938568115234	9.159333229065
2016.843261718750	-35.240531921387	9.147893905640
2016.876098632812	-35.827732086182	9.269396781921
2016.908935546875	-36.442070007324	9.329247474670
2016.941772460938	-37.271327972412	9.283940315247
2016.974731445312	-37.833301544189	9.328205108643
2017.005493164062	-38.636440277100	9.437656402588
2017.038330078125	-39.218288421631	9.594399452209
2017.071166992188	-39.714591979980	9.628771781921
2017.104003906250	-40.660598754883	9.704802513123
2017.136840820312	-41.686779022217	9.736045837402
2017.169799804688	-42.813228607178	9.780829429626
2017.202636718750	-42.437339782715	9.840693473816
2017.235473632812	-43.463336944580	9.963437080383
2017.268310546875	-43.864139556885	10.088204383850
2017.301147460938	-45.022586822510	10.003123283386
2017.333984375000	-44.368724822998	10.159076690674
2017.366821289062	-44.644981384277	10.100669860840
2017.399780273438	-45.865711212158	10.114679336548
2017.432617187500	-47.275997161865	10.332355499268
2017.498291015625	-46.566055297852	10.554145812988
2017.531127929688	-44.154331207275	10.751435279846
2017.563964843750	-46.147186279297	10.854403495789
2017.596801757812	-45.560245513916	11.130879402161
2017.629760742188	-46.973869323730	11.287714958191
2017.662597656250	-46.895397186279	11.179213523865
2017.695434570312	-47.881767272949	11.307498931885
2017.728271484375	-48.610301971436	11.262229919434
2017.761108398438	-49.221786499023	11.116497039795
2017.793945312500	-49.440101623535	11.122636795044
2017.826782226562	-50.052806854248	11.001349449158
2017.859741210938	-50.503871917725	11.007243156433
2017.892578125000	-51.174583435059	11.060929298401
2017.925415039062	-51.984680175781	11.123713493347
2017.958251953125	-52.614273071289	11.189883232117
2017.991088867188	-53.384437561035	11.118230819702
2018.024658203125	-54.039104461670	11.203430175781
2018.057495117188	-54.844821929932	11.136592864990
2018.090332031250	-55.681610107422	11.252208709717
2018.123168945312	-56.179080963135	11.416797637939
2018.156005859375	-56.718776702881	11.332803726196
2018.188964843750	-57.829864501953	11.617816925049
2018.221801757812	-58.659637451172	11.793546676636
2018.254638671875	-60.181602478027	11.773992538452
2018.287475585938	-59.965736389160	12.030188560486
2018.320312500000	-60.991409301758	12.200429916382
2018.353149414062	-61.334594726562	12.280071258545
2018.385986328125	-63.429447174072	12.410527229309
2018.418945312500	-63.682888031006	12.787659645081
2018.451782226562	-63.940631866455	13.079238891602
2018.484619140625	-66.198249816895	13.532519340515
2018.517456054688	-65.253448486328	13.798737525940
2018.550292968750	-65.222717285156	14.273279190063
2018.583129882812	-67.029960632324	14.557745933533
2018.615966796875	-67.087356567383	14.838270187378
2018.648925781250	-69.452636718750	15.113523483276
2018.681762695312	-71.465133666992	15.243443489075
2018.714599609375	-65.784477233887	15.868964195251
2018.747436523438	-71.930351257324	15.779071807861
2018.780273437500	-73.910728454590	15.897036552429
2018.813110351562	-75.480674743652	16.180120468140
2018.845947265625	-75.878540039062	16.070552825928
2018.878906250000	-74.744102478027	16.098121643066
2018.911743164062	-75.289016723633	16.086593627930
2018.944580078125	-76.555435180664	16.109550476074
2018.977416992188	-76.809600830078	16.074716567993
2019.010986328125	-77.434219360352	16.134506225586
2019.043823242188	-78.331680297852	16.083057403564
2019.109497070312	-80.270050048828	15.888381004333
2019.125976562500	-80.095916748047	15.953613281250
2019.142333984375	-80.421356201172	15.702437400818
2019.175170898438	-81.206275939941	15.788064956665
2019.191650390625	-81.493347167969	15.762329101562
2019.208129882812	-82.144050598145	15.790375709534
2019.224487304688	-82.372459411621	15.660870552063
2019.240966796875	-82.917312622070	15.714446067810
2019.257324218750	-82.859214782715	15.837113380432
2019.273803710938	-83.726638793945	15.656863212585
2019.290161132812	-83.808311462402	15.600177764893
2019.306640625000	-84.646774291992	15.577486038208
2019.323120117188	-85.310028076172	15.592765808105
2019.339477539062	-85.851043701172	15.519066810608
2019.355957031250	-86.173599243164	15.573722839355
2019.372314453125	-85.870506286621	15.435680389404
2019.388793945312	-86.729454040527	15.534149169922
2019.405151367188	-87.226989746094	15.452512741089
2019.421630859375	-86.825637817383	15.467554092407
2019.438110351562	-89.134109497070	15.456434249878
2019.454467773438	-87.518760681152	15.628165245056
2019.470947265625	-85.890853881836	15.460179328918
2019.487304687500	-87.739852905273	15.524102210999
2019.503784179688	-86.652359008789	15.507089614868
2019.520141601562	-85.988296508789	15.694143295288
2019.536621093750	-92.999206542969	15.527717590332
2019.569458007812	-92.363983154297	16.013019561768
2019.602294921875	-86.461235046387	15.609962463379
2019.618774414062	-92.283531188965	16.128751754761
2019.635131835938	-93.021942138672	15.982660293579
2019.651611328125	-92.400764465332	16.064651489258
2019.668090820312	-90.858390808105	15.953729629517
2019.717285156250	-93.331443786621	15.714879989624
2019.733764648438	-91.561286926270	15.646522521973
2019.750122070312	-94.255371093750	15.659853935242
2019.766601562500	-92.467903137207	15.450930595398
2019.799438476562	-93.225479125977	15.428708076477
2019.832275390625	-95.547500610352	15.288344383240
2019.865112304688	-93.863243103027	15.210896492004
2019.898071289062	-94.344284057617	15.073832511902
2019.930908203125	-94.887168884277	14.859623908997
2019.963745117188	-95.359024047852	14.721860885620
2019.996582031250	-95.461174011230	14.721004486084
2020.030151367188	-95.874633789062	14.577246665955
2020.062988281250	-95.986373901367	14.640063285828
2020.095825195312	-96.040977478027	14.703463554382
2020.128662109375	-96.684280395508	14.625547409058
2020.161499023438	-96.982666015625	14.626847267151
2020.177978515625	-96.758338928223	14.768573760986
2020.194335937500	-97.136940002441	14.805669784546
2020.227294921875	-96.751602172852	14.910370826721
2020.260131835938	-96.782630920410	14.938620567322
2020.292968750000	-97.675407409668	14.983493804932
2020.325805664062	-98.246704101562	15.207809448242
2020.358642578125	-98.403472900391	15.200284004211
2020.391479492188	-99.654747009277	15.739643096924
2020.424316406250	-99.004440307617	15.792716026306
2020.457275390625	-97.382850646973	16.361595153809
2020.490112304688	-99.964126586914	16.398035049438
2020.522949218750	-102.080535888672	16.485065460205
2020.555786132812	-102.842002868652	16.960279464722
2020.572265625000	-103.983451843262	17.718868255615
2020.588623046875	-105.869758605957	17.590169906616
2020.605102539062	-104.676925659180	17.539627075195
2020.621459960938	-106.268280029297	17.922836303711
2020.654296875000	-104.659767150879	18.867048263550
2020.687255859375	-108.409133911133	18.718912124634
2020.703613281250	-108.312896728516	18.716905593872
2020.720092773438	-107.673004150391	18.900592803955
2020.752929687500	-108.356803894043	18.745347976685
2020.785766601562	-109.433425903320	18.635862350464
2020.818603515625	-109.415885925293	18.458013534546
2020.851440429688	-110.541931152344	18.420377731323
2020.917236328125	-110.508567810059	18.204795837402
2020.950073242188	-110.245941162109	18.168565750122
2020.982910156250	-110.914169311523	18.322824478149
2021.013671875000	-110.765632629395	18.081348419189
2021.046508789062	-111.046752929688	17.825561523438
2021.079345703125	-111.567932128906	18.136751174927
2021.112304687500	-111.712356567383	17.788896560669
2021.145141601562	-111.849769592285	17.903100967407
2021.177978515625	-112.160865783691	17.992952346802
2021.210815429688	-113.049354553223	17.944816589355
2021.243652343750	-112.077842712402	17.973588943481
2021.276489257812	-111.596343994141	18.178665161133
2021.309326171875	-113.991111755371	18.005136489868
2021.342285156250	-114.401626586914	18.180835723877
2021.358642578125	-114.662322998047	18.167703628540
2021.391479492188	-113.315933227539	18.293460845947
2021.407958984375	-112.944244384766	18.362562179565
2021.440795898438	-112.868354797363	18.185007095337
2021.473632812500	-114.845603942871	18.157968521118
2021.506469726562	-119.258895874023	18.414802551270
2021.539306640625	-116.421775817871	18.023065567017
2021.572265625000	-118.082183837891	18.106904983521
2021.605102539062	-121.490119934082	18.158220291138
2021.637939453125	-119.042549133301	18.078907012939
2021.670776367188	-120.287094116211	18.586027145386
2021.736450195312	-122.531349182129	19.053661346436
2021.769287109375	-122.413063049316	18.719055175781
2021.802246093750	-122.496170043945	18.809448242188
2021.835083007812	-123.169479370117	18.779346466064
2021.867919921875	-126.612609863281	19.005201339722
2021.966430664062	-127.469947814941	19.052818298340
2022.000000000000	-127.952514648438	19.202817916870
2022.065673828125	-129.059539794922	19.382068634033
2022.098510742188	-129.950363159180	19.350355148315
2022.197143554688	-132.399139404297	19.113145828247
2022.229980468750	-134.357147216797	19.060209274292
2022.262817382812	-131.240066528320	19.108491897583
2022.295654296875	-131.136901855469	19.040134429932
2022.328491210938	-134.245880126953	19.230257034302
2022.394287109375	-134.005203247070	19.131422042847
2022.558471679688	-134.517929077148	19.486038208008
2022.591430664062	-136.712982177734	19.638889312744
2022.689941406250	-134.983428955078	19.284271240234
2022.722778320312	-136.076843261719	19.567520141602
2022.821411132812	-134.531936645508	19.504497528076
2022.854248046875	-134.555160522461	19.526433944702
2022.887084960938	-135.205276489258	19.450887680054
2022.919921875000	-135.094635009766	19.493930816650
2022.952758789062	-135.267181396484	19.647211074829
2022.985595703125	-135.813873291016	19.555030822754
2023.019165039062	-135.832611083984	19.936334609985
2023.052001953125	-135.915710449219	20.034105300903
2023.084838867188	-135.963912963867	20.207740783691
2023.117675781250	-135.850479125977	20.314083099365
2023.150634765625	-136.135238647461	20.368143081665
2023.183471679688	-136.033508300781	20.539707183838
2023.216308593750	-137.315673828125	20.359815597534
2023.249145507812	-136.850952148438	20.269641876221
2023.281982421875	-134.819259643555	20.347793579102
2023.314819335938	-135.115570068359	20.180568695068
2023.347656250000	-133.463699340820	20.060760498047
2023.380615234375	-131.131454467773	19.963811874390
2023.413452148438	-134.649993896484	19.893482208252
2023.446289062500	-126.201782226562	19.703710556030
2023.577636718750	-121.562995910645	19.498800277710
