118.236875 39.7125
118.294792 39.7125
118.352708 39.7125
118.410625 39.7125
117.889375 39.6675
117.947292 39.6675
118.005208 39.6675
118.063125 39.6675
118.121042 39.6675
118.178958 39.6675
118.236875 39.6675
118.294792 39.6675
118.352708 39.6675
118.410625 39.6675
117.599792 39.6225
117.657708 39.6225
117.715625 39.6225
117.773542 39.6225
117.831458 39.6225
117.889375 39.6225
117.947292 39.6225
118.005208 39.6225
118.063125 39.6225
118.121042 39.6225
118.178958 39.6225
118.236875 39.6225
118.294792 39.6225
118.352708 39.6225
118.410625 39.6225
117.426042 39.5775
117.483958 39.5775
117.541875 39.5775
117.599792 39.5775
117.657708 39.5775
117.715625 39.5775
117.773542 39.5775
117.831458 39.5775
117.889375 39.5775
117.947292 39.5775
118.005208 39.5775
118.063125 39.5775
118.121042 39.5775
118.178958 39.5775
118.236875 39.5775
118.294792 39.5775
118.352708 39.5775
118.410625 39.5775
117.310208 39.5325
117.368125 39.5325
117.426042 39.5325
117.483958 39.5325
117.541875 39.5325
117.599792 39.5325
117.657708 39.5325
117.715625 39.5325
117.773542 39.5325
117.831458 39.5325
117.889375 39.5325
117.947292 39.5325
118.005208 39.5325
118.063125 39.5325
118.121042 39.5325
118.178958 39.5325
118.236875 39.5325
118.294792 39.5325
118.352708 39.5325
118.410625 39.5325
117.020625 39.4875
117.078542 39.4875
117.136458 39.4875
117.194375 39.4875
117.252292 39.4875
117.310208 39.4875
117.368125 39.4875
117.426042 39.4875
117.483958 39.4875
117.541875 39.4875
117.599792 39.4875
117.657708 39.4875
117.715625 39.4875
117.773542 39.4875
117.831458 39.4875
117.889375 39.4875
117.947292 39.4875
118.005208 39.4875
118.063125 39.4875
118.121042 39.4875
118.178958 39.4875
118.236875 39.4875
118.294792 39.4875
118.352708 39.4875
118.410625 39.4875
116.731042 39.4425
116.788958 39.4425
116.846875 39.4425
116.904792 39.4425
116.962708 39.4425
117.020625 39.4425
117.078542 39.4425
117.136458 39.4425
117.194375 39.4425
117.252292 39.4425
117.310208 39.4425
117.368125 39.4425
117.426042 39.4425
117.483958 39.4425
117.541875 39.4425
117.599792 39.4425
117.657708 39.4425
117.715625 39.4425
117.773542 39.4425
117.831458 39.4425
117.889375 39.4425
117.947292 39.4425
118.005208 39.4425
118.063125 39.4425
118.121042 39.4425
118.178958 39.4425
118.236875 39.4425
118.294792 39.4425
118.352708 39.4425
118.410625 39.4425
116.441458 39.3975
116.499375 39.3975
116.557292 39.3975
116.615208 39.3975
116.673125 39.3975
116.731042 39.3975
116.788958 39.3975
116.846875 39.3975
116.904792 39.3975
116.962708 39.3975
117.020625 39.3975
117.078542 39.3975
117.136458 39.3975
117.194375 39.3975
117.252292 39.3975
117.310208 39.3975
117.368125 39.3975
117.426042 39.3975
117.483958 39.3975
117.541875 39.3975
117.599792 39.3975
117.657708 39.3975
117.715625 39.3975
117.773542 39.3975
117.831458 39.3975
117.889375 39.3975
117.947292 39.3975
118.005208 39.3975
118.063125 39.3975
118.121042 39.3975
118.178958 39.3975
118.236875 39.3975
118.294792 39.3975
118.352708 39.3975
118.410625 39.3975
118.468542 39.3975
116.499375 39.3525
116.557292 39.3525
116.615208 39.3525
116.673125 39.3525
116.731042 39.3525
116.788958 39.3525
116.846875 39.3525
116.904792 39.3525
116.962708 39.3525
117.020625 39.3525
117.078542 39.3525
117.136458 39.3525
117.194375 39.3525
117.252292 39.3525
117.310208 39.3525
117.368125 39.3525
117.426042 39.3525
117.483958 39.3525
117.541875 39.3525
117.599792 39.3525
117.657708 39.3525
117.715625 39.3525
117.773542 39.3525
117.831458 39.3525
117.889375 39.3525
117.947292 39.3525
118.005208 39.3525
118.063125 39.3525
118.121042 39.3525
118.178958 39.3525
118.236875 39.3525
118.294792 39.3525
118.352708 39.3525
118.410625 39.3525
118.468542 39.3525
116.499375 39.3075
116.557292 39.3075
116.615208 39.3075
116.673125 39.3075
116.731042 39.3075
116.788958 39.3075
116.846875 39.3075
116.904792 39.3075
116.962708 39.3075
117.020625 39.3075
117.078542 39.3075
117.136458 39.3075
117.194375 39.3075
117.252292 39.3075
117.310208 39.3075
117.368125 39.3075
117.426042 39.3075
117.483958 39.3075
117.541875 39.3075
117.599792 39.3075
117.657708 39.3075
117.715625 39.3075
117.773542 39.3075
117.831458 39.3075
117.889375 39.3075
117.947292 39.3075
118.005208 39.3075
118.063125 39.3075
118.121042 39.3075
118.178958 39.3075
118.236875 39.3075
118.294792 39.3075
118.352708 39.3075
118.410625 39.3075
118.468542 39.3075
116.499375 39.2625
116.557292 39.2625
116.615208 39.2625
116.673125 39.2625
116.731042 39.2625
116.788958 39.2625
116.846875 39.2625
116.904792 39.2625
116.962708 39.2625
117.020625 39.2625
117.078542 39.2625
117.136458 39.2625
117.194375 39.2625
117.252292 39.2625
117.310208 39.2625
117.368125 39.2625
117.426042 39.2625
117.483958 39.2625
117.541875 39.2625
117.599792 39.2625
117.657708 39.2625
117.715625 39.2625
117.773542 39.2625
117.831458 39.2625
117.889375 39.2625
117.947292 39.2625
118.005208 39.2625
118.063125 39.2625
118.121042 39.2625
118.178958 39.2625
118.236875 39.2625
118.294792 39.2625
118.352708 39.2625
118.410625 39.2625
118.468542 39.2625
116.499375 39.2175
116.557292 39.2175
116.615208 39.2175
116.673125 39.2175
116.731042 39.2175
116.788958 39.2175
116.846875 39.2175
116.904792 39.2175
116.962708 39.2175
117.020625 39.2175
117.078542 39.2175
117.136458 39.2175
117.194375 39.2175
117.252292 39.2175
117.310208 39.2175
117.368125 39.2175
117.426042 39.2175
117.483958 39.2175
117.541875 39.2175
117.599792 39.2175
117.657708 39.2175
117.715625 39.2175
117.773542 39.2175
117.831458 39.2175
117.889375 39.2175
117.947292 39.2175
118.063125 39.2175
118.121042 39.2175
118.178958 39.2175
118.236875 39.2175
118.294792 39.2175
118.352708 39.2175
118.410625 39.2175
118.468542 39.2175
116.499375 39.1725
116.557292 39.1725
116.615208 39.1725
116.673125 39.1725
116.731042 39.1725
116.788958 39.1725
116.846875 39.1725
116.904792 39.1725
116.962708 39.1725
117.020625 39.1725
117.078542 39.1725
117.136458 39.1725
117.194375 39.1725
117.252292 39.1725
117.310208 39.1725
117.368125 39.1725
117.426042 39.1725
117.483958 39.1725
117.541875 39.1725
117.599792 39.1725
117.657708 39.1725
117.715625 39.1725
117.773542 39.1725
117.831458 39.1725
118.121042 39.1725
118.178958 39.1725
118.236875 39.1725
118.294792 39.1725
118.352708 39.1725
118.410625 39.1725
118.468542 39.1725
118.526458 39.1725
116.499375 39.1275
116.557292 39.1275
116.615208 39.1275
116.673125 39.1275
116.731042 39.1275
116.788958 39.1275
116.846875 39.1275
116.904792 39.1275
116.962708 39.1275
117.020625 39.1275
117.078542 39.1275
117.136458 39.1275
117.194375 39.1275
117.252292 39.1275
117.310208 39.1275
117.368125 39.1275
117.426042 39.1275
117.483958 39.1275
117.541875 39.1275
117.599792 39.1275
117.657708 39.1275
117.715625 39.1275
117.773542 39.1275
118.178958 39.1275
118.236875 39.1275
118.294792 39.1275
118.352708 39.1275
118.410625 39.1275
118.468542 39.1275
118.526458 39.1275
116.557292 39.0825
116.615208 39.0825
116.673125 39.0825
116.731042 39.0825
116.788958 39.0825
116.846875 39.0825
116.904792 39.0825
116.962708 39.0825
117.020625 39.0825
117.078542 39.0825
117.136458 39.0825
117.194375 39.0825
117.252292 39.0825
117.310208 39.0825
117.368125 39.0825
117.426042 39.0825
117.483958 39.0825
117.541875 39.0825
117.599792 39.0825
117.657708 39.0825
117.715625 39.0825
117.773542 39.0825
118.236875 39.0825
118.294792 39.0825
118.352708 39.0825
118.410625 39.0825
118.468542 39.0825
116.557292 39.0375
116.615208 39.0375
116.673125 39.0375
116.731042 39.0375
116.788958 39.0375
116.846875 39.0375
116.904792 39.0375
116.962708 39.0375
117.020625 39.0375
117.078542 39.0375
117.136458 39.0375
117.194375 39.0375
117.252292 39.0375
117.310208 39.0375
117.368125 39.0375
117.426042 39.0375
117.483958 39.0375
117.541875 39.0375
117.599792 39.0375
117.657708 39.0375
117.715625 39.0375
117.773542 39.0375
118.352708 39.0375
118.410625 39.0375
118.468542 39.0375
118.526458 39.0375
116.557292 38.9925
116.615208 38.9925
116.673125 38.9925
116.731042 38.9925
116.788958 38.9925
116.846875 38.9925
116.904792 38.9925
116.962708 38.9925
117.020625 38.9925
117.078542 38.9925
117.136458 38.9925
117.194375 38.9925
117.252292 38.9925
117.310208 38.9925
117.368125 38.9925
117.426042 38.9925
117.483958 38.9925
117.541875 38.9925
117.599792 38.9925
117.657708 38.9925
117.715625 38.9925
117.773542 38.9925
118.410625 38.9925
118.468542 38.9925
118.526458 38.9925
116.557292 38.9475
116.615208 38.9475
116.673125 38.9475
116.731042 38.9475
116.788958 38.9475
116.846875 38.9475
116.904792 38.9475
116.962708 38.9475
117.020625 38.9475
117.078542 38.9475
117.136458 38.9475
117.194375 38.9475
117.252292 38.9475
117.310208 38.9475
117.368125 38.9475
117.426042 38.9475
117.483958 38.9475
117.541875 38.9475
117.599792 38.9475
117.657708 38.9475
117.715625 38.9475
117.773542 38.9475
117.831458 38.9475
118.526458 38.9475
116.557292 38.9025
116.615208 38.9025
116.673125 38.9025
116.731042 38.9025
116.788958 38.9025
116.846875 38.9025
116.904792 38.9025
116.962708 38.9025
117.020625 38.9025
117.078542 38.9025
117.136458 38.9025
117.194375 38.9025
117.252292 38.9025
117.310208 38.9025
117.368125 38.9025
117.426042 38.9025
117.483958 38.9025
117.541875 38.9025
117.599792 38.9025
117.657708 38.9025
117.715625 38.9025
117.773542 38.9025
117.831458 38.9025
116.615208 38.8575
116.673125 38.8575
116.731042 38.8575
116.788958 38.8575
116.846875 38.8575
116.904792 38.8575
116.962708 38.8575
117.020625 38.8575
117.078542 38.8575
117.136458 38.8575
117.194375 38.8575
117.252292 38.8575
117.310208 38.8575
117.368125 38.8575
117.426042 38.8575
117.483958 38.8575
117.541875 38.8575
117.599792 38.8575
117.657708 38.8575
117.715625 38.8575
116.615208 38.8125
116.673125 38.8125
116.731042 38.8125
116.788958 38.8125
116.846875 38.8125
116.904792 38.8125
116.962708 38.8125
117.020625 38.8125
117.078542 38.8125
117.136458 38.8125
117.194375 38.8125
117.252292 38.8125
117.310208 38.8125
117.368125 38.8125
117.426042 38.8125
117.483958 38.8125
117.541875 38.8125
117.599792 38.8125
116.615208 38.7675
116.673125 38.7675
116.731042 38.7675
116.788958 38.7675
116.846875 38.7675
116.904792 38.7675
116.962708 38.7675
117.020625 38.7675
117.078542 38.7675
117.136458 38.7675
117.194375 38.7675
117.252292 38.7675
117.310208 38.7675
117.368125 38.7675
117.426042 38.7675
117.483958 38.7675
117.541875 38.7675
116.615208 38.7225
116.673125 38.7225
116.731042 38.7225
116.788958 38.7225
116.846875 38.7225
116.904792 38.7225
116.962708 38.7225
117.020625 38.7225
117.078542 38.7225
117.136458 38.7225
117.194375 38.7225
117.252292 38.7225
117.310208 38.7225
117.368125 38.7225
117.426042 38.7225
117.483958 38.7225
117.541875 38.7225
117.599792 38.7225
117.715625 38.7225
116.615208 38.6775
116.673125 38.6775
116.731042 38.6775
116.788958 38.6775
116.846875 38.6775
116.904792 38.6775
116.962708 38.6775
117.020625 38.6775
117.078542 38.6775
117.136458 38.6775
117.194375 38.6775
117.252292 38.6775
117.310208 38.6775
117.368125 38.6775
117.426042 38.6775
117.483958 38.6775
117.541875 38.6775
117.599792 38.6775
116.673125 38.6325
116.731042 38.6325
116.788958 38.6325
116.846875 38.6325
116.904792 38.6325
116.962708 38.6325
117.020625 38.6325
117.078542 38.6325
117.136458 38.6325
117.194375 38.6325
117.252292 38.6325
117.310208 38.6325
117.368125 38.6325
117.426042 38.6325
117.483958 38.6325
117.541875 38.6325
117.599792 38.6325
116.673125 38.5875
116.731042 38.5875
116.788958 38.5875
116.846875 38.5875
116.904792 38.5875
116.962708 38.5875
117.020625 38.5875
117.078542 38.5875
117.136458 38.5875
117.194375 38.5875
117.252292 38.5875
117.310208 38.5875
117.368125 38.5875
117.426042 38.5875
117.483958 38.5875
117.541875 38.5875
117.599792 38.5875
116.673125 38.5425
116.731042 38.5425
116.788958 38.5425
116.846875 38.5425
116.904792 38.5425
116.962708 38.5425
117.020625 38.5425
117.078542 38.5425
117.136458 38.5425
117.194375 38.5425
117.252292 38.5425
117.310208 38.5425
117.368125 38.5425
117.426042 38.5425
117.483958 38.5425
117.541875 38.5425
117.599792 38.5425
116.673125 38.4975
116.731042 38.4975
116.788958 38.4975
116.846875 38.4975
116.904792 38.4975
116.962708 38.4975
117.020625 38.4975
117.078542 38.4975
117.136458 38.4975
117.194375 38.4975
117.252292 38.4975
117.310208 38.4975
117.368125 38.4975
116.673125 38.4525
116.731042 38.4525
116.788958 38.4525
116.846875 38.4525
116.904792 38.4525
116.962708 38.4525
117.020625 38.4525
117.078542 38.4525
116.731042 38.4075
116.788958 38.4075
