2014.804931640625 -0.0 0.8204220996619699
2014.837768554688 -1.348022341728 0.3570729384410563
2014.903442382812 -0.36379545927 -0.5694878505263018
2014.96923828125 -1.178493261337 -1.497285138056934
2015.03564453125 0.396187782288 -2.4328413329195717
2015.101318359375 -3.009218931198 -3.3569313543163046
2015.265625 -0.054487936199 -5.66203587837948
2015.331298828125 -4.118370056152 -6.580080376136164
2015.39697265625 -10.465231895447 -7.495946135586392
2016.021850585938 -12.686092376709 -17.860929071745666
2016.1533203125 -19.376346588135 -19.46826898777007
2016.350463867188 -20.617752075195 -20.78578635238127
2016.416137695312 -22.255880355835 -21.269255149634
2016.547607421875 -23.018682479858 -22.243794009947823
2016.744750976562 -22.973552703857 -23.684635713928515
2016.777587890625 -23.861675262451 -23.91124346130702
2016.810424804688 -23.759284973145 -24.128225323471884
2016.84326171875 -23.733821868896 -24.39952307013407
2016.876098632812 -24.433828353882 -24.76666168257387
2016.908935546875 -24.642826080322 -25.173744329155248
2016.941772460938 -25.545204162598 -25.586474603985145
2016.974731445312 -25.908136367798 -26.041206978168177
2017.005493164062 -26.637216567993 -26.485024216797225
2017.038330078125 -26.99825668335 -26.954110594863977
2017.071166992188 -27.231939315796 -27.43009546202532
2017.10400390625 -27.721704483032 -27.922641623673943
2017.136840820312 -28.410600662231 -28.419007318014454
2017.169799804688 -29.289455413818 -28.914425383083024
2017.20263671875 -29.372627258301 -29.393022370765046
2017.235473632812 -30.561941146851 -29.846858111404938
2017.268310546875 -29.465560913086 -30.27691180729615
2017.301147460938 -31.126291275024 -30.689636427608445
2017.333984375 -31.136148452759 -31.08645182810088
2017.366821289062 -32.877758026123 -31.46684545323745
2017.399780273438 -32.299240112305 -31.833956535125044
2017.4326171875 -32.693855285645 -32.18349463349313
2017.498291015625 -32.173793792725 -32.82700053554186
2017.531127929688 -32.938674926758 -33.116356113492
2017.56396484375 -33.98596572876 -33.38083193882462
2017.596801757812 -34.261810302734 -33.62079316433511
2017.629760742188 -33.837291717529 -33.83678389368941
2017.66259765625 -33.770736694336 -34.032416086246364
2017.695434570312 -34.990783691406 -34.21625767299766
2017.728271484375 -34.61918258667 -34.39552519693279
2017.761108398438 -34.755504608154 -34.572910655014006
2017.7939453125 -34.820781707764 -34.75271926415694
2017.826782226562 -34.541980743408 -34.93772917755258
2017.859741210938 -34.913787841797 -35.12915349409727
2017.892578125 -34.918216705322 -35.33634328463796
2017.925415039062 -35.131534576416 -35.56861326737019
2017.958251953125 -35.608707427979 -35.83737065279125
2017.991088867188 -35.73673248291 -36.15192652359493
2018.024658203125 -36.063541412354 -36.5312047228585
2018.057495117188 -36.442420959473 -36.9626489908326
2018.09033203125 -37.125171661377 -37.45175772525252
2018.123168945312 -37.424289703369 -37.9936149089551
2018.156005859375 -37.384773254395 -38.57710897019056
2018.18896484375 -38.706073760986 -39.196434787902376
2018.221801757812 -38.717170715332 -39.84296809560063
2018.254638671875 -40.364665985107 -40.51539512312672
2018.287475585938 -40.61067199707 -41.213500425790954
2018.3203125 -42.104103088379 -41.93516344078326
2018.353149414062 -43.263332366943 -42.670782556602006
2018.385986328125 -44.105438232422 -43.40163983639038
2018.4189453125 -44.441223144531 -44.111961704730156
2018.451782226562 -44.284957885742 -44.77700235350664
2018.484619140625 -46.065692901611 -45.38924246920265
2018.517456054688 -46.29712677002 -45.95156071709868
2018.55029296875 -47.382717132568 -46.47461134870236
2018.583129882812 -48.604614257812 -46.963248509090924
2018.615966796875 -48.3063621521 -47.41823379103605
2018.64892578125 -48.704170227051 -47.8434288666506
2018.681762695312 -48.281986236572 -48.24108943729176
2018.714599609375 -47.17212677002 -48.614104252898294
2018.747436523438 -49.241996765137 -48.95668018664189
2018.7802734375 -49.551647186279 -49.26512200707944
2018.813110351562 -49.383190155029 -49.53969400381942
2018.845947265625 -50.140041351318 -49.795912480960105
2018.87890625 -50.0348777771 -50.04432309298665
2018.911743164062 -49.989036560059 -50.3022162734045
2018.944580078125 -50.618423461914 -50.5653281680584
2018.977416992188 -50.775959014893 -50.82842371643935
2019.010986328125 -50.998294830322 -51.11038049340124
2019.043823242188 -51.154083251953 -51.38564372607629
2019.109497070312 -52.064395904541 -52.007081794000925
2019.1259765625 -52.142055511475 -52.16412909215929
2019.142333984375 -51.935897827148 -52.33924585562622
2019.175170898438 -52.428756713867 -52.69562824816354
2019.191650390625 -52.696117401123 -52.89358408325486
2019.208129882812 -53.22338104248 -53.0958378998502
2019.224487304688 -53.130107879639 -53.29849876869825
2019.240966796875 -53.527378082275 -53.50092492567218
2019.25732421875 -53.737457275391 -53.69553029160295
2019.273803710938 -54.101715087891 -53.900421745101994
2019.290161132812 -54.333751678467 -54.10641718069957
2019.306640625 -54.546775817871 -54.28737030322251
2019.323120117188 -54.997577667236 -54.45887923081392
2019.339477539062 -54.581882476807 -54.621174269335604
2019.35595703125 -55.161991119385 -54.77522560465607
2019.372314453125 -54.105846405029 -54.92251253965043
2019.388793945312 -55.508293151855 -55.068982781674734
2019.405151367188 -54.340209960938 -55.22270510164565
2019.421630859375 -55.069076538086 -55.37550876375431
2019.438110351562 -56.360443115234 -55.53305614180841
2019.454467773438 -55.581527709961 -55.700023792902506
2019.470947265625 -55.40160369873 -55.875046743403885
2019.4873046875 -55.837959289551 -56.04447414325838
2019.503784179688 -55.646369934082 -56.18415284233729
2019.520141601562 -56.730270385742 -56.3253217909095
2019.53662109375 -57.059448242188 -56.46186147656706
2019.569458007812 -57.051128387451 -56.7241436719792
2019.602294921875 -58.048137664795 -56.98290182176972
2019.618774414062 -58.221340179443 -57.11876175301351
2019.635131835938 -56.866722106934 -57.250494204103894
2019.651611328125 -56.791854858398 -57.36697958481009
2019.668090820312 -56.819416046143 -57.48849064194062
2019.71728515625 -57.717403411865 -57.7983234083987
2019.733764648438 -57.937015533447 -57.88887532137624
2019.750122070312 -59.044166564941 -57.96838931067332
2019.7666015625 -58.104789733887 -58.04926427773088
2019.799438476562 -58.214218139648 -58.19783216365421
2019.832275390625 -58.611621856689 -58.35127917705265
2019.865112304688 -58.66134262085 -58.50748250253608
2019.898071289062 -58.821723937988 -58.666360420559336
2019.930908203125 -58.610828399658 -58.82421691088447
2019.963745117188 -58.758029937744 -58.99385516316689
2019.99658203125 -58.848972320557 -59.16979360255041
2020.030151367188 -59.22013092041 -59.32961708308733
2020.06298828125 -59.349452972412 -59.52213260405278
2020.095825195312 -59.54243850708 -59.71854730051244
2020.128662109375 -59.792579650879 -59.93047531442048
2020.161499023438 -60.463737487793 -60.15653216851711
2020.177978515625 -60.104755401611 -60.27471185862909
2020.1943359375 -60.384536743164 -60.38998728592931
2020.227294921875 -60.947597503662 -60.62284501337866
2020.260131835938 -60.483150482178 -60.85009733423069
2020.29296875 -60.994144439697 -61.07896037152804
2020.325805664062 -62.194862365723 -61.30554692928211
2020.358642578125 -61.3020362854 -61.53930976640644
2020.391479492188 -62.233093261719 -61.77195190489465
2020.42431640625 -61.778591156006 -61.99119571332606
2020.457275390625 -60.604118347168 -62.19642041378947
2020.490112304688 -60.988628387451 -62.38582864303926
2020.52294921875 -62.863342285156 -62.55942698718007
2020.555786132812 -63.806602478027 -62.71556966193223
2020.572265625 -63.914943695068 -62.77445417707618
2020.588623046875 -62.528774261475 -62.827378138675755
2020.605102539062 -63.625694274902 -62.90823498684269
2020.621459960938 -63.248474121094 -62.95253021274584
2020.654296875 -62.587226867676 -63.059449972854495
2020.687255859375 -63.226215362549 -63.13715628354043
2020.70361328125 -63.584037780762 -63.16791137369737
2020.720092773438 -63.501461029053 -63.18330108572868
2020.7529296875 -62.717479705811 -63.20791896128737
2020.785766601562 -63.225673675537 -63.21899246700111
2020.818603515625 -62.036571502686 -63.22419902262505
2020.851440429688 -63.664371490479 -63.23035379605609
2020.917236328125 -64.29109954834 -63.261826908031104
2020.950073242188 -63.056056976318 -63.30043476353543
2020.98291015625 -63.159934997559 -63.34923583223195
2021.013671875 -63.137630462646 -63.38169579339718
2021.046508789062 -61.712100982666 -63.42753207397778
2021.079345703125 -63.462940216064 -63.467632056647744
2021.1123046875 -63.415798187256 -63.49845879275731
2021.145141601562 -63.378437042236 -63.52275334764928
2021.177978515625 -63.64612197876 -63.54415511956587
2021.210815429688 -64.516471862793 -63.56461828417829
2021.24365234375 -64.385101318359 -63.60372326567552
2021.276489257812 -63.75870513916 -63.61026633326069
2021.309326171875 -63.084239959717 -63.59437013067858
2021.34228515625 -63.602416992188 -63.56193011068099
2021.358642578125 -64.089416503906 -63.558101057869216
2021.391479492188 -62.965171813965 -63.56887574327033
2021.407958984375 -64.10912322998 -63.60215347108635
2021.440795898438 -61.993469238281 -63.640931313625444
2021.4736328125 -61.274276733398 -63.709061539501
2021.506469726562 -63.110126495361 -63.81758046237178
2021.539306640625 -61.782295227051 -63.95495514259715
2021.572265625 -61.824062347412 -64.15250492999729
2021.605102539062 -63.416786193848 -64.28806049378555
2021.637939453125 -64.022743225098 -64.43850197122586
2021.670776367188 -64.965660095215 -64.61469675599307
2021.736450195312 -63.006816864014 -65.12875459891792
2021.769287109375 -66.084259033203 -65.40247161916088
2021.80224609375 -65.344650268555 -65.71104938843723
2021.835083007812 -65.645309448242 -66.01998363293282
2021.867919921875 -65.495498657227 -66.33398323967053
2021.966430664062 -68.104942321777 -67.29250505880307
2022.0 -67.93913269043 -67.62504986238413
2022.065673828125 -68.448669433594 -68.27356889018519
2022.098510742188 -68.025695800781 -68.60160609538664
2022.197143554688 -69.185394287109 -69.57012200223173
2022.22998046875 -70.103454589844 -69.86543205883831
2022.262817382812 -71.70223236084 -70.1337914982282
2022.295654296875 -71.456817626953 -70.36747714842976
2022.328491210938 -70.302093505859 -70.56409968140728
2022.394287109375 -71.706474304199 -70.91132872549198
2022.558471679688 -69.944221496582 -71.88580972452503
2022.591430664062 -75.741455078125 -72.10419210719752
2022.68994140625 -68.142127990723 -72.64026857223986
2022.722778320312 -72.882591247559 -72.7887449192366
2022.821411132812 -73.530654907227 -73.22203289472706
2022.854248046875 -73.222381591797 -73.38997279940249
2022.887084960938 -73.22289276123 -73.56181746303679
2022.919921875 -73.572807312012 -73.72429103916184
2022.952758789062 -73.573944091797 -73.88328433190816
2022.985595703125 -76.250869750977 -74.03221114056446
2023.019165039062 -74.466361999512 -74.17294011046181
2023.052001953125 -74.746131896973 -74.31733803022117
2023.084838867188 -74.579147338867 -74.43966742231144
2023.11767578125 -74.78426361084 -74.52457285862918
2023.150634765625 -75.180023193359 -74.62277987009
2023.183471679688 -75.214698791504 -74.68732749184856
2023.21630859375 -74.949882507324 -74.75425373335555
2023.249145507812 -74.779472351074 -74.82473816402722
2023.281982421875 -74.945770263672 -74.89648250128563
2023.314819335938 -75.081184387207 -74.96743174197243
2023.34765625 -75.16478729248 -75.03628474888384
2023.380615234375 -74.784767150879 -75.10252450741588
2023.413452148438 -73.773719787598 -75.16527766528208
2023.4462890625 -74.12686920166 -75.22482293126079
2023.57763671875 -76.135513305664 -75.44329707179062
