2014.804931640625 -0.0 -1.655821321044067
2014.837768554688 -28.130643844604 -2.725200659131176
2014.903442382812 -14.215720176697 -4.8649685037205455
2014.96923828125 -10.932280540466 -7.0107134161859594
2015.03564453125 9.438934326172 -9.178864704627344
2015.101318359375 -10.493653297424 -11.32512989571171
2015.265625 21.910339355469 -16.698097060840226
2015.331298828125 -17.601215362549 -18.84425800705303
2015.39697265625 -35.309097290039 -20.987460467551454
2016.021850585938 -20.241678237915 -40.17896243840963
2016.1533203125 -46.200736999512 -45.23511386269788
2016.350463867188 -79.065147399902 -51.12607272528325
2016.416137695312 -75.192207336426 -51.99568788800055
2016.547607421875 -65.472473144531 -54.149539646356715
2016.744750976562 -72.026672363281 -59.77781399217327
2016.777587890625 -67.297523498535 -59.055466192592405
2016.810424804688 -60.950233459473 -58.36390247355327
2016.84326171875 -54.84875869751 -57.696495624989744
2016.876098632812 -56.485198974609 -57.0212831094849
2016.908935546875 -56.782409667969 -56.512056405466986
2016.941772460938 -54.142730712891 -56.1146094243861
2016.974731445312 -50.78532409668 -55.783154343438774
2017.005493164062 -52.280727386475 -55.62358187613693
2017.038330078125 -53.441822052002 -55.390512978354366
2017.071166992188 -53.663452148438 -55.18557970102889
2017.10400390625 -54.217155456543 -55.2994079671806
2017.136840820312 -55.431869506836 -55.599748682203106
2017.169799804688 -55.653305053711 -56.03720009121977
2017.20263671875 -56.644832611084 -56.61897010314346
2017.235473632812 -56.0788230896 -57.328599772511275
2017.268310546875 -56.272346496582 -58.13266501988769
2017.301147460938 -60.674270629883 -58.98239167506069
2017.333984375 -52.563110351562 -59.83533770059469
2017.366821289062 -63.426464080811 -60.67535344357196
2017.399780273438 -58.39241027832 -61.495012967080804
2017.4326171875 -62.9821434021 -62.25232532855653
2017.498291015625 -68.668144226074 -63.55700887420475
2017.531127929688 -62.738506317139 -64.10812185402007
2017.56396484375 -69.260673522949 -64.57615178726692
2017.596801757812 -75.923133850098 -64.93351541607598
2017.629760742188 -65.07275390625 -65.16385465776887
2017.66259765625 -68.420631408691 -65.26134347228107
2017.695434570312 -69.085784912109 -65.22689792586759
2017.728271484375 -64.010856628418 -65.0204864180325
2017.761108398438 -66.075843811035 -64.63152888142015
2017.7939453125 -64.353302001953 -64.12613593019843
2017.826782226562 -64.754516601562 -63.56611416656665
2017.859741210938 -63.394752502441 -62.959878455101226
2017.892578125 -61.327251434326 -62.338209526214605
2017.925415039062 -60.445732116699 -61.74438076813848
2017.958251953125 -61.488395690918 -61.19742448271863
2017.991088867188 -59.238208770752 -60.75034223483817
2018.024658203125 -58.168319702148 -60.486360833251055
2018.057495117188 -58.908313751221 -60.512544699152585
2018.09033203125 -59.768310546875 -60.88771720692056
2018.123168945312 -59.127365112305 -61.62080160367369
2018.156005859375 -55.209976196289 -62.66130818823779
2018.18896484375 -61.156269073486 -63.94448525804919
2018.221801757812 -58.960502624512 -65.4053553930845
2018.254638671875 -58.805938720703 -67.01625477272462
2018.287475585938 -64.354644775391 -68.78292340215889
2018.3203125 -66.353607177734 -70.7087879049542
2018.353149414062 -70.472763061523 -72.80594574648175
2018.385986328125 -77.902740478516 -75.0821159110351
2018.4189453125 -79.576469421387 -77.50940507697165
2018.451782226562 -82.45369720459 -79.91147557375291
2018.484619140625 -82.121528625488 -82.12077890704128
2018.517456054688 -85.678756713867 -84.07550318160078
2018.55029296875 -92.663330078125 -85.78089713711533
2018.583129882812 -90.036064147949 -87.25843708988542
2018.615966796875 -101.016822814941 -88.54578528565006
2018.64892578125 -94.41130065918 -89.64616072717234
2018.681762695312 -95.552833557129 -90.56359430561774
2018.714599609375 -95.59757232666 -91.31275119314644
2018.747436523438 -92.678329467773 -91.8945493788465
2018.7802734375 -90.095146179199 -92.29260440347109
2018.813110351562 -95.438980102539 -92.41614776622346
2018.845947265625 -91.874092102051 -92.33522872834932
2018.87890625 -92.087944030762 -92.02971590110187
2018.911743164062 -93.103652954102 -91.64038669782052
2018.944580078125 -91.042121887207 -91.2555245864601
2018.977416992188 -91.288383483887 -90.9004321905043
2019.010986328125 -89.351402282715 -90.53931585610594
2019.043823242188 -90.065582275391 -90.14576014451836
2019.109497070312 -89.252853393555 -89.3516607144275
2019.1259765625 -88.731452941895 -89.14353347538186
2019.142333984375 -88.992454528809 -88.99224995222
2019.175170898438 -89.615844726562 -88.7304262979949
2019.191650390625 -87.113059997559 -88.65673579493894
2019.208129882812 -89.539848327637 -88.62453332928416
2019.224487304688 -87.75212097168 -88.5768609851588
2019.240966796875 -87.351020812988 -88.63018153169024
2019.25732421875 -88.10066986084 -88.74396002113781
2019.273803710938 -88.35774230957 -88.80219064906528
2019.290161132812 -88.166870117188 -88.89459511656194
2019.306640625 -88.812629699707 -89.21278868133659
2019.323120117188 -86.48957824707 -89.65321036084399
2019.339477539062 -90.756538391113 -90.19930797376206
2019.35595703125 -89.277626037598 -90.84145882056855
2019.372314453125 -90.307395935059 -91.53445841877932
2019.388793945312 -92.434921264648 -92.28074335837506
2019.405151367188 -89.400726318359 -93.11588729380374
2019.421630859375 -92.37084197998 -93.91491369100409
2019.438110351562 -99.490997314453 -94.75309412749733
2019.454467773438 -95.798820495605 -95.6250021851942
2019.470947265625 -97.901031494141 -96.52208311056138
2019.4873046875 -100.823860168457 -97.39145912471413
2019.503784179688 -96.628067016602 -98.13478768261831
2019.520141601562 -93.085968017578 -98.91471770986224
2019.53662109375 -101.916511535645 -99.66739421046445
2019.569458007812 -101.214241027832 -101.12305466768643
2019.602294921875 -113.91015625 -102.57189922143488
2019.618774414062 -105.13990020752 -103.27557684450588
2019.635131835938 -104.938415527344 -103.95712142470373
2019.651611328125 -102.322654724121 -104.61457045988357
2019.668090820312 -97.766006469727 -105.24324793139164
2019.71728515625 -108.022750854492 -106.73245874259581
2019.733764648438 -108.712272644043 -107.14760502677021
2019.750122070312 -110.901878356934 -107.34775241365135
2019.7666015625 -108.772888183594 -107.64447694301859
2019.799438476562 -109.373313903809 -107.9615577420528
2019.832275390625 -112.652702331543 -108.28413045461537
2019.865112304688 -107.643325805664 -108.55457188347887
2019.898071289062 -108.768432617188 -108.7898777295124
2019.930908203125 -108.293518066406 -108.99438130657808
2019.963745117188 -106.305358886719 -109.31216444172242
2019.99658203125 -108.875732421875 -109.73199454208437
2020.030151367188 -107.289520263672 -110.00257008917879
2020.06298828125 -109.653923034668 -110.6876814717887
2020.095825195312 -111.190361022949 -111.42766558319892
2020.128662109375 -111.435966491699 -112.34885419000891
2020.161499023438 -110.016456604004 -113.44083450114104
2020.177978515625 -113.811744689941 -114.11657760839046
2020.1943359375 -113.59407043457 -114.6647214502527
2020.227294921875 -115.965812683105 -116.00183591046499
2020.260131835938 -117.337760925293 -117.41517209435149
2020.29296875 -119.183517456055 -118.88283798051408
2020.325805664062 -120.557502746582 -120.43042485533869
2020.358642578125 -120.429054260254 -122.03777995930915
2020.391479492188 -126.821563720703 -123.6340859412916
2020.42431640625 -124.848052978516 -125.20013403201011
2020.457275390625 -124.393516540527 -126.67424525945904
2020.490112304688 -136.415649414062 -128.03364995722671
2020.52294921875 -128.605575561523 -129.3068558920027
2020.555786132812 -132.927001953125 -130.49163815678486
2020.572265625 -136.450973510742 -130.92702474177136
2020.588623046875 -134.613418579102 -131.29030543984877
2020.605102539062 -128.869888305664 -131.86337971154472
2020.621459960938 -134.07585144043 -132.1257462627072
2020.654296875 -136.23698425293 -132.73826128111395
2020.687255859375 -126.420967102051 -133.1288323499562
2020.70361328125 -132.432830810547 -133.31927081441123
2020.720092773438 -136.93196105957 -133.3151831285885
2020.7529296875 -135.867752075195 -133.38605866312645
2020.785766601562 -137.219284057617 -133.38833892865006
2020.818603515625 -131.296859741211 -133.36138489819916
2020.851440429688 -130.518783569336 -133.31435449588705
2020.917236328125 -133.191192626953 -133.23368381711373
2020.950073242188 -133.204803466797 -133.2738770289463
2020.98291015625 -133.645690917969 -133.3853974693378
2021.013671875 -133.064392089844 -133.42286694897408
2021.046508789062 -129.586669921875 -133.66504692905752
2021.079345703125 -133.513916015625 -134.15625324531058
2021.1123046875 -133.618316650391 -134.6886908579115
2021.145141601562 -134.990661621094 -135.29990205775863
2021.177978515625 -134.714935302734 -135.96577693140267
2021.210815429688 -135.802108764648 -136.70161786080263
2021.24365234375 -134.432571411133 -137.4077314545517
2021.276489257812 -139.61360168457 -138.37692753328497
2021.309326171875 -140.879608154297 -139.490275933936
2021.34228515625 -140.412811279297 -140.73472089443732
2021.358642578125 -140.813491821289 -141.45095362169909
2021.391479492188 -142.50129699707 -142.81163085537148
2021.407958984375 -140.104827880859 -143.52933807934747
2021.440795898438 -138.69482421875 -144.81056870740852
2021.4736328125 -145.14079284668 -145.86929664082302
2021.506469726562 -151.259918212891 -146.65263332846393
2021.539306640625 -150.793258666992 -147.25071614369705
2021.572265625 -154.944000244141 -147.51234520357247
2021.605102539062 -156.500747680664 -148.12922833627465
2021.637939453125 -151.963607788086 -148.69138329879613
2021.670776367188 -156.977569580078 -149.1497327265542
2021.736450195312 -149.800399780273 -149.41277739994416
2021.769287109375 -149.439086914062 -149.51930164188832
2021.80224609375 -147.99235534668 -149.42873568980278
2021.835083007812 -146.703903198242 -149.29179510901827
2021.867919921875 -154.71662902832 -149.08040049076325
2021.966430664062 -147.612548828125 -148.38606655038416
2022.0 -144.360702514648 -148.1775402572973
2022.065673828125 -155.575973510742 -147.76224755253259
2022.098510742188 -148.278930664062 -147.6059728253992
2022.197143554688 -141.921096801758 -147.18872114975835
2022.22998046875 -148.61506652832 -147.06794269327426
2022.262817382812 -138.753280639648 -146.99532485035917
2022.295654296875 -146.108062744141 -147.2239514595254
2022.328491210938 -142.594299316406 -148.02356841034958
2022.394287109375 -160.274353027344 -149.9239787573948
2022.558471679688 -172.084899902344 -152.1790570255181
2022.591430664062 -144.588455200195 -152.61206217426422
2022.68994140625 -172.336090087891 -155.1897493334222
2022.722778320312 -171.431640625 -156.83275638179913
2022.821411132812 -157.288635253906 -158.4113745516557
2022.854248046875 -158.964599609375 -158.1572118667687
2022.887084960938 -156.354888916016 -157.84413286793654
2022.919921875 -160.206436157227 -157.56662777369186
2022.952758789062 -161.095077514648 -157.2707384668554
2022.985595703125 -156.542297363281 -156.97283063495905
2023.019165039062 -154.236770629883 -156.75851076167024
2023.052001953125 -154.76301574707 -156.5398790270857
2023.084838867188 -155.379852294922 -156.52999909401646
2023.11767578125 -156.165313720703 -156.84920856606612
2023.150634765625 -155.68864440918 -157.0407696295953
2023.183471679688 -155.439331054688 -157.42781498512264
2023.21630859375 -149.428741455078 -157.80691633641052
2023.249145507812 -151.942611694336 -158.18718538000564
2023.281982421875 -154.816436767578 -158.57482476994227
2023.314819335938 -158.572082519531 -158.97506725540504
2023.34765625 -158.074951171875 -159.39294416688182
2023.380615234375 -164.984512329102 -159.83438187542723
2023.413452148438 -162.201461791992 -160.29947259023953
2023.4462890625 -163.645751953125 -160.7905412327301
2023.57763671875 -193.039596557617 -162.97280521879225
