2014.804931640625 -0.0 -0.0896107969046602
2014.837768554688 -28.221155166626 -1.532057953983055
2014.903442382812 -15.306235313416 -4.418413140495125
2014.96923828125 -10.692687034607 -7.312040010064241
2015.03564453125 8.854110717773 -10.23414603660734
2015.101318359375 -1.919980287552 -13.124468293570066
2015.265625 29.577219009399 -20.34892674384875
2015.331298828125 -12.981252670288 -23.231058257984625
2015.39697265625 -27.954399108887 -26.108391663806135
2016.021850585938 -32.770992279053 -53.11800208886777
2016.1533203125 -59.730796813965 -59.44261466047649
2016.350463867188 -116.915481567383 -68.64702309738891
2016.416137695312 -82.238609313965 -70.29944621653993
2016.547607421875 -82.283470153809 -74.02814582312699
2016.744750976562 -79.07007598877 -79.81803884338287
2016.777587890625 -78.019134521484 -79.7284499312688
2016.810424804688 -82.197250366211 -79.64493406610838
2016.84326171875 -78.489776611328 -79.578771308911
2016.876098632812 -83.298599243164 -79.57498319572424
2016.908935546875 -77.919059753418 -79.66742780119054
2016.941772460938 -79.255630493164 -79.7916586875436
2016.974731445312 -77.492698669434 -79.98540310229816
2017.005493164062 -79.122360229492 -80.29307388196699
2017.038330078125 -79.44987487793 -80.54576245719592
2017.071166992188 -79.280685424805 -80.7986773132564
2017.10400390625 -78.724708557129 -81.34957124246837
2017.136840820312 -80.407287597656 -82.09466209208799
2017.169799804688 -83.00993347168 -82.96870715882199
2017.20263671875 -84.658569335938 -83.98761532713061
2017.235473632812 -82.282852172852 -85.18676678562875
2017.268310546875 -83.565673828125 -86.57772467848656
2017.301147460938 -87.819717407227 -88.13235382804716
2017.333984375 -81.611206054688 -89.79999439365473
2017.366821289062 -93.319206237793 -91.52631413487539
2017.399780273438 -93.609931945801 -93.2448111884403
2017.4326171875 -91.240455627441 -94.85636864457963
2017.498291015625 -106.934661865234 -97.66000718161507
2017.531127929688 -102.900421142578 -98.90073682048012
2017.56396484375 -102.610542297363 -100.04615448318175
2017.596801757812 -104.39575958252 -101.0594933684016
2017.629760742188 -107.656127929688 -101.90927157457836
2017.66259765625 -107.321311950684 -102.5493988197206
2017.695434570312 -105.496467590332 -102.95372051938544
2017.728271484375 -101.833694458008 -103.02413112240333
2017.761108398438 -100.983833312988 -102.76036145252478
2017.7939453125 -102.065589904785 -102.28104745450888
2017.826782226562 -102.964645385742 -101.70174456941987
2017.859741210938 -103.17985534668 -101.05172420436062
2017.892578125 -101.386367797852 -100.35045306958047
2017.925415039062 -100.325134277344 -99.63244001239775
2017.958251953125 -99.848045349121 -98.928662103153
2017.991088867188 -98.134231567383 -98.26082707257888
2018.024658203125 -94.568618774414 -97.6300558307025
2018.057495117188 -96.345390319824 -97.10586002054612
2018.09033203125 -95.879219055176 -96.72127124068182
2018.123168945312 -95.033164978027 -96.513172507443
2018.156005859375 -89.974517822266 -96.48165296349339
2018.18896484375 -97.761123657227 -96.59075138446762
2018.221801757812 -92.538017272949 -96.82788359193167
2018.254638671875 -91.520896911621 -97.21892456519002
2018.287475585938 -95.261848449707 -97.79075446906353
2018.3203125 -94.886177062988 -98.54078538152308
2018.353149414062 -100.865692138672 -99.45697763311323
2018.385986328125 -101.23201751709 -100.5294468950035
2018.4189453125 -103.91096496582 -101.74633312072137
2018.451782226562 -102.574340820312 -103.0260622739142
2018.484619140625 -99.710891723633 -104.26695116229804
2018.517456054688 -117.354698181152 -105.40157462083765
2018.55029296875 -106.89510345459 -106.4343899788539
2018.583129882812 -112.58422088623 -107.35029901512002
2018.615966796875 -118.462532043457 -108.15344464225879
2018.64892578125 -108.254493713379 -108.8654462919775
2018.681762695312 -114.043212890625 -109.5038440731595
2018.714599609375 -115.371452331543 -110.06165756569042
2018.747436523438 -112.412391662598 -110.48406667266251
2018.7802734375 -109.379875183105 -110.72631768714677
2018.813110351562 -108.07861328125 -110.73617925363601
2018.845947265625 -113.771621704102 -110.61796692587279
2018.87890625 -110.421676635742 -110.36290298927592
2018.911743164062 -109.184211730957 -109.99884224944365
2018.944580078125 -110.194602966309 -109.61042427421911
2018.977416992188 -111.625503540039 -109.21823190061535
2019.010986328125 -104.523429870605 -108.84557490738366
2019.043823242188 -112.367195129395 -108.48740822799101
2019.109497070312 -106.444770812988 -107.63768439919316
2019.1259765625 -106.807952880859 -107.41314643188652
2019.142333984375 -107.749328613281 -107.20619554128942
2019.175170898438 -105.419692993164 -106.8010217208908
2019.191650390625 -106.261825561523 -106.6812665364418
2019.208129882812 -105.672805786133 -106.61475711407253
2019.224487304688 -106.984008789062 -106.52024940038525
2019.240966796875 -107.0361328125 -106.57639767249175
2019.25732421875 -105.981575012207 -106.71897620029503
2019.273803710938 -105.274978637695 -106.8083685093971
2019.290161132812 -104.991653442383 -106.93308652475976
2019.306640625 -107.055206298828 -107.30644822434756
2019.323120117188 -106.708274841309 -107.81505165513823
2019.339477539062 -108.514770507812 -108.43233026441531
2019.35595703125 -106.882736206055 -109.14844545636689
2019.372314453125 -108.829483032227 -109.94285621063908
2019.388793945312 -108.226631164551 -110.83848230953336
2019.405151367188 -109.214981079102 -111.94112951175555
2019.421630859375 -111.953514099121 -113.0186509916131
2019.438110351562 -115.912811279297 -114.2002402791083
2019.454467773438 -115.783012390137 -115.46171209643266
2019.470947265625 -117.510459899902 -116.79301126828473
2019.4873046875 -120.655075073242 -118.12937930323227
2019.503784179688 -112.927726745605 -119.37014989141414
2019.520141601562 -111.076263427734 -120.6117050595807
2019.53662109375 -123.385620117188 -121.83810396485265
2019.569458007812 -125.516212463379 -124.13114530208922
2019.602294921875 -133.079299926758 -126.04298519616836
2019.618774414062 -126.584037780762 -127.0201220872409
2019.635131835938 -131.763626098633 -127.95595980755178
2019.651611328125 -130.522079467773 -128.71564143102447
2019.668090820312 -125.987098693848 -129.57600818490621
2019.71728515625 -134.154403686523 -131.60240146929428
2019.733764648438 -133.37141418457 -132.1726018729738
2019.750122070312 -132.413803100586 -132.5759821804618
2019.7666015625 -133.698211669922 -133.02472980477532
2019.799438476562 -132.11067199707 -133.69141772362792
2019.832275390625 -137.820617675781 -134.31414387341852
2019.865112304688 -136.064147949219 -134.86938079485708
2019.898071289062 -136.118759155273 -135.38727785057543
2019.930908203125 -136.479156494141 -135.8639230815376
2019.963745117188 -135.052917480469 -136.33630440668452
2019.99658203125 -136.617645263672 -136.83407987095674
2020.030151367188 -135.939208984375 -137.30795969689558
2020.06298828125 -137.060333251953 -137.8422552284729
2020.095825195312 -137.786773681641 -138.3665600914544
2020.128662109375 -138.889358520508 -138.93318786955317
2020.161499023438 -138.369354248047 -139.56349131872057
2020.177978515625 -140.216201782227 -139.92184416966043
2020.1943359375 -140.118865966797 -140.24619863253386
2020.227294921875 -141.592956542969 -140.9826298441017
2020.260131835938 -141.674621582031 -141.74261255160656
2020.29296875 -143.143402099609 -142.51543512040053
2020.325805664062 -143.470840454102 -143.2995020699572
2020.358642578125 -142.801696777344 -144.1220494678416
2020.391479492188 -145.05712890625 -145.01499876287127
2020.42431640625 -146.171981811523 -145.961968850078
2020.457275390625 -143.982437133789 -146.90139256210594
2020.490112304688 -151.365417480469 -147.82574879290027
2020.52294921875 -142.758575439453 -148.7712688571535
2020.555786132812 -147.662170410156 -149.73399935797084
2020.572265625 -159.286193847656 -150.1670933933675
2020.588623046875 -159.787826538086 -150.52850210213794
2020.605102539062 -150.480270385742 -151.0020856290171
2020.621459960938 -159.733703613281 -151.29413141975363
2020.654296875 -154.52912902832 -151.94719289040648
2020.687255859375 -146.331207275391 -152.4706642937467
2020.70361328125 -152.485015869141 -152.7711109850638
2020.720092773438 -156.173934936523 -152.83047220527087
2020.7529296875 -157.597091674805 -153.0644044853811
2020.785766601562 -157.644546508789 -153.17434109441285
2020.818603515625 -151.045135498047 -153.16420833522676
2020.851440429688 -149.44660949707 -153.0377788018722
2020.917236328125 -153.018661499023 -152.68181794854885
2020.950073242188 -153.50309753418 -152.5859573992666
2020.98291015625 -153.762878417969 -152.549887797435
2021.013671875 -152.59700012207 -152.45180927787783
2021.046508789062 -146.575302124023 -152.53720885591684
2021.079345703125 -150.882034301758 -152.9459324384985
2021.1123046875 -150.511703491211 -153.45169203623465
2021.145141601562 -153.516464233398 -154.08598339491215
2021.177978515625 -154.013793945312 -154.7958505892862
2021.210815429688 -154.02619934082 -155.56686061175245
2021.24365234375 -152.88410949707 -156.27768635656287
2021.276489257812 -153.627532958984 -157.32863078526927
2021.309326171875 -161.979431152344 -158.4960514945052
2021.34228515625 -159.296005249023 -159.73342837044012
2021.358642578125 -161.886383056641 -160.3382266503441
2021.391479492188 -166.281326293945 -161.5578504174907
2021.407958984375 -162.374664306641 -162.08958548022068
2021.440795898438 -158.621704101562 -162.95786090162133
2021.4736328125 -162.522415161133 -163.34630777244925
2021.506469726562 -174.870056152344 -163.40434809504956
2021.539306640625 -178.168380737305 -163.41793004078892
2021.572265625 -175.377044677734 -163.33127790651466
2021.605102539062 -179.832397460938 -163.56175445811454
2021.637939453125 -168.762985229492 -163.72768347373847
2021.670776367188 -176.366775512695 -163.81131000687654
2021.736450195312 -160.773239135742 -163.60080221639367
2021.769287109375 -160.027603149414 -163.53632036790015
2021.80224609375 -165.523132324219 -163.26180654768717
2021.835083007812 -161.883209228516 -162.96443284539043
2021.867919921875 -169.41618347168 -162.5495556653391
2021.966430664062 -159.626022338867 -161.31902365814932
2022.0 -156.659088134766 -161.01414578282714
2022.065673828125 -164.544067382812 -160.38535172875015
2022.098510742188 -157.782073974609 -160.17684515187824
2022.197143554688 -158.242233276367 -159.63014863037876
2022.22998046875 -160.01335144043 -159.50182953857055
2022.262817382812 -150.412933349609 -159.4425203100824
2022.295654296875 -155.683044433594 -159.55903936022455
2022.328491210938 -159.244445800781 -159.98154595092734
2022.394287109375 -161.767120361328 -161.35947264862875
2022.558471679688 -173.49267578125 -163.85730926868618
2022.591430664062 -136.245315551758 -164.38335850181903
2022.68994140625 -184.01628112793 -166.35673829653263
2022.722778320312 -181.442001342773 -167.22781509565328
2022.821411132812 -167.74951171875 -169.70612009480078
2022.854248046875 -169.83024597168 -169.8305944345014
2022.887084960938 -170.058517456055 -169.6482706863083
2022.919921875 -171.036499023438 -169.44784711929174
2022.952758789062 -170.256576538086 -169.2662965797779
2022.985595703125 -171.04997253418 -169.1133071466806
2023.019165039062 -167.744384765625 -169.04927199600218
2023.052001953125 -167.598434448242 -168.98455920632495
2023.084838867188 -167.902328491211 -169.0954044433953
2023.11767578125 -168.155685424805 -169.4844214009725
2023.150634765625 -167.754470825195 -169.7707446390617
2023.183471679688 -168.922485351562 -170.22524886172687
2023.21630859375 -162.35107421875 -170.6718850773305
2023.249145507812 -165.173110961914 -171.11837687148773
2023.281982421875 -168.026916503906 -171.5710917961898
2023.314819335938 -173.133804321289 -172.03585510316236
2023.34765625 -171.628051757812 -172.5180395621206
2023.380615234375 -180.724395751953 -173.02334605014144
2023.413452148438 -171.471054077148 -173.55058575471392
2023.4462890625 -178.812637329102 -174.10169252351739
2023.57763671875 -221.289779663086 -176.51652355480792
