2014.804931640625 0.0 9.720578422524046
2014.837768554688 9.703272819519 7.804082498487964
2014.903442382812 2.974179983139 3.9741876445839748
2014.96923828125 0.491084784269 0.14120626520066615
2015.03564453125 -7.148469924927 -3.7232391056197507
2015.101318359375 -3.362637758255 -7.541032542699536
2015.265625 -18.48051071167 -17.07510153750081
2015.331298828125 -14.44432258606 -20.87929505247729
2015.39697265625 -7.990218162537 -24.679822231104602
2016.021850585938 -62.890228271484 -61.18320425943488
2016.1533203125 -68.247108459473 -68.73350577949704
2016.350463867188 -84.416046142578 -78.64793307518116
2016.416137695312 -77.717529296875 -81.81345501192767
2016.547607421875 -88.705421447754 -88.28778114444596
2016.744750976562 -106.523727416992 -98.44721437838615
2016.777587890625 -102.690330505371 -99.75951520847312
2016.810424804688 -101.103515625 -101.08593483367375
2016.84326171875 -105.410621643066 -102.42630625797744
2016.876098632812 -104.534591674805 -103.67246465725404
2016.908935546875 -105.193603515625 -104.8624769994797
2016.941772460938 -105.499961853027 -106.07276087381271
2016.974731445312 -106.322662353516 -107.1296994554623
2017.005493164062 -108.083869934082 -108.10982791872685
2017.038330078125 -110.007881164551 -109.1463540652248
2017.071166992188 -109.181312561035 -110.19291767671433
2017.10400390625 -110.807846069336 -111.3467347265846
2017.136840820312 -111.531707763672 -112.55119547442571
2017.169799804688 -112.298034667969 -113.78249207961545
2017.20263671875 -114.461547851562 -115.03699411082114
2017.235473632812 -115.174873352051 -116.32650337770403
2017.268310546875 -118.982223510742 -117.66350949591191
2017.301147460938 -118.476989746094 -119.05977964824363
2017.333984375 -121.265251159668 -120.51723399824294
2017.366821289062 -122.146377563477 -122.02768902242039
2017.399780273438 -123.209426879883 -123.57791969006212
2017.4326171875 -124.455284118652 -125.13940949992823
2017.498291015625 -125.765335083008 -128.3345941934447
2017.531127929688 -129.568435668945 -129.98336264924274
2017.56396484375 -131.679183959961 -131.6664256117657
2017.596801757812 -133.948883056641 -133.37290752037168
2017.629760742188 -134.76806640625 -135.10302114414438
2017.66259765625 -136.477081298828 -136.83852192943502
2017.695434570312 -132.777740478516 -138.58243618822658
2017.728271484375 -136.498748779297 -140.32391588746097
2017.761108398438 -142.999298095703 -142.05012832863065
2017.7939453125 -144.770202636719 -143.75708226865012
2017.826782226562 -145.580902099609 -145.44406123908507
2017.859741210938 -148.518783569336 -147.11377767503154
2017.892578125 -148.652084350586 -148.74590708033827
2017.925415039062 -150.591857910156 -150.33556072192238
2017.958251953125 -151.898483276367 -151.87359001002892
2017.991088867188 -153.312255859375 -153.3657764893428
2018.024658203125 -154.852798461914 -154.862439848345
2018.057495117188 -156.748458862305 -156.31120835477284
2018.09033203125 -158.3955078125 -157.75159212980412
2018.123168945312 -159.267318725586 -159.20313608392593
2018.156005859375 -159.569229125977 -160.68853777977634
2018.18896484375 -161.985794067383 -162.23188185190023
2018.221801757812 -162.963150024414 -163.82571249193623
2018.254638671875 -165.920227050781 -165.45123834546843
2018.287475585938 -166.802917480469 -167.08681515695085
2018.3203125 -167.010101318359 -168.7157629173032
2018.353149414062 -167.765747070312 -170.3451344195338
2018.385986328125 -177.409530639648 -171.9887426811856
2018.4189453125 -175.350509643555 -173.66014617440504
2018.451782226562 -175.562881469727 -175.33762912819176
2018.484619140625 -179.657836914062 -177.0132061803267
2018.517456054688 -179.603485107422 -178.67571080892841
2018.55029296875 -178.797760009766 -180.31587025031564
2018.583129882812 -182.313186645508 -181.90897379991148
2018.615966796875 -182.103607177734 -183.43009800475951
2018.64892578125 -186.464782714844 -184.86863719783773
2018.681762695312 -187.642181396484 -186.2259788034941
2018.714599609375 -179.814056396484 -187.53559930664105
2018.747436523438 -188.93115234375 -188.82281041426745
2018.7802734375 -191.22819519043 -190.0999726122339
2018.813110351562 -192.265167236328 -191.3636159779739
2018.845947265625 -193.621383666992 -192.6404628124891
2018.87890625 -193.047393798828 -193.86724564638476
2018.911743164062 -194.348556518555 -195.04752855831225
2018.944580078125 -196.100631713867 -196.19976595016018
2018.977416992188 -196.37939453125 -197.36364455209224
2019.010986328125 -197.938323974609 -198.59198445701438
2019.043823242188 -199.990753173828 -199.7804002923478
2019.109497070312 -202.793930053711 -202.38721622786122
2019.1259765625 -203.215896606445 -203.06493110916523
2019.142333984375 -203.247863769531 -203.7575051982978
2019.175170898438 -204.990081787109 -205.16517042852618
2019.191650390625 -205.866836547852 -205.89070344186
2019.208129882812 -205.856704711914 -206.6319718124832
2019.224487304688 -207.231399536133 -207.3553132247148
2019.240966796875 -208.326217651367 -208.1367674315979
2019.25732421875 -208.344345092773 -208.92847068394087
2019.273803710938 -209.391952514648 -209.71195568390056
2019.290161132812 -210.026000976562 -210.51314810699563
2019.306640625 -211.204086303711 -211.34716327880835
2019.323120117188 -212.20051574707 -212.17159314393714
2019.339477539062 -213.164520263672 -212.98065443407242
2019.35595703125 -213.7744140625 -213.7908004135231
2019.372314453125 -216.798767089844 -214.59318467427505
2019.388793945312 -216.16047668457 -215.4069808263293
2019.405151367188 -215.798828125 -216.2424372502191
2019.421630859375 -216.415496826172 -217.10393503844386
2019.438110351562 -218.522430419922 -217.97540718337672
2019.454467773438 -218.575393676758 -218.83725450563293
2019.470947265625 -217.081237792969 -219.7023043105397
2019.4873046875 -220.391479492188 -220.5616982779791
2019.503784179688 -216.767868041992 -221.42170863496642
2019.520141601562 -217.072967529297 -222.25934535560472
2019.53662109375 -224.862594604492 -223.11344025262906
2019.569458007812 -226.053939819336 -224.87005542470177
2019.602294921875 -221.110244750977 -226.6618398309796
2019.618774414062 -225.803375244141 -227.56853052454215
2019.635131835938 -229.187149047852 -228.46882354610796
2019.651611328125 -230.545822143555 -229.34420355762938
2019.668090820312 -228.081832885742 -230.23271381758107
2019.71728515625 -233.712341308594 -232.7365782957962
2019.733764648438 -233.828353881836 -233.53842109004876
2019.750122070312 -234.939926147461 -234.29186752120538
2019.7666015625 -234.629852294922 -235.05502987810456
2019.799438476562 -236.944869995117 -236.46465317918424
2019.832275390625 -241.185760498047 -237.82108930138486
2019.865112304688 -239.993057250977 -239.0824081657115
2019.898071289062 -240.580596923828 -240.2532080480724
2019.930908203125 -242.55973815918 -241.30117470109232
2019.963745117188 -243.303588867188 -242.19058304669161
2019.99658203125 -243.814498901367 -243.0270323878526
2020.030151367188 -244.612060546875 -243.96438767005324
2020.06298828125 -244.787521362305 -244.62871715860345
2020.095825195312 -245.14143371582 -245.27127670467814
2020.128662109375 -246.308441162109 -245.8900675697911
2020.161499023438 -246.657501220703 -246.51315564972603
2020.177978515625 -246.715423583984 -246.84827530450968
2020.1943359375 -247.345901489258 -247.15058608277502
2020.227294921875 -246.824020385742 -247.8491180744094
2020.260131835938 -245.460556030273 -248.65217461291962
2020.29296875 -248.204605102539 -249.4896273285895
2020.325805664062 -249.81298828125 -250.43180570986908
2020.358642578125 -251.076354980469 -251.63744184950272
2020.391479492188 -251.566192626953 -252.94849431046447
2020.42431640625 -252.415252685547 -254.34800106004226
2020.457275390625 -252.59260559082 -255.91667449549183
2020.490112304688 -257.149719238281 -257.65444575797176
2020.52294921875 -258.911682128906 -259.46842664968335
2020.555786132812 -260.660278320312 -261.31601395375293
2020.572265625 -258.937286376953 -262.27142058172063
2020.588623046875 -264.400390625 -263.200493013365
2020.605102539062 -264.417572021484 -264.1406227809248
2020.621459960938 -266.708862304688 -265.0510194799983
2020.654296875 -268.455688476562 -266.8621441569936
2020.687255859375 -269.610961914062 -268.5627215481622
2020.70361328125 -270.48291015625 -269.42375207371686
2020.720092773438 -270.633056640625 -270.07704836520816
2020.7529296875 -272.228881835938 -271.4446454714559
2020.785766601562 -274.119750976562 -272.70886537537376
2020.818603515625 -274.955413818359 -273.8967463986863
2020.851440429688 -276.250915527344 -275.0162214845307
2020.917236328125 -276.401245117188 -277.08535372409153
2020.950073242188 -278.101379394531 -278.06711727156005
2020.98291015625 -279.274658203125 -279.0612889353264
2021.013671875 -279.554016113281 -279.98457578975905
2021.046508789062 -280.238952636719 -281.0369852766578
2021.079345703125 -281.680389404297 -282.2849194273981
2021.1123046875 -281.944152832031 -283.58626715632397
2021.145141601562 -284.329895019531 -284.9749501497002
2021.177978515625 -285.033660888672 -286.4346153438736
2021.210815429688 -286.696166992188 -287.94353213726106
2021.24365234375 -286.412292480469 -289.38501492472284
2021.276489257812 -289.080780029297 -291.0233395640161
2021.309326171875 -293.207366943359 -292.7275090887157
2021.34228515625 -295.329345703125 -294.4766192036624
2021.358642578125 -296.7265625 -295.30446765914115
2021.391479492188 -296.459381103516 -296.9403011188719
2021.407958984375 -298.268768310547 -297.6710561076461
2021.440795898438 -299.858428955078 -299.19631200614947
2021.4736328125 -303.751495361328 -300.5888402633811
2021.506469726562 -310.285339355469 -301.80566470937265
2021.539306640625 -309.276611328125 -302.8870248828742
2021.572265625 -305.124267578125 -303.7502198070345
2021.605102539062 -311.119934082031 -304.8034893631419
2021.637939453125 -308.040191650391 -305.8235080291372
2021.670776367188 -307.661743164062 -306.7963499474134
2021.736450195312 -314.4951171875 -308.4287863989972
2021.769287109375 -308.450378417969 -309.2278187828213
2021.80224609375 -310.128479003906 -309.9057427482823
2021.835083007812 -308.889862060547 -310.5637952823956
2021.867919921875 -314.158294677734 -311.17048043047066
2021.966430664062 -314.208404541016 -312.9078770142411
2022.0 -312.974334716797 -313.4687884712525
2022.065673828125 -314.199127197266 -314.5890173488677
2022.098510742188 -315.172576904297 -315.1395289711282
2022.197143554688 -317.210205078125 -316.8521938397606
2022.22998046875 -319.859832763672 -317.42648141936144
2022.262817382812 -317.45361328125 -318.00063579613453
2022.295654296875 -317.396423339844 -318.5751139233766
2022.328491210938 -318.379943847656 -319.14910699943266
2022.394287109375 -319.843627929688 -320.29167510419006
2022.558471679688 -324.591918945312 -323.199018007282
2022.591430664062 -330.222595214844 -323.7779740621488
2022.68994140625 -320.280151367188 -325.64793798291294
2022.722778320312 -325.633087158203 -326.2962669575044
2022.821411132812 -328.226776123047 -328.165500281136
2022.854248046875 -327.585174560547 -328.8218665207124
2022.887084960938 -329.226165771484 -329.5206268103063
2022.919921875 -329.054809570312 -330.20899404816
2022.952758789062 -331.017761230469 -330.96368285842567
2022.985595703125 -332.198120117188 -331.7958716311647
2023.019165039062 -333.068298339844 -332.6321582139111
2023.052001953125 -333.247497558594 -333.4594599584767
2023.084838867188 -334.1337890625 -334.23694867536875
2023.11767578125 -334.591461181641 -334.9435723689915
2023.150634765625 -337.110992431641 -335.6778418545123
2023.183471679688 -337.003051757812 -336.3643458820994
2023.21630859375 -339.884155273438 -337.05180834636656
2023.249145507812 -340.82421875 -337.73895002934864
2023.281982421875 -338.726226806641 -338.4234529499742
2023.314819335938 -339.713043212891 -339.1025509700123
2023.34765625 -338.577789306641 -339.7734580872406
2023.380615234375 -336.799835205078 -340.4360676723095
2023.413452148438 -348.231628417969 -341.0846789996482
2023.4462890625 -330.525939941406 -341.72279761980764
2023.57763671875 -326.988189697266 -344.1927447865015
