2014.804931640625 0.0 9.476765103441561
2014.837768554688 7.488574504852 7.579187889994925
2014.903442382812 5.488107204437 3.784788864550434
2014.96923828125 -0.537304341793 -0.01564727365915786
2015.03564453125 -3.716771125793 -3.850446878241022
2015.101318359375 -11.505593299866 -7.642174257497808
2015.265625 -13.328783035278 -17.126126694541842
2015.331298828125 -18.479347229004 -20.91648079173009
2015.39697265625 -25.896718978882 -24.707081156926368
2016.021850585938 -59.278305053711 -60.901630679293945
2016.1533203125 -69.791389465332 -68.41280352628635
2016.350463867188 -77.893203735352 -79.83382655485936
2016.416137695312 -89.014572143555 -83.82890437184413
2016.547607421875 -88.652145385742 -91.71148297091247
2016.744750976562 -102.246963500977 -103.2761284897379
2016.777587890625 -105.587539672852 -105.43111559544268
2016.810424804688 -108.267868041992 -107.60469583309263
2016.84326171875 -109.860420227051 -109.80860972821363
2016.876098632812 -112.439476013184 -112.01792044985183
2016.908935546875 -113.925354003906 -114.22765180012333
2016.941772460938 -116.417373657227 -116.43844325408011
2016.974731445312 -118.377403259277 -118.65533542444655
2017.005493164062 -121.14038848877 -120.71678023626549
2017.038330078125 -122.74153137207 -122.91808251129655
2017.071166992188 -125.161659240723 -125.11107619401506
2017.10400390625 -126.917617797852 -127.28770059298691
2017.136840820312 -129.379379272461 -129.45303657604825
2017.169799804688 -132.392883300781 -131.61961933719243
2017.20263671875 -133.622787475586 -133.77021166783513
2017.235473632812 -135.893493652344 -135.9081205430673
2017.268310546875 -138.837173461914 -138.0166419338002
2017.301147460938 -141.564804077148 -140.07121736898742
2017.333984375 -141.420608520508 -142.0575393917194
2017.366821289062 -143.705429077148 -143.98594693030415
2017.399780273438 -148.081787109375 -145.88753383931854
2017.4326171875 -147.953720092773 -147.75622123896898
2017.498291015625 -154.807678222656 -151.39723174469117
2017.531127929688 -155.059646606445 -153.16923373159202
2017.56396484375 -155.727523803711 -154.91089670545273
2017.596801757812 -156.519668579102 -156.622898996498
2017.629760742188 -157.917221069336 -158.3075766996436
2017.66259765625 -159.548599243164 -159.93344732144567
2017.695434570312 -162.905899047852 -161.4935311870041
2017.728271484375 -163.645172119141 -163.00248108567752
2017.761108398438 -164.408279418945 -164.48640841434948
2017.7939453125 -165.744171142578 -165.9574480655627
2017.826782226562 -167.67333984375 -167.42275444186316
2017.859741210938 -169.482330322266 -168.88728839010756
2017.892578125 -169.993957519531 -170.33654651479804
2017.925415039062 -171.367126464844 -171.7733327127165
2017.958251953125 -173.024307250977 -173.20225051669425
2017.991088867188 -175.023681640625 -174.6337396588943
2018.024658203125 -176.432830810547 -176.11605679672724
2018.057495117188 -177.346405029297 -177.5978489295071
2018.09033203125 -179.398788452148 -179.11610184242463
2018.123168945312 -178.977325439453 -180.67248585335378
2018.156005859375 -181.398529052734 -182.2658846841795
2018.18896484375 -183.630218505859 -183.89846920048228
2018.221801757812 -184.659194946289 -185.56415849411175
2018.254638671875 -186.926666259766 -187.2733281968213
2018.287475585938 -187.813247680664 -189.0251489752642
2018.3203125 -190.503936767578 -190.81521857818473
2018.353149414062 -192.462478637695 -192.63834285249328
2018.385986328125 -194.808654785156 -194.49189581460988
2018.4189453125 -196.309310913086 -196.37651519730812
2018.451782226562 -198.566040039062 -198.26296856025337
2018.484619140625 -203.479278564453 -200.14604591266675
2018.517456054688 -202.575439453125 -202.02511558252507
2018.55029296875 -204.603378295898 -203.8995197688828
2018.583129882812 -204.848098754883 -205.75845734212726
2018.615966796875 -207.633773803711 -207.5927950122097
2018.64892578125 -209.162734985352 -209.40967569501967
2018.681762695312 -212.53581237793 -211.1991690599351
2018.714599609375 -206.449493408203 -212.97431480276006
2018.747436523438 -214.067672729492 -214.74594356085757
2018.7802734375 -216.856323242188 -216.52443668615342
2018.813110351562 -218.953887939453 -218.3381657897945
2018.845947265625 -220.6796875 -220.16854774189292
2018.87890625 -220.026473999023 -222.03175689739115
2018.911743164062 -222.563064575195 -223.96472194993413
2018.944580078125 -225.990997314453 -225.8894248262384
2018.977416992188 -226.328277587891 -227.8594431253443
2019.010986328125 -228.806228637695 -229.9440543032118
2019.043823242188 -231.902938842773 -231.96228485285735
2019.109497070312 -236.968246459961 -236.3803945075178
2019.1259765625 -237.287338256836 -237.52080821552937
2019.142333984375 -238.68278503418 -238.6721337650085
2019.175170898438 -241.043441772461 -241.01231911742576
2019.191650390625 -242.13232421875 -242.186957012825
2019.208129882812 -242.004989624023 -243.355581909291
2019.224487304688 -244.206130981445 -244.50708674050372
2019.240966796875 -246.544876098633 -245.67170124532103
2019.25732421875 -246.790130615234 -246.82959734665974
2019.273803710938 -249.041519165039 -247.99873237544287
2019.290161132812 -248.847869873047 -249.1720061645562
2019.306640625 -250.936264038086 -250.34523348526932
2019.323120117188 -250.269165039062 -251.5012000593576
2019.339477539062 -251.887908935547 -252.62755697238126
2019.35595703125 -255.060043334961 -253.73981176731988
2019.372314453125 -254.903717041016 -254.82165417549396
2019.388793945312 -256.917053222656 -255.8933430974638
2019.405151367188 -257.320678710938 -256.9261973026087
2019.421630859375 -257.195770263672 -257.97178462301144
2019.438110351562 -261.830657958984 -258.98439962482735
2019.454467773438 -260.430755615234 -259.93837088910084
2019.470947265625 -260.503265380859 -260.85995045648923
2019.4873046875 -262.421661376953 -261.78563869905673
2019.503784179688 -260.132965087891 -262.7505696508054
2019.520141601562 -261.290100097656 -263.68480548658675
2019.53662109375 -271.240417480469 -264.60851077606185
2019.569458007812 -270.389221191406 -266.38408742863487
2019.602294921875 -265.851165771484 -268.0731202758687
2019.618774414062 -272.616394042969 -268.9353031874567
2019.635131835938 -271.570098876953 -269.79710775864174
2019.651611328125 -271.519317626953 -270.6254927379505
2019.668090820312 -271.176574707031 -271.49636162061495
2019.71728515625 -274.335510253906 -273.9251295875713
2019.733764648438 -273.570159912109 -274.68601907356464
2019.750122070312 -277.938262939453 -275.4050117146901
2019.7666015625 -275.495819091797 -276.1332832220326
2019.799438476562 -277.336730957031 -277.5473072346056
2019.832275390625 -281.117401123047 -278.942782648759
2019.865112304688 -280.200714111328 -280.3185584765993
2019.898071289062 -281.566986083984 -281.68452527018684
2019.930908203125 -283.606781005859 -283.0308228216839
2019.963745117188 -284.563598632812 -284.3374648089985
2019.99658203125 -285.724853515625 -285.61753117822377
2020.030151367188 -287.179351806641 -286.94009432823225
2020.06298828125 -288.121063232422 -288.17212551923285
2020.095825195312 -289.335876464844 -289.40456437403617
2020.128662109375 -290.812805175781 -290.63203020535593
2020.161499023438 -292.201293945312 -291.85776128647944
2020.177978515625 -292.431762695312 -292.4727032741392
2020.1943359375 -293.236053466797 -293.080229025153
2020.227294921875 -293.900238037109 -294.3161423250511
2020.260131835938 -294.369659423828 -295.574021186755
2020.29296875 -297.042816162109 -296.85595164456777
2020.325805664062 -298.110534667969 -298.19596865479843
2020.358642578125 -299.696228027344 -299.6867604038943
2020.391479492188 -300.400115966797 -301.21269686171433
2020.42431640625 -300.006591796875 -302.74618022435897
2020.457275390625 -299.848663330078 -304.32326467538036
2020.490112304688 -305.196441650391 -305.93172070045745
2020.52294921875 -306.165161132812 -307.54155411497203
2020.555786132812 -310.883666992188 -309.1462175988292
2020.572265625 -311.981536865234 -309.9423659332323
2020.588623046875 -311.244293212891 -310.71325037373487
2020.605102539062 -311.70361328125 -311.5358722988142
2020.621459960938 -316.545135498047 -312.2880743656243
2020.654296875 -311.249908447266 -313.8235383981416
2020.687255859375 -316.342620849609 -315.2714983195795
2020.70361328125 -317.089447021484 -315.992352428216
2020.720092773438 -317.907470703125 -316.5786841380181
2020.7529296875 -318.1552734375 -317.77453742683434
2020.785766601562 -319.690979003906 -318.88067054606194
2020.818603515625 -320.208526611328 -319.90716226195417
2020.851440429688 -321.418029785156 -320.86666022733493
2020.917236328125 -323.948944091797 -322.6037840514827
2020.950073242188 -323.469665527344 -323.39350783922015
2020.98291015625 -323.963806152344 -324.17198430485604
2021.013671875 -325.002075195312 -324.9063668733773
2021.046508789062 -325.089874267578 -325.64779359192994
2021.079345703125 -326.426788330078 -326.3584959208834
2021.1123046875 -327.107940673828 -327.0679275375759
2021.145141601562 -328.03857421875 -327.76889399409305
2021.177978515625 -328.277374267578 -328.47074713519015
2021.210815429688 -330.247436523438 -329.17772097639147
2021.24365234375 -329.550842285156 -329.8939229671714
2021.276489257812 -331.002044677734 -330.6015741896331
2021.309326171875 -330.099945068359 -331.3032575961174
2021.34228515625 -331.323394775391 -332.0149717468768
2021.358642578125 -332.928985595703 -332.4017689418391
2021.391479492188 -333.790740966797 -333.1794085447623
2021.407958984375 -333.129547119141 -333.6067984169203
2021.440795898438 -327.791809082031 -334.4135453386105
2021.4736328125 -331.279235839844 -335.2171413808541
2021.506469726562 -343.084716796875 -335.98969759502876
2021.539306640625 -335.162384033203 -336.73048553286253
2021.572265625 -337.846618652344 -337.4225925018821
2021.605102539062 -342.203887939453 -338.1656455471671
2021.637939453125 -340.851806640625 -338.9175405544882
2021.670776367188 -342.476226806641 -339.6746218922055
2021.736450195312 -339.447326660156 -341.0536125643789
2021.769287109375 -344.029174804688 -341.6804923133882
2021.80224609375 -341.710968017578 -342.207661458128
2021.835083007812 -343.731170654297 -342.7136552865506
2021.867919921875 -343.618316650391 -343.13847185285675
2021.966430664062 -346.195281982422 -344.37686338979233
2022.0 -340.857879638672 -344.74055895421503
2022.065673828125 -345.510772705078 -345.4734974733055
2022.098510742188 -345.467956542969 -345.74310259638867
2022.197143554688 -346.138336181641 -346.3467062340435
2022.22998046875 -347.460266113281 -346.4913081420453
2022.262817382812 -349.087219238281 -346.5967629163713
2022.295654296875 -347.944244384766 -346.65583018949815
2022.328491210938 -348.926483154297 -346.6518097689308
2022.394287109375 -347.686065673828 -346.4613829616184
2022.558471679688 -346.486114501953 -345.7940825371227
2022.591430664062 -347.105316162109 -345.7035898274542
2022.68994140625 -340.773315429688 -345.1257546157125
2022.722778320312 -343.5546875 -344.8681199431927
2022.821411132812 -342.037536621094 -344.1855214371883
2022.854248046875 -344.265441894531 -344.0249156439011
2022.887084960938 -342.476745605469 -343.9038428121608
2022.919921875 -342.688995361328 -343.72063604470173
2022.952758789062 -343.203002929688 -343.5980192906149
2022.985595703125 -343.244445800781 -343.7002413896103
2023.019165039062 -343.765167236328 -343.87745710223777
2023.052001953125 -343.919799804688 -344.0522301547627
2023.084838867188 -344.465606689453 -344.2968524833967
2023.11767578125 -344.746154785156 -344.6068017659148
2023.150634765625 -344.559631347656 -344.90478018835387
2023.183471679688 -344.455474853516 -345.24011984613634
2023.21630859375 -345.173950195312 -345.57759092022826
2023.249145507812 -344.154541015625 -345.91664186529385
2023.281982421875 -346.127319335938 -346.25773610796114
2023.314819335938 -346.811553955078 -346.60201171498176
2023.34765625 -346.730102539062 -346.95063678554527
2023.380615234375 -348.027465820312 -347.3058655330309
2023.413452148438 -350.272521972656 -347.6658336923894
2023.4462890625 -345.127685546875 -348.0318994883362
2023.57763671875 -354.966888427734 -349.54457711246306
