2014.804931640625 -0.0 -6.918681638615396
2014.837768554688 -8.869382858276 -7.526203143168179
2014.903442382812 -8.081516265869 -8.742497660349219
2014.96923828125 -9.765188217163 -9.962532572397212
2015.03564453125 -8.819625854492 -11.195232453568721
2015.101318359375 -15.152281761169 -12.415616830624936
2015.265625 -14.738899230957 -15.474642001284689
2015.331298828125 -22.960832595825 -16.69926487042549
2015.39697265625 -30.54154586792 -17.924800064289677
2016.021850585938 -28.418277740479 -29.53238455584168
2016.1533203125 -32.644424438477 -32.18086285082367
2016.350463867188 -39.076957702637 -35.50502359225341
2016.416137695312 -32.101825714111 -36.54565414077543
2016.547607421875 -41.66756439209 -38.912468796237235
2016.744750976562 -41.938770294189 -42.42672488280224
2016.777587890625 -43.261352539062 -42.53485430864089
2016.810424804688 -44.234664916992 -42.62374046255919
2016.84326171875 -42.475997924805 -42.68688979562535
2016.876098632812 -42.632690429688 -42.73803328770523
2016.908935546875 -42.894309997559 -42.80547010808727
2016.941772460938 -42.37805557251 -42.882704324148534
2016.974731445312 -42.163619995117 -42.961745019661166
2017.005493164062 -42.604335784912 -43.07568869082298
2017.038330078125 -43.354736328125 -43.168964502254155
2017.071166992188 -42.563125610352 -43.2628060554971
2017.10400390625 -43.241790771484 -43.46506589642918
2017.136840820312 -42.389156341553 -43.72963921704548
2017.169799804688 -44.363647460938 -44.0291598646071
2017.20263671875 -43.516498565674 -44.36113658585714
2017.235473632812 -44.580211639404 -44.722095257787906
2017.268310546875 -44.171695709229 -45.09748985543446
2017.301147460938 -44.762847900391 -45.47233796468694
2017.333984375 -46.490619659424 -45.83437137817338
2017.366821289062 -47.569492340088 -46.18192719425309
2017.399780273438 -48.031909942627 -46.52343581789151
2017.4326171875 -46.435287475586 -46.8559932077
2017.498291015625 -47.712841033936 -47.49513784089123
2017.531127929688 -49.904159545898 -47.80228396422671
2017.56396484375 -46.972763061523 -48.09595853286888
2017.596801757812 -48.894779205322 -48.37081820717551
2017.629760742188 -46.726905822754 -48.62954589086264
2017.66259765625 -48.26664352417 -48.88339124944999
2017.695434570312 -50.078659057617 -49.14865742113364
2017.728271484375 -48.785285949707 -49.42954480795822
2017.761108398438 -49.709125518799 -49.716335182786324
2017.7939453125 -49.735244750977 -50.000291326048064
2017.826782226562 -50.708606719971 -50.28067838583985
2017.859741210938 -51.005249023438 -50.557504556612585
2017.892578125 -50.935169219971 -50.821556020303106
2017.925415039062 -51.555999755859 -51.065230505200745
2017.958251953125 -51.511871337891 -51.28622502624345
2017.991088867188 -51.955669403076 -51.48575409436863
2018.024658203125 -51.877071380615 -51.67777941911752
2018.057495117188 -51.705139160156 -51.8623687160354
2018.09033203125 -52.143989562988 -52.05637065902043
2018.123168945312 -52.353652954102 -52.28474146803755
2018.156005859375 -51.624317169189 -52.56910868967412
2018.18896484375 -52.696598052979 -52.91781432600858
2018.221801757812 -52.170322418213 -53.315611179807505
2018.254638671875 -52.235404968262 -53.747302878412995
2018.287475585938 -52.880661010742 -54.20851702806612
2018.3203125 -54.194488525391 -54.69746735072271
2018.353149414062 -53.507381439209 -55.22533133928494
2018.385986328125 -58.343116760254 -55.80173359211434
2018.4189453125 -57.471714019775 -56.43156619583062
2018.451782226562 -57.169624328613 -57.10457939837861
2018.484619140625 -58.421775817871 -57.809192877790885
2018.517456054688 -57.598564147949 -58.52692596445575
2018.55029296875 -58.182346343994 -59.240957460033364
2018.583129882812 -60.205841064453 -59.93524981282411
2018.615966796875 -59.336578369141 -60.604261819141634
2018.64892578125 -62.690948486328 -61.254104925378165
2018.681762695312 -62.978523254395 -61.89050025002966
2018.714599609375 -62.35831451416 -62.52216759624926
2018.747436523438 -63.484363555908 -63.15059733625894
2018.7802734375 -64.059043884277 -63.76857149089879
2018.813110351562 -64.404792785645 -64.34418806621574
2018.845947265625 -65.187828063965 -64.8991529493503
2018.87890625 -65.504592895508 -65.38634210269174
2018.911743164062 -66.130355834961 -65.75677747547275
2018.944580078125 -66.522979736328 -66.10835673061902
2018.977416992188 -67.626098632812 -66.4149278312568
2019.010986328125 -67.293388366699 -66.5743759742121
2019.043823242188 -67.37671661377 -66.72870678267066
2019.109497070312 -66.783004760742 -66.6450144084041
2019.1259765625 -67.502708435059 -66.62465929812629
2019.142333984375 -69.099586486816 -66.4711327960697
2019.175170898438 -66.344665527344 -66.13019709494081
2019.191650390625 -66.559852600098 -65.8520855290016
2019.208129882812 -68.468627929688 -65.52746267748739
2019.224487304688 -65.974548339844 -65.21228394358072
2019.240966796875 -64.935256958008 -64.80229007024585
2019.25732421875 -64.636009216309 -64.38999026845106
2019.273803710938 -64.294082641602 -63.96871641072316
2019.290161132812 -62.776161193848 -63.51432520451
2019.306640625 -61.620796203613 -63.10798289661902
2019.323120117188 -61.819080352783 -62.7549959797679
2019.339477539062 -61.538722991943 -62.453842846457874
2019.35595703125 -61.771705627441 -62.19520978096803
2019.372314453125 -61.310829162598 -61.97372099882193
2019.388793945312 -61.622402191162 -61.77409008525332
2019.405151367188 -59.831001281738 -61.63444841887929
2019.421630859375 -63.12036895752 -61.480698784303705
2019.438110351562 -60.666591644287 -61.37128943818628
2019.454467773438 -63.365699768066 -61.303080929501974
2019.470947265625 -62.761390686035 -61.26348438383761
2019.4873046875 -60.898494720459 -61.24032950974823
2019.503784179688 -59.848487854004 -61.23091129450951
2019.520141601562 -61.121994018555 -61.212197980376466
2019.53662109375 -58.691234588623 -61.23127678087035
2019.569458007812 -61.075576782227 -61.52121217641446
2019.602294921875 -64.427932739258 -62.25174387549413
2019.618774414062 -59.271499633789 -62.58289692668039
2019.635131835938 -60.7546043396 -62.933372144984716
2019.651611328125 -61.204669952393 -63.44302594028521
2019.668090820312 -56.481010437012 -63.835459026486504
2019.71728515625 -64.327095031738 -65.30392467816411
2019.733764648438 -66.61767578125 -65.82490071915896
2019.750122070312 -63.076919555664 -66.4379887010847
2019.7666015625 -67.337852478027 -67.008435351664
2019.799438476562 -69.098037719727 -68.22438187573304
2019.832275390625 -68.793655395508 -69.44417807019951
2019.865112304688 -71.104385375977 -70.65939915469664
2019.898071289062 -72.400177001953 -71.83797900894112
2019.930908203125 -73.646797180176 -72.92772982816346
2019.963745117188 -74.207511901855 -73.89809619932733
2019.99658203125 -75.664489746094 -74.80336156219074
2020.030151367188 -76.145149230957 -75.77494027799887
2020.06298828125 -77.263557434082 -76.52260025904023
2020.095825195312 -77.726905822754 -77.23036116067667
2020.128662109375 -78.829223632812 -77.84060536212624
2020.161499023438 -78.978218078613 -78.34864629794495
2020.177978515625 -79.419006347656 -78.50564647839782
2020.1943359375 -79.289245605469 -78.76225394203998
2020.227294921875 -80.241264343262 -79.0897243970051
2020.260131835938 -79.382209777832 -79.33234951665376
2020.29296875 -80.045692443848 -79.53665341966163
2020.325805664062 -80.488845825195 -79.66801242850227
2020.358642578125 -79.287055969238 -79.74289413191154
2020.391479492188 -79.868873596191 -79.80033577148386
2020.42431640625 -80.184646606445 -79.84182422579593
2020.457275390625 -77.762237548828 -79.86724326418006
2020.490112304688 -80.892768859863 -79.88651703348208
2020.52294921875 -78.891120910645 -79.91694534906372
2020.555786132812 -79.716682434082 -79.96410855920129
2020.572265625 -81.194259643555 -80.00851224374885
2020.588623046875 -80.204360961914 -80.05739547180619
2020.605102539062 -80.204750061035 -80.09005501277862
2020.621459960938 -79.021553039551 -80.14917071740547
2020.654296875 -80.40690612793 -80.26991576234434
2020.687255859375 -79.765106201172 -80.42282930684266
2020.70361328125 -80.18408203125 -80.49726442791864
2020.720092773438 -80.413536071777 -80.61525632988247
2020.7529296875 -81.505981445312 -80.8385563738147
2020.785766601562 -80.756874084473 -81.07956692004936
2020.818603515625 -80.104713439941 -81.33478094595208
2020.851440429688 -81.693336486816 -81.6041602685571
2020.917236328125 -82.374069213867 -82.19729880809572
2020.950073242188 -82.322631835938 -82.5033335246998
2020.98291015625 -83.156837463379 -82.78126917249884
2021.013671875 -83.062454223633 -83.04372598117826
2021.046508789062 -82.966857910156 -83.27359917586905
2021.079345703125 -84.100654602051 -83.40286693891687
2021.1123046875 -84.567451477051 -83.51640315133811
2021.145141601562 -84.297210693359 -83.5796144697295
2021.177978515625 -84.561592102051 -83.59957124539663
2021.210815429688 -84.636245727539 -83.58435673077035
2021.24365234375 -84.66877746582 -83.58167332694485
2021.276489257812 -83.228530883789 -83.45695602240825
2021.309326171875 -83.555252075195 -83.2917200225224
2021.34228515625 -82.135406494141 -83.1723961582201
2021.358642578125 -82.819709777832 -83.21382815823016
2021.391479492188 -83.533843994141 -83.21325164950396
2021.407958984375 -80.605506896973 -83.27237236745074
2021.440795898438 -76.988807678223 -83.34811838975682
2021.4736328125 -78.125648498535 -83.53233345528636
2021.506469726562 -78.370567321777 -83.82846945101005
2021.539306640625 -82.382453918457 -84.20068376804535
2021.572265625 -76.791351318359 -84.79604703872023
2021.605102539062 -84.898918151855 -85.19035686693896
2021.637939453125 -83.794761657715 -85.60010900042822
2021.670776367188 -89.693473815918 -86.0298510575929
2021.736450195312 -85.628623962402 -87.06177498154652
2021.769287109375 -88.502410888672 -87.58097554957925
2021.80224609375 -89.516494750977 -88.09476988067628
2021.835083007812 -89.761215209961 -88.6101400514886
2021.867919921875 -90.893241882324 -89.05881922841466
2021.966430664062 -91.403495788574 -90.21846166379439
2022.0 -90.145309448242 -90.50450016999851
2022.065673828125 -92.13353729248 -91.13358882637041
2022.098510742188 -90.782081604004 -91.38068223915371
2022.197143554688 -93.253486633301 -92.16630309902673
2022.22998046875 -92.851982116699 -92.42601544764547
2022.262817382812 -89.844985961914 -92.68995755765977
2022.295654296875 -91.09952545166 -92.95020560239396
2022.328491210938 -96.243881225586 -93.1892529026735
2022.394287109375 -92.955368041992 -93.56125589283717
2022.558471679688 -96.633148193359 -94.37196610452423
2022.591430664062 -86.726753234863 -94.5839839663099
2022.68994140625 -101.373023986816 -95.32197248374044
2022.722778320312 -97.057899475098 -95.56739827368239
2022.821411132812 -95.572906494141 -96.0133846766648
2022.854248046875 -94.512298583984 -96.03188785865139
2022.887084960938 -96.005256652832 -95.98812586422157
2022.919921875 -95.897674560547 -95.92102920212524
2022.952758789062 -95.687690734863 -95.85048216199651
2022.985595703125 -97.939926147461 -95.77852292492352
2023.019165039062 -96.229194641113 -95.7192835232968
2023.052001953125 -96.103706359863 -95.67044614734436
2023.084838867188 -95.749221801758 -95.65432845569734
2023.11767578125 -95.725532531738 -95.67303493086966
2023.150634765625 -95.034309387207 -95.68157437124583
2023.183471679688 -94.90202331543 -95.7045543672287
2023.21630859375 -92.469215393066 -95.72362810950005
2023.249145507812 -93.497734069824 -95.73984506479803
2023.281982421875 -94.745422363281 -95.75492852088132
2023.314819335938 -95.554412841797 -95.77122727985851
2023.34765625 -96.399703979492 -95.7914209262339
2023.380615234375 -97.127960205078 -95.817967192285
2023.413452148438 -92.196403503418 -95.85187955614681
2023.4462890625 -100.784408569336 -95.89304645489085
2023.57763671875 -109.295768737793 -96.11889911348159
