2014.804931640625 -0.0 0.15518777222149294
2014.837768554688 -1.808190822601 -0.24565424473383446
2014.903442382812 1.817093968391 -1.0467074290703642
2014.96923828125 -3.538144826889 -1.848035366719174
2015.03564453125 7.126679420471 -2.655373030365733
2015.101318359375 -2.844913244247 -3.4520708262888964
2015.265625 16.80380821228 -5.43522816632738
2015.331298828125 -4.970065593719 -6.2229826986285985
2015.39697265625 -8.142330169678 -7.007484386659636
2016.021850585938 -15.831648826599 -14.421644765952065
2016.1533203125 -16.804750442505 -16.091579076459293
2016.350463867188 -22.839057922363 -17.84994420817327
2016.416137695312 -16.513231277466 -18.128519049068913
2016.547607421875 -18.883293151855 -18.73205103152816
2016.744750976562 -17.582738876343 -19.37898196552027
2016.777587890625 -23.254013061523 -19.443913456518477
2016.810424804688 -20.597860336304 -19.538211847782346
2016.84326171875 -20.018354415894 -19.65770252406789
2016.876098632812 -20.348682403564 -19.726445055761808
2016.908935546875 -18.591672897339 -19.80566936945144
2016.941772460938 -18.747285842896 -19.89574090307849
2016.974731445312 -19.693876266479 -20.000640513457768
2017.005493164062 -19.879138946533 -20.21025432257919
2017.038330078125 -20.723743438721 -20.37704326027373
2017.071166992188 -18.397348403931 -20.567423161514153
2017.10400390625 -18.396123886108 -21.09119117763668
2017.136840820312 -20.077289581299 -21.836428327992728
2017.169799804688 -21.05835723877 -22.695865707774267
2017.20263671875 -22.408935546875 -23.661329481712137
2017.235473632812 -22.114187240601 -24.768398881242558
2017.268310546875 -19.182653427124 -26.082678848183576
2017.301147460938 -27.334054946899 -27.61954674681349
2017.333984375 -24.948589324951 -29.299805507414668
2017.366821289062 -36.37073135376 -31.004743650126503
2017.399780273438 -33.704513549805 -32.67224232415272
2017.4326171875 -30.789056777954 -34.25930721020224
2017.498291015625 -45.380386352539 -37.14672104312989
2017.531127929688 -44.551525115967 -38.44292120833691
2017.56396484375 -43.825454711914 -39.618341351010294
2017.596801757812 -43.327030181885 -40.66845809295689
2017.629760742188 -46.136226654053 -41.6019485540395
2017.66259765625 -44.362434387207 -42.296741958431134
2017.695434570312 -45.198860168457 -42.678647779633074
2017.728271484375 -45.107902526855 -42.66024389183558
2017.761108398438 -42.296569824219 -42.243574829252815
2017.7939453125 -41.273651123047 -41.618685142479045
2017.826782226562 -41.510437011719 -40.9311588405628
2017.859741210938 -40.670455932617 -40.20768895072531
2017.892578125 -39.247676849365 -39.4761308878973
2017.925415039062 -38.160724639893 -38.766970224965256
2017.958251953125 -37.820316314697 -38.10499834430474
2017.991088867188 -36.585586547852 -37.522412430403335
2018.024658203125 -35.300384521484 -37.08883372857766
2018.057495117188 -36.850582122803 -36.89538517558391
2018.09033203125 -34.593544006348 -36.89558628000169
2018.123168945312 -30.952140808105 -37.08199922406311
2018.156005859375 -29.49171257019 -37.47453663554265
2018.18896484375 -38.284442901611 -38.065551479433985
2018.221801757812 -33.794429779053 -38.820174581663046
2018.254638671875 -30.980554580688 -39.694732066782485
2018.287475585938 -34.632431030273 -40.673971381191286
2018.3203125 -38.935569763184 -41.79460518899094
2018.353149414062 -42.14143371582 -43.10722015168135
2018.385986328125 -38.973125457764 -44.64955810477466
2018.4189453125 -44.207176208496 -46.40959985747994
2018.451782226562 -49.088439941406 -48.262965532043836
2018.484619140625 -50.296974182129 -50.13929795588113
2018.517456054688 -54.084140777588 -52.035428374972255
2018.55029296875 -57.816738128662 -53.921245354174175
2018.583129882812 -63.844440460205 -55.726821240027235
2018.615966796875 -61.495487213135 -57.427716008586046
2018.64892578125 -60.189979553223 -59.01729388409544
2018.681762695312 -60.139064788818 -60.47112283789626
2018.714599609375 -62.558376312256 -61.78105875633282
2018.747436523438 -64.544555664062 -62.93819696040636
2018.7802734375 -64.787910461426 -63.94183354050776
2018.813110351562 -68.972831726074 -64.76511790532761
2018.845947265625 -65.291465759277 -65.49098896711874
2018.87890625 -66.267288208008 -66.13507118946434
2018.911743164062 -67.49747467041 -66.69635919813675
2018.944580078125 -67.463829040527 -67.25605374340326
2018.977416992188 -68.522331237793 -67.71864496584578
2019.010986328125 -67.276229858398 -68.14222785775445
2019.043823242188 -67.861053466797 -68.5485986814861
2019.109497070312 -69.946647644043 -69.52443146264112
2019.1259765625 -68.595657348633 -69.73482921967404
2019.142333984375 -69.397895812988 -70.04983096491395
2019.175170898438 -72.499977111816 -70.72171952881587
2019.191650390625 -68.642372131348 -71.1895768735679
2019.208129882812 -69.592552185059 -71.72142753273546
2019.224487304688 -70.060905456543 -72.22999319383038
2019.240966796875 -73.102981567383 -72.86270467882754
2019.25732421875 -73.575645446777 -73.53000443265493
2019.273803710938 -72.762001037598 -74.16118419805235
2019.290161132812 -74.813110351562 -74.84433032037633
2019.306640625 -75.902320861816 -75.66591908843574
2019.323120117188 -76.609359741211 -76.55377833925864
2019.339477539062 -79.427215576172 -77.49963693724605
2019.35595703125 -77.82103729248 -78.4982589499439
2019.372314453125 -77.382629394531 -79.4990558357206
2019.388793945312 -80.664581298828 -80.51372205594535
2019.405151367188 -79.883850097656 -81.56630285344004
2019.421630859375 -80.930793762207 -82.6124190310085
2019.438110351562 -84.692359924316 -83.68628090830167
2019.454467773438 -83.850761413574 -84.7672573417769
2019.470947265625 -90.034881591797 -85.84425317254676
2019.4873046875 -89.953353881836 -86.87959081343047
2019.503784179688 -81.623779296875 -87.77489309238541
2019.520141601562 -84.061576843262 -88.7273512176621
2019.53662109375 -94.083740234375 -89.65258223991162
2019.569458007812 -92.33935546875 -91.37491753841017
2019.602294921875 -97.32836151123 -92.91993126082727
2019.618774414062 -94.127090454102 -93.70952543360637
2019.635131835938 -95.440086364746 -94.43566956773425
2019.651611328125 -88.99942779541 -94.99525742802756
2019.668090820312 -95.128631591797 -95.59466151717469
2019.71728515625 -97.011360168457 -96.96437989607094
2019.733764648438 -97.519241333008 -97.39058650476615
2019.750122070312 -101.085029602051 -97.7667387642098
2019.7666015625 -101.926795959473 -98.16904949091153
2019.799438476562 -98.443634033203 -98.87453183153498
2019.832275390625 -97.37247467041 -99.50412629621896
2019.865112304688 -99.77906036377 -100.03396414664239
2019.898071289062 -100.724853515625 -100.49243883962073
2019.930908203125 -103.102966308594 -100.91515220527252
2019.963745117188 -102.995887756348 -101.3846633385871
2019.99658203125 -101.930114746094 -101.91518216653749
2020.030151367188 -96.735260009766 -102.43376945509112
2020.06298828125 -101.522453308105 -103.06124328452208
2020.095825195312 -102.355308532715 -103.69439886747156
2020.128662109375 -103.820129394531 -104.33816322572576
2020.161499023438 -103.270736694336 -104.985723374667
2020.177978515625 -105.661918640137 -105.33470751570992
2020.1943359375 -106.143447875977 -105.64325387795665
2020.227294921875 -105.952491760254 -106.3065288616059
2020.260131835938 -108.347236633301 -106.95545808771034
2020.29296875 -108.632736206055 -107.63751709884025
2020.325805664062 -111.847686767578 -108.27777573578317
2020.358642578125 -108.579093933105 -108.83616671940018
2020.391479492188 -112.575141906738 -109.39372179034896
2020.42431640625 -106.508209228516 -109.91212296627876
2020.457275390625 -109.271644592285 -110.31525006842607
2020.490112304688 -110.094398498535 -110.58730923605545
2020.52294921875 -111.06672668457 -110.76875846935245
2020.555786132812 -111.195190429688 -110.90936377750648
2020.572265625 -117.233200073242 -110.94203473917634
2020.588623046875 -111.455474853516 -110.95204175604817
2020.605102539062 -112.555053710938 -111.02808939898006
2020.621459960938 -114.184310913086 -111.0048439148294
2020.654296875 -112.320358276367 -110.99667670158244
2020.687255859375 -106.831321716309 -110.89660989588347
2020.70361328125 -109.933158874512 -110.8471036642337
2020.720092773438 -111.493743896484 -110.68572482348038
2020.7529296875 -110.913345336914 -110.39913285059112
2020.785766601562 -112.52808380127 -110.07061238201908
2020.818603515625 -109.974105834961 -109.74085169851958
2020.851440429688 -106.422576904297 -109.43917793643672
2020.917236328125 -109.986946105957 -108.96754541935294
2020.950073242188 -107.534934997559 -108.8476573054637
2020.98291015625 -107.514015197754 -108.78224868407732
2021.013671875 -108.267211914062 -108.65057786567066
2021.046508789062 -105.999374389648 -108.66097726603023
2021.079345703125 -109.053062438965 -108.91788854390032
2021.1123046875 -108.888717651367 -109.25305936599585
2021.145141601562 -109.353813171387 -109.73068705176992
2021.177978515625 -107.256469726562 -110.32207753027218
2021.210815429688 -109.510353088379 -111.00219940051458
2021.24365234375 -111.395156860352 -111.60317016797218
2021.276489257812 -108.491416931152 -112.4822178118404
2021.309326171875 -113.910354614258 -113.46582732318451
2021.34228515625 -112.566635131836 -114.56618429359949
2021.358642578125 -115.839347839355 -115.17300276496782
2021.391479492188 -115.624710083008 -116.28938966051639
2021.407958984375 -116.933822631836 -116.80053003372743
2021.440795898438 -117.354026794434 -117.81233123659224
2021.4736328125 -120.473678588867 -118.74776772510246
2021.506469726562 -122.098510742188 -119.58511079260838
2021.539306640625 -126.480209350586 -120.31851644210859
2021.572265625 -137.366470336914 -120.77082618327898
2021.605102539062 -125.186088562012 -121.41275701418267
2021.637939453125 -123.21321105957 -122.01153216998902
2021.670776367188 -121.355155944824 -122.53169222385398
2021.736450195312 -123.842514038086 -123.06768913878501
2021.769287109375 -126.106674194336 -123.25299798058072
2021.80224609375 -123.321243286133 -123.27234353806925
2021.835083007812 -120.995018005371 -123.26373518238759
2021.867919921875 -124.764831542969 -123.16439407078826
2021.966430664062 -127.394477844238 -122.96001071268903
2022.0 -120.181793212891 -122.90394513101324
2022.065673828125 -123.656364440918 -122.77644928072851
2022.098510742188 -120.10816192627 -122.71310784205036
2022.197143554688 -120.128715515137 -122.34687110631519
2022.22998046875 -129.826522827148 -122.10870229189402
2022.262817382812 -124.063171386719 -121.80762083421885
2022.295654296875 -127.0029296875 -121.42678539293684
2022.328491210938 -119.270133972168 -120.97550825251184
2022.394287109375 -126.972267150879 -120.04217919061166
2022.558471679688 -129.794464111328 -118.33904431845353
2022.591430664062 -106.091735839844 -117.99395310273897
2022.68994140625 -114.044319152832 -116.3887789256459
2022.722778320312 -122.872253417969 -115.7521036979892
2022.821411132812 -111.477485656738 -114.3416067976479
2022.854248046875 -117.233131408691 -114.01426541172388
2022.887084960938 -112.923652648926 -113.72869025514676
2022.919921875 -113.444709777832 -113.48142730007606
2022.952758789062 -114.452857971191 -113.23848647935615
2022.985595703125 -113.729400634766 -113.0172190816112
2023.019165039062 -111.952812194824 -112.8291831311358
2023.052001953125 -111.165115356445 -112.63517770549
2023.084838867188 -111.034423828125 -112.52233821400158
2023.11767578125 -111.980941772461 -112.49833896170816
2023.150634765625 -112.45964050293 -112.43569651184997
2023.183471679688 -110.88362121582 -112.44335903300602
2023.21630859375 -111.894477844238 -112.4982743386557
2023.249145507812 -112.024147033691 -112.58999680702426
2023.281982421875 -112.210037231445 -112.70417330315756
2023.314819335938 -113.198143005371 -112.83227810807622
2023.34765625 -111.667778015137 -112.96992846358289
2023.380615234375 -115.169151306152 -113.11556635903719
2023.413452148438 -112.935035705566 -113.26745552134412
2023.4462890625 -111.830055236816 -113.42559758920422
2023.57763671875 -117.880546569824 -114.13055497455022
