2014.804931640625 -0.0 -4.2734885271216845
2014.837768554688 -8.867709159851 -5.285016060209394
2014.903442382812 -9.161092758179 -7.309347863165346
2014.96923828125 -10.210981369019 -9.338969095599843
2015.03564453125 -11.304164886475 -11.388354599962025
2015.101318359375 -11.310056686401 -13.415129400888095
2015.265625 -19.326101303101 -18.479049373183027
2015.331298828125 -19.647411346436 -20.49767114355892
2015.39697265625 -19.969734191895 -22.511179629016127
2016.021850585938 -45.087047576904 -40.91641233317064
2016.1533203125 -50.724414825439 -45.41483249886149
2016.350463867188 -57.787300109863 -51.66726170939407
2016.416137695312 -50.421459197998 -52.486013210913505
2016.547607421875 -56.146457672119 -54.31442418896909
2016.744750976562 -70.220893859863 -56.27199056532336
2016.777587890625 -58.550861358643 -56.51703526376067
2016.810424804688 -65.520385742188 -56.81014469346102
2016.84326171875 -60.564987182617 -57.07539323125088
2016.876098632812 -57.773891448975 -57.02958235859339
2016.908935546875 -57.631320953369 -56.87699478839053
2016.941772460938 -55.508567810059 -56.75393580188106
2016.974731445312 -54.769870758057 -56.51806180596324
2017.005493164062 -56.076427459717 -56.32903544811257
2017.038330078125 -56.023796081543 -56.10972194091966
2017.071166992188 -53.578193664551 -55.902251587058316
2017.10400390625 -55.209056854248 -55.88985143588017
2017.136840820312 -54.480766296387 -56.01898683370809
2017.169799804688 -54.668678283691 -56.25752685750198
2017.20263671875 -55.389183044434 -56.64803018633826
2017.235473632812 -56.262916564941 -57.208686414615
2017.268310546875 -56.90486907959 -57.920358400116115
2017.301147460938 -57.775810241699 -58.735385797691954
2017.333984375 -57.703670501709 -59.61932259068193
2017.366821289062 -57.213012695312 -60.54472051731798
2017.399780273438 -62.930038452148 -61.47789688421712
2017.4326171875 -66.346267700195 -62.38312283867895
2017.498291015625 -64.489555358887 -64.10754382764718
2017.531127929688 -66.275123596191 -64.91566217377189
2017.56396484375 -69.051528930664 -65.67704350486173
2017.596801757812 -66.217002868652 -66.3637723100106
2017.629760742188 -69.753837585449 -66.93493647255805
2017.66259765625 -68.76407623291 -67.3559148879898
2017.695434570312 -67.970771789551 -67.64892060908569
2017.728271484375 -66.935928344727 -67.85345034575282
2017.761108398438 -69.079559326172 -68.0141876838116
2017.7939453125 -68.171073913574 -68.15817267932134
2017.826782226562 -67.725959777832 -68.28763173048542
2017.859741210938 -68.280097961426 -68.40085988269273
2017.892578125 -67.896202087402 -68.51336999737593
2017.925415039062 -68.176734924316 -68.64044501434425
2017.958251953125 -68.515640258789 -68.7878486747554
2017.991088867188 -69.221168518066 -68.96089633418471
2018.024658203125 -68.696762084961 -69.16558979222283
2018.057495117188 -69.735664367676 -69.39975737073534
2018.09033203125 -69.746963500977 -69.69564911192342
2018.123168945312 -69.696601867676 -70.08194506403625
2018.156005859375 -69.282249450684 -70.56399078413067
2018.18896484375 -70.119171142578 -71.13522354437458
2018.221801757812 -71.45841217041 -71.79696777626044
2018.254638671875 -70.908866882324 -72.57423135799374
2018.287475585938 -70.481857299805 -73.47541814523426
2018.3203125 -72.434715270996 -74.48544034835365
2018.353149414062 -72.922676086426 -75.60100007434235
2018.385986328125 -80.212043762207 -76.81521960160052
2018.4189453125 -77.024085998535 -78.1199851279513
2018.451782226562 -77.830932617188 -79.46525114417682
2018.484619140625 -85.959655761719 -80.81897254878605
2018.517456054688 -79.823616027832 -82.17011755237814
2018.55029296875 -84.864265441895 -83.50331742693923
2018.583129882812 -85.752426147461 -84.7873332859692
2018.615966796875 -90.872772216797 -85.9880013490164
2018.64892578125 -88.426414489746 -87.09216093741621
2018.681762695312 -91.316055297852 -88.09156739764589
2018.714599609375 -90.962615966797 -88.99119427934095
2018.747436523438 -90.299827575684 -89.78181881241682
2018.7802734375 -90.27857208252 -90.45542173081479
2018.813110351562 -93.537330627441 -91.0064438946046
2018.845947265625 -92.224235534668 -91.5121798606282
2018.87890625 -91.273345947266 -91.88662758728555
2018.911743164062 -91.879508972168 -92.19635822052848
2018.944580078125 -92.222564697266 -92.49135888898591
2018.977416992188 -92.762420654297 -92.7826273192431
2019.010986328125 -92.616859436035 -93.09963807592081
2019.043823242188 -93.198524475098 -93.38605717090864
2019.109497070312 -93.927429199219 -94.09081075747257
2019.1259765625 -94.089378356934 -94.2800937476064
2019.142333984375 -95.13688659668 -94.47597981000848
2019.175170898438 -94.857940673828 -94.88202568913994
2019.191650390625 -94.961685180664 -95.09742658958596
2019.208129882812 -95.269004821777 -95.31281953486229
2019.224487304688 -94.998687744141 -95.52486286494275
2019.240966796875 -96.353775024414 -95.7235337752363
2019.25732421875 -95.575881958008 -95.90430228066722
2019.273803710938 -96.28157043457 -96.0948575648058
2019.290161132812 -95.763938903809 -96.27705189573804
2019.306640625 -96.629028320312 -96.42080577790603
2019.323120117188 -96.893081665039 -96.54949841918086
2019.339477539062 -97.555809020996 -96.66808483635691
2019.35595703125 -97.806167602539 -96.78789509002364
2019.372314453125 -101.706596374512 -96.90151874519981
2019.388793945312 -96.011032104492 -97.00016713750107
2019.405151367188 -94.485664367676 -97.0706340063013
2019.421630859375 -96.96240234375 -97.16275512475522
2019.438110351562 -99.029800415039 -97.2516306531917
2019.454467773438 -97.412528991699 -97.33741894873374
2019.470947265625 -93.864631652832 -97.44388227446507
2019.4873046875 -97.708503723145 -97.59306379919032
2019.503784179688 -100.047187805176 -97.83967241995035
2019.520141601562 -96.039932250977 -98.0407337959283
2019.53662109375 -96.540557861328 -98.27376501374063
2019.569458007812 -102.175994873047 -98.82792357232522
2019.602294921875 -97.385383605957 -99.44520756175478
2019.618774414062 -96.64665222168 -99.74153610229568
2019.635131835938 -102.665580749512 -100.04816510093697
2019.651611328125 -102.75513458252 -100.40852829001574
2019.668090820312 -97.242042541504 -100.74623644944889
2019.71728515625 -102.20539855957 -101.77713169248094
2019.733764648438 -103.196655273438 -102.11339686227366
2019.750122070312 -100.856628417969 -102.41872290464595
2019.7666015625 -102.62239074707 -102.73595536030342
2019.799438476562 -103.880187988281 -103.30870172863706
2019.832275390625 -106.127784729004 -103.86275017480892
2019.865112304688 -103.953979492188 -104.38408458222811
2019.898071289062 -105.043716430664 -104.87067063213676
2019.930908203125 -105.569885253906 -105.33146265278216
2019.963745117188 -105.865562438965 -105.76115545834038
2019.99658203125 -106.187896728516 -106.1644724547999
2020.030151367188 -106.730964660645 -106.580770882146
2020.06298828125 -106.570358276367 -106.93041230688958
2020.095825195312 -107.144119262695 -107.29415302809805
2020.128662109375 -107.974853515625 -107.69679943556395
2020.161499023438 -108.522987365723 -108.1450155960078
2020.177978515625 -108.244041442871 -108.41771830849814
2020.1943359375 -108.587776184082 -108.63713343778338
2020.227294921875 -108.598182678223 -109.20445005621083
2020.260131835938 -105.949317932129 -109.86982227605309
2020.29296875 -109.757026672363 -110.5636882694159
2020.325805664062 -109.32120513916 -111.34708331566914
2020.358642578125 -112.892517089844 -112.32952584773507
2020.391479492188 -112.78621673584 -113.37316330372698
2020.42431640625 -112.492454528809 -114.48782930831707
2020.457275390625 -113.136917114258 -115.73952552438912
2020.490112304688 -118.252662658691 -117.11027517041038
2020.52294921875 -118.730033874512 -118.50901285740491
2020.555786132812 -121.785308837891 -119.87075285237606
2020.572265625 -118.578117370605 -120.47716716319606
2020.588623046875 -120.49235534668 -121.03276404990689
2020.605102539062 -122.518524169922 -121.69514229405466
2020.621459960938 -123.843635559082 -122.19506690787051
2020.654296875 -126.322235107422 -123.2396596965096
2020.687255859375 -127.708610534668 -124.1263950376856
2020.70361328125 -126.828742980957 -124.58403830017744
2020.720092773438 -125.57738494873 -124.79662629231768
2020.7529296875 -125.942581176758 -125.29549649453527
2020.785766601562 -126.618896484375 -125.67392077740341
2020.818603515625 -126.35359954834 -125.97517031549276
2020.851440429688 -127.085090637207 -126.20569618129943
2020.917236328125 -127.238967895508 -126.43304344516947
2020.950073242188 -125.736099243164 -126.52380209696864
2020.98291015625 -126.399993896484 -126.66105350252026
2021.013671875 -125.700256347656 -126.78508258748134
2021.046508789062 -125.828483581543 -127.08824612193051
2021.079345703125 -126.913276672363 -127.72324797706429
2021.1123046875 -126.134796142578 -128.44880254242236
2021.145141601562 -127.956916809082 -129.3392436627902
2021.177978515625 -128.169982910156 -130.36706957302724
2021.210815429688 -128.360885620117 -131.49162994261988
2021.24365234375 -128.579879760742 -132.4758411676834
2021.276489257812 -130.561065673828 -133.82988923104156
2021.309326171875 -136.00422668457 -135.28942331635537
2021.34228515625 -135.142166137695 -136.84021595825834
2021.358642578125 -137.851409912109 -137.62842049872216
2021.391479492188 -141.423950195312 -139.2042780017345
2021.407958984375 -141.06266784668 -139.9715093729673
2021.440795898438 -143.438949584961 -141.51377740846104
2021.4736328125 -143.540710449219 -142.89423712443235
2021.506469726562 -153.424362182617 -144.00404939752352
2021.539306640625 -149.207901000977 -144.88009127873474
2021.572265625 -145.074356079102 -145.38486558809228
2021.605102539062 -151.997192382812 -146.19320672114094
2021.637939453125 -149.590896606445 -146.95342775019614
2021.670776367188 -151.986099243164 -147.63659148313386
2021.736450195312 -152.488159179688 -148.46240614474712
2021.769287109375 -146.922805786133 -148.80093312857502
2021.80224609375 -148.873992919922 -148.95661489702252
2021.835083007812 -148.787033081055 -149.10233413258123
2021.867919921875 -151.613327026367 -149.11297203413773
2021.966430664062 -151.478607177734 -149.1427559344143
2022.0 -145.290725708008 -149.1960512737377
2022.065673828125 -149.513870239258 -149.2754784990467
2022.098510742188 -147.742416381836 -149.3938652005582
2022.197143554688 -148.351867675781 -149.93871660410838
2022.22998046875 -148.271850585938 -150.20981674011753
2022.262817382812 -143.427642822266 -150.5246216894201
2022.295654296875 -143.480743408203 -150.89062868362106
2022.328491210938 -152.564376831055 -151.3037331320367
2022.394287109375 -141.111236572266 -152.16269064745012
2022.558471679688 -152.453659057617 -154.13899326299602
2022.591430664062 -169.920745849609 -154.64996638884165
2022.68994140625 -158.08625793457 -156.07981100802087
2022.722778320312 -168.879669189453 -156.45975865311533
2022.821411132812 -159.899887084961 -157.35404286344425
2022.854248046875 -156.43473815918 -157.5486681826296
2022.887084960938 -159.522811889648 -157.71140076170963
2022.919921875 -158.094436645508 -157.91665452286193
2022.952758789062 -157.888397216797 -158.02112651424875
2022.985595703125 -158.015853881836 -158.01881009425287
2023.019165039062 -157.63818359375 -158.03368620299614
2023.052001953125 -157.393737792969 -158.03651570251156
2023.084838867188 -156.748199462891 -158.08810756294994
2023.11767578125 -157.943267822266 -158.17226504539005
2023.150634765625 -158.047103881836 -158.23573822403225
2023.183471679688 -158.087295532227 -158.32694556388083
2023.21630859375 -157.459732055664 -158.4490557596688
2023.249145507812 -159.024765014648 -158.6014060394467
2023.281982421875 -159.406356811523 -158.77509435130506
2023.314819335938 -160.155029296875 -158.962274607034
2023.34765625 -158.471893310547 -159.15736818641057
2023.380615234375 -158.710906982422 -159.3573026831583
2023.413452148438 -167.237442016602 -159.55879297590738
2023.4462890625 -155.252914428711 -159.76227830987403
2023.57763671875 -166.984664916992 -160.61291252007175
