2014.804931640625 0.0 7.103501335384432
2014.837768554688 10.446780204773 5.24648824351511
2014.903442382812 5.950886726379 1.534498666164119
2014.96923828125 -0.518576860428 -2.181459370961057
2015.03564453125 -5.853707313538 -5.928831709760672
2015.101318359375 -14.015268325806 -9.632217581135073
2015.265625 -17.424032211304 -18.88762611214918
2015.331298828125 -27.686552047729 -22.582676495597582
2015.39697265625 -37.488842010498 -26.275351998528247
2016.021850585938 -61.14270401001 -61.7965539663813
2016.1533203125 -71.209320068359 -69.33022291457446
2016.350463867188 -80.376106262207 -78.84978095256096
2016.416137695312 -83.053421020508 -81.91629991279352
2016.547607421875 -85.004768371582 -88.14928442554945
2016.744750976562 -97.97339630127 -96.87096582461079
2016.777587890625 -98.312469482422 -98.27824555608196
2016.810424804688 -102.397972106934 -99.7128406523094
2016.84326171875 -101.831672668457 -101.16168855097968
2016.876098632812 -102.75617980957 -102.53957042649198
2016.908935546875 -103.494071960449 -103.8857580450302
2016.941772460938 -104.545707702637 -105.23032676583271
2016.974731445312 -105.719032287598 -106.5241972269729
2017.005493164062 -107.714126586914 -107.76229815710609
2017.038330078125 -108.933197021484 -109.05540502628743
2017.071166992188 -109.45100402832 -110.35444466436574
2017.10400390625 -112.049438476562 -111.7962281899351
2017.136840820312 -112.530723571777 -113.34692638767922
2017.169799804688 -114.718772888184 -114.97611533566753
2017.20263671875 -115.719329833984 -116.6745774194672
2017.235473632812 -116.716361999512 -118.44014367696457
2017.268310546875 -117.340850830078 -120.26344444456348
2017.301147460938 -121.479309082031 -122.14394100627058
2017.333984375 -123.230834960938 -124.08475076496559
2017.366821289062 -125.572685241699 -126.08104106507344
2017.399780273438 -129.914962768555 -128.12598740645564
2017.4326171875 -131.349746704102 -130.1980169037196
2017.498291015625 -133.439971923828 -134.44097168877244
2017.531127929688 -136.058883666992 -136.59391483157663
2017.56396484375 -137.996353149414 -138.7521132323799
2017.596801757812 -142.507568359375 -140.9073540134061
2017.629760742188 -143.599243164062 -143.06700238152987
2017.66259765625 -145.34065246582 -145.21585248922142
2017.695434570312 -144.447967529297 -147.35844700704487
2017.728271484375 -148.478912353516 -149.49105475410616
2017.761108398438 -151.942886352539 -151.6034769118243
2017.7939453125 -154.905471801758 -153.68046386111973
2017.826782226562 -155.834060668945 -155.71212304807082
2017.859741210938 -159.489547729492 -157.70210895112106
2017.892578125 -160.610809326172 -159.63199763014848
2017.925415039062 -162.945709228516 -161.5104700287662
2017.958251953125 -163.487716674805 -163.33277208464798
2017.991088867188 -165.670974731445 -165.08335789009544
2018.024658203125 -167.527069091797 -166.78995838199796
2018.057495117188 -168.774154663086 -168.38821226222677
2018.09033203125 -170.35693359375 -169.94247474242076
2018.123168945312 -172.053009033203 -171.48633793839005
2018.156005859375 -172.372314453125 -173.0507993385901
2018.18896484375 -174.84016418457 -174.6647118843745
2018.221801757812 -175.244338989258 -176.3197330932064
2018.254638671875 -177.492950439453 -178.00521840636318
2018.287475585938 -177.792144775391 -179.7085177010827
2018.3203125 -179.561019897461 -181.4326047913941
2018.353149414062 -176.3603515625 -183.21661376134392
2018.385986328125 -185.99333190918 -185.09469638949332
2018.4189453125 -186.351409912109 -187.08132586680017
2018.451782226562 -188.305130004883 -189.1658318925383
2018.484619140625 -193.209503173828 -191.35116256032725
2018.517456054688 -192.322906494141 -193.62325864019533
2018.55029296875 -193.436019897461 -195.9596958534124
2018.583129882812 -195.788757324219 -198.32490685514728
2018.615966796875 -194.577728271484 -200.67887601533923
2018.64892578125 -204.29931640625 -203.00467938987984
2018.681762695312 -206.794906616211 -205.28377987512474
2018.714599609375 -196.718109130859 -207.54135682420085
2018.747436523438 -209.775100708008 -209.7968291153167
2018.7802734375 -213.750732421875 -212.0570317936205
2018.813110351562 -216.265777587891 -214.2805978572826
2018.845947265625 -219.694366455078 -216.51304143819985
2018.87890625 -218.602951049805 -218.57768375953586
2018.911743164062 -220.200637817383 -220.47435562316463
2018.944580078125 -222.383117675781 -222.35165194425903
2018.977416992188 -223.766632080078 -224.17681704395181
2019.010986328125 -225.585418701172 -226.01526283825544
2019.043823242188 -227.62646484375 -227.77338125167802
2019.109497070312 -231.496368408203 -231.46060485295433
2019.1259765625 -232.065612792969 -232.3990042636639
2019.142333984375 -233.10124206543 -233.3610611858944
2019.175170898438 -235.500686645508 -235.31164457473844
2019.191650390625 -236.275405883789 -236.33511024642135
2019.208129882812 -236.668640136719 -237.3937843676348
2019.224487304688 -238.045104980469 -238.43595929743395
2019.240966796875 -239.768203735352 -239.57262187834513
2019.25732421875 -239.817398071289 -240.74017487096285
2019.273803710938 -241.191757202148 -241.87956724643115
2019.290161132812 -242.715606689453 -243.03883970953444
2019.306640625 -243.590209960938 -244.31469820223722
2019.323120117188 -244.633819580078 -245.6174182613699
2019.339477539062 -247.012786865234 -246.92989566542443
2019.35595703125 -247.126007080078 -248.2646230578482
2019.372314453125 -252.827865600586 -249.5900373074937
2019.388793945312 -250.939376831055 -250.92728745852554
2019.405151367188 -253.152481079102 -252.23101582371999
2019.421630859375 -253.301956176758 -253.5655727070717
2019.438110351562 -254.484649658203 -254.89673455945643
2019.454467773438 -257.74609375 -256.20795561252623
2019.470947265625 -257.342132568359 -257.52067689779744
2019.4873046875 -260.544952392578 -258.8198574057711
2019.503784179688 -258.077087402344 -260.12461537940237
2019.520141601562 -258.905944824219 -261.4023140792287
2019.53662109375 -263.990570068359 -262.66086767852744
2019.569458007812 -265.016784667969 -265.05758221479925
2019.602294921875 -260.667602539062 -267.24001662088017
2019.618774414062 -269.610290527344 -268.34244480111283
2019.635131835938 -270.410583496094 -269.4270359517096
2019.651611328125 -272.495819091797 -270.42565856249985
2019.668090820312 -272.148223876953 -271.4823116543604
2019.71728515625 -274.477844238281 -274.2942640887071
2019.733764648438 -275.138732910156 -275.1698689346813
2019.750122070312 -278.462585449219 -275.9017046355873
2019.7666015625 -275.432983398438 -276.6848598316338
2019.799438476562 -278.290771484375 -278.0422722123525
2019.832275390625 -282.037780761719 -279.3313200811053
2019.865112304688 -281.265899658203 -280.51676566845447
2019.898071289062 -281.745147705078 -281.62637718303927
2019.930908203125 -283.818054199219 -282.6308363939043
2019.963745117188 -284.377166748047 -283.4929355481724
2019.99658203125 -284.919250488281 -284.302304899659
2020.030151367188 -285.485961914062 -285.1845591122951
2020.06298828125 -286.092376708984 -285.85710605532506
2020.095825195312 -286.323638916016 -286.519089092175
2020.128662109375 -287.701202392578 -287.1754330899203
2020.161499023438 -287.511138916016 -287.8726669046172
2020.177978515625 -288.199340820312 -288.3050824589408
2020.1943359375 -288.679260253906 -288.6522103625634
2020.227294921875 -288.411834716797 -289.5716808598608
2020.260131835938 -287.147277832031 -290.65622500386684
2020.29296875 -290.278228759766 -291.77433302499793
2020.325805664062 -291.547973632812 -293.0325392988528
2020.358642578125 -291.888854980469 -294.6046381251086
2020.391479492188 -294.54248046875 -296.28688697997467
2020.42431640625 -296.220428466797 -298.09448864253415
2020.457275390625 -298.551055908203 -300.1217060259356
2020.490112304688 -302.215270996094 -302.3421822998226
2020.52294921875 -306.726348876953 -304.6194938739489
2020.555786132812 -305.630798339844 -306.884262523641
2020.572265625 -306.631439208984 -307.9456081974606
2020.588623046875 -313.256195068359 -308.9700502948356
2020.605102539062 -312.130035400391 -310.11685376843985
2020.621459960938 -315.192749023438 -311.0988157210751
2020.654296875 -315.667816162109 -313.12066316971425
2020.687255859375 -317.309600830078 -314.9857427948077
2020.70361328125 -317.597137451172 -315.93602747466673
2020.720092773438 -316.695953369141 -316.6210316195982
2020.7529296875 -317.819946289062 -318.06239419615366
2020.785766601562 -320.354309082031 -319.35037403349037
2020.818603515625 -321.493286132812 -320.5269591416058
2020.851440429688 -323.388671875 -321.6128448169071
2020.917236328125 -324.083801269531 -323.59687102764855
2020.950073242188 -323.883758544922 -324.58205447829704
2020.98291015625 -325.540435791016 -325.56958752231276
2021.013671875 -325.260467529297 -326.4880355008555
2021.046508789062 -326.908416748047 -327.50507981879576
2021.079345703125 -328.291961669922 -328.67370542484946
2021.1123046875 -329.055328369141 -329.89002518178256
2021.145141601562 -330.474914550781 -331.1868429666285
2021.177978515625 -331.700134277344 -332.55023631813464
2021.210815429688 -333.732482910156 -333.95874855667967
2021.24365234375 -332.046203613281 -335.33369960704147
2021.276489257812 -333.067352294922 -336.8441025670552
2021.309326171875 -339.499145507812 -338.4043396403956
2021.34228515625 -340.951568603516 -340.01697143247543
2021.358642578125 -341.525115966797 -340.8431857672109
2021.391479492188 -341.548919677734 -342.48587114404734
2021.407958984375 -343.707336425781 -343.307884698187
2021.440795898438 -344.736297607422 -344.9403127617988
2021.4736328125 -346.138519287109 -346.503197939222
2021.506469726562 -355.876251220703 -347.9414569831633
2021.539306640625 -353.160827636719 -349.24306942199553
2021.572265625 -350.917907714844 -350.2752200829816
2021.605102539062 -359.182189941406 -351.471996386824
2021.637939453125 -354.937591552734 -352.626921699567
2021.670776367188 -355.6279296875 -353.7409022567759
2021.736450195312 -359.896118164062 -355.66364049225314
2021.769287109375 -356.515777587891 -356.6214633248864
2021.80224609375 -358.397186279297 -357.42209958531157
2021.835083007812 -357.288360595703 -358.1983295628442
2021.867919921875 -358.794616699219 -358.86795358217876
2021.966430664062 -360.768218994141 -360.7808407162905
2022.0 -362.112518310547 -361.4398481687662
2022.065673828125 -363.163879394531 -362.72636089918745
2022.098510742188 -360.088958740234 -363.4156263686672
2022.197143554688 -364.631195068359 -365.561408564472
2022.22998046875 -368.0654296875 -366.31007081962406
2022.262817382812 -364.621459960938 -367.082172444689
2022.295654296875 -366.922119140625 -367.8686144751559
2022.328491210938 -367.401550292969 -368.6512316948779
2022.394287109375 -371.143432617188 -370.13613376436666
2022.558471679688 -377.034088134766 -373.7391500142731
2022.591430664062 -383.326354980469 -374.54416136691856
2022.68994140625 -373.377136230469 -377.02887460486403
2022.722778320312 -381.279937744141 -377.8303608787526
2022.821411132812 -379.213134765625 -379.8540323996019
2022.854248046875 -379.614868164062 -380.56058385897666
2022.887084960938 -380.315704345703 -381.36130082488387
2022.919921875 -381.306701660156 -382.20768336019523
2022.952758789062 -381.672729492188 -383.17381052137495
2022.985595703125 -383.127075195312 -384.4500184346419
2023.019165039062 -384.646209716797 -385.9861131270901
2023.052001953125 -385.555236816406 -387.43971479041807
2023.084838867188 -388.342742919922 -389.29916702683676
2023.11767578125 -390.149444580078 -391.44200458403276
2023.150634765625 -388.713409423828 -393.4250882665786
2023.183471679688 -392.918365478516 -395.55717738303986
2023.21630859375 -389.468963623047 -397.680183653796
2023.249145507812 -389.613098144531 -399.80668513675846
2023.281982421875 -399.753997802734 -401.94251642654206
2023.314819335938 -406.049591064453 -404.090627407847
2023.34765625 -405.043151855469 -406.25285801580765
2023.380615234375 -407.514831542969 -408.43733535113097
2023.413452148438 -411.769470214844 -410.6279833563447
2023.4462890625 -420.131988525391 -412.8331662028237
2023.57763671875 -456.618713378906 -421.77436477156726
