2014.804931640625 0.0 1.0758239357785715
2014.837768554688 4.339953422546 -0.6802233193244754
2014.903442382812 1.805623531342 -4.191207260720155
2014.96923828125 -5.357510566711 -7.706247533104664
2015.03564453125 -9.510807991028 -11.250082019025399
2015.101318359375 -18.613140106201 -14.749953921432828
2015.265625 -27.100200653076 -23.481236954521755
2015.331298828125 -32.015727996826 -26.96031992498836
2015.39697265625 -36.966812133789 -30.433204552904034
2016.021850585938 -65.211555480957 -65.72449894906177
2016.1533203125 -73.725517272949 -71.47640604408801
2016.350463867188 -82.034172058105 -79.86471393753953
2016.416137695312 -79.825965881348 -82.66131879821788
2016.547607421875 -88.128631591797 -88.4008638263011
2016.744750976562 -99.302192687988 -96.48359248091134
2016.777587890625 -97.999038696289 -97.77847111057514
2016.810424804688 -99.500556945801 -99.08477360696297
2016.84326171875 -101.296257019043 -100.40446408453545
2016.876098632812 -101.606079101562 -101.71585080798987
2016.908935546875 -102.872352600098 -103.03438733655038
2016.941772460938 -104.08723449707 -104.35960077308685
2016.974731445312 -105.023223876953 -105.68253095878634
2017.005493164062 -106.669227600098 -106.94067929111038
2017.038330078125 -108.051132202148 -108.26866595476217
2017.071166992188 -108.830657958984 -109.596820742308
2017.10400390625 -110.763725280762 -110.98355414536773
2017.136840820312 -112.257339477539 -112.40930800567222
2017.169799804688 -113.641098022461 -113.86931491204032
2017.20263671875 -115.173027038574 -115.3516531949172
2017.235473632812 -117.14884185791 -116.85706758058886
2017.268310546875 -118.03825378418 -118.38747248609334
2017.301147460938 -119.807731628418 -119.94787993582553
2017.333984375 -120.807975769043 -121.5395287060384
2017.366821289062 -123.039764404297 -123.15370684449942
2017.399780273438 -124.750831604004 -124.78576892316053
2017.4326171875 -126.952514648438 -126.4193842284073
2017.498291015625 -127.979965209961 -129.73532534493089
2017.531127929688 -130.647033691406 -131.42185288022358
2017.56396484375 -133.202407836914 -133.12407759251863
2017.596801757812 -135.533401489258 -134.8389410508155
2017.629760742188 -136.967544555664 -136.56932282743534
2017.66259765625 -137.71061706543 -138.30102202832137
2017.695434570312 -137.230728149414 -140.0402637763098
2017.728271484375 -139.888595581055 -141.79042277515086
2017.761108398438 -143.908020019531 -143.54834643340672
2017.7939453125 -145.478866577148 -145.30642564284574
2017.826782226562 -147.061050415039 -147.05540758866442
2017.859741210938 -148.839294433594 -148.7978287230811
2017.892578125 -150.588836669922 -150.52396951069554
2017.925415039062 -152.533615112305 -152.24242835918193
2017.958251953125 -153.993133544922 -153.9474300685464
2017.991088867188 -155.894866943359 -155.6302941930816
2018.024658203125 -157.487945556641 -157.32570961127053
2018.057495117188 -159.322387695312 -158.96689988058748
2018.09033203125 -160.974090576172 -160.60012410476628
2018.123168945312 -162.509887695312 -162.2320322322246
2018.156005859375 -163.423187255859 -163.86581261040894
2018.18896484375 -165.503234863281 -165.5107506842817
2018.221801757812 -167.021270751953 -167.1537306915178
2018.254638671875 -168.829147338867 -168.79813002497988
2018.287475585938 -169.868392944336 -170.4441177875238
2018.3203125 -171.320098876953 -172.09085630397382
2018.353149414062 -173.241760253906 -173.74585005566112
2018.385986328125 -176.934112548828 -175.41863268236068
2018.4189453125 -177.298843383789 -177.11950735119552
2018.451782226562 -178.679244995117 -178.83459285110476
2018.484619140625 -181.831588745117 -180.5680067706823
2018.517456054688 -181.682464599609 -182.3178219356391
2018.55029296875 -183.243240356445 -184.07731238481193
2018.583129882812 -185.936920166016 -185.83350454637105
2018.615966796875 -185.867065429688 -187.5769692763297
2018.64892578125 -189.584213256836 -189.31101980317322
2018.681762695312 -192.034225463867 -191.02764028421942
2018.714599609375 -187.014221191406 -192.7414285591295
2018.747436523438 -194.248352050781 -194.4579332024917
2018.7802734375 -196.643524169922 -196.1774442385002
2018.813110351562 -198.808517456055 -197.89165287236614
2018.845947265625 -200.044570922852 -199.61231030748812
2018.87890625 -200.70735168457 -201.30356463042023
2018.911743164062 -202.787963867188 -202.9437724199158
2018.944580078125 -204.658554077148 -204.5642948723962
2018.977416992188 -206.188507080078 -206.17183233979475
2019.010986328125 -207.791000366211 -207.79119314345306
2019.043823242188 -209.480026245117 -209.3664057818979
2019.109497070312 -212.838455200195 -212.50038993148326
2019.1259765625 -213.585250854492 -213.29283753131475
2019.142333984375 -214.285415649414 -214.04443678706525
2019.175170898438 -215.761260986328 -215.54748860367232
2019.191650390625 -216.45085144043 -216.26637073054295
2019.208129882812 -217.300109863281 -216.96338386601244
2019.224487304688 -217.58528137207 -217.65293106601092
2019.240966796875 -218.482543945312 -218.3029003354193
2019.25732421875 -218.924819946289 -218.92586664486538
2019.273803710938 -219.770965576172 -219.5663515122877
2019.290161132812 -219.997970581055 -220.1882161757749
2019.306640625 -221.058685302734 -220.75528620373717
2019.323120117188 -221.599746704102 -221.2974518926733
2019.339477539062 -222.131958007812 -221.81317043735632
2019.35595703125 -222.959320068359 -222.30682704141125
2019.372314453125 -224.411743164062 -222.7707293396955
2019.388793945312 -223.299499511719 -223.21737912852944
2019.405151367188 -223.507507324219 -223.63489498665334
2019.421630859375 -223.625213623047 -224.0767300586803
2019.438110351562 -226.055084228516 -224.51359310711308
2019.454467773438 -224.802200317383 -224.94894537572497
2019.470947265625 -223.090393066406 -225.40439781094878
2019.4873046875 -225.805053710938 -225.88294840119005
2019.503784179688 -224.284515380859 -226.41786287467758
2019.520141601562 -224.572662353516 -226.91209286453753
2019.53662109375 -228.670700073242 -227.42201115541346
2019.569458007812 -229.978271484375 -228.4272581340234
2019.602294921875 -224.134521484375 -229.36848282615898
2019.618774414062 -228.998825073242 -229.86014033404365
2019.635131835938 -231.84553527832 -230.3618277160567
2019.651611328125 -231.954956054688 -230.85564796629475
2019.668090820312 -228.536758422852 -231.37515280667105
2019.71728515625 -233.457733154297 -232.90036909608585
2019.733764648438 -233.198699951172 -233.40520937516624
2019.750122070312 -232.913665771484 -233.9137820244873
2019.7666015625 -233.847747802734 -234.41905714176085
2019.799438476562 -235.156005859375 -235.43223482911708
2019.832275390625 -237.136474609375 -236.43033640710743
2019.865112304688 -237.372314453125 -237.41479035193396
2019.898071289062 -238.514038085938 -238.3833448171074
2019.930908203125 -240.02555847168 -239.3237495650587
2019.963745117188 -240.80842590332 -240.22006216061638
2019.99658203125 -241.469680786133 -241.10847312390945
2020.030151367188 -242.202224731445 -242.05154011352283
2020.06298828125 -243.000640869141 -242.88396188246867
2020.095825195312 -243.551055908203 -243.70484492555607
2020.128662109375 -244.648788452148 -244.519882416478
2020.161499023438 -245.140563964844 -245.3476202871441
2020.177978515625 -245.53987121582 -245.79182356070612
2020.1943359375 -246.269607543945 -246.19953222833274
2020.227294921875 -246.828536987305 -247.1010022332933
2020.260131835938 -245.180328369141 -248.05843427049257
2020.29296875 -248.309295654297 -249.024685915863
2020.325805664062 -248.927169799805 -250.03513417275497
2020.358642578125 -250.203704833984 -251.14201183906314
2020.391479492188 -252.398803710938 -252.2861709220167
2020.42431640625 -252.716369628906 -253.48546642628602
2020.457275390625 -253.715728759766 -254.7951322148627
2020.490112304688 -256.644104003906 -256.2278153463361
2020.52294921875 -257.740966796875 -257.73692263159955
2020.555786132812 -258.707733154297 -259.28230228882865
2020.572265625 -254.65983581543 -260.0837721381122
2020.588623046875 -259.444366455078 -260.87316437428694
2020.605102539062 -261.500671386719 -261.6467231456106
2020.621459960938 -264.943634033203 -262.42936749314487
2020.654296875 -264.555236816406 -263.9679342405191
2020.687255859375 -268.516418457031 -265.47191490728557
2020.70361328125 -266.790008544922 -266.238837496467
2020.720092773438 -267.010314941406 -266.90844951108795
2020.7529296875 -269.331451416016 -268.2881873734601
2020.785766601562 -270.576538085938 -269.627660905173
2020.818603515625 -271.853210449219 -270.9335079636154
2020.851440429688 -272.999114990234 -272.19294713295864
2020.917236328125 -274.204528808594 -274.5347171488414
2020.950073242188 -275.460327148438 -275.6088988664783
2020.98291015625 -277.097991943359 -276.66183295716485
2021.013671875 -277.332214355469 -277.6553407316855
2021.046508789062 -279.107788085938 -278.67496852450694
2021.079345703125 -279.957061767578 -279.6841489833345
2021.1123046875 -280.926025390625 -280.68467203487245
2021.145141601562 -281.631225585938 -281.6615098801356
2021.177978515625 -282.330139160156 -282.61577040595
2021.210815429688 -283.88330078125 -283.5552473328744
2021.24365234375 -284.286254882812 -284.5052572943557
2021.276489257812 -282.766876220703 -285.4220639616876
2021.309326171875 -287.174041748047 -286.340678695831
2021.34228515625 -288.352172851562 -287.26644920916254
2021.358642578125 -288.281677246094 -287.73404646486193
2021.391479492188 -287.504180908203 -288.6745324890713
2021.407958984375 -288.134643554688 -289.15391244474813
2021.440795898438 -288.818634033203 -290.0925027153304
2021.4736328125 -290.525390625 -291.0074568366607
2021.506469726562 -293.799346923828 -291.8852026941684
2021.539306640625 -294.166107177734 -292.73709867586
2021.572265625 -292.712158203125 -293.5616193586036
2021.605102539062 -298.56103515625 -294.40919800947626
2021.637939453125 -296.355499267578 -295.238729583703
2021.670776367188 -296.918151855469 -296.0393467275562
2021.736450195312 -302.931091308594 -297.4595926289877
2021.769287109375 -298.001007080078 -298.1656590066251
2021.80224609375 -298.871704101562 -298.8063575847838
2021.835083007812 -296.718719482422 -299.4557427181819
2021.867919921875 -301.816101074219 -300.0524180392007
2021.966430664062 -302.085632324219 -301.79948198872836
2022.0 -302.932434082031 -302.37251428188335
2022.065673828125 -303.02978515625 -303.5037195001192
2022.098510742188 -303.242889404297 -304.0518005832978
2022.197143554688 -305.706970214844 -305.71047865967313
2022.22998046875 -308.3662109375 -306.3087671450391
2022.262817382812 -305.8681640625 -306.9532062000899
2022.295654296875 -305.870483398438 -307.6534873066936
2022.328491210938 -308.699371337891 -308.4036239942703
2022.394287109375 -308.202331542969 -309.9251777229801
2022.558471679688 -316.592864990234 -313.51234791956335
2022.591430664062 -318.465881347656 -314.2265041479264
2022.68994140625 -313.999389648438 -316.45363408580766
2022.722778320312 -317.315826416016 -317.25977714085286
2022.821411132812 -319.528076171875 -319.617403778856
2022.854248046875 -320.764099121094 -320.33156954685455
2022.887084960938 -320.91455078125 -321.0224994132014
2022.919921875 -321.641479492188 -321.6980547172899
2022.952758789062 -322.912017822266 -322.3702823550785
2022.985595703125 -323.135528564453 -323.01172231567296
2023.019165039062 -324.043853759766 -323.6282391100289
2023.052001953125 -324.259948730469 -324.2433374841508
2023.084838867188 -324.833282470703 -324.77066740545393
2023.11767578125 -325.402069091797 -325.2183957745292
2023.150634765625 -326.839172363281 -325.7036480616327
2023.183471679688 -326.634521484375 -326.14313916813614
2023.21630859375 -328.657867431641 -326.58445513448606
2023.249145507812 -329.531982421875 -327.02509458652213
2023.281982421875 -327.614990234375 -327.46331992429845
2023.314819335938 -328.901550292969 -327.8978816529694
2023.34765625 -327.507110595703 -328.32767943850246
2023.380615234375 -328.514801025391 -328.75311789238935
2023.413452148438 -328.008361816406 -329.17055045865493
2023.4462890625 -323.363952636719 -329.58162503489916
2023.57763671875 -320.677185058594 -331.1764227144338
