2014.804931640625 -0.0 -11.158206302310145
2014.837768554688 -27.195587158203 -12.298945548703605
2014.903442382812 -14.895742416382 -14.570213878841534
2014.96923828125 -15.334432601929 -16.832428939631882
2015.03564453125 7.540422916412 -19.102700662318696
2015.101318359375 -24.421232223511 -21.336195358317337
2015.265625 21.381681442261 -26.880084112994183
2015.331298828125 -32.291786193848 -29.080753570808866
2015.39697265625 -74.644538879395 -31.274502567107067
2016.021850585938 -23.28395652771 -53.207536954771676
2016.1533203125 -58.147239685059 -58.78862429660859
2016.350463867188 -64.841842651367 -61.937208275404366
2016.416137695312 -73.60856628418 -62.03070919703548
2016.547607421875 -62.94896697998 -62.35699813928716
2016.744750976562 -67.971893310547 -62.447364361701766
2016.777587890625 -57.633037567139 -62.21766710864769
2016.810424804688 -62.227836608887 -61.99453970755033
2016.84326171875 -61.391212463379 -61.825917890940026
2016.876098632812 -64.454521179199 -61.74005688682045
2016.908935546875 -60.910083770752 -61.733557302335534
2016.941772460938 -59.990886688232 -61.732469781189494
2016.974731445312 -58.429466247559 -61.79698187072967
2017.005493164062 -60.387939453125 -61.99673101171003
2017.038330078125 -61.12939453125 -62.1427658993387
2017.071166992188 -60.86319732666 -62.32401515535866
2017.10400390625 -61.544700622559 -62.811614836459455
2017.136840820312 -63.051486968994 -63.51643431679351
2017.169799804688 -64.171409606934 -64.38588979585613
2017.20263671875 -65.362014770508 -65.44676039789053
2017.235473632812 -63.545448303223 -66.70388788090555
2017.268310546875 -65.648597717285 -68.12925488052778
2017.301147460938 -66.032135009766 -69.65478608261334
2017.333984375 -64.431739807129 -71.1763844565659
2017.366821289062 -78.743392944336 -72.63211585597914
2017.399780273438 -76.119194030762 -74.0195990914771
2017.4326171875 -74.687652587891 -75.32061113458336
2017.498291015625 -86.420013427734 -77.65565810541946
2017.531127929688 -81.684722900391 -78.65765777785835
2017.56396484375 -86.414512634277 -79.48744285217383
2017.596801757812 -83.653793334961 -80.07113408718963
2017.629760742188 -79.963119506836 -80.353887734818
2017.66259765625 -82.531806945801 -80.30945276227834
2017.695434570312 -83.605049133301 -79.97841316413539
2017.728271484375 -80.317108154297 -79.36791551329465
2017.761108398438 -78.926582336426 -78.50566492409408
2017.7939453125 -78.641456604004 -77.50247126233675
2017.826782226562 -75.850494384766 -76.46488382845867
2017.859741210938 -76.487533569336 -75.41000155914855
2017.892578125 -72.576568603516 -74.36172144478887
2017.925415039062 -72.666969299316 -73.3395764850377
2017.958251953125 -72.682418823242 -72.36081962423971
2017.991088867188 -69.877136230469 -71.48333011666993
2018.024658203125 -68.422164916992 -70.80636902257808
2018.057495117188 -68.743789672852 -70.47001837326488
2018.09033203125 -69.50463104248 -70.51117338316989
2018.123168945312 -67.718269348145 -70.93569668949581
2018.156005859375 -64.453369140625 -71.70754981505085
2018.18896484375 -69.824867248535 -72.79492081768166
2018.221801757812 -66.68571472168 -74.17848736763119
2018.254638671875 -67.320320129395 -75.8485609827506
2018.287475585938 -71.619903564453 -77.80158042668153
2018.3203125 -76.453926086426 -80.02312089935799
2018.353149414062 -80.641693115234 -82.52468308879344
2018.385986328125 -83.750381469727 -85.28963900205825
2018.4189453125 -88.585998535156 -88.26559065367843
2018.451782226562 -90.753402709961 -91.26349544584764
2018.484619140625 -97.318916320801 -94.1176658558589
2018.517456054688 -100.817054748535 -96.76557387270543
2018.55029296875 -104.040962219238 -99.16933778619322
2018.583129882812 -106.305191040039 -101.29925257297984
2018.615966796875 -118.024864196777 -103.16821979599676
2018.64892578125 -110.86247253418 -104.78967496486176
2018.681762695312 -108.89714050293 -106.16129684885254
2018.714599609375 -113.468841552734 -107.27317495168772
2018.747436523438 -109.734909057617 -108.09616363203013
2018.7802734375 -106.314514160156 -108.63976185667278
2018.813110351562 -115.838470458984 -108.8499135076454
2018.845947265625 -108.644630432129 -108.87711685383755
2018.87890625 -109.260063171387 -108.62852833849286
2018.911743164062 -109.037948608398 -108.25343960575522
2018.944580078125 -107.654884338379 -107.89102323808804
2018.977416992188 -107.633880615234 -107.52912396379412
2019.010986328125 -105.720779418945 -107.23352233550331
2019.043823242188 -105.963485717773 -106.88888291016697
2019.109497070312 -106.072219848633 -106.49546293365249
2019.1259765625 -105.362915039062 -106.38287792857562
2019.142333984375 -104.804885864258 -106.43522812254788
2019.175170898438 -105.315879821777 -106.61396796867898
2019.191650390625 -105.21842956543 -106.88799746343895
2019.208129882812 -108.209777832031 -107.27134306659822
2019.224487304688 -107.865905761719 -107.63953539606489
2019.240966796875 -107.09300994873 -108.23080663354992
2019.25732421875 -107.515426635742 -108.91566650149556
2019.273803710938 -108.14232635498 -109.53055863824162
2019.290161132812 -107.135772705078 -110.21344271597678
2019.306640625 -111.481285095215 -111.1725475136653
2019.323120117188 -110.610076904297 -112.25630496032123
2019.339477539062 -113.118057250977 -113.44781997456225
2019.35595703125 -113.680656433105 -114.75369718147628
2019.372314453125 -115.612815856934 -116.13040259970067
2019.388793945312 -115.82691192627 -117.5917668330274
2019.405151367188 -117.036026000977 -119.1121158319635
2019.421630859375 -119.188629150391 -120.61380105412107
2019.438110351562 -126.509796142578 -122.14466326705153
2019.454467773438 -122.303573608398 -123.68874113909361
2019.470947265625 -129.341766357422 -125.2226312885807
2019.4873046875 -131.420425415039 -126.63879335059673
2019.503784179688 -117.362899780273 -127.67366983462125
2019.520141601562 -120.966041564941 -128.8535162684193
2019.53662109375 -136.534271240234 -129.97039103144314
2019.569458007812 -132.755416870117 -131.97904289106427
2019.602294921875 -144.801666259766 -133.6639218571053
2019.618774414062 -139.771469116211 -134.54563670907442
2019.635131835938 -137.812255859375 -135.36867510948346
2019.651611328125 -133.29443359375 -136.04017400452176
2019.668090820312 -131.4404296875 -136.76718376774886
2019.71728515625 -139.941818237305 -138.38904815728847
2019.733764648438 -138.035202026367 -138.81025591275127
2019.750122070312 -142.139663696289 -139.05046669948283
2019.7666015625 -141.428649902344 -139.3424870483833
2019.799438476562 -139.526504516602 -139.69594882770429
2019.832275390625 -143.311447143555 -140.0464359461926
2019.865112304688 -141.786911010742 -140.3830160297706
2019.898071289062 -140.652053833008 -140.7283653554382
2019.930908203125 -140.382751464844 -141.05546867999294
2019.963745117188 -138.610885620117 -141.43566380313916
2019.99658203125 -141.261657714844 -141.90743409395964
2020.030151367188 -139.371978759766 -142.25687555721785
2020.06298828125 -141.995864868164 -142.99342817039917
2020.095825195312 -143.535369873047 -143.80997782270964
2020.128662109375 -143.764999389648 -144.87356042439148
2020.161499023438 -142.980651855469 -146.2404233047335
2020.177978515625 -145.493011474609 -147.22114308785285
2020.1943359375 -145.394622802734 -147.90512880681743
2020.227294921875 -148.201553344727 -149.83259585082914
2020.260131835938 -150.884185791016 -151.95517522063994
2020.29296875 -152.010635375977 -154.15660566850391
2020.325805664062 -154.935668945312 -156.54103784913949
2020.358642578125 -155.60237121582 -159.0143516599775
2020.391479492188 -164.578842163086 -161.45682751412951
2020.42431640625 -166.327484130859 -163.8674831533893
2020.457275390625 -168.904846191406 -166.1052261080292
2020.490112304688 -180.852951049805 -168.1675150320925
2020.52294921875 -168.132858276367 -170.1218566255389
2020.555786132812 -174.839614868164 -171.93225793962125
2020.572265625 -197.522567749023 -172.5378921816693
2020.588623046875 -189.753112792969 -173.0408113750987
2020.605102539062 -172.341918945312 -173.92444620028974
2020.621459960938 -191.220672607422 -174.30084012611596
2020.654296875 -186.308258056641 -175.24827775376187
2020.687255859375 -174.553680419922 -175.90825445447447
2020.70361328125 -179.162399291992 -176.2883419073822
2020.720092773438 -182.389007568359 -176.25881205770116
2020.7529296875 -178.17448425293 -176.3546619469842
2020.785766601562 -181.351867675781 -176.22385057519466
2020.818603515625 -173.743804931641 -175.8999352076041
2020.851440429688 -172.732696533203 -175.3785151497773
2020.917236328125 -174.82145690918 -174.11925519103158
2020.950073242188 -173.360168457031 -173.60882077218096
2020.98291015625 -173.421417236328 -173.2370302736875
2021.013671875 -171.507476806641 -172.7943511555154
2021.046508789062 -167.134826660156 -172.66179102088958
2021.079345703125 -171.834167480469 -172.97490789346176
2021.1123046875 -169.836059570312 -173.3786482561237
2021.145141601562 -172.480285644531 -173.99667453044293
2021.177978515625 -172.59407043457 -174.7812094884553
2021.210815429688 -172.378707885742 -175.70163293927163
2021.24365234375 -171.394546508789 -176.508511633453
2021.276489257812 -178.644027709961 -177.8227509893777
2021.309326171875 -180.845413208008 -179.3255705483731
2021.34228515625 -180.671463012695 -180.95089767833497
2021.358642578125 -179.494079589844 -181.65944359344277
2021.391479492188 -187.541854858398 -182.98560993579582
2021.407958984375 -182.604248046875 -183.36960983781162
2021.440795898438 -186.528594970703 -184.00993597206468
2021.4736328125 -186.924331665039 -184.04410802651816
2021.506469726562 -194.878616333008 -183.68189460705165
2021.539306640625 -201.043670654297 -183.1927381797928
2021.572265625 -199.088256835938 -182.29943610449666
2021.605102539062 -201.054931640625 -181.95902013920124
2021.637939453125 -184.193450927734 -181.54848630669326
2021.670776367188 -192.485794067383 -181.04307546956443
2021.736450195312 -177.154937744141 -179.61646688863473
2021.769287109375 -177.21794128418 -178.90209139405076
2021.80224609375 -176.629241943359 -178.09567435185275
2021.835083007812 -172.640243530273 -177.255157038872
2021.867919921875 -180.194137573242 -176.54204162834827
2021.966430664062 -170.72428894043 -175.71522201306016
2022.0 -170.391647338867 -176.11644123145916
2022.065673828125 -178.508209228516 -176.50219166307863
2022.098510742188 -170.453247070312 -177.0108642078979
2022.197143554688 -165.423400878906 -178.21747249641518
2022.22998046875 -173.638458251953 -178.65442381705608
2022.262817382812 -161.892761230469 -179.1403309040239
2022.295654296875 -175.858474731445 -179.6748923529922
2022.328491210938 -187.926483154297 -180.23008333751187
2022.394287109375 -187.785919189453 -181.26907627260675
2022.558471679688 -197.640060424805 -184.20808243519878
2022.591430664062 -179.335021972656 -184.97187525567753
2022.68994140625 -212.636505126953 -186.51096201169298
2022.722778320312 -217.590530395508 -186.82863136908992
2022.821411132812 -187.45539855957 -187.4781345446258
2022.854248046875 -192.512237548828 -187.5032248746068
2022.887084960938 -186.621505737305 -187.35714313808182
2022.919921875 -190.316360473633 -187.27147648804979
2022.952758789062 -189.772430419922 -187.0059165179707
2022.985595703125 -186.75617980957 -186.3827068961156
2023.019165039062 -183.713485717773 -185.79971292106688
2023.052001953125 -183.598129272461 -185.2064683684021
2023.084838867188 -182.550872802734 -184.93806526109935
2023.11767578125 -184.110931396484 -185.12062257187318
2023.150634765625 -181.840545654297 -185.1213358115875
2023.183471679688 -182.116638183594 -185.40214698303637
2023.21630859375 -176.421813964844 -185.67811681716591
2023.249145507812 -177.270660400391 -185.95932875152963
2023.281982421875 -182.597869873047 -186.2539872039782
2023.314819335938 -185.657821655273 -186.5695185778326
2023.34765625 -185.710372924805 -186.91313497282272
2023.380615234375 -192.831436157227 -187.2926847950884
2023.413452148438 -189.500930786133 -187.7102894486071
2023.4462890625 -198.448852539062 -188.1684184421584
2023.57763671875 -225.999816894531 -190.3487981763741
