2014.804931640625 -0.0 -5.842896579379942
2014.837768554688 -16.310777664185 -6.456036616054416
2014.903442382812 -8.348852157593 -7.677310564026906
2014.96923828125 -10.875962257385 -8.895034343793194
2015.03564453125 17.748394012451 -10.118971376127542
2015.101318359375 -25.226196289062 -11.324575526987235
2015.265625 21.383178710938 -14.319659986112768
2015.331298828125 -35.490871429443 -15.508325744868234
2015.39697265625 -59.163848876953 -16.692442175650548
2016.021850585938 -13.516605377197 -38.938820062452905
2016.1533203125 -48.262741088867 -37.907944566177484
2016.350463867188 -37.209201812744 -36.388174450966915
2016.416137695312 -57.752376556396 -35.90012583333203
2016.547607421875 -30.991865158081 -34.90686580887305
2016.744750976562 -36.817138671875 -33.25040639448611
2016.777587890625 -31.801498413086 -32.98096194867079
2016.810424804688 -39.158721923828 -32.76036599250399
2016.84326171875 -29.976192474365 -32.63152340469708
2016.876098632812 -33.859039306641 -32.49283890766203
2016.908935546875 -31.440544128418 -32.354394500455584
2016.941772460938 -31.825643539429 -32.20746169445922
2016.974731445312 -30.126480102539 -32.013195796394186
2017.005493164062 -30.635927200317 -31.856067086462794
2017.038330078125 -30.845779418945 -31.66224981371411
2017.071166992188 -31.131475448608 -31.496729934445938
2017.10400390625 -31.637718200684 -31.4146793604976
2017.136840820312 -32.816005706787 -31.391894575641427
2017.169799804688 -32.831687927246 -31.42164123681734
2017.20263671875 -31.336513519287 -31.492952113925284
2017.235473632812 -30.537830352783 -31.594423525070024
2017.268310546875 -30.822814941406 -31.734597154587817
2017.301147460938 -32.051364898682 -31.941939316535784
2017.333984375 -26.699283599854 -32.231961018359755
2017.366821289062 -29.168575286865 -32.57743271228728
2017.399780273438 -35.52925491333 -32.91802258007775
2017.4326171875 -33.123420715332 -33.207883411147094
2017.498291015625 -47.704940795898 -33.625903317370586
2017.531127929688 -31.287147521973 -33.78312216353312
2017.56396484375 -39.245403289795 -33.906600174790206
2017.596801757812 -36.584018707275 -33.979547969657624
2017.629760742188 -37.896919250488 -33.971204007122836
2017.66259765625 -36.641834259033 -33.83847061305493
2017.695434570312 -33.902332305908 -33.559786505517366
2017.728271484375 -33.276386260986 -33.10573251613195
2017.761108398438 -31.954521179199 -32.49316296399515
2017.7939453125 -31.154918670654 -31.76878551080869
2017.826782226562 -31.096126556396 -30.98798631798617
2017.859741210938 -30.273887634277 -30.165456088956905
2017.892578125 -29.158302307129 -29.33425072485048
2017.925415039062 -28.781204223633 -28.53250643790538
2017.958251953125 -27.862752914429 -27.772143549897564
2017.991088867188 -26.812274932861 -27.060604968799048
2018.024658203125 -26.148725509644 -26.395388494717114
2018.057495117188 -24.917495727539 -25.817692366074652
2018.09033203125 -24.447088241577 -25.34575337761414
2018.123168945312 -24.087890625 -25.018975560092688
2018.156005859375 -21.358102798462 -24.86247963201635
2018.18896484375 -25.129816055298 -24.88141516309696
2018.221801757812 -22.472108840942 -25.094848319411874
2018.254638671875 -21.517715454102 -25.508543313708227
2018.287475585938 -22.784847259521 -26.11923928344558
2018.3203125 -24.888662338257 -26.90138570089423
2018.353149414062 -23.85259437561 -27.839628733983723
2018.385986328125 -27.505578994751 -28.898078868528295
2018.4189453125 -28.779920578003 -30.034164304958026
2018.451782226562 -31.133983612061 -31.199073872322103
2018.484619140625 -38.2412109375 -32.37129092582924
2018.517456054688 -34.336776733398 -33.54814590357131
2018.55029296875 -39.244007110596 -34.6996202616559
2018.583129882812 -39.477569580078 -35.77004482136525
2018.615966796875 -48.935478210449 -36.72215022938641
2018.64892578125 -37.233737945557 -37.53376651942368
2018.681762695312 -39.818161010742 -38.186074852531945
2018.714599609375 -39.917503356934 -38.66716933887066
2018.747436523438 -40.997951507568 -38.9611605363936
2018.7802734375 -38.399852752686 -39.09102145192733
2018.813110351562 -44.223766326904 -39.070428325508395
2018.845947265625 -39.21452331543 -38.99538922811237
2018.87890625 -39.639713287354 -38.82211228875527
2018.911743164062 -38.968521118164 -38.561866540374105
2018.944580078125 -37.832931518555 -38.29178881090021
2018.977416992188 -38.056392669678 -37.950735192783405
2019.010986328125 -36.459049224854 -37.582828886436374
2019.043823242188 -37.219451904297 -37.19015605842769
2019.109497070312 -36.766784667969 -36.52043473786399
2019.1259765625 -36.320297241211 -36.36334671158001
2019.142333984375 -34.98620223999 -36.25171925113549
2019.175170898438 -36.11775970459 -36.04835595964901
2019.191650390625 -35.165561676025 -35.988087326972
2019.208129882812 -37.533603668213 -35.95746580993561
2019.224487304688 -35.925601959229 -35.917312022123426
2019.240966796875 -34.386280059814 -35.94929667856184
2019.25732421875 -35.652961730957 -36.01943036846812
2019.273803710938 -35.708847045898 -36.06127740791083
2019.290161132812 -35.799209594727 -36.127215431895955
2019.306640625 -35.982540130615 -36.301840457674636
2019.323120117188 -35.093574523926 -36.52078409513861
2019.339477539062 -36.893161773682 -36.78273130581535
2019.35595703125 -36.622436523438 -37.086690781503066
2019.372314453125 -36.463645935059 -37.41613022486642
2019.388793945312 -38.545333862305 -37.77823273857216
2019.405151367188 -37.243144989014 -38.20511075788562
2019.421630859375 -37.199451446533 -38.65067061817982
2019.438110351562 -41.137062072754 -39.13767001720355
2019.454467773438 -40.095001220703 -39.64618537044454
2019.470947265625 -38.566299438477 -40.167212194237536
2019.4873046875 -43.931343078613 -40.664853065103436
2019.503784179688 -37.631523132324 -41.0565587789412
2019.520141601562 -35.958312988281 -41.464241025079204
2019.53662109375 -44.084846496582 -41.84816577079936
2019.569458007812 -47.592910766602 -42.57872661736776
2019.602294921875 -53.270599365234 -43.32931754214908
2019.618774414062 -41.500221252441 -43.702349185659564
2019.635131835938 -47.723659515381 -44.04954719822335
2019.651611328125 -44.745388031006 -44.29970499972048
2019.668090820312 -40.252700805664 -44.58423559119147
2019.71728515625 -45.466800689697 -45.0665479974248
2019.733764648438 -45.353870391846 -45.148126819292976
2019.750122070312 -50.604110717773 -45.084060422992195
2019.7666015625 -47.898399353027 -45.070514117592424
2019.799438476562 -44.199165344238 -44.8687434282755
2019.832275390625 -46.074546813965 -44.67669389204801
2019.865112304688 -44.929214477539 -44.48603264030211
2019.898071289062 -44.541023254395 -44.290755626301646
2019.930908203125 -43.1057472229 -44.090949906800624
2019.963745117188 -41.440299987793 -43.96095848228435
2019.99658203125 -43.2727394104 -43.89485581945671
2020.030151367188 -41.55749130249 -43.73176596854096
2020.06298828125 -43.57592010498 -43.888530808766994
2020.095825195312 -44.180950164795 -44.087262665622795
2020.128662109375 -43.769844055176 -44.405369363960745
2020.161499023438 -43.046966552734 -44.8380231882281
2020.177978515625 -44.598442077637 -45.13783864131228
2020.1943359375 -43.944938659668 -45.361643029226926
2020.227294921875 -44.912693023682 -45.9571461725379
2020.260131835938 -48.007781982422 -46.579495760094666
2020.29296875 -47.907875061035 -47.21388478502636
2020.325805664062 -49.036193847656 -47.871029961713276
2020.358642578125 -47.293762207031 -48.497662033263104
2020.391479492188 -50.667339324951 -49.117544330776326
2020.42431640625 -48.865398406982 -49.72016047319154
2020.457275390625 -50.286399841309 -50.243840277763425
2020.490112304688 -55.245685577393 -50.64993840963869
2020.52294921875 -46.504249572754 -50.97242510986532
2020.555786132812 -49.739170074463 -51.23631942925059
2020.572265625 -67.255264282227 -51.258206078498894
2020.588623046875 -56.220329284668 -51.233820793525034
2020.605102539062 -52.003578186035 -51.3659873359683
2020.621459960938 -60.085735321045 -51.290206085649885
2020.654296875 -54.245956420898 -51.241923683867824
2020.687255859375 -44.513786315918 -51.081920083984166
2020.70361328125 -52.664421081543 -51.027027377119104
2020.720092773438 -50.98558807373 -50.79268853489072
2020.7529296875 -51.559173583984 -50.39534950847711
2020.785766601562 -52.889030456543 -49.902659593905575
2020.818603515625 -47.350185394287 -49.33059111307499
2020.851440429688 -46.672595977783 -48.68364760741405
2020.917236328125 -47.925174713135 -47.3805845203216
2020.950073242188 -47.200012207031 -46.845890626420854
2020.98291015625 -46.754806518555 -46.37882922305295
2021.013671875 -45.252498626709 -45.89419121395252
2021.046508789062 -41.127532958984 -45.54079300810754
2021.079345703125 -44.689033508301 -45.387067868567215
2021.1123046875 -43.014377593994 -45.25263782481974
2021.145141601562 -45.51452255249 -45.195740046349144
2021.177978515625 -44.301448822021 -45.20680775671744
2021.210815429688 -44.694103240967 -45.28974116424197
2021.24365234375 -41.948474884033 -45.34776650345298
2021.276489257812 -46.423107147217 -45.66608354338196
2021.309326171875 -47.88639831543 -46.10231934528667
2021.34228515625 -46.079650878906 -46.641354079395924
2021.358642578125 -46.694538116455 -46.977663919528986
2021.391479492188 -44.223220825195 -47.61431490982708
2021.407958984375 -46.635021209717 -47.902183906386995
2021.440795898438 -46.218330383301 -48.34052190829362
2021.4736328125 -52.854793548584 -48.47313722788962
2021.506469726562 -58.301956176758 -48.38060363004159
2021.539306640625 -55.493511199951 -48.22455355974229
2021.572265625 -59.563144683838 -47.86895676439041
2021.605102539062 -61.516334533691 -47.84761815934749
2021.637939453125 -53.2790184021 -47.812441985334615
2021.670776367188 -41.244667053223 -47.75328088195232
2021.736450195312 -49.089317321777 -47.209571290799204
2021.769287109375 -46.733436584473 -46.9639053236231
2021.80224609375 -45.417232513428 -46.48288752645602
2021.835083007812 -42.856010437012 -45.94820285016215
2021.867919921875 -48.182083129883 -45.375662814855446
2021.966430664062 -41.536376953125 -43.78588171149728
2022.0 -40.592212677002 -43.2786951091408
2022.065673828125 -47.389049530029 -42.26566177137509
2022.098510742188 -41.767444610596 -41.78316953324426
2022.197143554688 -37.484920501709 -40.39241526215563
2022.22998046875 -43.087562561035 -39.9553029116906
2022.262817382812 -31.95991897583 -39.5842477422774
2022.295654296875 -38.630950927734 -39.59394904679174
2022.328491210938 -35.881828308105 -40.39470967488047
2022.394287109375 -55.599040985107 -42.52258631742335
2022.558471679688 -56.450942993164 -43.96184520273424
2022.591430664062 -28.178247451782 -44.188686420994074
2022.68994140625 -76.970687866211 -46.714542042814216
2022.722778320312 -64.195083618164 -49.06556564676692
2022.821411132812 -47.928340911865 -50.19759531099152
2022.854248046875 -51.080837249756 -49.2881282731913
2022.887084960938 -48.263832092285 -48.36600409296225
2022.919921875 -48.580627441406 -47.55888315271412
2022.952758789062 -49.24044418335 -46.77094629655438
2022.985595703125 -44.627479553223 -46.05127144277192
2023.019165039062 -43.449962615967 -45.47379924212016
2023.052001953125 -43.530090332031 -44.88626383309428
2023.084838867188 -42.370109558105 -44.591528858914266
2023.11767578125 -44.053897857666 -44.610266118340654
2023.150634765625 -41.166854858398 -44.45880559444422
2023.183471679688 -41.677284240723 -44.46633291045747
2023.21630859375 -36.196441650391 -44.45513915257317
2023.249145507812 -37.168037414551 -44.44401430666357
2023.281982421875 -41.03356552124 -44.44305354989337
2023.314819335938 -46.338302612305 -44.458373788716514
2023.34765625 -42.632614135742 -44.494528613372765
2023.380615234375 -51.229194641113 -44.55400137016164
2023.413452148438 -49.71711730957 -44.63778143504279
2023.4462890625 -40.974140167236 -44.744299190224304
2023.57763671875 -72.177619934082 -45.32316406670934
