2014.804931640625 -0.0 -8.495374115632545
2014.837768554688 -6.869075775146 -9.324151447855774
2014.903442382812 -7.876782894135 -10.978312568179913
2014.96923828125 -12.077262878418 -12.631116900925592
2015.03564453125 -16.148107528687 -14.295143072300073
2015.101318359375 -16.978406906128 -15.937315023192502
2015.265625 -28.795221328735 -20.031380065877684
2015.331298828125 -31.058948516846 -21.661543942406457
2015.39697265625 -32.442840576172 -23.28776949740908
2016.021850585938 -39.790725708008 -39.8902262636113
2016.1533203125 -42.998706817627 -42.16976228513897
2016.350463867188 -56.153896331787 -44.6062405207889
2016.416137695312 -44.854057312012 -45.38741357135857
2016.547607421875 -52.131500244141 -47.06419650876936
2016.744750976562 -56.015495300293 -49.80535065216104
2016.777587890625 -52.347423553467 -50.17025509976831
2016.810424804688 -50.333282470703 -50.56466224423822
2016.84326171875 -52.352298736572 -50.847510363199305
2016.876098632812 -50.554145812988 -50.79337556935971
2016.908935546875 -50.955860137939 -50.69310321456389
2016.941772460938 -49.760799407959 -50.623454610175415
2016.974731445312 -49.265975952148 -50.5636994400329
2017.005493164062 -49.960052490234 -50.561419645498205
2017.038330078125 -50.569271087646 -50.534575912683444
2017.071166992188 -49.345111846924 -50.5160196185459
2017.10400390625 -50.31921005249 -50.60814619114827
2017.136840820312 -49.70426940918 -50.75569944832017
2017.169799804688 -50.673709869385 -50.94356700835229
2017.20263671875 -50.504058837891 -51.177285225620636
2017.235473632812 -51.469608306885 -51.43549370751827
2017.268310546875 -54.312755584717 -51.69060549134178
2017.301147460938 -51.882865905762 -51.927066913518786
2017.333984375 -51.452831268311 -52.15247066560595
2017.366821289062 -52.673503875732 -52.36822091444563
2017.399780273438 -54.083271026611 -52.5734889810172
2017.4326171875 -56.458427429199 -52.758873724192775
2017.498291015625 -54.000293731689 -53.04606055704106
2017.531127929688 -52.495384216309 -53.15888055657292
2017.56396484375 -53.501098632812 -53.2637559580162
2017.596801757812 -52.712726593018 -53.36883577646465
2017.629760742188 -55.570762634277 -53.47759476242399
2017.66259765625 -52.756858825684 -53.58886306353708
2017.695434570312 -50.490436553955 -53.71634324030783
2017.728271484375 -50.110836029053 -53.88177815027238
2017.761108398438 -53.770565032959 -54.08814342257304
2017.7939453125 -53.818225860596 -54.32281127939707
2017.826782226562 -54.306171417236 -54.58123668956132
2017.859741210938 -54.176387786865 -54.87241692658989
2017.892578125 -54.692684173584 -55.20771109344016
2017.925415039062 -55.367527008057 -55.592212753888646
2017.958251953125 -56.110294342041 -56.01215706545196
2017.991088867188 -56.803600311279 -56.445463270901804
2018.024658203125 -56.829708099365 -56.88653966886954
2018.057495117188 -57.428108215332 -57.320250089434694
2018.09033203125 -58.196350097656 -57.76749128270056
2018.123168945312 -58.198135375977 -58.22760232942388
2018.156005859375 -59.053329467773 -58.69584569058372
2018.18896484375 -59.009284973145 -59.166423407248345
2018.221801757812 -59.659065246582 -59.63293653229048
2018.254638671875 -58.922500610352 -60.10887331255009
2018.287475585938 -59.513347625732 -60.61090330923623
2018.3203125 -60.940891265869 -61.14655765429543
2018.353149414062 -62.185207366943 -61.706941390402356
2018.385986328125 -63.587032318115 -62.28530098233407
2018.4189453125 -60.172576904297 -62.87652292545763
2018.451782226562 -63.442150115967 -63.46618335589794
2018.484619140625 -60.736232757568 -64.04649444447865
2018.517456054688 -63.595142364502 -64.61025189689603
2018.55029296875 -67.000938415527 -65.14691706056787
2018.583129882812 -66.738716125488 -65.64806541205434
2018.615966796875 -67.684288024902 -66.10881610387409
2018.64892578125 -65.876419067383 -66.53062532069696
2018.681762695312 -69.25951385498 -66.91088941014507
2018.714599609375 -67.65030670166 -67.24835336117998
2018.747436523438 -68.408584594727 -67.53867710549535
2018.7802734375 -68.079734802246 -67.78489885588354
2018.813110351562 -68.708389282227 -67.99063877111674
2018.845947265625 -67.453079223633 -68.17453102007433
2018.87890625 -67.867454528809 -68.33548403958733
2018.911743164062 -68.145896911621 -68.50587544499656
2018.944580078125 -68.287002563477 -68.66060973911767
2018.977416992188 -68.810035705566 -68.81468366614772
2019.010986328125 -69.040756225586 -69.00659180100477
2019.043823242188 -69.16845703125 -69.20685420269409
2019.109497070312 -69.522888183594 -69.65011837780018
2019.1259765625 -70.153625488281 -69.76933131812271
2019.142333984375 -70.183883666992 -69.85625826635915
2019.175170898438 -70.036468505859 -70.02325861912311
2019.191650390625 -70.21369934082 -70.06892097574925
2019.208129882812 -71.238571166992 -70.08907433163651
2019.224487304688 -70.144271850586 -70.11344470002756
2019.240966796875 -70.309593200684 -70.07340021216365
2019.25732421875 -70.202667236328 -70.00229766892909
2019.273803710938 -70.540939331055 -69.95134210683153
2019.290161132812 -69.534515380859 -69.87305481249204
2019.306640625 -69.982650756836 -69.72530857584252
2019.323120117188 -69.680480957031 -69.56920668410481
2019.339477539062 -69.725761413574 -69.41691376937543
2019.35595703125 -69.937530517578 -69.26256487110345
2019.372314453125 -73.032577514648 -69.10416104025352
2019.388793945312 -68.725311279297 -68.9351195787955
2019.405151367188 -67.178024291992 -68.76833385167959
2019.421630859375 -68.056091308594 -68.61928296599389
2019.438110351562 -68.553405761719 -68.49388413410738
2019.454467773438 -69.4619140625 -68.40648731776938
2019.470947265625 -67.246086120605 -68.37859977490291
2019.4873046875 -69.33268737793 -68.42245359949625
2019.503784179688 -66.925285339355 -68.61408133504331
2019.520141601562 -66.943336486816 -68.74252821394245
2019.53662109375 -66.324340820312 -68.9267414986769
2019.569458007812 -70.541221618652 -69.4394819382272
2019.602294921875 -68.306419372559 -70.07643507718286
2019.618774414062 -67.967674255371 -70.37222014493868
2019.635131835938 -71.657402038574 -70.67998202300294
2019.651611328125 -72.395217895508 -71.0497801544252
2019.668090820312 -67.350616455078 -71.3916578311715
2019.71728515625 -73.189239501953 -72.49311601168763
2019.733764648438 -72.887161254883 -72.86722082693339
2019.750122070312 -69.444564819336 -73.19803638021634
2019.7666015625 -73.033134460449 -73.5463178948862
2019.799438476562 -74.909080505371 -74.15999364091373
2019.832275390625 -75.29508972168 -74.74823103897432
2019.865112304688 -75.666458129883 -75.28033849111289
2019.898071289062 -76.012657165527 -75.7450872010949
2019.930908203125 -77.030990600586 -76.15169467654613
2019.963745117188 -76.473167419434 -76.49471979494052
2019.99658203125 -77.068572998047 -76.81120353105607
2020.030151367188 -77.825218200684 -77.15605612054314
2020.06298828125 -77.251258850098 -77.38708944516324
2020.095825195312 -77.624740600586 -77.6017469502105
2020.128662109375 -77.573417663574 -77.796161622747
2020.161499023438 -78.651428222656 -77.98622995417037
2020.177978515625 -78.519493103027 -78.08351544108876
2020.1943359375 -77.872901916504 -78.17682221401405
2020.227294921875 -78.624214172363 -78.37491302543715
2020.260131835938 -75.593101501465 -78.5853128326269
2020.29296875 -78.631393432617 -78.79669553142806
2020.325805664062 -78.447784423828 -79.0247067931735
2020.358642578125 -79.044532775879 -79.30677090240663
2020.391479492188 -79.259796142578 -79.61686602923594
2020.42431640625 -81.13793182373 -79.95865476558612
2020.457275390625 -78.101577758789 -80.35940533565643
2020.490112304688 -80.604690551758 -80.80217960865103
2020.52294921875 -80.704429626465 -81.2453027334427
2020.555786132812 -82.000267028809 -81.66014325880607
2020.572265625 -80.349014282227 -81.82929460711688
2020.588623046875 -83.853553771973 -81.9750306314764
2020.605102539062 -82.673072814941 -82.17199297096082
2020.621459960938 -82.737113952637 -82.29188589012203
2020.654296875 -84.586753845215 -82.5535760085599
2020.687255859375 -84.391799926758 -82.74814777640782
2020.70361328125 -83.654609680176 -82.85576862678937
2020.720092773438 -82.942153930664 -82.8614620537076
2020.7529296875 -83.323944091797 -82.91652239708547
2020.785766601562 -83.207626342773 -82.93750431665123
2020.818603515625 -82.474769592285 -82.9469773457958
2020.851440429688 -82.954986572266 -82.95370563174612
2020.917236328125 -82.37907409668 -82.9890136947041
2020.950073242188 -82.222724914551 -83.10167368112013
2020.98291015625 -82.76008605957 -83.24944682437062
2021.013671875 -82.188758850098 -83.33787224538716
2021.046508789062 -83.112785339355 -83.5534221759427
2021.079345703125 -83.756416320801 -83.90536339479843
2021.1123046875 -83.867546081543 -84.27841838413399
2021.145141601562 -84.116905212402 -84.69533629839583
2021.177978515625 -84.453575134277 -85.13854052675283
2021.210815429688 -85.983268737793 -85.59939573483359
2021.24365234375 -86.000190734863 -86.07062035447342
2021.276489257812 -83.671691894531 -86.55865783100774
2021.309326171875 -88.57852935791 -87.0444376256398
2021.34228515625 -89.191421508789 -87.52233952492067
2021.358642578125 -88.081367492676 -87.73251532920355
2021.391479492188 -88.059432983398 -88.17205085218085
2021.407958984375 -88.305534362793 -88.36521493874714
2021.440795898438 -87.682182312012 -88.76693130960436
2021.4736328125 -89.206802368164 -89.12805463957898
2021.506469726562 -91.088500976562 -89.41048568679618
2021.539306640625 -94.073173522949 -89.60634096346853
2021.572265625 -87.867164611816 -89.71383367314755
2021.605102539062 -92.759498596191 -89.88570590488503
2021.637939453125 -90.430213928223 -90.02955451465945
2021.670776367188 -94.515525817871 -90.13435196674217
2021.736450195312 -93.037628173828 -90.15916377197807
2021.769287109375 -86.698043823242 -90.21102470081523
2021.80224609375 -89.736419677734 -90.22190674117633
2021.835083007812 -90.460121154785 -90.26155784139705
2021.867919921875 -93.06534576416 -90.28485879887336
2021.966430664062 -89.694244384766 -90.38535861570145
2022.0 -88.519165039062 -90.42222750859737
2022.065673828125 -89.377502441406 -90.4413259231959
2022.098510742188 -90.557510375977 -90.4403253021957
2022.197143554688 -91.612632751465 -90.3760389611307
2022.22998046875 -91.40599822998 -90.3581360480091
2022.262817382812 -85.724578857422 -90.34153975704773
2022.295654296875 -86.590698242188 -90.31687832231704
2022.328491210938 -92.317840576172 -90.26243532948311
2022.394287109375 -88.498710632324 -90.04225606771662
2022.558471679688 -95.894378662109 -89.38310558709914
2022.591430664062 -89.613342285156 -89.23084135606217
2022.68994140625 -93.942428588867 -88.63975956355348
2022.722778320312 -93.804351806641 -88.47028571142948
2022.821411132812 -89.463157653809 -87.88004895257106
2022.854248046875 -86.614234924316 -87.55116105522104
2022.887084960938 -88.525405883789 -87.15310741487419
2022.919921875 -86.01416015625 -86.7688515670978
2022.952758789062 -86.034156799316 -86.34790642228039
2022.985595703125 -87.934791564941 -85.80095227503365
2023.019165039062 -85.545509338379 -85.19986270809044
2023.052001953125 -84.617370605469 -84.60756123952235
2023.084838867188 -83.795547485352 -83.99365221908685
2023.11767578125 -83.13402557373 -83.31985319984182
2023.150634765625 -82.55558013916 -82.64856741227946
2023.183471679688 -82.188232421875 -81.91335571819216
2023.21630859375 -82.036514282227 -81.12887629983815
2023.249145507812 -82.948616027832 -80.31631702657171
2023.281982421875 -79.582160949707 -79.49273377202435
2023.314819335938 -80.372253417969 -78.6653571814906
2023.34765625 -78.401733398438 -77.83644272805958
2023.380615234375 -78.758087158203 -77.00261491995457
2023.413452148438 -74.975891113281 -76.16859705203697
2023.4462890625 -72.060218811035 -75.32931082676893
2023.57763671875 -69.786376953125 -71.89784320329282
