2014.804931640625 -0.0 7.97647421552218
2014.837768554688 -1.964095592499 7.18065936163917
2014.903442382812 3.98591542244 5.586036381335453
2014.96923828125 2.22988820076 3.984381610970649
2015.03564453125 3.363080978394 2.3641764752773535
2015.101318359375 3.789568662643 0.759200240656571
2015.265625 16.781164169312 -3.2620845032550227
2015.331298828125 -1.342113614082 -4.869927973925508
2015.39697265625 -12.528154373169 -6.476865403433099
2016.021850585938 -21.425500869751 -21.698671954589177
2016.1533203125 -25.312887191772 -25.161754679061712
2016.350463867188 -32.576137542725 -30.251871301051835
2016.416137695312 -47.712879180908 -32.02161047361909
2016.547607421875 -34.15364074707 -35.48419678358855
2016.744750976562 -32.361324310303 -39.95809155822591
2016.777587890625 -37.928009033203 -40.75253993025053
2016.810424804688 -39.38463973999 -41.620477126654116
2016.84326171875 -41.132152557373 -42.81828364589195
2016.876098632812 -44.702163696289 -44.29778899046629
2016.908935546875 -44.778472900391 -45.88122698892614
2016.941772460938 -47.176803588867 -47.46245253161406
2016.974731445312 -49.32633972168 -49.292382257320526
2017.005493164062 -51.056106567383 -51.053544648623934
2017.038330078125 -53.209018707275 -52.937060846865144
2017.071166992188 -55.159564971924 -54.81590495300686
2017.10400390625 -56.953994750977 -56.66620892479389
2017.136840820312 -58.861522674561 -58.50985765860446
2017.169799804688 -61.341167449951 -60.35524998256785
2017.20263671875 -62.093402862549 -62.18510007319554
2017.235473632812 -64.312469482422 -64.00261132457024
2017.268310546875 -63.846305847168 -65.79295931477121
2017.301147460938 -68.001541137695 -67.55431136741562
2017.333984375 -66.514533996582 -69.28278136438934
2017.366821289062 -73.959747314453 -70.97317914447453
2017.399780273438 -74.418792724609 -72.62930507186249
2017.4326171875 -73.791297912598 -74.24908356215687
2017.498291015625 -78.16389465332 -77.38766467977315
2017.531127929688 -81.022064208984 -78.88453660897315
2017.56396484375 -79.767639160156 -80.31054961597049
2017.596801757812 -84.078216552734 -81.64912838947606
2017.629760742188 -83.322212219238 -82.89726861466873
2017.66259765625 -85.015602111816 -84.05060043094906
2017.695434570312 -84.174514770508 -85.13076568370488
2017.728271484375 -88.42911529541 -86.14779755035086
2017.761108398438 -87.942573547363 -87.1044355346659
2017.7939453125 -87.600639343262 -88.01384958711431
2017.826782226562 -88.776565551758 -88.89799022537593
2017.859741210938 -90.125274658203 -89.76671476468779
2017.892578125 -91.226280212402 -90.62244922753314
2017.925415039062 -91.393447875977 -91.47922396604176
2017.958251953125 -91.894958496094 -92.35209678502481
2017.991088867188 -92.314727783203 -93.24705081904563
2018.024658203125 -93.61408996582 -94.19472076693944
2018.057495117188 -95.041839599609 -95.1595061005715
2018.09033203125 -95.83275604248 -96.17653800879977
2018.123168945312 -96.646408081055 -97.24815415026568
2018.156005859375 -97.149040222168 -98.38029342343184
2018.18896484375 -99.411041259766 -99.59239186596724
2018.221801757812 -99.869270324707 -100.88412568195346
2018.254638671875 -102.06502532959 -102.25805146053534
2018.287475585938 -102.48851776123 -103.71093509002539
2018.3203125 -105.259834289551 -105.23435710706796
2018.353149414062 -103.986045837402 -106.81482264514597
2018.385986328125 -109.110137939453 -108.42334274404753
2018.4189453125 -108.08674621582 -110.03879570464817
2018.451782226562 -110.847496032715 -111.62578252118834
2018.484619140625 -115.254699707031 -113.18487111207487
2018.517456054688 -114.793472290039 -114.72007638702541
2018.55029296875 -119.420181274414 -116.2379787220447
2018.583129882812 -119.362091064453 -117.73504823762423
2018.615966796875 -123.000831604004 -119.20462892283552
2018.64892578125 -121.184432983398 -120.64582675535907
2018.681762695312 -121.401580810547 -122.0473624486394
2018.714599609375 -119.394027709961 -123.41128608783981
2018.747436523438 -124.336944580078 -124.73180499402756
2018.7802734375 -126.917655944824 -126.01025206876717
2018.813110351562 -127.21321105957 -127.27382473857128
2018.845947265625 -128.479705810547 -128.52914752043853
2018.87890625 -129.185516357422 -129.82736831805732
2018.911743164062 -129.967468261719 -131.17463383685472
2018.944580078125 -132.688369750977 -132.5324990198989
2018.977416992188 -134.243774414062 -133.88535799903406
2019.010986328125 -136.218658447266 -135.2674027674452
2019.043823242188 -136.14518737793 -136.640450217472
2019.109497070312 -139.434097290039 -139.47641857620758
2019.1259765625 -139.870849609375 -140.1775149618862
2019.142333984375 -141.533737182617 -140.85793481147704
2019.175170898438 -141.908645629883 -142.20353372293044
2019.191650390625 -142.335327148438 -142.88687323817823
2019.208129882812 -142.970031738281 -143.56901407890015
2019.224487304688 -144.484283447266 -144.25485715265478
2019.240966796875 -145.275970458984 -144.92625324293567
2019.25732421875 -146.067138671875 -145.5882276202798
2019.273803710938 -147.016693115234 -146.26274471116923
2019.290161132812 -147.320022583008 -146.9356764158095
2019.306640625 -147.95100402832 -147.60878715383038
2019.323120117188 -148.029556274414 -148.27508534071782
2019.339477539062 -148.061645507812 -148.912635216713
2019.35595703125 -149.501983642578 -149.51738289880976
2019.372314453125 -149.626190185547 -150.08309415934235
2019.388793945312 -151.382614135742 -150.6380204886592
2019.405151367188 -150.930084228516 -151.2025355032808
2019.421630859375 -152.511978149414 -151.79780156588865
2019.438110351562 -153.541580200195 -152.42122664065366
2019.454467773438 -153.574584960938 -153.06956292581054
2019.470947265625 -152.7275390625 -153.7308178372897
2019.4873046875 -152.934417724609 -154.36851821030547
2019.503784179688 -153.200454711914 -154.9549088547433
2019.520141601562 -154.567764282227 -155.53034579766705
2019.53662109375 -158.951629638672 -156.07150447519084
2019.569458007812 -159.731399536133 -156.988322137872
2019.602294921875 -159.109725952148 -157.59981160203665
2019.618774414062 -160.586959838867 -157.94067512352308
2019.635131835938 -158.688934326172 -158.2674967797659
2019.651611328125 -159.831680297852 -158.43333232097027
2019.668090820312 -159.862503051758 -158.69702476086462
2019.71728515625 -158.653915405273 -159.005731687686
2019.733764648438 -158.859817504883 -159.02726364973387
2019.750122070312 -160.516159057617 -158.96537183147228
2019.7666015625 -158.163513183594 -158.9303105109853
2019.799438476562 -158.080703735352 -158.8065359770997
2019.832275390625 -160.915328979492 -158.68488566381225
2019.865112304688 -157.647659301758 -158.58229067332582
2019.898071289062 -158.10270690918 -158.5026442632192
2019.930908203125 -158.259292602539 -158.4597529603364
2019.963745117188 -158.161239624023 -158.47302159139068
2019.99658203125 -158.115432739258 -158.51056318058033
2020.030151367188 -157.898101806641 -158.51451271482378
2020.06298828125 -158.414138793945 -158.62830326889912
2020.095825195312 -158.668441772461 -158.7676357437982
2020.128662109375 -158.715927124023 -158.97257104596903
2020.161499023438 -158.824935913086 -159.25602628691178
2020.177978515625 -159.323577880859 -159.46831924295216
2020.1943359375 -159.147705078125 -159.61064667363914
2020.227294921875 -158.283920288086 -160.0561199471587
2020.260131835938 -161.095077514648 -160.61105097616309
2020.29296875 -160.439010620117 -161.22227692229634
2020.325805664062 -158.37939453125 -161.94451303998895
2020.358642578125 -162.294082641602 -162.83574926568676
2020.391479492188 -162.334350585938 -163.73342633801016
2020.42431640625 -164.805786132812 -164.6297283658972
2020.457275390625 -160.467697143555 -165.56635062632026
2020.490112304688 -166.37760925293 -166.54512424555986
2020.52294921875 -170.711196899414 -167.54515578247606
2020.555786132812 -170.032012939453 -168.56418249872002
2020.572265625 -169.280990600586 -169.03715171773297
2020.588623046875 -168.98063659668 -169.50535367983304
2020.605102539062 -169.907470703125 -170.02452184356275
2020.621459960938 -174.198226928711 -170.4797585670344
2020.654296875 -169.876892089844 -171.4098198124628
2020.687255859375 -172.016479492188 -172.29403912640947
2020.70361328125 -173.639511108398 -172.71837730183458
2020.720092773438 -172.258850097656 -173.1074256453146
2020.7529296875 -173.085052490234 -173.8146082988231
2020.785766601562 -176.592178344727 -174.40610442135022
2020.818603515625 -175.453155517578 -174.9099917789787
2020.851440429688 -177.1875 -175.3377274959524
2020.917236328125 -178.224670410156 -176.02487264699877
2020.950073242188 -178.864547729492 -176.24279489505585
2020.98291015625 -177.611236572266 -176.43896004250527
2021.013671875 -174.772979736328 -176.70712570944937
2021.046508789062 -173.679763793945 -176.83984288762434
2021.079345703125 -171.966445922852 -176.89869088979782
2021.1123046875 -177.371002197266 -176.9292343306685
2021.145141601562 -178.859970092773 -176.9377359675686
2021.177978515625 -176.621932983398 -176.9456651461974
2021.210815429688 -176.705993652344 -176.97650912412448
2021.24365234375 -177.06608581543 -177.04261759597765
2021.276489257812 -175.954864501953 -177.1404472946484
2021.309326171875 -177.078475952148 -177.26175151755749
2021.34228515625 -179.290374755859 -177.42540497535927
2021.358642578125 -179.736923217773 -177.5595435217864
2021.391479492188 -175.961853027344 -177.77353950198582
2021.407958984375 -174.706619262695 -177.91947679106457
2021.440795898438 -172.996124267578 -178.15034930161139
2021.4736328125 -173.839859008789 -178.3966254958512
2021.506469726562 -181.790863037109 -178.6513020575035
2021.539306640625 -177.898452758789 -178.90512704675834
2021.572265625 -179.378036499023 -179.18145504004931
2021.605102539062 -180.128570556641 -179.45973384097834
2021.637939453125 -179.19596862793 -179.75967002922096
2021.670776367188 -181.909927368164 -180.08739652677477
2021.736450195312 -179.945098876953 -180.81141593586884
2021.769287109375 -181.449234008789 -181.17189386853744
2021.80224609375 -176.488494873047 -181.52261177221865
2021.835083007812 -177.470352172852 -181.85982826461776
2021.867919921875 -183.401382446289 -182.23045107711806
2021.966430664062 -183.075805664062 -183.3626671079169
2022.0 -187.887557983398 -183.77285328397596
2022.065673828125 -176.581207275391 -184.54305316345855
2022.098510742188 -178.983749389648 -184.89644025534758
2022.197143554688 -184.583862304688 -185.81091687636237
2022.22998046875 -188.552688598633 -186.11360915407118
2022.262817382812 -187.082748413086 -186.40744915603622
2022.295654296875 -186.481063842773 -186.67384682351062
2022.328491210938 -191.762985229492 -186.88604777482914
2022.394287109375 -191.106903076172 -187.10730712052683
2022.558471679688 -186.4912109375 -186.97199521678272
2022.591430664062 -189.775405883789 -186.99780926703878
2022.68994140625 -191.356658935547 -187.0292943508418
2022.722778320312 -189.288269042969 -186.91622331736065
2022.821411132812 -184.441177368164 -186.43036293500285
2022.854248046875 -184.381225585938 -186.31313114104327
2022.887084960938 -184.0419921875 -186.2324707401389
2022.919921875 -183.775985717773 -186.0776092246056
2022.952758789062 -182.774154663086 -185.90762071808635
2022.985595703125 -188.737808227539 -186.01587936611944
2023.019165039062 -186.546737670898 -186.3119173694278
2023.052001953125 -186.948486328125 -186.57614398394813
2023.084838867188 -185.190994262695 -187.18703850707197
2023.11767578125 -185.087341308594 -188.09130479455752
2023.150634765625 -185.517822265625 -188.89414784730064
2023.183471679688 -187.786499023438 -189.8568810049016
2023.21630859375 -188.478805541992 -190.81906697163288
2023.249145507812 -184.849334716797 -191.78625414564212
2023.281982421875 -191.959381103516 -192.7625987122674
2023.314819335938 -192.619094848633 -193.75091596855953
2023.34765625 -192.556991577148 -194.7536803464501
2023.380615234375 -198.752731323242 -195.77732788702042
2023.413452148438 -197.821868896484 -196.81678152577297
2023.4462890625 -200.892913818359 -197.8765731284589
2023.57763671875 -224.549743652344 -202.29069837902694
