2014.804931640625 0.0 2.796224707544013
2014.837768554688 0.555617034435 1.8549544432279266
2014.903442382812 -0.937617480755 -0.03168800290994813
2014.96923828125 0.378645271063 -1.9268576654876681
2015.03564453125 -5.99994802475 -3.844030664016714
2015.101318359375 8.598372459412 -5.744151199662047
2015.265625 -9.449579238892 -10.513222836364262
2015.331298828125 -1.364533305168 -12.424216652611765
2015.39697265625 12.853245735168 -14.337507828129068
2016.021850585938 -34.107475280762 -32.702548743186036
2016.1533203125 -38.366279602051 -37.14729241925162
2016.350463867188 -36.644653320312 -43.69352781913121
2016.416137695312 -23.836898803711 -45.534205276967405
2016.547607421875 -48.021701812744 -49.42903015632768
2016.744750976562 -66.201583862305 -54.71494408418343
2016.777587890625 -61.875537872314 -55.377324241799386
2016.810424804688 -57.815612792969 -56.04781183494862
2016.84326171875 -58.607917785645 -56.728396401160396
2016.876098632812 -58.400897979736 -57.24357127031952
2016.908935546875 -59.525245666504 -57.63638347124866
2016.941772460938 -58.45129776001 -58.06203821759787
2016.974731445312 -57.675472259521 -58.13552602330118
2017.005493164062 -58.39786529541 -58.13285757201262
2017.038330078125 -58.392036437988 -58.1315027531963
2017.071166992188 -56.193260192871 -58.137327401829296
2017.10400390625 -57.583400726318 -58.277112512562915
2017.136840820312 -56.989166259766 -58.534373837938276
2017.169799804688 -57.189117431641 -58.88133121787406
2017.20263671875 -58.21346282959 -59.35708628495316
2017.235473632812 -57.957962036133 -59.994894569307306
2017.268310546875 -59.384613037109 -60.804470891233535
2017.301147460938 -60.80354309082 -61.77143208911344
2017.333984375 -59.776306152344 -62.87703745060158
2017.366821289062 -62.592708587646 -64.09295277841211
2017.399780273438 -63.610569000244 -65.38255277702193
2017.4326171875 -68.301620483398 -66.70486769200751
2017.498291015625 -68.304252624512 -69.44600970464973
2017.531127929688 -71.439323425293 -70.8444073186896
2017.56396484375 -73.876274108887 -72.24644839902656
2017.596801757812 -75.333740234375 -73.62963077911608
2017.629760742188 -76.473304748535 -74.97433561505727
2017.66259765625 -76.892723083496 -76.24457513458357
2017.695434570312 -76.686988830566 -77.43653054595264
2017.728271484375 -77.559471130371 -78.54757145575384
2017.761108398438 -80.665168762207 -79.59341933752798
2017.7939453125 -81.625053405762 -80.59452522527097
2017.826782226562 -81.501838684082 -81.55579277560439
2017.859741210938 -83.861434936523 -82.4774569830304
2017.892578125 -83.021530151367 -83.3610763799648
2017.925415039062 -84.287628173828 -84.21870554085463
2017.958251953125 -85.05086517334 -85.04962877873626
2017.991088867188 -86.313163757324 -85.85259850719927
2018.024658203125 -86.805084228516 -86.64302068778267
2018.057495117188 -87.985374450684 -87.39415667537875
2018.09033203125 -88.578796386719 -88.15381028164084
2018.123168945312 -89.180244445801 -88.94951400857319
2018.156005859375 -88.393218994141 -89.78986164929563
2018.18896484375 -90.317169189453 -90.67177336191098
2018.221801757812 -90.881851196289 -91.59645396785174
2018.254638671875 -91.193328857422 -92.58394240571403
2018.287475585938 -92.994354248047 -93.64884861688034
2018.3203125 -93.338287353516 -94.7878872172261
2018.353149414062 -92.633941650391 -96.00305732915027
2018.385986328125 -99.827087402344 -97.30403070881574
2018.4189453125 -97.67847442627 -98.68675615369965
2018.451782226562 -99.170486450195 -100.10920578004767
2018.484619140625 -107.126762390137 -101.55274343351876
2018.517456054688 -101.703277587891 -103.00274446433473
2018.55029296875 -104.286270141602 -104.44199049218045
2018.583129882812 -106.416160583496 -105.83933470799145
2018.615966796875 -111.334053039551 -107.17035338112082
2018.64892578125 -113.153984069824 -108.42829237219176
2018.681762695312 -113.451614379883 -109.6032266271965
2018.714599609375 -110.243240356445 -110.70780791682422
2018.747436523438 -112.846504211426 -111.73531776858567
2018.7802734375 -115.588363647461 -112.67622132504857
2018.813110351562 -115.821327209473 -113.50216560584813
2018.845947265625 -115.87784576416 -114.3023825798153
2018.87890625 -114.405632019043 -114.88718338866114
2018.911743164062 -114.931297302246 -115.31771753280798
2018.944580078125 -115.671447753906 -115.73553647343944
2018.977416992188 -115.870048522949 -116.11488547598196
2019.010986328125 -115.856605529785 -116.43307983727905
2019.043823242188 -116.823379516602 -116.71547350933731
2019.109497070312 -117.724502563477 -117.41545216024419
2019.1259765625 -117.817321777344 -117.61070151281318
2019.142333984375 -118.089744567871 -117.79096226433337
2019.175170898438 -118.552360534668 -118.15897353960216
2019.191650390625 -118.705322265625 -118.33011729201715
2019.208129882812 -117.318885803223 -118.49309709781832
2019.224487304688 -118.527397155762 -118.64601285262115
2019.240966796875 -119.134208679199 -118.79543820442919
2019.25732421875 -118.524871826172 -118.94869291716273
2019.273803710938 -118.988815307617 -119.09507466447822
2019.290161132812 -119.106079101562 -119.24548434447235
2019.306640625 -120.137542724609 -119.43762772036467
2019.323120117188 -119.487854003906 -119.65565175132143
2019.339477539062 -119.412170410156 -119.89059181838536
2019.35595703125 -119.067794799805 -120.14522314646499
2019.372314453125 -123.394104003906 -120.40903639555428
2019.388793945312 -119.985870361328 -120.69271756691121
2019.405151367188 -118.723045349121 -121.04752175789285
2019.421630859375 -121.047103881836 -121.4006194865152
2019.438110351562 -122.087867736816 -121.78912970324313
2019.454467773438 -125.664337158203 -122.20399149701434
2019.470947265625 -117.618530273438 -122.65302195214025
2019.4873046875 -121.243408203125 -123.12908753006283
2019.503784179688 -123.758995056152 -123.65611891535102
2019.520141601562 -121.077102661133 -124.1475084960574
2019.53662109375 -125.394546508789 -124.66426792000169
2019.569458007812 -128.915908813477 -125.76009672408777
2019.602294921875 -126.279067993164 -126.87622420665066
2019.618774414062 -124.485771179199 -127.42374078305608
2019.635131835938 -129.087493896484 -127.97092596998439
2019.651611328125 -132.032196044922 -128.51843913056436
2019.668090820312 -125.598175048828 -129.06828132958736
2019.71728515625 -133.056259155273 -130.57514444098211
2019.733764648438 -130.998809814453 -131.05162215001928
2019.750122070312 -131.861740112305 -131.45896791930076
2019.7666015625 -131.654312133789 -131.89497969124602
2019.799438476562 -132.905990600586 -132.65776640534992
2019.832275390625 -136.791976928711 -133.38295521050043
2019.865112304688 -133.914749145508 -134.0283091791711
2019.898071289062 -134.592163085938 -134.58066076941827
2019.930908203125 -135.862945556641 -135.0425800203119
2019.963745117188 -136.28971862793 -135.4093012416914
2019.99658203125 -136.198669433594 -135.73312427397448
2020.030151367188 -136.833374023438 -136.1183006257626
2020.06298828125 -136.103332519531 -136.33441603997906
2020.095825195312 -136.429931640625 -136.54360873037467
2020.128662109375 -137.218109130859 -136.74382362933397
2020.161499023438 -137.446960449219 -136.96870741754904
2020.177978515625 -136.952026367188 -137.14994442710983
2020.1943359375 -137.170181274414 -137.26422178769727
2020.227294921875 -136.381423950195 -137.6866713100092
2020.260131835938 -134.774505615234 -138.2524420272472
2020.29296875 -137.966339111328 -138.83531614259573
2020.325805664062 -136.031097412109 -139.51636913785669
2020.358642578125 -140.239181518555 -140.42215461430607
2020.391479492188 -136.875274658203 -141.37190410310376
2020.42431640625 -140.371246337891 -142.37689133092493
2020.457275390625 -142.676986694336 -143.52906354708784
2020.490112304688 -145.001007080078 -144.84538567756607
2020.52294921875 -147.060546875 -146.2321397111129
2020.555786132812 -148.355407714844 -147.63017913786982
2020.572265625 -147.371337890625 -148.28908351431977
2020.588623046875 -153.140884399414 -148.90980159345852
2020.605102539062 -150.286636352539 -149.5981370204449
2020.621459960938 -150.068450927734 -150.17287321505898
2020.654296875 -152.306991577148 -151.33501711564583
2020.687255859375 -153.880615234375 -152.35926569217912
2020.70361328125 -155.512893676758 -152.881241171385
2020.720092773438 -153.807342529297 -153.192654037551
2020.7529296875 -154.43669128418 -153.86570988560243
2020.785766601562 -155.579940795898 -154.4222595454316
2020.818603515625 -155.257705688477 -154.90058116689272
2020.851440429688 -156.959197998047 -155.3104872929141
2020.917236328125 -156.932159423828 -155.91392242216446
2020.950073242188 -155.674118041992 -156.12337775850554
2020.98291015625 -156.227249145508 -156.32934717142024
2021.013671875 -156.083160400391 -156.5219149647502
2021.046508789062 -156.645889282227 -156.7252933053758
2021.079345703125 -156.865112304688 -157.00690083474032
2021.1123046875 -156.045959472656 -157.34371422610357
2021.145141601562 -157.316543579102 -157.75194641434766
2021.177978515625 -157.243362426758 -158.22246026261809
2021.210815429688 -158.216873168945 -158.73739499900321
2021.24365234375 -158.238250732422 -159.21381773447933
2021.276489257812 -155.564163208008 -159.80978188624925
2021.309326171875 -160.88948059082 -160.42727604053755
2021.34228515625 -157.540740966797 -161.06994347509453
2021.358642578125 -163.238830566406 -161.40148660761142
2021.391479492188 -162.7451171875 -162.0840934216554
2021.407958984375 -163.956558227539 -162.4376886089635
2021.440795898438 -160.58967590332 -163.15201055509561
2021.4736328125 -165.12629699707 -163.86327184477378
2021.506469726562 -172.319458007812 -164.49904032508692
2021.539306640625 -164.414749145508 -164.91412714414213
2021.572265625 -164.903518676758 -164.8798224913199
2021.605102539062 -166.982070922852 -165.0434509022289
2021.637939453125 -168.286056518555 -165.17416595277754
2021.670776367188 -170.241073608398 -165.28450384950946
2021.736450195312 -171.50016784668 -165.2232274687044
2021.769287109375 -159.678863525391 -165.16361017233382
2021.80224609375 -167.399551391602 -164.98112617705505
2021.835083007812 -163.491577148438 -164.7785871526311
2021.867919921875 -165.162078857422 -164.4279173453515
2021.966430664062 -164.637908935547 -163.42599982634877
2022.0 -155.372985839844 -163.07053217960168
2022.065673828125 -161.552536010742 -162.40137417335055
2022.098510742188 -153.54801940918 -162.09535440897463
2022.197143554688 -160.428237915039 -161.33561113971408
2022.22998046875 -158.756805419922 -161.15517082051377
2022.262817382812 -159.834289550781 -161.02480895431196
2022.295654296875 -158.427383422852 -160.94927685372403
2022.328491210938 -161.258544921875 -160.93277509357574
2022.394287109375 -160.498748779297 -160.98745384514982
2022.558471679688 -163.385635375977 -161.32605282163345
2022.591430664062 -169.637908935547 -161.4742783380554
2022.68994140625 -153.782165527344 -162.01285367970894
2022.722778320312 -162.341262817383 -162.16641745445978
2022.821411132812 -162.018951416016 -162.42242007403289
2022.854248046875 -162.536590576172 -162.51707986708658
2022.887084960938 -161.904205322266 -162.6442974447323
2022.919921875 -160.402053833008 -162.75488165399977
2022.952758789062 -163.068939208984 -162.91552795602186
2022.985595703125 -163.091461181641 -163.14488253597955
2023.019165039062 -163.502319335938 -163.37367178269255
2023.052001953125 -162.810653686523 -163.60010057195123
2023.084838867188 -163.9736328125 -163.81636165842602
2023.11767578125 -165.165710449219 -164.00235173961465
2023.150634765625 -166.629928588867 -164.20739793710408
2023.183471679688 -164.145492553711 -164.38523966186622
2023.21630859375 -165.578338623047 -164.56088085411827
2023.249145507812 -165.477325439453 -164.73285576481643
2023.281982421875 -163.612579345703 -164.89943771086462
2023.314819335938 -164.774185180664 -165.05900116140944
2023.34765625 -165.900436401367 -165.2109860928914
2023.380615234375 -163.720138549805 -165.3557700114539
2023.413452148438 -175.816848754883 -165.4920616673403
2023.4462890625 -154.708084106445 -165.6211926690874
2023.57763671875 -155.536590576172 -166.082707362667
