2014.804931640625 0.0 6.83371285360815
2014.837768554688 0.107844248414 6.224834910846421
2014.903442382812 6.139383792877 5.009421954726082
2014.96923828125 3.302248239517 3.795148446727525
2015.03564453125 28.725238800049 2.57302073433332
2015.101318359375 -4.414248943329 1.367745460695244
2015.265625 36.582183837891 -1.6326856057810621
2015.331298828125 -12.090876579285 -2.8259144704391583
2015.39697265625 -19.274866104126 -4.01603374965561
2016.021850585938 2.366348981857 -20.225806727890358
2016.1533203125 -20.268980026245 -20.68200253231022
2016.350463867188 -21.0816822052 -20.912721614073426
2016.416137695312 -47.458351135254 -20.95257238518113
2016.547607421875 -21.171726226807 -21.04666763592752
2016.744750976562 -24.897050857544 -21.153048824125108
2016.777587890625 -19.895820617676 -21.143724181035527
2016.810424804688 -30.827260971069 -21.129848402106518
2016.84326171875 -21.063766479492 -21.10100467344358
2016.876098632812 -21.899250030518 -21.06743787340028
2016.908935546875 -20.259609222412 -21.056880016433702
2016.941772460938 -20.432899475098 -21.049835849839283
2016.974731445312 -20.122446060181 -21.065621890359974
2017.005493164062 -20.371164321899 -21.16444401631908
2017.038330078125 -20.357664108276 -21.247427550017733
2017.071166992188 -20.921266555786 -21.37495355418485
2017.10400390625 -21.221031188965 -21.72217772470738
2017.136840820312 -20.456455230713 -22.201920879626346
2017.169799804688 -23.646379470825 -22.748549145697044
2017.20263671875 -22.49592590332 -23.372580279918115
2017.235473632812 -21.45059967041 -24.11387112156619
2017.268310546875 -19.026109695435 -25.001350436105383
2017.301147460938 -24.878137588501 -26.024859354705594
2017.333984375 -21.619876861572 -27.129497797378484
2017.366821289062 -28.638307571411 -28.258374556012196
2017.399780273438 -30.122287750244 -29.380922700227305
2017.4326171875 -26.013620376587 -30.462289471168415
2017.498291015625 -43.322090148926 -32.37342496451956
2017.531127929688 -35.535228729248 -33.186478433854475
2017.56396484375 -37.002979278564 -33.881911140836465
2017.596801757812 -38.115779876709 -34.45835505212229
2017.629760742188 -36.912403106689 -34.9348876576884
2017.66259765625 -39.099761962891 -35.237076740759626
2017.695434570312 -38.028163909912 -35.303008074323245
2017.728271484375 -37.765167236328 -35.02118229597155
2017.761108398438 -34.246894836426 -34.450142389090956
2017.7939453125 -33.392097473145 -33.73885001615498
2017.826782226562 -33.648860931396 -32.96460108846558
2017.859741210938 -32.272647857666 -32.13201993975287
2017.892578125 -30.829067230225 -31.248512075613682
2017.925415039062 -29.917644500732 -30.34308442249269
2017.958251953125 -29.469263076782 -29.441389782424064
2017.991088867188 -28.288227081299 -28.569811340661555
2018.024658203125 -27.222925186157 -27.749982892419727
2018.057495117188 -26.302200317383 -27.040731686743925
2018.09033203125 -26.182079315186 -26.4822761779998
2018.123168945312 -25.331830978394 -26.17150448712987
2018.156005859375 -23.027286529541 -26.147709204657055
2018.18896484375 -25.182760238647 -26.359698791120838
2018.221801757812 -22.320169448853 -26.736623535834173
2018.254638671875 -21.866645812988 -27.22952825137966
2018.287475585938 -23.105834960938 -27.80640291354021
2018.3203125 -25.835823059082 -28.449677526874357
2018.353149414062 -23.151138305664 -29.183279161516136
2018.385986328125 -27.361892700195 -30.043450643625075
2018.4189453125 -31.003871917725 -31.05777472298635
2018.451782226562 -33.003982543945 -32.20260718761272
2018.484619140625 -34.459419250488 -33.409487549139754
2018.517456054688 -36.384410858154 -34.59663424355117
2018.55029296875 -37.089420318604 -35.718476233783164
2018.583129882812 -36.7502784729 -36.74584399679996
2018.615966796875 -50.581882476807 -37.668334440167335
2018.64892578125 -45.011516571045 -38.47942883728071
2018.681762695312 -41.757743835449 -39.17911369553641
2018.714599609375 -41.709159851074 -39.78358343693504
2018.747436523438 -41.979141235352 -40.28840643821152
2018.7802734375 -40.23193359375 -40.70549369012483
2018.813110351562 -42.080410003662 -40.98609191624344
2018.845947265625 -42.415924072266 -41.19162938548272
2018.87890625 -42.471759796143 -41.15953915089368
2018.911743164062 -41.414623260498 -40.94394541472217
2018.944580078125 -40.38597869873 -40.72446272828448
2018.977416992188 -41.192176818848 -40.48832237184766
2019.010986328125 -39.582408905029 -40.17854098799218
2019.043823242188 -39.634941101074 -39.83259667205513
2019.109497070312 -39.093864440918 -39.02398540003496
2019.1259765625 -38.800247192383 -38.83542518568233
2019.142333984375 -39.151523590088 -38.650355271087975
2019.175170898438 -38.737400054932 -38.28801900721382
2019.191650390625 -37.296371459961 -38.119672406624844
2019.208129882812 -39.189678192139 -37.96929886172657
2019.224487304688 -37.565223693848 -37.809491214680826
2019.240966796875 -36.658279418945 -37.70085253903205
2019.25732421875 -37.187732696533 -37.637097122156035
2019.273803710938 -36.513721466064 -37.52535532879254
2019.290161132812 -36.351863861084 -37.4317013645385
2019.306640625 -37.340911865234 -37.50483628927213
2019.323120117188 -36.688735961914 -37.648421065493466
2019.339477539062 -37.462219238281 -37.84773955609286
2019.35595703125 -37.955142974854 -38.102354713016354
2019.372314453125 -35.697036743164 -38.404216345459155
2019.388793945312 -39.064880371094 -38.76318595476944
2019.405151367188 -38.044239044189 -39.21540212636298
2019.421630859375 -39.844745635986 -39.655262589106954
2019.438110351562 -40.904182434082 -40.13493967521545
2019.454467773438 -40.829181671143 -40.652372575028096
2019.470947265625 -40.341777801514 -41.21835517142848
2019.4873046875 -43.222717285156 -41.81939426371359
2019.503784179688 -37.297145843506 -42.453540268814585
2019.520141601562 -38.275997161865 -43.04518700123397
2019.53662109375 -45.079467773438 -43.62211287695624
2019.569458007812 -43.881008148193 -44.68112291528704
2019.602294921875 -51.002689361572 -45.66390083500329
2019.618774414062 -46.020938873291 -46.17228199937113
2019.635131835938 -48.599849700928 -46.673130821378614
2019.651611328125 -49.878044128418 -47.11185077024536
2019.668090820312 -43.373584747314 -47.581288016449946
2019.71728515625 -48.499900817871 -48.65961778801655
2019.733764648438 -48.78218460083 -48.947852019931304
2019.750122070312 -50.7165184021 -49.093304189846215
2019.7666015625 -51.678142547607 -49.290707067189445
2019.799438476562 -49.705673217773 -49.49445964932216
2019.832275390625 -51.349002838135 -49.679732500477115
2019.865112304688 -50.158012390137 -49.804429012895454
2019.898071289062 -50.234870910645 -49.89099584364838
2019.930908203125 -49.923683166504 -49.93671757906949
2019.963745117188 -48.631298065186 -49.956078474619034
2019.99658203125 -49.728675842285 -49.97865370607335
2020.030151367188 -48.868141174316 -49.96318663100086
2020.06298828125 -50.343837738037 -50.03234459577317
2020.095825195312 -50.378871917725 -50.113200532047934
2020.128662109375 -50.310729980469 -50.22426754836346
2020.161499023438 -49.628803253174 -50.35457073531783
2020.177978515625 -50.395740509033 -50.412331609376906
2020.1943359375 -49.595886230469 -50.48123704305565
2020.227294921875 -50.787342071533 -50.584417771189216
2020.260131835938 -51.55590057373 -50.65690291833076
2020.29296875 -51.53396987915 -50.7325306230255
2020.325805664062 -52.535533905029 -50.81093472932929
2020.358642578125 -50.503398895264 -50.98794533983141
2020.391479492188 -50.669925689697 -51.30042757627238
2020.42431640625 -51.024780273438 -51.67563575365276
2020.457275390625 -49.775325775146 -52.046856776481974
2020.490112304688 -49.223484039307 -52.407990771215
2020.52294921875 -50.34631729126 -52.792768880737455
2020.555786132812 -52.340167999268 -53.23820431782726
2020.572265625 -58.390293121338 -53.485858197270844
2020.588623046875 -58.873985290527 -53.689243278640696
2020.605102539062 -56.639980316162 -53.9319686121382
2020.621459960938 -58.012264251709 -54.10242305149507
2020.654296875 -54.639148712158 -54.48125255070016
2020.687255859375 -50.928791046143 -54.77349173327684
2020.70361328125 -54.366241455078 -54.95964506334278
2020.720092773438 -57.026599884033 -54.912930615227054
2020.7529296875 -59.509700775146 -54.91488771684091
2020.785766601562 -58.612884521484 -54.79055622124418
2020.818603515625 -54.277618408203 -54.561517672311986
2020.851440429688 -53.790657043457 -54.25594960117685
2020.917236328125 -54.200721740723 -53.56878093573805
2020.950073242188 -53.558208465576 -53.20983438892221
2020.98291015625 -53.09203338623 -52.87846748947372
2021.013671875 -52.150936126709 -52.53845005791699
2021.046508789062 -48.863380432129 -52.25351059410027
2021.079345703125 -51.454330444336 -52.15368862621965
2021.1123046875 -50.929676055908 -52.100019757785645
2021.145141601562 -51.712776184082 -52.12754157863529
2021.177978515625 -50.240592956543 -52.22201151924032
2021.210815429688 -51.799587249756 -52.37226741164427
2021.24365234375 -50.089828491211 -52.47930293237308
2021.276489257812 -52.12516784668 -52.806166579948574
2021.309326171875 -54.949501037598 -53.21199738981176
2021.34228515625 -51.82430267334 -53.6789209540015
2021.358642578125 -56.062683105469 -53.92101518029328
2021.391479492188 -55.249034881592 -54.387491864358886
2021.407958984375 -53.80855178833 -54.55755733756919
2021.440795898438 -53.79976272583 -54.836097236860226
2021.4736328125 -56.660385131836 -54.93064962698294
2021.506469726562 -64.367988586426 -54.890957575720826
2021.539306640625 -64.077812194824 -54.776805788319045
2021.572265625 -66.892204284668 -54.42319388007917
2021.605102539062 -66.618782043457 -54.28162059971171
2021.637939453125 -57.681812286377 -54.077008637651815
2021.670776367188 -56.580463409424 -53.798300605286016
2021.736450195312 -53.883399963379 -52.820117205442756
2021.769287109375 -53.00708770752 -52.36580912450783
2021.80224609375 -51.8854637146 -51.6750585008762
2021.835083007812 -46.969802856445 -50.92800989938415
2021.867919921875 -52.289756774902 -50.052813725312454
2021.966430664062 -44.487274169922 -47.3153867475102
2022.0 -45.444129943848 -46.36948334776828
2022.065673828125 -49.050354003906 -44.53908024613962
2022.098510742188 -44.626644134521 -43.78752466658172
2022.197143554688 -34.023471832275 -42.34445274657574
2022.22998046875 -40.272117614746 -42.02917182925152
2022.262817382812 -33.016654968262 -41.711423667368095
2022.295654296875 -34.895977020264 -41.33901224475233
2022.328491210938 -32.887683868408 -40.87000872653529
2022.394287109375 -48.759792327881 -39.71854549573866
2022.558471679688 -40.229469299316 -36.975534309089234
2022.591430664062 -23.933603286743 -36.68496046425888
2022.68994140625 -37.388252258301 -36.23289357572761
2022.722778320312 -44.260158538818 -35.6172274922433
2022.821411132812 -32.016021728516 -33.38338791645826
2022.854248046875 -28.974048614502 -32.63424083860722
2022.887084960938 -31.624807357788 -31.890936149419126
2022.919921875 -33.591259002686 -31.150019269107787
2022.952758789062 -30.290855407715 -30.43037274504263
2022.985595703125 -34.083034515381 -29.792413100736326
2023.019165039062 -28.177961349487 -29.200953292893903
2023.052001953125 -27.982908248901 -28.63559980169387
2023.084838867188 -26.786859512329 -28.158157128696168
2023.11767578125 -27.899467468262 -27.778548997340494
2023.150634765625 -26.283599853516 -27.38297894489753
2023.183471679688 -26.35604095459 -27.075331407092506
2023.21630859375 -24.533782958984 -26.777352943252858
2023.249145507812 -22.892293930054 -26.48569523548798
2023.281982421875 -25.942880630493 -26.200908884954416
2023.314819335938 -27.512968063354 -25.924865236005704
2023.34765625 -25.200067520142 -25.65928595884332
2023.380615234375 -33.666595458984 -25.403946544382134
2023.413452148438 -22.39959526062 -25.161401972434682
2023.4462890625 -28.084703445435 -24.9314858762344
2023.57763671875 -46.464023590088 -24.133416421110113
