2014.804931640625 0.0 9.585607788256539
2014.837768554688 6.95977306366 8.265424612112069
2014.903442382812 7.200138092041 5.624567387246938
2014.96923828125 2.309708595276 2.9783593807245325
2015.03564453125 1.317159414291 0.30725634477583924
2015.101318359375 -5.56415605545 -2.334587337671679
2015.265625 3.539888381958 -8.944984322881401
2015.331298828125 -8.097006797791 -11.587554771385076
2015.39697265625 -14.226780891418 -14.23037730528977
2016.021850585938 -39.11344909668 -39.39545632125066
2016.1533203125 -45.159164428711 -44.67873154207608
2016.350463867188 -50.195045471191 -52.612706621532155
2016.416137695312 -71.388679504395 -55.27455518669018
2016.547607421875 -63.353450775146 -60.544765902557515
2016.744750976562 -66.689476013184 -67.95671002494191
2016.777587890625 -69.022735595703 -69.39432602732063
2016.810424804688 -65.708908081055 -70.82308387311802
2016.84326171875 -70.429611206055 -72.26672746101991
2016.876098632812 -73.109893798828 -73.80948511986102
2016.908935546875 -74.620964050293 -75.4091515490085
2016.941772460938 -77.285568237305 -77.00104551631539
2016.974731445312 -78.699882507324 -78.6915703664463
2017.005493164062 -80.511344909668 -80.2667477354032
2017.038330078125 -82.183151245117 -81.95518705960585
2017.071166992188 -84.191497802734 -83.6414547635762
2017.10400390625 -85.489013671875 -85.2300725207958
2017.136840820312 -87.646774291992 -86.73542450473478
2017.169799804688 -91.029006958008 -88.1851170494389
2017.20263671875 -90.366111755371 -89.54253603289301
2017.235473632812 -92.101951599121 -90.79659498051728
2017.268310546875 -93.113487243652 -91.95057053558473
2017.301147460938 -94.821922302246 -93.02034957745374
2017.333984375 -93.855224609375 -94.01393022984097
2017.366821289062 -96.714263916016 -94.9199051340488
2017.399780273438 -97.608901977539 -95.73887154610863
2017.4326171875 -96.272216796875 -96.50053150438137
2017.498291015625 -98.445373535156 -98.06140251211632
2017.531127929688 -98.407814025879 -98.89705881253433
2017.56396484375 -98.002098083496 -99.75767911025255
2017.596801757812 -98.827980041504 -100.64686597544382
2017.629760742188 -97.428695678711 -101.58090121501579
2017.66259765625 -100.016914367676 -102.56984524295389
2017.695434570312 -101.907173156738 -103.62482295727659
2017.728271484375 -104.556007385254 -104.75775975362788
2017.761108398438 -105.746520996094 -105.96831165964151
2017.7939453125 -106.410507202148 -107.253466363805
2017.826782226562 -108.57527923584 -108.60948190430537
2017.859741210938 -109.483238220215 -110.04899726548422
2017.892578125 -111.665199279785 -111.53439975512558
2017.925415039062 -113.618064880371 -113.03198907226817
2017.958251953125 -114.416793823242 -114.52856008259087
2017.991088867188 -116.156608581543 -116.01768941336654
2018.024658203125 -117.699203491211 -117.53040677575393
2018.057495117188 -119.296478271484 -119.00161001549382
2018.09033203125 -120.563903808594 -120.46087252872663
2018.123168945312 -121.966842651367 -121.89596889916956
2018.156005859375 -123.077293395996 -123.30051032234267
2018.18896484375 -125.131141662598 -124.68406988857248
2018.221801757812 -126.041313171387 -126.03967630980578
2018.254638671875 -128.586151123047 -127.37923101541686
2018.287475585938 -128.39616394043 -128.7038993054485
2018.3203125 -130.412734985352 -130.00321415383186
2018.353149414062 -131.994979858398 -131.2660734591527
2018.385986328125 -132.885940551758 -132.489413074522
2018.4189453125 -132.580047607422 -133.68295922675526
2018.451782226562 -134.793029785156 -134.84606371465352
2018.484619140625 -137.516052246094 -135.99974661608212
2018.517456054688 -137.143356323242 -137.1636986210465
2018.55029296875 -142.995162963867 -138.3528659896879
2018.583129882812 -140.82536315918 -139.56737737599627
2018.615966796875 -139.205902099609 -140.80481939443075
2018.64892578125 -140.183364868164 -142.07018034186697
2018.681762695312 -142.807174682617 -143.35838559849498
2018.714599609375 -135.790481567383 -144.6784533435686
2018.747436523438 -145.345748901367 -146.03785478607588
2018.7802734375 -146.818450927734 -147.44278029596205
2018.813110351562 -148.224899291992 -148.9408322377333
2018.845947265625 -150.711364746094 -150.49465423669787
2018.87890625 -151.264068603516 -152.15095109066363
2018.911743164062 -153.010055541992 -153.92082777310003
2018.944580078125 -155.665817260742 -155.70658851762752
2018.977416992188 -157.329467773438 -157.53174471094928
2019.010986328125 -158.949111938477 -159.42268735149403
2019.043823242188 -161.644790649414 -161.2777464454821
2019.109497070312 -165.429641723633 -165.01223972333196
2019.1259765625 -166.26252746582 -165.97058029639103
2019.142333984375 -167.203552246094 -166.8657147347647
2019.175170898438 -169.316864013672 -168.651110270103
2019.191650390625 -169.864868164062 -169.46797603724156
2019.208129882812 -170.896530151367 -170.23190321637665
2019.224487304688 -171.151885986328 -170.9934576331416
2019.240966796875 -171.614120483398 -171.65795516936586
2019.25732421875 -173.130477905273 -172.28029363451782
2019.273803710938 -173.941711425781 -172.9419125345955
2019.290161132812 -174.14892578125 -173.56532051993327
2019.306640625 -173.959609985352 -174.08760560945106
2019.323120117188 -174.820343017578 -174.5724905256131
2019.339477539062 -175.995208740234 -175.0190989356575
2019.35595703125 -175.416488647461 -175.42708827314638
2019.372314453125 -175.121337890625 -175.78417779771505
2019.388793945312 -176.981582641602 -176.0997863119455
2019.405151367188 -176.64208984375 -176.35921803516183
2019.421630859375 -177.387771606445 -176.64006279901838
2019.438110351562 -177.41748046875 -176.91191256027156
2019.454467773438 -177.718292236328 -177.19933297310556
2019.470947265625 -175.423095703125 -177.53861264860424
2019.4873046875 -175.974456787109 -177.91617475298952
2019.503784179688 -173.514251708984 -178.35786671228573
2019.520141601562 -178.05876159668 -178.71727890052847
2019.53662109375 -182.744247436523 -179.07691297168785
2019.569458007812 -182.823669433594 -179.79308286488177
2019.602294921875 -179.056228637695 -180.54271046226873
2019.618774414062 -183.444839477539 -180.90709217739916
2019.635131835938 -182.320053100586 -181.29059449130318
2019.651611328125 -181.047317504883 -181.6588276403347
2019.668090820312 -182.319473266602 -182.04378721573246
2019.71728515625 -184.093612670898 -182.95965520747154
2019.733764648438 -183.378555297852 -183.2069326089121
2019.750122070312 -185.843353271484 -183.37908667690573
2019.7666015625 -183.648635864258 -183.57530278027218
2019.799438476562 -183.754318237305 -183.8748652697711
2019.832275390625 -185.889877319336 -184.15892794537254
2019.865112304688 -184.223983764648 -184.40550982036373
2019.898071289062 -184.807723999023 -184.60564856828748
2019.930908203125 -184.765182495117 -184.74821391269808
2019.963745117188 -185.055236816406 -184.8312329781183
2019.99658203125 -185.061569213867 -184.89867382395153
2020.030151367188 -185.060302734375 -184.98277037850704
2020.06298828125 -185.284576416016 -185.02727089136854
2020.095825195312 -185.119537353516 -185.06540331561493
2020.128662109375 -185.141616821289 -185.08688218231262
2020.161499023438 -185.157196044922 -185.08991184423468
2020.177978515625 -185.065994262695 -185.07037479116755
2020.1943359375 -185.037689208984 -185.06932664404818
2020.227294921875 -184.803009033203 -185.02322148480607
2020.260131835938 -185.675552368164 -184.96434663358218
2020.29296875 -184.909393310547 -184.9151271644899
2020.325805664062 -185.803375244141 -184.88622627075623
2020.358642578125 -184.392822265625 -184.93630020764195
2020.391479492188 -184.788497924805 -185.00584064129703
2020.42431640625 -183.660232543945 -185.0773977596392
2020.457275390625 -181.185012817383 -185.1907159323448
2020.490112304688 -183.362884521484 -185.36694545652674
2020.52294921875 -185.121948242188 -185.59629307550162
2020.555786132812 -185.572769165039 -185.8827816285266
2020.572265625 -186.494430541992 -186.09423200912258
2020.588623046875 -185.456695556641 -186.30419697058946
2020.605102539062 -186.224685668945 -186.45885135220476
2020.621459960938 -189.878372192383 -186.68005757643502
2020.654296875 -183.635360717773 -187.09430578489724
2020.687255859375 -188.997756958008 -187.4990653963198
2020.70361328125 -188.417984008789 -187.71584682914883
2020.720092773438 -187.547348022461 -187.8355635083891
2020.7529296875 -188.366409301758 -188.09404056858338
2020.785766601562 -189.262649536133 -188.28935691893233
2020.818603515625 -189.13053894043 -188.4328823199651
2020.851440429688 -189.708465576172 -188.51795600869295
2020.917236328125 -189.040298461914 -188.44143048237294
2020.950073242188 -188.666519165039 -188.27946624648027
2020.98291015625 -188.428787231445 -188.06712622462442
2021.013671875 -188.326324462891 -187.90851563764014
2021.046508789062 -187.730743408203 -187.61424241000907
2021.079345703125 -187.434326171875 -187.21438484409666
2021.1123046875 -187.057754516602 -186.7982075830587
2021.145141601562 -187.304977416992 -186.34694222606845
2021.177978515625 -186.010406494141 -185.87055297379095
2021.210815429688 -186.989959716797 -185.3760114006923
2021.24365234375 -183.888488769531 -184.8761098361816
2021.276489257812 -184.453689575195 -184.3327418808762
2021.309326171875 -183.738983154297 -183.8542973462267
2021.34228515625 -182.147552490234 -183.60304214502423
2021.358642578125 -183.856292724609 -183.69267558160732
2021.391479492188 -182.057968139648 -183.6578982761389
2021.407958984375 -180.455444335938 -183.71846432406522
2021.440795898438 -179.011093139648 -183.66884564893388
2021.4736328125 -178.161117553711 -183.69066350333878
2021.506469726562 -187.362899780273 -183.80554798283
2021.539306640625 -179.568817138672 -183.9911248420031
2021.572265625 -182.659957885742 -184.368082718139
2021.605102539062 -184.182769775391 -184.58110654070848
2021.637939453125 -183.520172119141 -184.8189633558514
2021.670776367188 -185.139572143555 -185.11661591128117
2021.736450195312 -181.922515869141 -186.11435300108548
2021.769287109375 -187.27197265625 -186.69351177794252
2021.80224609375 -186.831451416016 -187.33147997931087
2021.835083007812 -187.369873046875 -187.9689671014646
2021.867919921875 -188.159683227539 -188.61432066277882
2021.966430664062 -190.542022705078 -190.57628486876146
2022.0 -191.783599853516 -191.25630764108533
2022.065673828125 -192.993789672852 -192.57736418094504
2022.098510742188 -192.715423583984 -193.18635544028794
2022.197143554688 -194.4951171875 -194.6771940110613
2022.22998046875 -197.224746704102 -195.0452524097588
2022.262817382812 -197.660263061523 -195.36995932545676
2022.295654296875 -196.948287963867 -195.66009435942158
2022.328491210938 -197.771148681641 -195.91120408944124
2022.394287109375 -200.553039550781 -196.3301609680708
2022.558471679688 -198.099578857422 -197.32039280034843
2022.591430664062 -202.867248535156 -197.52602467868275
2022.68994140625 -197.585205078125 -197.7694130899385
2022.722778320312 -198.602188110352 -197.77277182234462
2022.821411132812 -196.985931396484 -197.802272647637
2022.854248046875 -197.564926147461 -197.84786025971516
2022.887084960938 -197.176498413086 -197.91061331443797
2022.919921875 -198.13346862793 -197.96204818171853
2022.952758789062 -197.33464050293 -198.02908722703495
2022.985595703125 -197.540130615234 -198.1640295517493
2023.019165039062 -198.078048706055 -198.335067744911
2023.052001953125 -198.408248901367 -198.49236867775906
2023.084838867188 -198.845123291016 -198.73569831723557
2023.11767578125 -199.579116821289 -199.02991615915698
2023.150634765625 -197.905548095703 -199.3099721605672
2023.183471679688 -199.585083007812 -199.61234469446586
2023.21630859375 -199.197372436523 -199.91391039218178
2023.249145507812 -197.203140258789 -200.21579116384925
2023.281982421875 -200.329620361328 -200.51913314408304
2023.314819335938 -201.870941162109 -200.82491354448644
2023.34765625 -200.18701171875 -201.1337882427773
2023.380615234375 -201.540328979492 -201.44694691186365
2023.413452148438 -204.662063598633 -201.7623398475965
2023.4462890625 -199.901641845703 -202.08116877925394
2023.57763671875 -212.709320068359 -203.37980329941493
