2014.804931640625 -0.0 -11.571284375109535
2014.837768554688 -14.777800559998 -12.111584341948456
2014.903442382812 -13.308362960815 -13.192207009877357
2014.96923828125 -13.107954978943 -14.274468458601481
2015.03564453125 -14.597301483154 -15.365878330753201
2015.101318359375 -8.337375640869 -16.444097796751898
2015.265625 -22.041399002075 -19.136586893225353
2015.331298828125 -19.628993988037 -20.210971197911967
2015.39697265625 -16.034652709961 -21.284164711923456
2016.021850585938 -36.79944229126 -31.550146725714747
2016.1533203125 -40.588405609131 -34.37837077029639
2016.350463867188 -37.525409698486 -38.101122577811985
2016.416137695312 -36.612754821777 -38.48491383291163
2016.547607421875 -39.717468261719 -39.197645138042965
2016.744750976562 -51.771179199219 -40.20672596636135
2016.777587890625 -42.409111022949 -40.47047183196089
2016.810424804688 -46.635578155518 -40.79701315735404
2016.84326171875 -43.329730987549 -41.040439525087834
2016.876098632812 -42.166084289551 -40.99318885836081
2016.908935546875 -40.988945007324 -40.85170602104025
2016.941772460938 -40.540203094482 -40.724117490316594
2016.974731445312 -39.740337371826 -40.44159013879771
2017.005493164062 -38.688022613525 -40.158491236146524
2017.038330078125 -40.02027130127 -39.84267300914874
2017.071166992188 -38.234016418457 -39.527915703830764
2017.10400390625 -38.53524017334 -39.268671418973454
2017.136840820312 -38.643085479736 -39.04494310949311
2017.169799804688 -39.283538818359 -38.85721158428838
2017.20263671875 -38.180122375488 -38.718920677591726
2017.235473632812 -39.06156539917 -38.616909092338105
2017.268310546875 -41.341735839844 -38.541371374197055
2017.301147460938 -38.537063598633 -38.497296130996546
2017.333984375 -35.812622070312 -38.48733220054907
2017.366821289062 -36.931350708008 -38.497751869153696
2017.399780273438 -37.715442657471 -38.50622510377696
2017.4326171875 -40.764530181885 -38.499723541184224
2017.498291015625 -38.753498077393 -38.50217693463691
2017.531127929688 -35.794010162354 -38.536965670280566
2017.56396484375 -38.173053741455 -38.598984985732066
2017.596801757812 -40.44909286499 -38.688642880154234
2017.629760742188 -41.80200958252 -38.79804057233368
2017.66259765625 -38.433448791504 -38.90714863752095
2017.695434570312 -37.248851776123 -39.00837640907982
2017.728271484375 -35.38553237915 -39.11198074558117
2017.761108398438 -40.352043151855 -39.234090663641226
2017.7939453125 -39.369438171387 -39.38134437292004
2017.826782226562 -39.780799865723 -39.544122517276925
2017.859741210938 -39.466114044189 -39.713718536821986
2017.892578125 -39.175731658936 -39.88636293384784
2017.925415039062 -39.818969726562 -40.065841439146446
2017.958251953125 -40.027584075928 -40.24804418438536
2017.991088867188 -41.289943695068 -40.41463429717924
2018.024658203125 -40.368671417236 -40.54717682853446
2018.057495117188 -41.22681427002 -40.63689957488541
2018.09033203125 -41.971439361572 -40.705749350813356
2018.123168945312 -42.278728485107 -40.7590342703918
2018.156005859375 -40.506484985352 -40.787868732086785
2018.18896484375 -40.509449005127 -40.78976575653012
2018.221801757812 -40.833366394043 -40.76584534992695
2018.254638671875 -41.538368225098 -40.72754704591711
2018.287475585938 -40.820499420166 -40.68278573868952
2018.3203125 -39.145687103271 -40.648392639135096
2018.353149414062 -39.180381774902 -40.64794777190508
2018.385986328125 -43.129013061523 -40.70023387309698
2018.4189453125 -39.624454498291 -40.808691280269485
2018.451782226562 -39.13357925415 -40.96186489198061
2018.484619140625 -41.262561798096 -41.15450561855831
2018.517456054688 -39.709171295166 -41.386389254998846
2018.55029296875 -42.199325561523 -41.65159790226307
2018.583129882812 -38.917331695557 -41.940995835108325
2018.615966796875 -42.369911193848 -42.240637407582966
2018.64892578125 -45.282253265381 -42.5396209576031
2018.681762695312 -44.51770401001 -42.832100920405615
2018.714599609375 -41.705696105957 -43.122950311976155
2018.747436523438 -42.905967712402 -43.4099984807689
2018.7802734375 -45.446617126465 -43.681819026019376
2018.813110351562 -46.067428588867 -43.925170902129125
2018.845947265625 -43.854110717773 -44.1573711602683
2018.87890625 -43.482501983643 -44.34732010515281
2018.911743164062 -44.049140930176 -44.52263998645339
2018.944580078125 -44.361892700195 -44.69483418129318
2018.977416992188 -44.820598602295 -44.873269946776375
2019.010986328125 -45.068103790283 -45.048845802276205
2019.043823242188 -45.394008636475 -45.2114630560406
2019.109497070312 -44.559055328369 -45.66258138793286
2019.1259765625 -46.001258850098 -45.783609341017055
2019.142333984375 -46.915550231934 -45.87482721736741
2019.175170898438 -46.277866363525 -46.05486720065167
2019.191650390625 -46.735111236572 -46.12912700901813
2019.208129882812 -46.523963928223 -46.19784561064553
2019.224487304688 -46.136383056641 -46.269388509526806
2019.240966796875 -46.513050079346 -46.31944548677149
2019.25732421875 -46.121635437012 -46.350952253632734
2019.273803710938 -46.386581420898 -46.38402673362082
2019.290161132812 -45.66971206665 -46.39105926614652
2019.306640625 -45.69388961792 -46.36018251189881
2019.323120117188 -46.418804168701 -46.3107041100406
2019.339477539062 -47.120971679688 -46.237751920419285
2019.35595703125 -47.533298492432 -46.137990778000365
2019.372314453125 -50.560317993164 -46.00953224110397
2019.388793945312 -46.740314483643 -45.84654320088059
2019.405151367188 -44.25989151001 -45.60657997260803
2019.421630859375 -46.779697418213 -45.43882511903259
2019.438110351562 -45.212741851807 -45.28059222737113
2019.454467773438 -45.661308288574 -45.14500969925477
2019.470947265625 -39.819770812988 -45.04584390278801
2019.4873046875 -42.618438720703 -44.986903006961064
2019.503784179688 -44.993850708008 -45.060877580839815
2019.520141601562 -41.661827087402 -45.040197311377085
2019.53662109375 -42.784873962402 -45.056761921505824
2019.569458007812 -46.599338531494 -45.20631377021287
2019.602294921875 -44.500019073486 -45.46242553428677
2019.618774414062 -44.539855957031 -45.588876655952795
2019.635131835938 -47.777690887451 -45.74826400301916
2019.651611328125 -47.711887359619 -45.959234447657984
2019.668090820312 -41.082500457764 -46.174799857799435
2019.71728515625 -47.131240844727 -46.90727784901755
2019.733764648438 -47.221519470215 -47.1608152662397
2019.750122070312 -44.236804962158 -47.428534695824446
2019.7666015625 -47.217700958252 -47.688523574662646
2019.799438476562 -47.47053527832 -48.23080536027232
2019.832275390625 -50.046455383301 -48.73564638647494
2019.865112304688 -48.547714233398 -49.218237191225576
2019.898071289062 -49.95809173584 -49.67888399702949
2019.930908203125 -50.658687591553 -50.10606710594783
2019.963745117188 -51.289505004883 -50.4434989767401
2019.99658203125 -52.44607925415 -50.74788210519068
2020.030151367188 -52.124435424805 -51.12517330602612
2020.06298828125 -51.072708129883 -51.29841771549452
2020.095825195312 -51.323310852051 -51.439452434435744
2020.128662109375 -51.933631896973 -51.52406148832927
2020.161499023438 -52.66902923584 -51.577216372931105
2020.177978515625 -51.435485839844 -51.60788846082011
2020.1943359375 -51.786251068115 -51.63003214904963
2020.227294921875 -51.371932983398 -51.727656894826985
2020.260131835938 -46.830715179443 -51.90082435873439
2020.29296875 -51.352725982666 -52.087394604330676
2020.325805664062 -49.502914428711 -52.33610960296259
2020.358642578125 -52.523990631104 -52.74197310287798
2020.391479492188 -51.743618011475 -53.18967864394873
2020.42431640625 -52.162700653076 -53.69808757201809
2020.457275390625 -53.421909332275 -54.36493142826624
2020.490112304688 -55.883152008057 -55.21659688242604
2020.52294921875 -56.314277648926 -56.15930909096174
2020.555786132812 -57.803882598877 -57.114141622915405
2020.572265625 -55.098804473877 -57.55409965823561
2020.588623046875 -57.259780883789 -57.953763150081784
2020.605102539062 -59.328018188477 -58.4159948968924
2020.621459960938 -59.370445251465 -58.77271054026571
2020.654296875 -62.132102966309 -59.50328932958309
2020.687255859375 -64.263626098633 -60.116203467944125
2020.70361328125 -61.851146697998 -60.44326610768722
2020.720092773438 -61.659481048584 -60.573404695418205
2020.7529296875 -61.760715484619 -60.90136338020484
2020.785766601562 -62.61799621582 -61.12329541941742
2020.818603515625 -61.134746551514 -61.26478866264859
2020.851440429688 -62.394237518311 -61.32709814179079
2020.917236328125 -61.597370147705 -61.185003621580286
2020.950073242188 -60.855266571045 -61.044544172108274
2020.98291015625 -62.033706665039 -60.92189511871099
2021.013671875 -59.776313781738 -60.824236178798536
2021.046508789062 -58.691890716553 -60.87024056819515
2021.079345703125 -60.808403015137 -61.2835015130505
2021.1123046875 -59.045639038086 -61.807499130482796
2021.145141601562 -60.964611053467 -62.56573328840039
2021.177978515625 -61.102676391602 -63.51482538443029
2021.210815429688 -59.572742462158 -64.58870739967382
2021.24365234375 -58.791358947754 -65.53012484620017
2021.276489257812 -61.762893676758 -66.89859327940562
2021.309326171875 -67.020332336426 -68.4095401223995
2021.34228515625 -63.925033569336 -70.02760563657206
2021.358642578125 -69.876640319824 -70.82683187116736
2021.391479492188 -77.477203369141 -72.36679712642525
2021.407958984375 -66.304039001465 -73.12607107567837
2021.440795898438 -76.077651977539 -74.69741243243813
2021.4736328125 -80.935188293457 -76.17537575905952
2021.506469726562 -88.497772216797 -77.28595601742028
2021.539306640625 -84.085174560547 -78.0546181878387
2021.572265625 -87.54362487793 -78.3967851877762
2021.605102539062 -83.519676208496 -79.23439728843495
2021.637939453125 -82.415031433105 -80.04255706010522
2021.670776367188 -87.198776245117 -80.74637551596655
2021.736450195312 -89.329498291016 -81.24589271964629
2021.769287109375 -77.426750183105 -81.39792780024314
2021.80224609375 -81.507232666016 -81.25976231903759
2021.835083007812 -82.139556884766 -81.1020830009934
2021.867919921875 -84.771629333496 -80.78742845984031
2021.966430664062 -80.739555358887 -79.7417865192644
2022.0 -78.65340423584 -79.37339327508553
2022.065673828125 -76.174118041992 -78.65753007876879
2022.098510742188 -78.205940246582 -78.31860323194773
2022.197143554688 -77.293342590332 -77.39657553372639
2022.22998046875 -76.059799194336 -77.1076235970802
2022.262817382812 -77.090705871582 -76.83870535472877
2022.295654296875 -71.953887939453 -76.59812481965344
2022.328491210938 -81.122917175293 -76.36426618615762
2022.394287109375 -66.360679626465 -75.75400641684026
2022.558471679688 -75.089767456055 -73.99069276850429
2022.591430664062 -99.933250427246 -73.76737542308977
2022.68994140625 -61.57054901123 -73.16634543252
2022.722778320312 -80.313232421875 -72.74494314893802
2022.821411132812 -73.845397949219 -71.22106974441996
2022.854248046875 -68.648422241211 -70.76072582552683
2022.887084960938 -70.972640991211 -70.32877924847132
2022.919921875 -68.06965637207 -69.90076451544887
2022.952758789062 -68.962089538574 -69.54054630644572
2022.985595703125 -68.862342834473 -69.31337537242437
2023.019165039062 -68.80973815918 -69.15316556326137
2023.052001953125 -68.037216186523 -68.99192785396295
2023.084838867188 -67.997184753418 -68.93905089260342
2023.11767578125 -68.842720031738 -69.01372957392616
2023.150634765625 -68.603134155273 -69.05181995905374
2023.183471679688 -68.637580871582 -69.17798632433977
2023.21630859375 -67.374183654785 -69.31451201021608
2023.249145507812 -69.47859954834 -69.46038495155521
2023.281982421875 -68.168235778809 -69.61526083266482
2023.314819335938 -72.070709228516 -69.77924906563808
2023.34765625 -69.451354980469 -69.95301085642565
2023.380615234375 -70.362724304199 -70.13730946061806
2023.413452148438 -72.353828430176 -70.33097242059321
2023.4462890625 -57.663806915283 -70.53460466936575
2023.57763671875 -76.461692810059 -71.43014490662911
