2014.804931640625 -0.0 1.523524654418835
2014.837768554688 -12.992836952209 -0.798242418058755
2014.903442382812 -4.093401908875 -5.443382081155542
2014.96923828125 -9.170295715332 -10.098935511050827
2015.03564453125 5.025051593781 -14.799288526166356
2015.101318359375 -23.633720397949 -19.449432193468805
2015.265625 12.872720718384 -31.088534529557588
2015.331298828125 -32.779697418213 -35.73998826870999
2015.39697265625 -53.107780456543 -40.38880259864049
2016.021850585938 -58.729957580566 -84.49304851130145
2016.1533203125 -95.009414672852 -95.4382072085192
2016.350463867188 -130.898086547852 -108.5863265784641
2016.416137695312 -116.085845947266 -112.08987410164505
2016.547607421875 -120.404815673828 -119.26954173649798
2016.744750976562 -132.60285949707 -129.68483753135044
2016.777587890625 -125.993843078613 -131.14179104692832
2016.810424804688 -139.512939453125 -132.59641211227373
2016.84326171875 -132.085311889648 -134.06901133937797
2016.876098632812 -135.437408447266 -135.62733807590067
2016.908935546875 -136.522155761719 -137.24795464918023
2016.941772460938 -137.850021362305 -138.87307581274948
2016.974731445312 -139.144973754883 -140.56587425013694
2017.005493164062 -141.601379394531 -142.27064896572827
2017.038330078125 -143.648849487305 -144.05634033016688
2017.071166992188 -145.378311157227 -145.90840710119636
2017.10400390625 -147.142822265625 -148.1074462639975
2017.136840820312 -147.893142700195 -150.5499753707123
2017.169799804688 -153.135879516602 -153.1255114390423
2017.20263671875 -155.861801147461 -155.8177517366727
2017.235473632812 -152.627944946289 -158.69871230658651
2017.268310546875 -152.744781494141 -161.81569654483454
2017.301147460938 -161.049179077148 -165.13053030203739
2017.333984375 -162.48974609375 -168.56564035266385
2017.366821289062 -177.662200927734 -172.08349496157692
2017.399780273438 -177.517013549805 -175.66818637942774
2017.4326171875 -172.823944091797 -179.2325750846747
2017.498291015625 -199.172256469727 -186.14019914216388
2017.531127929688 -189.992141723633 -189.43935710590392
2017.56396484375 -197.092330932617 -192.57388425675768
2017.596801757812 -198.304336547852 -195.51469813964252
2017.629760742188 -205.775329589844 -198.27231565683778
2017.66259765625 -206.897277832031 -200.75024908645796
2017.695434570312 -207.857437133789 -202.93239724365293
2017.728271484375 -207.003799438477 -204.7765883497786
2017.761108398438 -207.079772949219 -206.29322257656284
2017.7939453125 -206.553192138672 -207.60524844066438
2017.826782226562 -208.908309936523 -208.8047882742641
2017.859741210938 -210.836715698242 -209.89495495446306
2017.892578125 -210.35871887207 -210.8725115083135
2017.925415039062 -211.295669555664 -211.83240992213894
2017.958251953125 -212.447494506836 -212.83291383239293
2017.991088867188 -212.962188720703 -213.9077784212015
2018.024658203125 -214.309234619141 -215.1186842973804
2018.057495117188 -215.518600463867 -216.4790448592089
2018.09033203125 -217.445526123047 -218.07021688149183
2018.123168945312 -218.043701171875 -219.9307170088826
2018.156005859375 -215.805603027344 -222.04805049527386
2018.18896484375 -222.967407226562 -224.42531162095202
2018.221801757812 -224.471710205078 -227.04136198624641
2018.254638671875 -221.043045043945 -229.8853565266894
2018.287475585938 -226.791580200195 -232.9409617323583
2018.3203125 -230.910583496094 -236.1863007715324
2018.353149414062 -237.932052612305 -239.60556597976537
2018.385986328125 -239.5751953125 -243.15652420921953
2018.4189453125 -247.613159179688 -246.79962284630912
2018.451782226562 -257.324371337891 -250.45454153098416
2018.484619140625 -252.757415771484 -254.06848936635788
2018.517456054688 -261.457000732422 -257.59484551728957
2018.55029296875 -265.40869140625 -261.00806514478955
2018.583129882812 -268.638336181641 -264.26986771698705
2018.615966796875 -273.053497314453 -267.3676257653302
2018.64892578125 -275.258453369141 -270.2834547919838
2018.681762695312 -273.058807373047 -272.9664383358741
2018.714599609375 -274.553192138672 -275.3922879409592
2018.747436523438 -279.555145263672 -277.55927972739624
2018.7802734375 -275.784820556641 -279.52371759803265
2018.813110351562 -284.642059326172 -281.2804032810658
2018.845947265625 -285.088592529297 -282.9228883664106
2018.87890625 -286.511962890625 -284.4565646572088
2018.911743164062 -287.304168701172 -285.87201310445425
2018.944580078125 -287.123474121094 -287.33549357132375
2018.977416992188 -289.875946044922 -288.7251298032488
2019.010986328125 -288.889099121094 -289.9712754019889
2019.043823242188 -290.468078613281 -291.0955191965485
2019.109497070312 -292.304595947266 -293.2770858110504
2019.1259765625 -293.299682617188 -293.8270297115277
2019.142333984375 -295.789276123047 -294.4478106647287
2019.175170898438 -296.177032470703 -295.7371058225146
2019.191650390625 -295.846649169922 -296.4845110587635
2019.208129882812 -295.236358642578 -297.2888280528951
2019.224487304688 -297.546905517578 -298.0737419634559
2019.240966796875 -299.302581787109 -298.98182946388766
2019.25732421875 -298.271209716797 -299.96238191693845
2019.273803710938 -298.947418212891 -300.8754152798014
2019.290161132812 -299.799560546875 -301.8233901256195
2019.306640625 -305.747955322266 -303.0985148613812
2019.323120117188 -303.286651611328 -304.54498838544004
2019.339477539062 -304.116729736328 -306.1097036417061
2019.35595703125 -307.377197265625 -307.79183910655115
2019.372314453125 -307.455322265625 -309.53875241722056
2019.388793945312 -305.413299560547 -311.35390327242527
2019.405151367188 -310.37939453125 -313.1976230273068
2019.421630859375 -315.455017089844 -314.9949965014568
2019.438110351562 -320.544403076172 -316.7950075443008
2019.454467773438 -320.38623046875 -318.5419608855076
2019.470947265625 -322.124450683594 -320.25417114217487
2019.4873046875 -326.997894287109 -321.90002519961854
2019.503784179688 -312.953277587891 -323.2836570171761
2019.520141601562 -316.269866943359 -324.8284733950548
2019.53662109375 -327.622833251953 -326.3218489403624
2019.569458007812 -329.6005859375 -329.0328515800211
2019.602294921875 -343.323883056641 -331.2591303555447
2019.618774414062 -331.306396484375 -332.38221865241576
2019.635131835938 -339.323272705078 -333.43991121307863
2019.651611328125 -337.120666503906 -334.3776789241048
2019.668090820312 -332.947479248047 -335.370582395999
2019.71728515625 -339.054534912109 -337.98463715692355
2019.733764648438 -340.260192871094 -338.80574342251845
2019.750122070312 -339.021850585938 -339.5438921556067
2019.7666015625 -340.603637695312 -340.3286562915121
2019.799438476562 -341.747467041016 -341.8395514994335
2019.832275390625 -343.951049804688 -343.3532430205207
2019.865112304688 -343.712493896484 -344.8790774014376
2019.898071289062 -345.807098388672 -346.441917210731
2019.930908203125 -347.235382080078 -348.0477646343269
2019.963745117188 -349.211853027344 -349.74621212367015
2019.99658203125 -351.962097167969 -351.4881249815976
2020.030151367188 -351.728912353516 -353.2137819251965
2020.06298828125 -354.873260498047 -355.0946427731971
2020.095825195312 -356.888366699219 -357.0061209896874
2020.128662109375 -358.988677978516 -358.97237921520036
2020.161499023438 -359.485778808594 -360.97795366460804
2020.177978515625 -361.981384277344 -362.0102917447852
2020.1943359375 -362.175262451172 -363.00668372766546
2020.227294921875 -366.519500732422 -365.05303547931084
2020.260131835938 -365.159881591797 -367.0944393978916
2020.29296875 -370.246032714844 -369.1458918723027
2020.325805664062 -374.167572021484 -371.20059000734375
2020.358642578125 -372.260406494141 -373.24252587731456
2020.391479492188 -374.559967041016 -375.292954830278
2020.42431640625 -377.646545410156 -377.3028504216539
2020.457275390625 -380.470245361328 -379.2207622773557
2020.490112304688 -379.825500488281 -381.0350750741855
2020.52294921875 -383.529022216797 -382.7986997280316
2020.555786132812 -383.874114990234 -384.5719463225135
2020.572265625 -385.664428710938 -385.4985072820808
2020.588623046875 -390.646270751953 -386.4059492650406
2020.605102539062 -387.334228515625 -387.3159451541518
2020.621459960938 -397.027069091797 -388.19336405858513
2020.654296875 -386.641784667969 -389.91158952474285
2020.687255859375 -386.193359375 -391.5317911659651
2020.70361328125 -387.698028564453 -392.34399364675943
2020.720092773438 -400.675689697266 -393.0258100720704
2020.7529296875 -403.374725341797 -394.42635749434834
2020.785766601562 -401.101867675781 -395.7519483829211
2020.818603515625 -399.057739257812 -397.03590179993034
2020.851440429688 -397.593963623047 -398.31593330649156
2020.917236328125 -401.535919189453 -400.7988301780053
2020.950073242188 -402.567352294922 -401.8691723627669
2020.98291015625 -403.235961914062 -402.93202201104805
2021.013671875 -403.081207275391 -403.87956662183103
2021.046508789062 -400.314483642578 -404.95931125759364
2021.079345703125 -405.519683837891 -406.2894673753917
2021.1123046875 -406.629547119141 -407.6646935126222
2021.145141601562 -408.742462158203 -409.14553774227096
2021.177978515625 -409.311462402344 -410.7287182086552
2021.210815429688 -410.265960693359 -412.3996459732915
2021.24365234375 -410.295562744141 -414.03855220013367
2021.276489257812 -416.132629394531 -415.96267178299416
2021.309326171875 -419.808837890625 -418.0023678741098
2021.34228515625 -420.44287109375 -420.146829044691
2021.358642578125 -420.738311767578 -421.21026001320195
2021.391479492188 -424.479278564453 -423.27445974936074
2021.407958984375 -416.108764648438 -424.0987155821294
2021.440795898438 -424.5 -425.5200807323418
2021.4736328125 -433.043823242188 -426.3555988080225
2021.506469726562 -447.535583496094 -426.86724904832886
2021.539306640625 -439.279602050781 -427.31629618378173
2021.572265625 -442.282348632812 -427.36502641733966
2021.605102539062 -440.099151611328 -428.0074962764706
2021.637939453125 -436.606628417969 -428.6011725110064
2021.670776367188 -436.056274414062 -429.1342479097363
2021.736450195312 -426.408447265625 -429.430184573551
2021.769287109375 -429.729095458984 -429.56482925511807
2021.80224609375 -428.35791015625 -429.31435705425076
2021.835083007812 -424.865997314453 -428.98391541826015
2021.867919921875 -433.154327392578 -428.54681368427947
2021.966430664062 -425.532928466797 -427.3110604789206
2022.0 -423.02734375 -427.0946006123253
2022.065673828125 -427.979675292969 -426.6321252635388
2022.098510742188 -428.108032226562 -426.5745367695381
2022.197143554688 -420.627777099609 -426.8106184945866
2022.22998046875 -426.113983154297 -427.2673044605133
2022.262817382812 -421.331665039062 -427.9575388320476
2022.295654296875 -423.944152832031 -428.88730617797705
2022.328491210938 -424.046936035156 -430.06234981053285
2022.394287109375 -432.397705078125 -432.78924834831827
2022.558471679688 -448.782501220703 -438.93569192141234
2022.591430664062 -415.778961181641 -440.30367476320754
2022.68994140625 -447.736633300781 -445.1860938637272
2022.722778320312 -455.37451171875 -447.00022707328174
2022.821411132812 -445.626373291016 -451.5468316464622
2022.854248046875 -457.238708496094 -452.3950069334734
2022.887084960938 -452.446838378906 -453.02949080972763
2022.919921875 -457.977355957031 -453.6806050191895
2022.952758789062 -458.436584472656 -454.348148554648
2022.985595703125 -454.49658203125 -455.061742010753
2023.019165039062 -453.543884277344 -455.92000309068914
2023.052001953125 -455.128143310547 -456.72959986560244
2023.084838867188 -456.139251708984 -457.79485554978976
2023.11767578125 -456.972808837891 -459.15042256639146
2023.150634765625 -456.550476074219 -460.36856784781037
2023.183471679688 -459.242858886719 -461.7466704669049
2023.21630859375 -451.079223632812 -463.1186751854613
2023.249145507812 -453.722534179688 -464.4985984504502
2023.281982421875 -463.611450195312 -465.8935102432556
2023.314819335938 -466.701019287109 -467.3071824849976
2023.34765625 -471.156127929688 -468.7426249256677
2023.380615234375 -476.656036376953 -470.20721838926545
2023.413452148438 -466.750854492188 -471.68946540555345
2023.4462890625 -475.517852783203 -473.19188155410194
2023.57763671875 -508.926666259766 -479.35944885579835
