2014.804931640625 -0.0 -6.595600369303537
2014.837768554688 -1.262251019478 -7.560213913413546
2014.903442382812 -3.328349351883 -9.488244325685832
2014.96923828125 -11.571583747864 -11.41797042391639
2015.03564453125 -12.78147983551 -13.363226784777153
2015.101318359375 -28.755844116211 -15.284115989530815
2015.265625 -26.250339508057 -20.07452748013617
2015.331298828125 -34.81999206543 -21.982128841163146
2015.39697265625 -45.846393585205 -23.88517763240935
2016.021850585938 -42.656257629395 -43.58860258264816
2016.1533203125 -46.646175384521 -46.04173772810344
2016.350463867188 -57.674747467041 -49.19089396932379
2016.416137695312 -42.838977813721 -50.21795991082939
2016.547607421875 -55.571105957031 -52.547239836090895
2016.744750976562 -59.401123046875 -56.294582283371625
2016.777587890625 -56.350341796875 -56.362698798449905
2016.810424804688 -56.767459869385 -56.43889833315585
2016.84326171875 -57.724761962891 -56.52134447819233
2016.876098632812 -56.386798858643 -56.60436934794393
2016.908935546875 -56.467052459717 -56.74466659811619
2016.941772460938 -55.352146148682 -56.915815387802475
2016.974731445312 -55.149368286133 -57.11140780384745
2017.005493164062 -56.02657699585 -57.383245619519926
2017.038330078125 -57.167533874512 -57.622093660301296
2017.071166992188 -57.162761688232 -57.86835837970204
2017.10400390625 -58.044456481934 -58.28701308149271
2017.136840820312 -57.392848968506 -58.7944165099935
2017.169799804688 -58.935768127441 -59.36805726373765
2017.20263671875 -58.703170776367 -60.003074893054375
2017.235473632812 -60.747562408447 -60.671848842806206
2017.268310546875 -63.278861999512 -61.34132679443348
2017.301147460938 -61.596733093262 -61.99161454438604
2017.333984375 -62.20970916748 -62.620480142003714
2017.366821289062 -63.883625030518 -63.21300758722242
2017.399780273438 -64.916198730469 -63.746672734709634
2017.4326171875 -66.665679931641 -64.19733228952099
2017.498291015625 -65.603645324707 -64.85513819040402
2017.531127929688 -65.87606048584 -65.08302850736095
2017.56396484375 -66.364242553711 -65.2561047480285
2017.596801757812 -66.465751647949 -65.37801460277906
2017.629760742188 -68.392364501953 -65.44145852705185
2017.66259765625 -65.774955749512 -65.42842474961313
2017.695434570312 -64.109764099121 -65.35287222234857
2017.728271484375 -63.934764862061 -65.24550484392697
2017.761108398438 -65.450988769531 -65.14268814672938
2017.7939453125 -65.649055480957 -65.07225668391439
2017.826782226562 -64.737991333008 -65.04132486952274
2017.859741210938 -64.476486206055 -65.0714739617112
2017.892578125 -63.646553039551 -65.20573279482024
2017.925415039062 -63.598526000977 -65.46245501721401
2017.958251953125 -65.375465393066 -65.83801689068038
2017.991088867188 -65.135314941406 -66.31963216340489
2018.024658203125 -65.177215576172 -66.91385821054911
2018.057495117188 -65.887557983398 -67.58419894718854
2018.09033203125 -67.81697845459 -68.34820593135315
2018.123168945312 -62.795440673828 -69.23250915057655
2018.156005859375 -68.843086242676 -70.23668299783583
2018.18896484375 -70.577499389648 -71.33093239416438
2018.221801757812 -71.43000793457 -72.47120015218078
2018.254638671875 -72.659492492676 -73.64247703227569
2018.287475585938 -74.60791015625 -74.84492281307563
2018.3203125 -76.741874694824 -76.06685881076477
2018.353149414062 -79.523391723633 -77.27727964651486
2018.385986328125 -81.75724029541 -78.445022462467
2018.4189453125 -80.72078704834 -79.53514805129764
2018.451782226562 -81.711044311523 -80.49406268206967
2018.484619140625 -80.942886352539 -81.3007652792311
2018.517456054688 -83.028244018555 -81.95617456396677
2018.55029296875 -86.948280334473 -82.47931614765014
2018.583129882812 -86.808647155762 -82.870948449318
2018.615966796875 -85.080780029297 -83.12658039847962
2018.64892578125 -85.853218078613 -83.25557016653389
2018.681762695312 -86.213706970215 -83.294945559329
2018.714599609375 -85.581207275391 -83.28916311573316
2018.747436523438 -84.57844543457 -83.23386957356288
2018.7802734375 -83.737091064453 -83.07479262555167
2018.813110351562 -82.572494506836 -82.76013605659081
2018.845947265625 -81.743713378906 -82.33402173890111
2018.87890625 -80.20565032959 -81.8752430085138
2018.911743164062 -79.941909790039 -81.55463062844844
2018.944580078125 -81.178932189941 -81.23323703726146
2018.977416992188 -79.69361114502 -80.97978594628432
2019.010986328125 -80.651679992676 -80.90978372413483
2019.043823242188 -77.603515625 -80.84372838905146
2019.109497070312 -80.945465087891 -81.17822662880131
2019.1259765625 -80.131103515625 -81.25697560659871
2019.142333984375 -81.185569763184 -81.42227197656648
2019.175170898438 -80.872207641602 -81.80789642765102
2019.191650390625 -81.846694946289 -82.11838919881616
2019.208129882812 -82.377166748047 -82.47426682896784
2019.224487304688 -82.388893127441 -82.84807253503038
2019.240966796875 -83.803268432617 -83.24153165073899
2019.25732421875 -83.281356811523 -83.61956721468951
2019.273803710938 -84.326667785645 -84.00939256402155
2019.290161132812 -83.902671813965 -84.40856010969557
2019.306640625 -85.30672454834 -84.7657370698108
2019.323120117188 -85.563957214355 -85.10229352579
2019.339477539062 -86.406646728516 -85.42293364569879
2019.35595703125 -86.299903869629 -85.72567014657717
2019.372314453125 -90.920120239258 -85.9911722703469
2019.388793945312 -86.348342895508 -86.21041459924373
2019.405151367188 -85.657516479492 -86.30332413476577
2019.421630859375 -87.15355682373 -86.43593850135395
2019.438110351562 -87.300971984863 -86.53595792928054
2019.454467773438 -87.275634765625 -86.60044967315922
2019.470947265625 -86.653678894043 -86.64109089416152
2019.4873046875 -89.649017333984 -86.67023185189224
2019.503784179688 -87.445640563965 -86.67902216411721
2019.520141601562 -84.953132629395 -86.69277269088482
2019.53662109375 -85.049629211426 -86.6987628272965
2019.569458007812 -87.082824707031 -86.6850831544593
2019.602294921875 -87.452514648438 -86.64378021260754
2019.618774414062 -84.776359558105 -86.62760804302638
2019.635131835938 -87.175254821777 -86.62235387384791
2019.651611328125 -88.019050598145 -86.66197987262674
2019.668090820312 -83.713592529297 -86.68793680718805
2019.71728515625 -87.747604370117 -86.82411248621736
2019.733764648438 -86.155944824219 -86.865007589385
2019.750122070312 -84.319458007812 -86.88878901516367
2019.7666015625 -86.748779296875 -86.91419161844654
2019.799438476562 -87.694755554199 -86.93649598322217
2019.832275390625 -87.985359191895 -86.95684110367284
2019.865112304688 -87.213432312012 -86.98781365339495
2019.898071289062 -87.181678771973 -87.03648541907776
2019.930908203125 -87.077812194824 -87.10456605213811
2019.963745117188 -86.325004577637 -87.19431518320567
2019.99658203125 -87.250495910645 -87.28971552452438
2020.030151367188 -86.753852844238 -87.3618722963885
2020.06298828125 -86.855407714844 -87.49579341349664
2020.095825195312 -87.684303283691 -87.6607251349917
2020.128662109375 -87.848373413086 -87.90184696607763
2020.161499023438 -87.836601257324 -88.22606367355604
2020.177978515625 -88.133209228516 -88.46257375467006
2020.1943359375 -87.689453125 -88.62253942480942
2020.227294921875 -88.718757629395 -89.08051174347874
2020.260131835938 -87.77515411377 -89.57392678143178
2020.29296875 -89.55736541748 -90.07241820174204
2020.325805664062 -90.571899414062 -90.59618902972112
2020.358642578125 -91.404273986816 -91.11635033768322
2020.391479492188 -92.63321685791 -91.63014367100484
2020.42431640625 -94.051712036133 -92.1500110041472
2020.457275390625 -92.001510620117 -92.6540757284955
2020.490112304688 -94.5546875 -93.09391991226934
2020.52294921875 -93.33097076416 -93.45173097081263
2020.555786132812 -93.754173278809 -93.70889939173736
2020.572265625 -94.768669128418 -93.7446933006164
2020.588623046875 -95.057342529297 -93.75842834095062
2020.605102539062 -93.983673095703 -93.85187064347187
2020.621459960938 -93.882659912109 -93.82810541075848
2020.654296875 -94.144004821777 -93.80438087862878
2020.687255859375 -95.345420837402 -93.70525589731992
2020.70361328125 -94.271705627441 -93.65460679737464
2020.720092773438 -93.207077026367 -93.55269507290392
2020.7529296875 -93.773818969727 -93.38178568767131
2020.785766601562 -92.836280822754 -93.21885498533163
2020.818603515625 -93.031921386719 -93.07643707920015
2020.851440429688 -92.232231140137 -92.954797297868
2020.917236328125 -91.732345581055 -92.77351394776434
2020.950073242188 -92.154190063477 -92.77426871865823
2020.98291015625 -92.289329528809 -92.80540216298158
2021.013671875 -92.103622436523 -92.79055560713309
2021.046508789062 -93.146308898926 -92.888464389905
2021.079345703125 -92.688591003418 -93.08266090798442
2021.1123046875 -93.454025268555 -93.27939360268803
2021.145141601562 -92.940940856934 -93.48918598853433
2021.177978515625 -93.074081420898 -93.69468848078733
2021.210815429688 -94.571662902832 -93.89196200224421
2021.24365234375 -95.012557983398 -94.11184887656891
2021.276489257812 -91.679130554199 -94.30325942026737
2021.309326171875 -96.454277038574 -94.49813192628544
2021.34228515625 -96.084495544434 -94.70460413904134
2021.358642578125 -95.576148986816 -94.81443314629253
2021.391479492188 -93.169746398926 -95.03770692596093
2021.407958984375 -94.613540649414 -95.15457992387341
2021.440795898438 -94.080993652344 -95.37257068196811
2021.4736328125 -94.536254882812 -95.5638457177378
2021.506469726562 -96.170043945312 -95.70995376473131
2021.539306640625 -99.140228271484 -95.81108645164647
2021.572265625 -95.159637451172 -95.86890545357545
2021.605102539062 -99.017776489258 -95.9729752933287
2021.637939453125 -96.695350646973 -96.06600823990236
2021.670776367188 -100.294296264648 -96.13015471629143
2021.736450195312 -99.619934082031 -96.04682630207934
2021.769287109375 -94.398040771484 -96.00153008139512
2021.80224609375 -96.626411437988 -95.87918675528401
2021.835083007812 -95.914375305176 -95.78429251891485
2021.867919921875 -98.115180969238 -95.64799959989045
2021.966430664062 -95.367218017578 -95.23347369455918
2022.0 -94.397850036621 -95.08992335463486
2022.065673828125 -93.10245513916 -94.78412098904255
2022.098510742188 -93.887077331543 -94.63414648254913
2022.197143554688 -94.749977111816 -94.17918281696468
2022.22998046875 -94.909538269043 -94.06389491053532
2022.262817382812 -90.342750549316 -93.98518443353915
2022.295654296875 -91.437614440918 -93.94208123493158
2022.328491210938 -97.264518737793 -93.90482492473173
2022.394287109375 -93.115684509277 -93.72465182515467
2022.558471679688 -100.357795715332 -93.09571057091772
2022.591430664062 -89.499580383301 -92.99013182303327
2022.68994140625 -101.776138305664 -92.6857175561296
2022.722778320312 -96.045806884766 -92.66104129445509
2022.821411132812 -92.270690917969 -92.49582162495066
2022.854248046875 -91.171646118164 -92.16971477943846
2022.887084960938 -92.645820617676 -91.7282521494348
2022.919921875 -90.947540283203 -91.28055328214592
2022.952758789062 -90.569564819336 -90.8210847666349
2022.985595703125 -90.817222595215 -90.36396900592253
2023.019165039062 -90.391395568848 -89.91335809523389
2023.052001953125 -89.616287231445 -89.47517134504038
2023.084838867188 -88.756637573242 -89.0634341472335
2023.11767578125 -88.274719238281 -88.64854448236153
2023.150634765625 -86.791297912598 -88.22192872593651
2023.183471679688 -87.270805358887 -87.77964731175894
2023.21630859375 -87.94450378418 -87.32288724091889
2023.249145507812 -88.04638671875 -86.86015739766768
2023.281982421875 -86.039695739746 -86.39657042792548
2023.314819335938 -87.054565429688 -85.93382310653799
2023.34765625 -85.497253417969 -85.47229884488476
2023.380615234375 -85.554359436035 -85.00988346180404
2023.413452148438 -85.302581787109 -84.54935432561567
2023.4462890625 -82.465301513672 -84.08812674229799
2023.57763671875 -81.708847045898 -82.22323875705284
