2014.804931640625 -0.0 -4.745972118234656
2014.837768554688 -2.161379814148 -6.2024758310770824
2014.903442382812 -5.683898925781 -9.112542303380167
2014.96923828125 -12.816056251526 -12.024402669474194
2015.03564453125 -14.262178421021 -14.960328687205319
2015.101318359375 -27.442235946655 -17.861676630884798
2015.265625 -28.270027160645 -25.11785976296204
2015.331298828125 -41.576805114746 -28.02061603259435
2015.39697265625 -55.201614379883 -30.926269151032123
2016.021850585938 -57.954662322998 -58.54339263911535
2016.1533203125 -63.045642852783 -64.07518278921741
2016.350463867188 -80.376976013184 -72.62775199970194
2016.416137695312 -75.295204162598 -75.4146992327513
2016.547607421875 -83.423461914062 -81.16966009413291
2016.744750976562 -95.223175048828 -89.56726911351711
2016.777587890625 -92.27025604248 -90.77195255249745
2016.810424804688 -92.518196105957 -91.994395624786
2016.84326171875 -94.94758605957 -93.1754287206994
2016.876098632812 -94.480094909668 -94.15521549982239
2016.908935546875 -95.005142211914 -95.08418001336163
2016.941772460938 -95.001434326172 -96.02054548029436
2016.974731445312 -95.517265319824 -96.92325146498199
2017.005493164062 -97.384147644043 -97.81467279214175
2017.038330078125 -98.540725708008 -98.73608564532648
2017.071166992188 -98.470245361328 -99.66505272564994
2017.10400390625 -100.439552307129 -100.72541276843585
2017.136840820312 -101.062896728516 -101.86806261178107
2017.169799804688 -102.12735748291 -103.07789945115782
2017.20263671875 -103.606628417969 -104.35638990941594
2017.235473632812 -104.7275390625 -105.69643473512497
2017.268310546875 -109.276741027832 -107.08095014889425
2017.301147460938 -108.410514831543 -108.49174744933374
2017.333984375 -107.758583068848 -109.92132739756985
2017.366821289062 -110.307754516602 -111.35564955063168
2017.399780273438 -113.389404296875 -112.78004029064597
2017.4326171875 -116.533576965332 -114.1740469816672
2017.498291015625 -117.455291748047 -116.8923949905062
2017.531127929688 -118.235321044922 -118.21639238088666
2017.56396484375 -120.431205749512 -119.52076780077844
2017.596801757812 -120.778327941895 -120.80689157109781
2017.629760742188 -124.41911315918 -122.06942957965194
2017.66259765625 -123.010414123535 -123.27275429469202
2017.695434570312 -122.116973876953 -124.41412450179972
2017.728271484375 -125.320297241211 -125.50122635493149
2017.761108398438 -127.242805480957 -126.55113896842425
2017.7939453125 -128.294799804688 -127.57483355076812
2017.826782226562 -128.653732299805 -128.57360008728514
2017.859741210938 -130.68782043457 -129.55386738020962
2017.892578125 -131.500549316406 -130.51231903853932
2017.925415039062 -131.894058227539 -131.4621979329131
2017.958251953125 -131.985794067383 -132.4089819173136
2017.991088867188 -133.665084838867 -133.3590754538656
2018.024658203125 -133.205001831055 -134.337100208336
2018.057495117188 -135.112045288086 -135.31205131128016
2018.09033203125 -136.013305664062 -136.31948961331793
2018.123168945312 -136.160705566406 -137.36705602316374
2018.156005859375 -137.7412109375 -138.4542086421778
2018.18896484375 -138.832611083984 -139.5822285004723
2018.221801757812 -139.956970214844 -140.7385086751051
2018.254638671875 -141.433181762695 -141.92083550239178
2018.287475585938 -143.327789306641 -143.13377714082222
2018.3203125 -144.969528198242 -144.38614150689287
2018.353149414062 -146.519592285156 -145.68464626105362
2018.385986328125 -147.063400268555 -147.03076579951758
2018.4189453125 -148.451934814453 -148.42681528024602
2018.451782226562 -149.414886474609 -149.8473456399244
2018.484619140625 -150.53955078125 -151.27922474780314
2018.517456054688 -151.130462646484 -152.7111143647881
2018.55029296875 -149.968414306641 -154.1373895375787
2018.583129882812 -156.046340942383 -155.55818125640297
2018.615966796875 -157.406845092773 -156.97391066811628
2018.64892578125 -158.458053588867 -158.37675140657052
2018.681762695312 -160.892593383789 -159.73754561355162
2018.714599609375 -162.512481689453 -161.04929945850915
2018.747436523438 -162.915954589844 -162.30506600859184
2018.7802734375 -164.19059753418 -163.4937457481894
2018.813110351562 -165.671279907227 -164.56368288802372
2018.845947265625 -167.318878173828 -165.58310296938342
2018.87890625 -167.888046264648 -166.50902318698294
2018.911743164062 -169.021194458008 -167.31647778384374
2018.944580078125 -167.03840637207 -168.11365551537088
2018.977416992188 -166.932266235352 -168.8620300907516
2019.010986328125 -169.607818603516 -169.62678571773625
2019.043823242188 -164.325942993164 -170.30293674963158
2019.109497070312 -170.925247192383 -171.7733748539371
2019.1259765625 -172.456283569336 -172.16543400184983
2019.142333984375 -173.365142822266 -172.64593152944076
2019.175170898438 -171.179443359375 -173.64591676402995
2019.191650390625 -171.632415771484 -174.18261427455408
2019.208129882812 -175.638336181641 -174.7343417591451
2019.224487304688 -175.803176879883 -175.29418670171978
2019.240966796875 -176.599899291992 -175.85026315057334
2019.25732421875 -177.588745117188 -176.37703877710328
2019.273803710938 -178.069198608398 -176.9359204658471
2019.290161132812 -176.083297729492 -177.50037983073753
2019.306640625 -177.071533203125 -177.97251305285022
2019.323120117188 -178.986587524414 -178.38818385733782
2019.339477539062 -180.505996704102 -178.74056453332017
2019.35595703125 -179.826553344727 -179.0290379273357
2019.372314453125 -182.219375610352 -179.25779152096237
2019.388793945312 -179.739181518555 -179.44670043206594
2019.405151367188 -178.535003662109 -179.55116703175884
2019.421630859375 -179.479095458984 -179.7240281817614
2019.438110351562 -181.063400268555 -179.8875472074972
2019.454467773438 -181.948577880859 -180.05264355440323
2019.470947265625 -178.048263549805 -180.25447430918913
2019.4873046875 -180.263641357422 -180.5136449121299
2019.503784179688 -178.031280517578 -180.91715890899792
2019.520141601562 -178.99690246582 -181.21754187032616
2019.53662109375 -180.594940185547 -181.5553561485596
2019.569458007812 -184.427703857422 -182.37940888155768
2019.602294921875 -178.372131347656 -183.3855155950274
2019.618774414062 -182.646728515625 -183.87447697445478
2019.635131835938 -185.086074829102 -184.39054546601466
2019.651611328125 -186.629150390625 -184.98575815412525
2019.668090820312 -182.64404296875 -185.55869296905306
2019.71728515625 -188.363510131836 -187.3652953125761
2019.733764648438 -188.580184936523 -187.96786972647513
2019.750122070312 -187.609313964844 -188.54502954583123
2019.7666015625 -187.925277709961 -189.12221189163765
2019.799438476562 -190.591918945312 -190.21273988751057
2019.832275390625 -193.358749389648 -191.27251565659108
2019.865112304688 -192.442749023438 -192.28830372144034
2019.898071289062 -193.774597167969 -193.26428429915066
2019.930908203125 -195.249069213867 -194.20053978370987
2019.963745117188 -194.938690185547 -195.1019864213663
2019.99658203125 -196.048934936523 -195.99924533806964
2020.030151367188 -197.507385253906 -196.92825657965065
2020.06298828125 -196.792541503906 -197.7654309427546
2020.095825195312 -197.607467651367 -198.58098975020405
2020.128662109375 -199.503997802734 -199.38820913577453
2020.161499023438 -200.571655273438 -200.20307972999382
2020.177978515625 -200.871231079102 -200.6155245590591
2020.1943359375 -201.096267700195 -201.02290472535668
2020.227294921875 -203.041870117188 -201.8557068345546
2020.260131835938 -201.759185791016 -202.6980045799041
2020.29296875 -203.684020996094 -203.54769961744316
2020.325805664062 -204.101379394531 -204.40020720075802
2020.358642578125 -205.539779663086 -205.26343895049183
2020.391479492188 -204.949615478516 -206.1257896069915
2020.42431640625 -208.4833984375 -206.97576095158746
2020.457275390625 -205.851470947266 -207.8321934449759
2020.490112304688 -209.024551391602 -208.68509682583007
2020.52294921875 -210.28662109375 -209.51263500291086
2020.555786132812 -209.065353393555 -210.27912017232154
2020.572265625 -212.417449951172 -210.5712032548456
2020.588623046875 -212.336135864258 -210.8220182233615
2020.605102539062 -211.725677490234 -211.18271389454378
2020.621459960938 -213.068832397461 -211.38341689696622
2020.654296875 -210.182846069336 -211.8350664259396
2020.687255859375 -215.243011474609 -212.15977260503502
2020.70361328125 -213.98681640625 -212.3266295921105
2020.720092773438 -214.14599609375 -212.338264315561
2020.7529296875 -212.483642578125 -212.4065150470704
2020.785766601562 -212.789672851562 -212.39365218062179
2020.818603515625 -212.159698486328 -212.33648222910512
2020.851440429688 -212.332275390625 -212.2587582893074
2020.917236328125 -213.056488037109 -212.12678806901474
2020.950073242188 -210.087799072266 -212.23271032265447
2020.98291015625 -211.919021606445 -212.45464387385272
2021.013671875 -210.601470947266 -212.54827864171898
2021.046508789062 -210.634063720703 -212.86385819075517
2021.079345703125 -212.014999389648 -213.40093438339437
2021.1123046875 -212.062072753906 -213.9346293746672
2021.145141601562 -213.06999206543 -214.55850218009928
2021.177978515625 -214.112869262695 -215.2590587863632
2021.210815429688 -217.858795166016 -216.01574480842012
2021.24365234375 -217.975723266602 -216.81029656417223
2021.276489257812 -216.198837280273 -217.68504256379794
2021.309326171875 -219.840225219727 -218.56638455592005
2021.34228515625 -221.667984008789 -219.4292129221791
2021.358642578125 -219.725341796875 -219.81144578118992
2021.391479492188 -220.681381225586 -220.61785018519197
2021.407958984375 -221.517852783203 -220.9918478494003
2021.440795898438 -220.916305541992 -221.75104020935993
2021.4736328125 -221.553314208984 -222.44481677876288
2021.506469726562 -223.270462036133 -223.04380830142946
2021.539306640625 -226.277420043945 -223.55216895581046
2021.572265625 -221.331314086914 -223.90583813075438
2021.605102539062 -227.150283813477 -224.33439768077938
2021.637939453125 -225.299499511719 -224.72828813529662
2021.670776367188 -227.878265380859 -225.08879649305118
2021.736450195312 -230.808685302734 -225.65690620832726
2021.769287109375 -225.660995483398 -225.92792595304664
2021.80224609375 -224.545837402344 -226.18929089963854
2021.835083007812 -221.450622558594 -226.49568766982358
2021.867919921875 -227.982437133789 -226.8886776991216
2021.966430664062 -225.921829223633 -227.91755055457955
2022.0 -236.047058105469 -228.24883727550645
2022.065673828125 -222.996353149414 -228.81930797765327
2022.098510742188 -228.822555541992 -229.15234268120477
2022.197143554688 -231.662399291992 -230.20779558979095
2022.22998046875 -233.00163269043 -230.60514607626044
2022.262817382812 -229.358108520508 -231.02198178731433
2022.295654296875 -228.979949951172 -231.44071159193294
2022.328491210938 -235.596786499023 -231.84931591858904
2022.394287109375 -229.836196899414 -232.5689277127066
2022.558471679688 -238.639419555664 -233.8168667651579
2022.591430664062 -233.817047119141 -234.10199766544346
2022.68994140625 -238.492858886719 -235.00022811535794
2022.722778320312 -239.81721496582 -235.286656438896
2022.821411132812 -233.973907470703 -235.46182724798848
2022.854248046875 -239.321044921875 -235.32977443611622
2022.887084960938 -235.708358764648 -235.152783103508
2022.919921875 -234.174728393555 -234.99910476985244
2022.952758789062 -235.313400268555 -234.81115217993772
2022.985595703125 -237.087951660156 -234.56010813649115
2023.019165039062 -231.935806274414 -234.2982727469348
2023.052001953125 -233.705032348633 -234.03141664519774
2023.084838867188 -230.31591796875 -233.80868243806898
2023.11767578125 -232.491058349609 -233.57866968440953
2023.150634765625 -232.612167358398 -233.33739053120692
2023.183471679688 -233.702835083008 -233.09919434502527
2023.21630859375 -234.749771118164 -232.86634040387167
2023.249145507812 -235.553863525391 -232.63942129551694
2023.281982421875 -232.972152709961 -232.4171150095458
2023.314819335938 -231.387557983398 -232.1972573952503
2023.34765625 -231.573944091797 -231.97783153145585
2023.380615234375 -231.43701171875 -231.75670278709958
2023.413452148438 -231.858764648438 -231.5347298818224
2023.4462890625 -230.675704956055 -231.31064027838508
2023.57763671875 -217.817001342773 -230.39021863146604
