2014.804931640625 -0.0 -10.453789436760337
2014.837768554688 -12.295140266418 -10.901389377795965
2014.903442382812 -4.812181472778 -11.794734706550432
2014.96923828125 -8.239197731018 -12.68673080498618
2015.03564453125 -7.85972738266 -13.58339462968434
2015.101318359375 -14.920877456665 -14.466687500910112
2015.265625 -17.275629043579 -16.66282863850017
2015.331298828125 -23.364664077759 -17.535522099394004
2015.39697265625 -30.409257888794 -18.405311663021077
2016.021850585938 -27.033441543579 -26.53696853286433
2016.1533203125 -22.499128341675 -28.46798157627301
2016.350463867188 -41.370059967041 -30.194987209169238
2016.416137695312 -21.475276947021 -30.684871644706014
2016.547607421875 -34.775218963623 -32.36024094431735
2016.744750976562 -34.783687591553 -33.223993764429075
2016.777587890625 -33.379528045654 -33.0396841633293
2016.810424804688 -33.480781555176 -32.8687050124518
2016.84326171875 -33.097770690918 -32.710838992767826
2016.876098632812 -31.489641189575 -32.58780024926405
2016.908935546875 -31.802930831909 -32.55493461214434
2016.941772460938 -30.377021789551 -32.54096500109941
2016.974731445312 -30.337696075439 -32.5697495646685
2017.005493164062 -31.046007156372 -32.73321822378871
2017.038330078125 -32.035095214844 -32.81263853774922
2017.071166992188 -30.872819900513 -32.89755922448084
2017.10400390625 -32.454254150391 -33.2405387732788
2017.136840820312 -32.613086700439 -33.715933153955646
2017.169799804688 -33.814937591553 -34.285774183468824
2017.20263671875 -33.348636627197 -34.93889979891241
2017.235473632812 -36.409038543701 -35.637072561139625
2017.268310546875 -36.871955871582 -36.34700608086091
2017.301147460938 -36.323860168457 -37.056740227966095
2017.333984375 -37.554061889648 -37.76176846309685
2017.366821289062 -40.760440826416 -38.43989744818342
2017.399780273438 -41.372444152832 -39.06322439160991
2017.4326171875 -40.446403503418 -39.60826181548655
2017.498291015625 -40.138137817383 -40.46428025422876
2017.531127929688 -41.488815307617 -40.80154494576562
2017.56396484375 -42.036407470703 -41.10069859938502
2017.596801757812 -44.770141601562 -41.359950976788454
2017.629760742188 -44.122230529785 -41.56775299065604
2017.66259765625 -42.024887084961 -41.725455692625474
2017.695434570312 -40.919578552246 -41.861302376551905
2017.728271484375 -39.860862731934 -41.998621031316134
2017.761108398438 -41.867420196533 -42.142073543258086
2017.7939453125 -41.901443481445 -42.29305311917118
2017.826782226562 -42.30135345459 -42.46166739403595
2017.859741210938 -43.285949707031 -42.66733745103349
2017.892578125 -41.700374603271 -42.93947619536751
2017.925415039062 -42.502635955811 -43.283377988933495
2017.958251953125 -43.192283630371 -43.689057545612194
2017.991088867188 -44.090885162354 -44.148416017963925
2018.024658203125 -44.04634475708 -44.67297149577931
2018.057495117188 -44.680156707764 -45.241771782909346
2018.09033203125 -45.082698822021 -45.870259565789965
2018.123168945312 -45.798915863037 -46.57717630895511
2018.156005859375 -46.616966247559 -47.365687646238236
2018.18896484375 -48.161590576172 -48.2239448872415
2018.221801757812 -48.691375732422 -49.124526315333405
2018.254638671875 -48.924110412598 -50.05734155341973
2018.287475585938 -49.620742797852 -51.021511061666985
2018.3203125 -51.792972564697 -52.01491383371544
2018.353149414062 -54.194156646729 -53.03229908689218
2018.385986328125 -57.630729675293 -54.06400518078554
2018.4189453125 -55.96594619751 -55.09476831650802
2018.451782226562 -55.79935836792 -56.08824982944769
2018.484619140625 -56.692775726318 -57.02495418235828
2018.517456054688 -57.620334625244 -57.89560002421135
2018.55029296875 -60.595108032227 -58.693997980602056
2018.583129882812 -63.244606018066 -59.409476285184134
2018.615966796875 -60.761306762695 -60.04272701461563
2018.64892578125 -62.225982666016 -60.60630346446544
2018.681762695312 -63.240795135498 -61.115798387359206
2018.714599609375 -62.84646987915 -61.59028715576494
2018.747436523438 -62.25467300415 -62.02720615580849
2018.7802734375 -61.908828735352 -62.40516166608884
2018.813110351562 -63.212020874023 -62.69216481001992
2018.845947265625 -62.356937408447 -62.913951536050256
2018.87890625 -62.22779083252 -63.08153155865676
2018.911743164062 -63.739601135254 -63.24227422339946
2018.944580078125 -63.447074890137 -63.39970851722969
2018.977416992188 -63.827854156494 -63.57916375046382
2019.010986328125 -64.203666687012 -63.77287347335726
2019.043823242188 -63.906162261963 -63.96635058862428
2019.109497070312 -63.187423706055 -64.26626933533286
2019.1259765625 -64.225967407227 -64.32830254174289
2019.142333984375 -65.982032775879 -64.36122327715184
2019.175170898438 -64.82886505127 -64.42831538044793
2019.191650390625 -64.114051818848 -64.43413615696728
2019.208129882812 -65.852401733398 -64.42015136165568
2019.224487304688 -64.867721557617 -64.4171793998376
2019.240966796875 -64.212783813477 -64.35057646885139
2019.25732421875 -64.543403625488 -64.2533036682107
2019.273803710938 -64.822044372559 -64.16669256034334
2019.290161132812 -63.382759094238 -64.03966873628346
2019.306640625 -63.340827941895 -63.85687038157271
2019.323120117188 -63.403915405273 -63.66159455642836
2019.339477539062 -65.680793762207 -63.45151373106694
2019.35595703125 -63.935092926025 -63.22115538842952
2019.372314453125 -67.588958740234 -62.979523338635595
2019.388793945312 -62.572330474854 -62.7292202638082
2019.405151367188 -61.114749908447 -62.49023620119962
2019.421630859375 -63.821483612061 -62.29925505519336
2019.438110351562 -59.408088684082 -62.1473430388885
2019.454467773438 -64.282859802246 -62.05518353891158
2019.470947265625 -61.036357879639 -62.04983008557499
2019.4873046875 -60.207733154297 -62.12613980952543
2019.503784179688 -59.692657470703 -62.3719653773491
2019.520141601562 -60.872241973877 -62.49409635743595
2019.53662109375 -58.129028320312 -62.66598289875715
2019.569458007812 -64.054328918457 -63.137988975617205
2019.602294921875 -67.023452758789 -63.75546536521494
2019.618774414062 -61.762855529785 -64.06591858580279
2019.635131835938 -64.519645690918 -64.40037013259725
2019.651611328125 -65.994255065918 -64.76306328618008
2019.668090820312 -60.455562591553 -65.12766930486985
2019.71728515625 -66.398056030273 -66.2418341958319
2019.733764648438 -66.343460083008 -66.61042183259998
2019.750122070312 -62.527961730957 -66.954636603524
2019.7666015625 -67.038101196289 -67.30188516086686
2019.799438476562 -68.620178222656 -67.96297672992058
2019.832275390625 -68.11003112793 -68.6164266147816
2019.865112304688 -69.788291931152 -69.26665688982811
2019.898071289062 -70.099464416504 -69.91525297686637
2019.930908203125 -71.115867614746 -70.56507080798902
2019.963745117188 -70.662155151367 -71.22653434169193
2019.99658203125 -71.618286132812 -71.88274468751463
2020.030151367188 -72.531524658203 -72.54280829370283
2020.06298828125 -72.737419128418 -73.17415707202967
2020.095825195312 -73.985626220703 -73.80076554177386
2020.128662109375 -74.467025756836 -74.42938111622438
2020.161499023438 -75.608825683594 -75.05938876362521
2020.177978515625 -75.499122619629 -75.36813101979796
2020.1943359375 -75.622505187988 -75.68556307620752
2020.227294921875 -77.249320983887 -76.30223546720659
2020.260131835938 -75.565444946289 -76.88926217591768
2020.29296875 -77.836204528809 -77.45913749684848
2020.325805664062 -77.958801269531 -77.98890178123982
2020.358642578125 -79.009048461914 -78.4337163663568
2020.391479492188 -79.764472961426 -78.82895339949759
2020.42431640625 -79.952163696289 -79.1918665831143
2020.457275390625 -79.160667419434 -79.51487587908215
2020.490112304688 -81.459762573242 -79.77883403852537
2020.52294921875 -79.877182006836 -79.98668288245618
2020.555786132812 -80.567817687988 -80.12425716635194
2020.572265625 -82.45337677002 -80.13239712110133
2020.588623046875 -79.725257873535 -80.12538716414218
2020.605102539062 -80.463279724121 -80.16840015505018
2020.621459960938 -79.399337768555 -80.13719014534816
2020.654296875 -79.671676635742 -80.09720313487003
2020.687255859375 -81.146690368652 -80.03147561458027
2020.70361328125 -80.621994018555 -79.99394877498003
2020.720092773438 -80.523170471191 -79.97151417078932
2020.7529296875 -79.659820556641 -79.93556637752758
2020.785766601562 -79.481651306152 -79.9281735993117
2020.818603515625 -77.668563842773 -79.95774127218247
2020.851440429688 -79.508750915527 -80.02581519251105
2020.917236328125 -79.92643737793 -80.26879915285114
2020.950073242188 -79.60587310791 -80.51251161289952
2020.98291015625 -80.53441619873 -80.80028114420583
2021.013671875 -80.119972229004 -81.0164355686834
2021.046508789062 -80.592552185059 -81.40662274809984
2021.079345703125 -82.043495178223 -81.90539947594611
2021.1123046875 -82.636619567871 -82.4082025411854
2021.145141601562 -81.992797851562 -82.92855539818518
2021.177978515625 -82.695831298828 -83.4574586210968
2021.210815429688 -84.701431274414 -83.99484050717767
2021.24365234375 -85.996315002441 -84.551351069049
2021.276489257812 -82.393653869629 -85.11432571960718
2021.309326171875 -87.099235534668 -85.68938688315649
2021.34228515625 -86.948394775391 -86.2787941764789
2021.358642578125 -86.745491027832 -86.57692915952732
2021.391479492188 -85.395797729492 -87.16321825437038
2021.407958984375 -86.590507507324 -87.45403099507494
2021.440795898438 -88.116523742676 -88.0185262714894
2021.4736328125 -88.610610961914 -88.5321918817957
2021.506469726562 -85.728073120117 -88.95799335370513
2021.539306640625 -91.676788330078 -89.29898455475075
2021.572265625 -90.414497375488 -89.53039406764016
2021.605102539062 -92.086967468262 -89.8652123567648
2021.637939453125 -90.680709838867 -90.18261158479335
2021.670776367188 -96.659729003906 -90.46540743073884
2021.736450195312 -94.868965148926 -90.80670866829134
2021.769287109375 -90.31689453125 -90.97844029427749
2021.80224609375 -91.50479888916 -91.08092847073272
2021.835083007812 -91.078742980957 -91.19015912508019
2021.867919921875 -92.849960327148 -91.26473815878087
2021.966430664062 -89.766860961914 -91.46042108341275
2022.0 -91.678009033203 -91.53021790619779
2022.065673828125 -91.385627746582 -91.6531214580223
2022.098510742188 -91.500564575195 -91.71799862112788
2022.197143554688 -92.413345336914 -91.88495884997485
2022.22998046875 -92.373252868652 -91.9385248844948
2022.262817382812 -88.553199768066 -91.99031874593261
2022.295654296875 -88.801147460938 -92.02479529297874
2022.328491210938 -95.204330444336 -92.00663657859401
2022.394287109375 -92.075759887695 -91.831136707341
2022.558471679688 -99.371398925781 -91.52366625695187
2022.591430664062 -87.999702453613 -91.49744618413253
2022.68994140625 -98.987747192383 -91.32593740344184
2022.722778320312 -96.806419372559 -91.27204999531651
2022.821411132812 -92.03825378418 -91.12437604995402
2022.854248046875 -90.242057800293 -90.90872866671245
2022.887084960938 -91.21834564209 -90.59031894212299
2022.919921875 -90.118637084961 -90.2990115289867
2022.952758789062 -89.180023193359 -89.99459830131529
2022.985595703125 -91.188652038574 -89.69455218100629
2023.019165039062 -88.767921447754 -89.44270010818929
2023.052001953125 -88.642906188965 -89.18902711048582
2023.084838867188 -88.120468139648 -89.03235777844445
2023.11767578125 -88.683647155762 -89.00274612269557
2023.150634765625 -87.515083312988 -88.93249313202985
2023.183471679688 -87.982772827148 -88.9573545484111
2023.21630859375 -86.245742797852 -88.98824352472703
2023.249145507812 -87.998580932617 -89.02448851310345
2023.281982421875 -88.150039672852 -89.06719893512235
2023.314819335938 -89.349983215332 -89.11824976279833
2023.34765625 -89.137954711914 -89.17977038623219
2023.380615234375 -91.570846557617 -89.25380812560512
2023.413452148438 -86.097679138184 -89.34100307181428
2023.4462890625 -92.096626281738 -89.44166413899121
2023.57763671875 -99.740852355957 -89.9626841380482
