2014.804931640625 0.0 6.554036361270611
2014.837768554688 6.676093578339 5.235661675583645
2014.903442382812 7.102915763855 2.600636037473499
2014.96923828125 -0.501066982746 -0.03694852416484176
2015.03564453125 -1.210436463356 -2.6965421567565815
2015.101318359375 -14.923878669739 -5.324132928981633
2015.265625 -12.085159301758 -11.885783731452152
2015.331298828125 -21.107677459717 -14.50357251119835
2015.39697265625 -30.846082687378 -17.118589733059324
2016.021850585938 -42.69552230835 -42.35204013772584
2016.1533203125 -49.071483612061 -47.55714206899444
2016.350463867188 -53.607902526855 -54.163224382416956
2016.416137695312 -63.956504821777 -56.34608704983669
2016.547607421875 -61.277923583984 -60.67370178991222
2016.744750976562 -65.611152648926 -67.0114018009647
2016.777587890625 -68.498191833496 -68.14884785505159
2016.810424804688 -68.453239440918 -69.29648652300027
2016.84326171875 -69.853317260742 -70.51666640102492
2016.876098632812 -71.525009155273 -71.84461552089395
2016.908935546875 -72.440544128418 -73.24505194386835
2016.941772460938 -74.008941650391 -74.6500008016582
2016.974731445312 -75.347969055176 -76.17715850779902
2017.005493164062 -76.970779418945 -77.6856976398208
2017.038330078125 -78.764846801758 -79.26222470250514
2017.071166992188 -80.212982177734 -80.84751437084746
2017.10400390625 -82.120964050293 -82.53930003974925
2017.136840820312 -84.215766906738 -84.28594446011375
2017.169799804688 -86.706245422363 -86.07464857740375
2017.20263671875 -87.268592834473 -87.89002590111413
2017.235473632812 -89.002243041992 -89.72307130197288
2017.268310546875 -91.614067077637 -91.53706302672956
2017.301147460938 -94.214836120605 -93.2950297478542
2017.333984375 -94.517250061035 -94.98071362230334
2017.366821289062 -97.077453613281 -96.60273888544783
2017.399780273438 -99.918487548828 -98.19141764425964
2017.4326171875 -101.609077453613 -99.75900452637582
2017.498291015625 -104.130142211914 -102.86573402228422
2017.531127929688 -106.383499145508 -104.39542546219184
2017.56396484375 -105.41618347168 -105.89403089623673
2017.596801757812 -106.22306060791 -107.35223979744185
2017.629760742188 -107.896659851074 -108.77272475429213
2017.66259765625 -109.718330383301 -110.14678293120912
2017.695434570312 -111.343841552734 -111.48989701411203
2017.728271484375 -114.165718078613 -112.82428189882424
2017.761108398438 -114.510696411133 -114.1628738455169
2017.7939453125 -115.696342468262 -115.50391274850041
2017.826782226562 -117.315895080566 -116.84091161767327
2017.859741210938 -118.527442932129 -118.17391081838505
2017.892578125 -119.578712463379 -119.48235424672653
2017.925415039062 -120.89111328125 -120.76452520464213
2017.958251953125 -122.005027770996 -122.02528958878743
2017.991088867188 -123.309638977051 -123.27304498608623
2018.024658203125 -124.536521911621 -124.54420257351168
2018.057495117188 -125.865989685059 -125.79200191002953
2018.09033203125 -127.036560058594 -127.05264782489844
2018.123168945312 -127.716247558594 -128.32719965490742
2018.156005859375 -128.983261108398 -129.61539162586752
2018.18896484375 -131.03288269043 -130.92493202885487
2018.221801757812 -131.686889648438 -132.2439260755094
2018.254638671875 -134.247192382812 -133.5739367915567
2018.287475585938 -134.448318481445 -134.91325245683902
2018.3203125 -135.974060058594 -136.25951930356499
2018.353149414062 -137.213577270508 -137.61371346642153
2018.385986328125 -140.41862487793 -138.98061455584804
2018.4189453125 -140.341354370117 -140.36580211325486
2018.451782226562 -141.240188598633 -141.75899082384637
2018.484619140625 -144.716781616211 -143.1719465740489
2018.517456054688 -143.664657592773 -144.61487280556688
2018.55029296875 -145.685638427734 -146.08977909843063
2018.583129882812 -147.123794555664 -147.58604627572902
2018.615966796875 -148.351119995117 -149.0887988659355
2018.64892578125 -149.828491210938 -150.5945164239259
2018.681762695312 -152.487380981445 -152.094238378432
2018.714599609375 -146.160339355469 -153.59944872094636
2018.747436523438 -154.737152099609 -155.11356614843604
2018.7802734375 -157.63525390625 -156.6390618663578
2018.813110351562 -159.1640625 -158.18189255289198
2018.845947265625 -161.154098510742 -159.75067388894706
2018.87890625 -160.709121704102 -161.32901208859053
2018.911743164062 -162.005889892578 -162.90416853669953
2018.944580078125 -164.126434326172 -164.4623346432686
2018.977416992188 -165.920333862305 -166.01911020729298
2019.010986328125 -167.092697143555 -167.66833804467993
2019.043823242188 -168.253021240234 -169.26555351974804
2019.109497070312 -173.080505371094 -172.73116994243853
2019.1259765625 -173.136444091797 -173.61425091046146
2019.142333984375 -174.273223876953 -174.52616417996597
2019.175170898438 -176.379592895508 -176.37869798336004
2019.191650390625 -176.747863769531 -177.3463546963478
2019.208129882812 -178.731002807617 -178.32437054048444
2019.224487304688 -179.083847045898 -179.29759750794318
2019.240966796875 -180.346115112305 -180.2755373020153
2019.25732421875 -181.311660766602 -181.23847315512108
2019.273803710938 -182.386917114258 -182.21521598497975
2019.290161132812 -182.934921264648 -183.1907454468128
2019.306640625 -184.221740722656 -184.13830089769377
2019.323120117188 -185.43635559082 -185.05751973575295
2019.339477539062 -186.636352539062 -185.94018217604057
2019.35595703125 -187.087860107422 -186.80032719316907
2019.372314453125 -187.873779296875 -187.62715509358728
2019.388793945312 -189.004440307617 -188.43253725922025
2019.405151367188 -189.632827758789 -189.1795255127651
2019.421630859375 -189.886779785156 -189.94157104669634
2019.438110351562 -191.760009765625 -190.68240424199072
2019.454467773438 -191.483016967773 -191.4045454959491
2019.470947265625 -190.302841186523 -192.11496522351067
2019.4873046875 -192.614013671875 -192.77805535082783
2019.503784179688 -190.045425415039 -193.33774941835284
2019.520141601562 -190.224456787109 -193.9326850959811
2019.53662109375 -198.435119628906 -194.51968321013177
2019.569458007812 -197.395950317383 -195.64620940366183
2019.602294921875 -192.736526489258 -196.70317752884202
2019.618774414062 -199.691101074219 -197.27307897435765
2019.635131835938 -198.648361206055 -197.85296285674718
2019.651611328125 -198.535385131836 -198.33698258778293
2019.668090820312 -198.177459716797 -198.89136887099113
2019.71728515625 -200.842544555664 -200.21207597593732
2019.733764648438 -199.628997802734 -200.59407807505937
2019.750122070312 -202.660552978516 -200.95651043877612
2019.7666015625 -200.802612304688 -201.3197817275648
2019.799438476562 -201.844772338867 -202.02873469030772
2019.832275390625 -203.927169799805 -202.72633332536745
2019.865112304688 -203.20085144043 -203.40747677519312
2019.898071289062 -204.103546142578 -204.06946440476096
2019.930908203125 -205.053802490234 -204.691392006469
2019.963745117188 -205.566650390625 -205.24809335654268
2019.99658203125 -206.053482055664 -205.76670615959355
2020.030151367188 -206.757843017578 -206.32441415334785
2020.06298828125 -207.027877807617 -206.76381751858557
2020.095825195312 -207.407455444336 -207.18743644279513
2020.128662109375 -207.918380737305 -207.5731090119808
2020.161499023438 -208.448760986328 -207.92194548214903
2020.177978515625 -208.31916809082 -208.06127955302122
2020.1943359375 -208.684646606445 -208.23296019146065
2020.227294921875 -208.539489746094 -208.50947039465055
2020.260131835938 -208.42155456543 -208.75161899517
2020.29296875 -208.953216552734 -208.97434784782794
2020.325805664062 -209.839767456055 -209.16965793816166
2020.358642578125 -208.831802368164 -209.3495423051019
2020.391479492188 -210.436096191406 -209.5457068554927
2020.42431640625 -209.026168823242 -209.7617035842332
2020.457275390625 -206.200836181641 -210.01531504042893
2020.490112304688 -210.498809814453 -210.30388450861668
2020.52294921875 -209.879943847656 -210.62054133290897
2020.555786132812 -210.120376586914 -210.97074234351422
2020.572265625 -207.576141357422 -211.2088569722214
2020.588623046875 -210.458862304688 -211.45377731126558
2020.605102539062 -210.922637939453 -211.62972489532092
2020.621459960938 -213.514984130859 -211.895563724998
2020.654296875 -206.232437133789 -212.39209391215084
2020.687255859375 -212.878219604492 -212.92322975287482
2020.70361328125 -212.924789428711 -213.19883109363798
2020.720092773438 -212.576431274414 -213.44955416973156
2020.7529296875 -215.819869995117 -213.9481851171095
2020.785766601562 -215.069717407227 -214.42441041789849
2020.818603515625 -215.161514282227 -214.87886703660942
2020.851440429688 -217.809829711914 -215.30201359518313
2020.917236328125 -216.239242553711 -216.03412827476006
2020.950073242188 -216.832122802734 -216.30815821480977
2020.98291015625 -216.947250366211 -216.54662864034987
2021.013671875 -216.888900756836 -216.8070411875451
2021.046508789062 -217.601058959961 -216.97099634566206
2021.079345703125 -217.003204345703 -217.07183991690295
2021.1123046875 -217.037155151367 -217.16107908382511
2021.145141601562 -217.99626159668 -217.21978198073322
2021.177978515625 -217.11897277832 -217.25302988545906
2021.210815429688 -218.050979614258 -217.2676706337318
2021.24365234375 -215.709182739258 -217.28926181627605
2021.276489257812 -217.436599731445 -217.26331728565438
2021.309326171875 -217.831680297852 -217.2395840057556
2021.34228515625 -217.246658325195 -217.23558385488764
2021.358642578125 -218.194686889648 -217.26120033757277
2021.391479492188 -217.243499755859 -217.2997870435542
2021.407958984375 -215.886306762695 -217.33872418423167
2021.440795898438 -214.309310913086 -217.3879058563893
2021.4736328125 -215.967636108398 -217.44990911261144
2021.506469726562 -224.766540527344 -217.524098097635
2021.539306640625 -217.334808349609 -217.6140471354179
2021.572265625 -218.063018798828 -217.8027779703203
2021.605102539062 -220.911087036133 -217.9697324883006
2021.637939453125 -217.719604492188 -218.17741930517792
2021.670776367188 -218.110321044922 -218.4326738214125
2021.736450195312 -216.06396484375 -219.17938166333727
2021.769287109375 -218.974670410156 -219.58838678934438
2021.80224609375 -217.892547607422 -220.06799951928681
2021.835083007812 -218.365432739258 -220.55470338008323
2021.867919921875 -221.533096313477 -221.14395785611632
2021.966430664062 -222.363906860352 -223.0362368155818
2022.0 -222.026916503906 -223.7738006677591
2022.065673828125 -224.691452026367 -225.11971791714672
2022.098510742188 -225.330932617188 -225.87351152547734
2022.197143554688 -228.475860595703 -228.03377599551706
2022.22998046875 -230.654388427734 -228.71379647564402
2022.262817382812 -229.676727294922 -229.36504542266778
2022.295654296875 -229.630630493164 -229.9692187777815
2022.328491210938 -232.793884277344 -230.5039603037384
2022.394287109375 -233.880920410156 -231.38831152603558
2022.558471679688 -235.050277709961 -233.4142938782814
2022.591430664062 -240.263412475586 -233.88714110547818
2022.68994140625 -235.698928833008 -235.15784996147823
2022.722778320312 -238.119552612305 -235.47907247682582
2022.821411132812 -235.527160644531 -235.89556278106662
2022.854248046875 -236.384689331055 -236.0166235721243
2022.887084960938 -235.612274169922 -236.16282604629575
2022.919921875 -236.1171875 -236.30996828626337
2022.952758789062 -235.478118896484 -236.47036230069997
2022.985595703125 -235.631698608398 -236.73220717199243
2023.019165039062 -236.390899658203 -237.0692319121743
2023.052001953125 -236.823867797852 -237.3776741232614
2023.084838867188 -237.071304321289 -237.8284087302647
2023.11767578125 -238.228866577148 -238.3620120720952
2023.150634765625 -237.526763916016 -238.85794233089624
2023.183471679688 -239.326446533203 -239.39789494553798
2023.21630859375 -238.815292358398 -239.93865649086325
2023.249145507812 -237.919784545898 -240.48391934722582
2023.281982421875 -241.111145019531 -241.03589153658564
2023.314819335938 -243.635818481445 -241.59576251079474
2023.34765625 -242.81965637207 -242.16372300447128
2023.380615234375 -242.05778503418 -242.7406196124955
2023.413452148438 -248.344543457031 -243.32031856878027
2023.4462890625 -243.465118408203 -243.90351446345005
2023.57763671875 -258.917266845703 -246.25440662851878
