2014.804931640625 -0.0 -14.053119948991789
2014.837768554688 -15.432722091675 -15.23041250174949
2014.903442382812 -11.468971252441 -17.580052680014678
2014.96923828125 -21.854446411133 -19.926974011882088
2015.03564453125 -30.650342941284 -22.288337664531813
2015.101318359375 -21.005748748779 -24.615928647765024
2015.265625 -47.328193664551 -30.401521360739647
2015.331298828125 -39.505939483643 -32.6984634849442
2015.39697265625 -35.315437316895 -34.986261554870715
2016.021850585938 -56.019081115723 -54.74565244747079
2016.1533203125 -67.267112731934 -58.37381281101103
2016.350463867188 -80.72876739502 -63.79654055870383
2016.416137695312 -51.104869842529 -65.12624345918162
2016.547607421875 -79.497467041016 -68.12929225931722
2016.744750976562 -62.491863250732 -70.86652388396915
2016.777587890625 -75.893463134766 -71.47373300604187
2016.810424804688 -76.308097839355 -72.11549395925219
2016.84326171875 -72.109970092773 -72.78383515053623
2016.876098632812 -68.643852233887 -73.43479748335629
2016.908935546875 -72.565330505371 -74.20046304951227
2016.941772460938 -73.112014770508 -75.02860879583953
2016.974731445312 -76.377418518066 -75.87023090192676
2017.005493164062 -76.64347076416 -76.73847190746508
2017.038330078125 -75.023559570312 -77.61473522917152
2017.071166992188 -74.96891784668 -78.51447622654288
2017.10400390625 -81.295921325684 -79.57802138414023
2017.136840820312 -79.487258911133 -80.73075911485
2017.169799804688 -83.515480041504 -81.95081825018468
2017.20263671875 -82.724159240723 -83.2154152573732
2017.235473632812 -85.651092529297 -84.5020190295666
2017.268310546875 -86.889633178711 -85.77289355782533
2017.301147460938 -86.565399169922 -86.99602179124228
2017.333984375 -86.352256774902 -88.17812294230322
2017.366821289062 -87.02611541748 -89.32583109408408
2017.399780273438 -92.777847290039 -90.47156092540004
2017.4326171875 -99.596801757812 -91.63949018134102
2017.498291015625 -97.517715454102 -94.12084841844697
2017.531127929688 -93.518020629883 -95.43989053424633
2017.56396484375 -93.626838684082 -96.80532184923342
2017.596801757812 -94.904602050781 -98.22240497117585
2017.629760742188 -101.005462646484 -99.70044945856274
2017.66259765625 -95.778350830078 -101.25245760616036
2017.695434570312 -103.736839294434 -102.9229017144134
2017.728271484375 -103.247367858887 -104.75580945791764
2017.761108398438 -106.375480651855 -106.7388118560324
2017.7939453125 -106.165580749512 -108.81593982123825
2017.826782226562 -111.398139953613 -110.954980272255
2017.859741210938 -110.799034118652 -113.15449932777813
2017.892578125 -116.896224975586 -115.3715253604701
2017.925415039062 -117.734436035156 -117.5917291292518
2017.958251953125 -119.701110839844 -119.80233253227306
2017.991088867188 -123.19295501709 -121.9980342990072
2018.024658203125 -125.133743286133 -124.21641235150037
2018.057495117188 -127.278884887695 -126.35531887005676
2018.09033203125 -129.146835327148 -128.45568748408363
2018.123168945312 -130.355422973633 -130.49422171331025
2018.156005859375 -133.326889038086 -132.45457188908753
2018.18896484375 -135.105728149414 -134.3555704247011
2018.221801757812 -136.520706176758 -136.19671919052712
2018.254638671875 -136.178192138672 -138.00681834125373
2018.287475585938 -140.807342529297 -139.78056211740974
2018.3203125 -143.195526123047 -141.50698119893474
2018.353149414062 -142.183288574219 -143.17249237459603
2018.385986328125 -150.64225769043 -144.77906078565294
2018.4189453125 -144.15364074707 -146.3402223612668
2018.451782226562 -146.595764160156 -147.8540500183694
2018.484619140625 -152.53971862793 -149.32556290102332
2018.517456054688 -151.16455078125 -150.75092886670706
2018.55029296875 -157.498245239258 -152.10930737912267
2018.583129882812 -153.198760986328 -153.37990205418825
2018.615966796875 -147.124618530273 -154.55847126208167
2018.64892578125 -154.589736938477 -155.66413403466137
2018.681762695312 -159.722244262695 -156.70669166227805
2018.714599609375 -158.798950195312 -157.70560462489226
2018.747436523438 -161.371383666992 -158.67619251769315
2018.7802734375 -159.700317382812 -159.61414777544127
2018.813110351562 -161.662796020508 -160.53958333387098
2018.845947265625 -158.824798583984 -161.47106159266843
2018.87890625 -160.473663330078 -162.4043978564729
2018.911743164062 -162.1162109375 -163.35102486181628
2018.944580078125 -163.992218017578 -164.23203911229368
2018.977416992188 -165.649230957031 -165.14429390732522
2019.010986328125 -165.978942871094 -166.22154425955245
2019.043823242188 -167.820663452148 -167.3563110394921
2019.109497070312 -169.151580810547 -169.83466253159423
2019.1259765625 -170.031188964844 -170.43382091046166
2019.142333984375 -171.439758300781 -171.02621336843367
2019.175170898438 -174.644165039062 -172.20791153846315
2019.191650390625 -170.629135131836 -172.8162611682265
2019.208129882812 -172.473434448242 -173.4217214181448
2019.224487304688 -172.400588989258 -174.024932211816
2019.240966796875 -176.528991699219 -174.60518426473595
2019.25732421875 -174.779876708984 -175.15033608117912
2019.273803710938 -178.719848632812 -175.72516587547685
2019.290161132812 -177.157867431641 -176.28121088878228
2019.306640625 -176.263961791992 -176.7265270088965
2019.323120117188 -176.910858154297 -177.08815740458132
2019.339477539062 -177.977020263672 -177.3577861279036
2019.35595703125 -177.76579284668 -177.54121243882113
2019.372314453125 -184.777114868164 -177.64633979073383
2019.388793945312 -180.63703918457 -177.69117152096197
2019.405151367188 -176.339096069336 -177.6604393157277
2019.421630859375 -179.373672485352 -177.72732024883354
2019.438110351562 -169.98225402832 -177.83017160094258
2019.454467773438 -178.9443359375 -177.97274244220716
2019.470947265625 -172.980484008789 -178.1607297651459
2019.4873046875 -177.722152709961 -178.38591540584028
2019.503784179688 -177.972839355469 -178.77773027239493
2019.520141601562 -176.929016113281 -179.08416781357
2019.53662109375 -173.76676940918 -179.49233509008536
2019.569458007812 -184.014083862305 -180.7118614025078
2019.602294921875 -182.119155883789 -182.28626131983356
2019.618774414062 -176.656219482422 -183.0331032136045
2019.635131835938 -191.093185424805 -183.82381387902532
2019.651611328125 -195.420120239258 -184.74888475736086
2019.668090820312 -181.945083618164 -185.6391452580439
2019.71728515625 -188.172576904297 -188.609963814026
2019.733764648438 -192.266021728516 -189.6458412258037
2019.750122070312 -187.2080078125 -190.82845375055206
2019.7666015625 -190.345169067383 -191.94149283168645
2019.799438476562 -191.24072265625 -194.36486651768058
2019.832275390625 -198.653106689453 -196.81189418713575
2019.865112304688 -198.567657470703 -199.3561392914299
2019.898071289062 -201.496154785156 -201.95842394496034
2019.930908203125 -205.870758056641 -204.53702646606467
2019.963745117188 -207.517868041992 -207.0694010239472
2019.99658203125 -209.908676147461 -209.59678585982135
2020.030151367188 -213.684616088867 -212.23385848080056
2020.06298828125 -214.827239990234 -214.6738580898426
2020.095825195312 -216.062316894531 -217.06048323840042
2020.128662109375 -220.81852722168 -219.36896718052256
2020.161499023438 -221.564926147461 -221.63574616153588
2020.177978515625 -222.302444458008 -222.7440820381818
2020.1943359375 -223.977172851562 -223.8721175725179
2020.227294921875 -231.16584777832 -226.11608825906697
2020.260131835938 -226.722671508789 -228.3635359493134
2020.29296875 -231.357879638672 -230.61875278323956
2020.325805664062 -231.958206176758 -232.91522228270784
2020.358642578125 -232.242462158203 -235.38728253858883
2020.391479492188 -235.991363525391 -237.97118661827997
2020.42431640625 -246.069931030273 -240.63926473506874
2020.457275390625 -238.731842041016 -243.45692728108494
2020.490112304688 -246.271957397461 -246.44835754734513
2020.52294921875 -244.76496887207 -249.57507962955214
2020.555786132812 -247.883804321289 -252.7822602043278
2020.572265625 -255.936828613281 -254.44084806869873
2020.588623046875 -254.879348754883 -256.0633464522345
2020.605102539062 -263.667755126953 -257.6829838313069
2020.621459960938 -258.456329345703 -259.29599849274524
2020.654296875 -264.572143554688 -262.52284806451513
2020.687255859375 -272.215209960938 -265.69221071995446
2020.70361328125 -266.671600341797 -267.30333093093674
2020.720092773438 -271.780639648438 -268.71640157726324
2020.7529296875 -273.834167480469 -271.61203470008394
2020.785766601562 -272.451019287109 -274.39661513856987
2020.818603515625 -276.952697753906 -277.09016002265156
2020.851440429688 -282.377319335938 -279.70196778921337
2020.917236328125 -285.142517089844 -284.6738239993571
2020.950073242188 -286.59033203125 -287.0608199192738
2020.98291015625 -288.852935791016 -289.4248668348787
2021.013671875 -292.098419189453 -291.6542590465114
2021.046508789062 -294.406341552734 -294.0236517239177
2021.079345703125 -296.104797363281 -296.4034606767978
2021.1123046875 -299.326507568359 -298.7737593531987
2021.145141601562 -301.502014160156 -301.10281081734615
2021.177978515625 -299.916625976562 -303.40759808684055
2021.210815429688 -310.540954589844 -305.69858129350024
2021.24365234375 -306.049194335938 -308.0180117513247
2021.276489257812 -309.889129638672 -310.25498317831926
2021.309326171875 -314.912231445312 -312.4109534274154
2021.34228515625 -316.476776123047 -314.45749890226836
2021.358642578125 -316.567687988281 -315.29982951360785
2021.391479492188 -320.115356445312 -317.08091379361286
2021.407958984375 -313.924438476562 -317.79536027175845
2021.440795898438 -321.262054443359 -319.25337048287435
2021.4736328125 -322.458618164062 -320.4520163836233
2021.506469726562 -327.858703613281 -321.38758226383203
2021.539306640625 -328.158416748047 -322.1437865147976
2021.572265625 -321.996704101562 -322.6767800416441
2021.605102539062 -327.953704833984 -323.42790253830094
2021.637939453125 -319.136413574219 -324.11541250990973
2021.670776367188 -333.536010742188 -324.7158590142145
2021.736450195312 -324.110870361328 -325.626479035379
2021.769287109375 -316.804534912109 -326.0753176467297
2021.80224609375 -326.826934814453 -326.4915960913364
2021.835083007812 -326.821502685547 -326.88344378887473
2021.867919921875 -329.535369873047 -327.2360624247409
2021.966430664062 -328.050354003906 -327.91891525264265
2022.0 -327.186248779297 -328.05171771032525
2022.065673828125 -329.756134033203 -328.44164171059595
2022.098510742188 -333.539306640625 -328.5561178722822
2022.197143554688 -338.297302246094 -328.8836839543085
2022.22998046875 -329.178680419922 -328.9499642093798
2022.262817382812 -327.193481445312 -328.9978976847482
2022.295654296875 -325.409149169922 -329.0229477596582
2022.328491210938 -333.446838378906 -329.02396814730037
2022.394287109375 -328.367340087891 -329.00415759427
2022.558471679688 -312.44921875 -329.0308049670492
2022.591430664062 -351.748809814453 -329.03271065192655
2022.68994140625 -321.869995117188 -329.259434352796
2022.722778320312 -332.566497802734 -329.1945793898134
2022.821411132812 -327.478240966797 -329.08271948734944
2022.854248046875 -322.819885253906 -329.52286502004307
2022.887084960938 -332.361968994141 -330.1582161466783
2022.919921875 -325.440765380859 -330.8407241142757
2022.952758789062 -328.130950927734 -331.5141690274681
2022.985595703125 -333.369110107422 -332.27376371030425
2023.019165039062 -333.344451904297 -333.1106402645779
2023.052001953125 -332.800567626953 -333.9100922831691
2023.084838867188 -336.021118164062 -334.8841849262306
2023.11767578125 -336.003784179688 -335.9136775858251
2023.150634765625 -335.592956542969 -336.93669411156765
2023.183471679688 -343.425476074219 -337.9513559593748
2023.21630859375 -337.188751220703 -338.9659712563777
2023.249145507812 -340.214782714844 -339.9828462906526
2023.281982421875 -338.400787353516 -341.0017781702813
2023.314819335938 -343.686767578125 -342.0221708459958
2023.34765625 -344.757110595703 -343.04433387365077
2023.380615234375 -345.723419189453 -344.071523894307
2023.413452148438 -338.740600585938 -345.09431650944475
2023.4462890625 -329.838409423828 -346.1143276183776
2023.57763671875 -358.697418212891 -350.17420529567653
