2014.804931640625 0.0 3.681860714473517
2014.837768554688 2.290600776672 2.3885920986176132
2014.903442382812 -1.755150318146 -0.1991535266871464
2014.96923828125 -0.41715157032 -2.7930928114267797
2015.03564453125 -10.578848838806 -5.412035141039679
2015.101318359375 8.972930908203 -8.003069543230596
2015.265625 -19.301115036011 -14.491273348863603
2015.331298828125 -4.228267669678 -17.087674866806225
2015.39697265625 11.422704696655 -19.686062139852012
2016.021850585938 -44.647686004639 -43.40442955946657
2016.1533203125 -47.807773590088 -49.41242487479199
2016.350463867188 -73.788017272949 -58.406738700407686
2016.416137695312 -58.814319610596 -61.29564934664132
2016.547607421875 -68.931457519531 -67.18139539908768
2016.744750976562 -86.13597869873 -76.4613465867026
2016.777587890625 -83.409606933594 -77.81161432154359
2016.810424804688 -81.781860351562 -79.21817844788322
2016.84326171875 -84.054077148438 -80.59908021316727
2016.876098632812 -82.373222351074 -81.57150879355856
2016.908935546875 -82.96923828125 -82.37621783462046
2016.941772460938 -81.979354858398 -83.20779210888458
2016.974731445312 -82.234596252441 -83.81060524920758
2017.005493164062 -83.512657165527 -84.38723647310101
2017.038330078125 -84.87727355957 -84.97741933641348
2017.071166992188 -83.585334777832 -85.58250005120951
2017.10400390625 -85.673492431641 -86.39945600625255
2017.136840820312 -85.837936401367 -87.3494519007698
2017.169799804688 -86.760009765625 -88.39554357896012
2017.20263671875 -88.492034912109 -89.54744212969399
2017.235473632812 -89.645088195801 -90.83103096673747
2017.268310546875 -92.14818572998 -92.2682556465199
2017.301147460938 -92.964393615723 -93.85860756673658
2017.333984375 -94.323143005371 -95.58178546201933
2017.366821289062 -95.785415649414 -97.40198064730072
2017.399780273438 -97.989074707031 -99.27759919824778
2017.4326171875 -102.297805786133 -101.16204909454697
2017.498291015625 -101.515869140625 -104.98270716962547
2017.531127929688 -107.581214904785 -106.92148937542656
2017.56396484375 -111.018905639648 -108.88347469896807
2017.596801757812 -111.987152099609 -110.85999331091219
2017.629760742188 -113.593635559082 -112.84031675958559
2017.66259765625 -115.782844543457 -114.78075669274449
2017.695434570312 -114.636268615723 -116.66857929818917
2017.728271484375 -115.359100341797 -118.49199764764417
2017.761108398438 -121.620628356934 -120.25862154122143
2017.7939453125 -123.021209716797 -121.98371695067382
2017.826782226562 -124.347946166992 -123.67215297022685
2017.859741210938 -126.936790466309 -125.33138940120558
2017.892578125 -126.846664428711 -126.95528274840623
2017.925415039062 -128.804321289062 -128.54864986571152
2017.958251953125 -130.150512695312 -130.096174855725
2017.991088867188 -132.101577758789 -131.5841371146025
2018.024658203125 -133.437835693359 -133.0379642556349
2018.057495117188 -135.130661010742 -134.4092454253853
2018.09033203125 -136.392837524414 -135.78450144939222
2018.123168945312 -137.524887084961 -137.2243440618868
2018.156005859375 -137.866989135742 -138.76202043320134
2018.18896484375 -139.800109863281 -140.38976886577458
2018.221801757812 -140.828811645508 -142.0928636279922
2018.254638671875 -141.589141845703 -143.87425535357534
2018.287475585938 -143.125503540039 -145.73056734648486
2018.3203125 -144.514175415039 -147.65520436564907
2018.353149414062 -143.975982666016 -149.65022616382063
2018.385986328125 -154.230133056641 -151.7141148277633
2018.4189453125 -152.999130249023 -153.83852842142102
2018.451782226562 -156.600296020508 -155.99135318873286
2018.484619140625 -165.637771606445 -158.16843750557362
2018.517456054688 -159.752044677734 -160.35145097952022
2018.55029296875 -162.446823120117 -162.5095956493394
2018.583129882812 -165.685607910156 -164.59443402116506
2018.615966796875 -168.490905761719 -166.5730148653573
2018.64892578125 -171.580627441406 -168.44487373146308
2018.681762695312 -172.521575927734 -170.2090280330261
2018.714599609375 -169.996719360352 -171.88042428543372
2018.747436523438 -174.310729980469 -173.44386308186492
2018.7802734375 -175.987365722656 -174.9035232921893
2018.813110351562 -177.948959350586 -176.24797314036206
2018.845947265625 -179.3896484375 -177.56152809355595
2018.87890625 -179.065322875977 -178.74418991002463
2018.911743164062 -180.132369995117 -179.78075290783795
2018.944580078125 -180.825134277344 -180.80787889569643
2018.977416992188 -182.057907104492 -181.77393462571928
2019.010986328125 -182.249282836914 -182.6249454731909
2019.043823242188 -183.68083190918 -183.4143624094138
2019.109497070312 -185.282150268555 -184.94538770626804
2019.1259765625 -185.670623779297 -185.341881380246
2019.142333984375 -186.325225830078 -185.71511342295207
2019.175170898438 -186.575805664062 -186.46473213265708
2019.191650390625 -187.018005371094 -186.83246689279227
2019.208129882812 -185.844757080078 -187.20058880065923
2019.224487304688 -187.401824951172 -187.55187877325056
2019.240966796875 -188.309127807617 -187.91981522998688
2019.25732421875 -187.918960571289 -188.28773257449865
2019.273803710938 -188.363510131836 -188.64637680603354
2019.290161132812 -188.360626220703 -189.0147265368494
2019.306640625 -189.427230834961 -189.40403610814093
2019.323120117188 -189.772766113281 -189.78942516476354
2019.339477539062 -190.395111083984 -190.15621478636936
2019.35595703125 -191.12223815918 -190.4993031283774
2019.372314453125 -193.859573364258 -190.81528058155516
2019.388793945312 -191.167587280273 -191.1335710032195
2019.405151367188 -189.895126342773 -191.4923068757393
2019.421630859375 -192.315414428711 -191.89683891193758
2019.438110351562 -192.581268310547 -192.34403409387733
2019.454467773438 -192.894439697266 -192.83018089206342
2019.470947265625 -187.880447387695 -193.36979162997724
2019.4873046875 -191.268692016602 -193.95197401601095
2019.503784179688 -190.725128173828 -194.65953984577502
2019.520141601562 -193.3564453125 -195.2614389740072
2019.53662109375 -197.597015380859 -195.90880160884254
2019.569458007812 -200.893981933594 -197.35998778846522
2019.602294921875 -198.35954284668 -198.95827984555876
2019.618774414062 -196.35285949707 -199.75461621944444
2019.635131835938 -201.782043457031 -200.56815325699998
2019.651611328125 -202.671279907227 -201.39600533053
2019.668090820312 -197.106475830078 -202.23323082306166
2019.71728515625 -205.796936035156 -204.6358349367191
2019.733764648438 -206.998565673828 -205.41042038388358
2019.750122070312 -203.95817565918 -206.1266569912227
2019.7666015625 -207.156555175781 -206.85745786949767
2019.799438476562 -208.58088684082 -208.2031898953714
2019.832275390625 -211.153671264648 -209.49873190555263
2019.865112304688 -211.381622314453 -210.69779578838185
2019.898071289062 -211.985763549805 -211.78080317521759
2019.930908203125 -214.036148071289 -212.7289886518654
2019.963745117188 -214.688262939453 -213.51431508924753
2019.99658203125 -214.97770690918 -214.2318228672037
2020.030151367188 -216.075881958008 -215.05707585028716
2020.06298828125 -215.872055053711 -215.61019678906644
2020.095825195312 -216.006256103516 -216.1451639336666
2020.128662109375 -217.033248901367 -216.65537452207747
2020.161499023438 -218.051651000977 -217.17466819272468
2020.177978515625 -217.359664916992 -217.4775742318077
2020.1943359375 -217.444229125977 -217.72741714098328
2020.227294921875 -217.212982177734 -218.352523987484
2020.260131835938 -216.914123535156 -219.06324240614603
2020.29296875 -219.1064453125 -219.7853088499978
2020.325805664062 -217.214797973633 -220.58728991407236
2020.358642578125 -220.710571289062 -221.57562547723683
2020.391479492188 -225.022338867188 -222.65188289000852
2020.42431640625 -221.859634399414 -223.82230259329046
2020.457275390625 -223.126281738281 -225.13334224280302
2020.490112304688 -227.894165039062 -226.56315944317564
2020.52294921875 -227.044769287109 -228.0451717254882
2020.555786132812 -229.049896240234 -229.54596416188764
2020.572265625 -225.978576660156 -230.3002549680116
2020.588623046875 -231.155410766602 -231.03784223236
2020.605102539062 -234.658706665039 -231.7884652206029
2020.621459960938 -232.19157409668 -232.51418639301238
2020.654296875 -235.838836669922 -233.95458106170153
2020.687255859375 -236.173385620117 -235.31718895188845
2020.70361328125 -237.455810546875 -236.01366860570548
2020.720092773438 -236.504272460938 -236.51659873822786
2020.7529296875 -237.369262695312 -237.54892923643533
2020.785766601562 -240.105804443359 -238.45110510467734
2020.818603515625 -240.607116699219 -239.26034567457245
2020.851440429688 -242.106842041016 -239.98772377333245
2020.917236328125 -242.32861328125 -241.22681368624666
2020.950073242188 -241.847640991211 -241.7298116355473
2020.98291015625 -242.129608154297 -242.21461504852292
2021.013671875 -242.228546142578 -242.69329989772663
2021.046508789062 -243.209518432617 -243.14310770538495
2021.079345703125 -243.030014038086 -243.6675644093631
2021.1123046875 -243.253189086914 -244.23112545244885
2021.145141601562 -244.622268676758 -244.85684484066857
2021.177978515625 -244.839096069336 -245.54482786732595
2021.210815429688 -244.919082641602 -246.28274337179658
2021.24365234375 -245.76237487793 -246.97208403032715
2021.276489257812 -242.688369750977 -247.82278721225018
2021.309326171875 -248.953598022461 -248.7338957610399
2021.34228515625 -249.592971801758 -249.7197835163027
2021.358642578125 -251.368392944336 -250.27987224402048
2021.391479492188 -250.820129394531 -251.38496811104176
2021.407958984375 -251.629608154297 -252.00486812170064
2021.440795898438 -251.529724121094 -253.19898352407867
2021.4736328125 -255.230453491211 -254.3970728879778
2021.506469726562 -263.083282470703 -255.51872431535682
2021.539306640625 -256.688781738281 -256.52625359529833
2021.572265625 -255.475524902344 -257.36365793643523
2021.605102539062 -260.337066650391 -258.3190684974354
2021.637939453125 -262.638793945312 -259.2567307454059
2021.670776367188 -264.105133056641 -260.1446039616548
2021.736450195312 -267.465698242188 -261.42877860784296
2021.769287109375 -261.500122070312 -261.98152296587057
2021.80224609375 -262.790588378906 -262.359267553581
2021.835083007812 -263.298736572266 -262.7725216184981
2021.867919921875 -266.939025878906 -263.10814009660413
2021.966430664062 -267.383544921875 -264.0991698840479
2022.0 -261.584197998047 -264.3469026540074
2022.065673828125 -263.053497314453 -264.84416591601604
2022.098510742188 -261.250213623047 -265.05276965024154
2022.197143554688 -267.862243652344 -265.83453799190124
2022.22998046875 -268.291076660156 -266.1512740802774
2022.262817382812 -265.357696533203 -266.49529969577253
2022.295654296875 -266.600982666016 -266.85440970798095
2022.328491210938 -265.895111083984 -267.21849543408956
2022.394287109375 -265.970306396484 -267.9204071052866
2022.558471679688 -276.319030761719 -269.5542888780882
2022.591430664062 -272.838714599609 -269.8782789044535
2022.68994140625 -270.422271728516 -270.9781649080909
2022.722778320312 -274.062866210938 -271.4193219797492
2022.821411132812 -271.541168212891 -272.33612769999934
2022.854248046875 -272.111724853516 -272.5145438479069
2022.887084960938 -272.798645019531 -272.69010589224484
2022.919921875 -271.749481201172 -272.8545949142862
2022.952758789062 -272.590789794922 -273.0328305530991
2022.985595703125 -273.861907958984 -273.28003985664634
2023.019165039062 -273.688537597656 -273.5483520448552
2023.052001953125 -273.475921630859 -273.8082944139262
2023.084838867188 -272.888732910156 -274.0760153565142
2023.11767578125 -273.956115722656 -274.2766872162475
2023.150634765625 -275.547515869141 -274.48445845586104
2023.183471679688 -274.220672607422 -274.63062815703563
2023.21630859375 -276.368743896484 -274.7719288493104
2023.249145507812 -277.854797363281 -274.91345650449415
2023.281982421875 -276.447570800781 -275.05588082766013
2023.314819335938 -276.904724121094 -275.19709884409207
2023.34765625 -274.48828125 -275.33353164543195
2023.380615234375 -273.129608154297 -275.4614089988122
2023.413452148438 -283.478515625 -275.5767978173738
2023.4462890625 -270.213317871094 -275.67919955777444
2023.57763671875 -266.589141845703 -275.9669788038959
