2014.804931640625 -0.0 -0.9962401055469442
2014.837768554688 -5.757952690125 -1.2275467831827653
2014.903442382812 -4.798490524292 -1.6932663769281688
2014.96923828125 -0.335703492165 -2.1637238260130465
2015.03564453125 6.373026371002 -2.641684582394076
2015.101318359375 -0.926935851574 -3.116802511408862
2015.265625 22.928771972656 -4.313903424493646
2015.331298828125 -5.201961994171 -4.7958427854118115
2015.39697265625 -29.065752029419 -5.280001926394744
2016.021850585938 -6.597361564636 -10.183227103349873
2016.1533203125 -15.149295806885 -10.998855391491631
2016.350463867188 -6.124377250671 -13.154545608316171
2016.416137695312 -25.118432998657 -14.084231295877192
2016.547607421875 -13.293334007263 -15.785543484047345
2016.744750976562 -15.450085639954 -18.110444916043587
2016.777587890625 -19.105167388916 -18.822908712382837
2016.810424804688 -20.14702796936 -19.50856084380851
2016.84326171875 -21.583499908447 -20.158440680659456
2016.876098632812 -23.579292297363 -20.759948706790485
2016.908935546875 -21.487754821777 -21.332513245008997
2016.941772460938 -22.775917053223 -21.914506412499733
2016.974731445312 -23.036224365234 -22.453781654301384
2017.005493164062 -22.393678665161 -22.915040309173033
2017.038330078125 -22.981657028198 -23.417847738326877
2017.071166992188 -22.940532684326 -23.87911693908894
2017.10400390625 -23.25242805481 -24.29695230359716
2017.136840820312 -25.462537765503 -24.7235658758556
2017.169799804688 -26.297246932983 -25.175721588193603
2017.20263671875 -24.77220916748 -25.6836101924109
2017.235473632812 -25.744739532471 -26.28176101985067
2017.268310546875 -26.503957748413 -26.995659220220755
2017.301147460938 -27.473140716553 -27.822728448677285
2017.333984375 -27.868701934814 -28.754359834958333
2017.366821289062 -25.786392211914 -29.772250280302348
2017.399780273438 -30.998350143433 -30.85066225062644
2017.4326171875 -28.730129241943 -31.9848738647479
2017.498291015625 -33.410064697266 -34.45138786374196
2017.531127929688 -35.631057739258 -35.74174093178543
2017.56396484375 -41.197231292725 -37.03256648658128
2017.596801757812 -36.123756408691 -38.30949770032878
2017.629760742188 -40.991939544678 -39.56237593442641
2017.66259765625 -45.445083618164 -40.75013946096327
2017.695434570312 -37.825355529785 -41.84372134921221
2017.728271484375 -47.078819274902 -42.809992277475175
2017.761108398438 -47.734619140625 -43.6487784426142
2017.7939453125 -44.800971984863 -44.373649445522524
2017.826782226562 -46.182376861572 -45.001342088622934
2017.859741210938 -46.489917755127 -45.52774735074877
2017.892578125 -46.231300354004 -45.950702917819974
2017.925415039062 -47.37268447876 -46.296425737471885
2017.958251953125 -46.898365020752 -46.581467506551284
2017.991088867188 -45.929145812988 -46.85189725295543
2018.024658203125 -46.614933013916 -47.158124107171254
2018.057495117188 -46.828174591064 -47.51405727690889
2018.09033203125 -47.337543487549 -47.95933807170897
2018.123168945312 -45.888023376465 -48.509682505869456
2018.156005859375 -46.732265472412 -49.170808668235665
2018.18896484375 -50.777645111084 -49.958599146191595
2018.221801757812 -48.289276123047 -50.865039633281576
2018.254638671875 -50.162563323975 -51.87037512124121
2018.287475585938 -51.12678527832 -52.96173425943955
2018.3203125 -54.133129119873 -54.12978663576868
2018.353149414062 -53.941722869873 -55.385876952806704
2018.385986328125 -56.628944396973 -56.741828916980346
2018.4189453125 -59.662586212158 -58.19099254157151
2018.451782226562 -59.583671569824 -59.67366611411995
2018.484619140625 -64.157760620117 -61.14076664217704
2018.517456054688 -61.839241027832 -62.577873151182565
2018.55029296875 -59.889831542969 -63.9654989819884
2018.583129882812 -65.054374694824 -65.2788028753466
2018.615966796875 -81.653167724609 -66.50589573908252
2018.64892578125 -70.577949523926 -67.61145726150622
2018.681762695312 -73.854072570801 -68.55708323067742
2018.714599609375 -71.36190032959 -69.33653729277233
2018.747436523438 -70.920471191406 -69.95774144231748
2018.7802734375 -70.573280334473 -70.4438109519559
2018.813110351562 -76.60432434082 -70.69682894511419
2018.845947265625 -73.345123291016 -70.86282045089997
2018.87890625 -73.726402282715 -70.68145456150798
2018.911743164062 -74.999816894531 -70.26962475298058
2018.944580078125 -69.451972961426 -69.9016511714472
2018.977416992188 -68.056335449219 -69.51744783312384
2019.010986328125 -66.350700378418 -69.1034792716442
2019.043823242188 -63.754543304443 -68.50406409359015
2019.109497070312 -67.097053527832 -67.63542557277155
2019.1259765625 -67.755439758301 -67.44929672295771
2019.142333984375 -66.0078125 -67.52834345249018
2019.175170898438 -65.298599243164 -67.86074510206285
2019.191650390625 -68.801704406738 -68.24661808696862
2019.208129882812 -67.020446777344 -68.7298214163133
2019.224487304688 -68.688705444336 -69.21462860991295
2019.240966796875 -70.504905700684 -69.82946742747556
2019.25732421875 -71.077575683594 -70.49843822394038
2019.273803710938 -69.680938720703 -71.11523902481433
2019.290161132812 -68.671318054199 -71.8050495736584
2019.306640625 -70.387168884277 -72.67411175798412
2019.323120117188 -74.791282653809 -73.5694498030824
2019.339477539062 -75.331031799316 -74.4664073704758
2019.35595703125 -76.219261169434 -75.37498326644432
2019.372314453125 -72.826477050781 -76.28427927202713
2019.388793945312 -77.722045898438 -77.21163042930866
2019.405151367188 -79.07088470459 -78.11411348792394
2019.421630859375 -79.351295471191 -79.034483660604
2019.438110351562 -84.11483001709 -79.9352415966077
2019.454467773438 -80.648056030273 -80.79584256439524
2019.470947265625 -80.06273651123 -81.6313451188326
2019.4873046875 -84.082008361816 -82.42887546555119
2019.503784179688 -81.692855834961 -83.1393458976155
2019.520141601562 -84.111083984375 -83.86320777946413
2019.53662109375 -86.546813964844 -84.55895331990789
2019.569458007812 -84.871513366699 -85.77882345568358
2019.602294921875 -86.331565856934 -86.6545795794394
2019.618774414062 -90.172088623047 -87.06610843482703
2019.635131835938 -90.78108215332 -87.41747519068832
2019.651611328125 -88.85147857666 -87.52006463729064
2019.668090820312 -86.922424316406 -87.71549896803002
2019.71728515625 -91.421722412109 -87.55660139739432
2019.733764648438 -88.219459533691 -87.39840808886147
2019.750122070312 -90.402137756348 -86.98567333150932
2019.7666015625 -89.03263092041 -86.70438562399276
2019.799438476562 -86.828598022461 -85.93540973459096
2019.832275390625 -84.595832824707 -85.16691652980091
2019.865112304688 -84.155723571777 -84.28566016809059
2019.898071289062 -82.38843536377 -83.32764039714765
2019.930908203125 -81.362236022949 -82.42825129771389
2019.963745117188 -79.133987426758 -81.75566129654676
2019.99658203125 -80.923866271973 -81.2027831181334
2020.030151367188 -82.457374572754 -80.49668372900389
2020.06298828125 -75.21720123291 -80.2496490437663
2020.095825195312 -76.233154296875 -80.04209143614986
2020.128662109375 -78.142356872559 -79.96663660390135
2020.161499023438 -78.460884094238 -80.00801612099367
2020.177978515625 -82.256507873535 -80.13963785000485
2020.1943359375 -78.689498901367 -80.14894784501642
2020.227294921875 -77.947677612305 -80.37840336795867
2020.260131835938 -84.493927001953 -80.66694067589266
2020.29296875 -80.528739929199 -81.0044400402059
2020.325805664062 -82.435348510742 -81.37476079902451
2020.358642578125 -81.067817687988 -81.54757556469293
2020.391479492188 -84.716247558594 -81.6400041205559
2020.42431640625 -81.712120056152 -81.683966870901
2020.457275390625 -81.764167785645 -81.655084116331
2020.490112304688 -85.090827941895 -81.54214087408857
2020.52294921875 -81.993034362793 -81.40057228126345
2020.555786132812 -79.925559997559 -81.26585510838049
2020.572265625 -80.240692138672 -81.21616180268524
2020.588623046875 -75.650161743164 -81.17719177207947
2020.605102539062 -79.520736694336 -81.0877533649275
2020.621459960938 -85.812149047852 -81.06426317518299
2020.654296875 -73.288314819336 -80.98806850384271
2020.687255859375 -81.91382598877 -80.96412441826801
2020.70361328125 -81.08576965332 -80.95527211819429
2020.720092773438 -75.512191772461 -80.91990085596022
2020.7529296875 -84.806632995605 -80.71520741891607
2020.785766601562 -80.978858947754 -80.31650479048119
2020.818603515625 -79.637397766113 -79.7525398957083
2020.851440429688 -83.796096801758 -79.0685587843632
2020.917236328125 -84.233108520508 -77.51446627659476
2020.950073242188 -82.23218536377 -76.67858082302298
2020.98291015625 -75.624656677246 -75.88391557438092
2021.013671875 -74.175361633301 -75.15129445969781
2021.046508789062 -68.942085266113 -74.23391075918884
2021.079345703125 -69.951286315918 -73.26111450636222
2021.1123046875 -69.089599609375 -72.2164593708217
2021.145141601562 -74.990798950195 -71.14538599105875
2021.177978515625 -71.071235656738 -70.12667322790865
2021.210815429688 -77.601409912109 -69.21899529049786
2021.24365234375 -68.666236877441 -68.37464888927433
2021.276489257812 -69.982032775879 -67.63747365028743
2021.309326171875 -58.185245513916 -66.91794036742182
2021.34228515625 -56.99129486084 -66.20729432062623
2021.358642578125 -74.844284057617 -65.90829469649078
2021.391479492188 -56.281127929688 -65.25138265710844
2021.407958984375 -59.161102294922 -65.00042945741521
2021.440795898438 -61.701187133789 -64.31092622384345
2021.4736328125 -65.858901977539 -63.64798492312521
2021.506469726562 -64.925521850586 -63.11239362909278
2021.539306640625 -57.035816192627 -62.746670219562645
2021.572265625 -56.684982299805 -62.666694005027374
2021.605102539062 -65.800765991211 -62.516313857700915
2021.637939453125 -63.273513793945 -62.46690303436322
2021.670776367188 -62.770053863525 -62.42571620064422
2021.736450195312 -55.841747283936 -62.006787957138286
2021.769287109375 -62.625270843506 -61.70873392567729
2021.80224609375 -65.764305114746 -61.31529379811662
2021.835083007812 -63.338352203369 -60.937642836931865
2021.867919921875 -60.735862731934 -60.4436007988331
2021.966430664062 -64.486175537109 -58.97924930404653
2022.0 -54.671241760254 -58.433237372180635
2022.065673828125 -59.043956756592 -57.38501087209194
2022.098510742188 -54.81702041626 -56.837566984178835
2022.197143554688 -45.970195770264 -55.193643159932726
2022.22998046875 -52.688167572021 -54.63149879284552
2022.262817382812 -54.672760009766 -54.07043221840758
2022.295654296875 -57.886127471924 -53.51054554946046
2022.328491210938 -45.24390411377 -52.9664124298317
2022.394287109375 -61.132930755615 -51.9712393475084
2022.558471679688 -50.204357147217 -49.86100412407099
2022.591430664062 -39.112152099609 -49.42143749563913
2022.68994140625 -43.684841156006 -47.95976508303748
2022.722778320312 -54.486213684082 -47.50356986610353
2022.821411132812 -42.177940368652 -46.25378462905487
2022.854248046875 -50.910377502441 -45.81572272524931
2022.887084960938 -45.254829406738 -45.387399397295006
2022.919921875 -47.414348602295 -44.98277346097443
2022.952758789062 -44.854988098145 -44.609962779113026
2022.985595703125 -47.448600769043 -44.228519616332385
2023.019165039062 -42.763095855713 -43.84077163224124
2023.052001953125 -41.544200897217 -43.442872396238535
2023.084838867188 -38.625980377197 -43.0319539893521
2023.11767578125 -39.769687652588 -42.633574147672405
2023.150634765625 -45.003402709961 -42.20915455187854
2023.183471679688 -41.66427230835 -41.82226462000679
2023.21630859375 -43.200382232666 -41.492419883424304
2023.249145507812 -39.048835754395 -41.20835924048209
2023.281982421875 -41.57638168335 -40.95158125710416
2023.314819335938 -40.619491577148 -40.71029829829495
2023.34765625 -40.294075012207 -40.47762097665923
2023.380615234375 -40.772132873535 -40.24894157984678
2023.413452148438 -37.54273223877 -40.02407790089279
2023.4462890625 -38.548461914062 -39.80145985771624
2023.57763671875 -43.462886810303 -38.959607660895045
