2014.804931640625 -0.0 -2.6498614172910004
2014.837768554688 -5.105179786682 -2.812641240757327
2014.903442382812 -2.866342306137 -3.138284574560046
2014.96923828125 -2.940236091614 -3.4646186125800975
2015.03564453125 -4.396168231964 -3.794094658405998
2015.101318359375 -0.16394649446 -4.120177795439907
2015.265625 -9.355229377747 -4.9372669334572
2015.331298828125 -7.516715526581 -5.264381524665863
2015.39697265625 -4.213502407074 -5.591723204989515
2016.021850585938 -9.26904296875 -8.629489229438983
2016.1533203125 -8.649001121521 -9.299162181445247
2016.350463867188 -10.453560829163 -10.086868892919414
2016.416137695312 -3.470992565155 -10.2073550935559
2016.547607421875 -12.587695121765 -10.555109578077216
2016.744750976562 -13.609296798706 -11.30612529060723
2016.777587890625 -12.17831993103 -11.337213118507997
2016.810424804688 -12.12849521637 -11.313218814326154
2016.84326171875 -11.640648841858 -11.08041978777537
2016.876098632812 -10.439156532288 -10.752249843532992
2016.908935546875 -10.176001548767 -10.449115607627334
2016.941772460938 -9.230215072632 -10.161603474816848
2016.974731445312 -8.844135284424 -9.868872836116008
2017.005493164062 -9.001502037048 -9.643908848873123
2017.038330078125 -9.298586845398 -9.37350721303402
2017.071166992188 -8.152004241943 -9.111280029613672
2017.10400390625 -8.578970909119 -8.95636918325523
2017.136840820312 -8.025500297546 -8.85895233103989
2017.169799804688 -9.43700504303 -8.798758209118288
2017.20263671875 -8.149963378906 -8.76701098458877
2017.235473632812 -9.115514755249 -8.743710483364149
2017.268310546875 -8.442050933838 -8.71186574197213
2017.301147460938 -8.312320709229 -8.661472048101794
2017.333984375 -8.693305015564 -8.580263824163861
2017.366821289062 -9.687450408936 -8.460602474998781
2017.399780273438 -10.141088485718 -8.297777938982133
2017.4326171875 -8.790224075317 -8.091249311902503
2017.498291015625 -7.374202728271 -7.565457272850058
2017.531127929688 -8.380617141724 -7.263762719096184
2017.56396484375 -7.493134498596 -6.941079581784561
2017.596801757812 -7.955414295197 -6.5953047122273665
2017.629760742188 -5.290231227875 -6.22231571078589
2017.66259765625 -5.689395904541 -5.83477815876399
2017.695434570312 -4.650175094604 -5.452381433771645
2017.728271484375 -3.712825059891 -5.09265293355714
2017.761108398438 -4.452691555023 -4.759864289617208
2017.7939453125 -4.036841392517 -4.4518293701130585
2017.826782226562 -4.244995117188 -4.16604100764838
2017.859741210938 -3.93718957901 -3.901649530536153
2017.892578125 -3.406102657318 -3.661895362312301
2017.925415039062 -3.1524746418 -3.432767947148552
2017.958251953125 -3.123596906662 -3.1992345438019245
2017.991088867188 -3.66607093811 -2.9486580796810085
2018.024658203125 -3.251153230667 -2.6712400560388994
2018.057495117188 -2.957845687866 -2.3813019712445396
2018.09033203125 -2.522513628006 -2.088695769511771
2018.123168945312 -2.206988811493 -1.8088660018676435
2018.156005859375 -1.270404458046 -1.5518986804604649
2018.18896484375 -1.365652441978 -1.3202822522121085
2018.221801757812 -0.374117136002 -1.1141383725653207
2018.254638671875 0.753917336464 -0.9302205702432926
2018.287475585938 0.637194097042 -0.7754574333188281
2018.3203125 -0.003470323049 -0.6596785772715656
2018.353149414062 1.438539147377 -0.5915870504614928
2018.385986328125 -1.53159058094 -0.5751107872019302
2018.4189453125 -0.0200155247 -0.6130342544005903
2018.451782226562 -0.373574376106 -0.6985936265107431
2018.484619140625 -0.457971304655 -0.8206268608373176
2018.517456054688 -0.723156869411 -0.9645539940337655
2018.55029296875 -0.638642966747 -1.1104143093212346
2018.583129882812 -2.088702201843 -1.237118940586235
2018.615966796875 -2.009203672409 -1.3340175595474177
2018.64892578125 -1.971598148346 -1.4003340986308523
2018.681762695312 -2.363626718521 -1.4399393501081756
2018.714599609375 -2.320170640945 -1.4549544364646805
2018.747436523438 -1.495953321457 -1.440676575484797
2018.7802734375 -1.305691719055 -1.3916227488079285
2018.813110351562 -2.056959867477 -1.2914492725914768
2018.845947265625 -1.147086024284 -1.165621752594517
2018.87890625 -0.998814225197 -0.9865750814856002
2018.911743164062 -0.749435961246 -0.7627015347524225
2018.944580078125 -0.534491360188 -0.5311846264481649
2018.977416992188 -0.85530179739 -0.28725966146352666
2019.010986328125 -0.377585291862 -0.00910010300651358
2019.043823242188 0.56077593565 0.26965591716505116
2019.109497070312 1.23451590538 0.901847113273809
2019.1259765625 0.97976320982 1.0647462442103273
2019.142333984375 -0.327959835529 1.252100138356111
2019.175170898438 2.00389289856 1.63344979428266
2019.191650390625 2.040182113647 1.8341001079267056
2019.208129882812 0.44865489006 2.0383021097878395
2019.224487304688 2.434954166412 2.2374211082646824
2019.240966796875 2.559854030609 2.4606974448001506
2019.25732421875 2.814437389374 2.6966994089587195
2019.273803710938 2.717353105545 2.934085634302248
2019.290161132812 3.654980659485 3.18082369997449
2019.306640625 3.857654809952 3.4568548033397315
2019.323120117188 3.434354782104 3.7493123733813167
2019.339477539062 3.96525812149 4.053985664295612
2019.35595703125 3.722330331802 4.3756864675546625
2019.372314453125 2.789292812347 4.709757707656488
2019.388793945312 4.220906257629 5.063374194848879
2019.405151367188 7.044834136963 5.480691144640993
2019.421630859375 4.973594665527 5.875917581694999
2019.438110351562 7.113244056702 6.281235017628509
2019.454467773438 5.860638618469 6.673729707292191
2019.470947265625 6.861276626587 7.031734333955314
2019.4873046875 7.216873645782 7.3386020383923
2019.503784179688 10.093557357788 7.5516649027193505
2019.520141601562 9.978670120239 7.831711476611704
2019.53662109375 11.046697616577 8.074430148653692
2019.569458007812 9.163966178894 8.386435103738838
2019.602294921875 5.674663066864 8.41258044991674
2019.618774414062 9.54069519043 8.456203593606443
2019.635131835938 9.672050476074 8.482468777058761
2019.651611328125 8.723742485046 8.367907247183178
2019.668090820312 12.514893531799 8.337133872562367
2019.71728515625 8.063470840454 7.921797701886253
2019.733764648438 7.68196439743 7.73521460868523
2019.750122070312 10.146139144897 7.522470498983872
2019.7666015625 6.893791675568 7.3189407525051156
2019.799438476562 5.9526014328 6.911077990483937
2019.832275390625 7.648539066315 6.512138091773705
2019.865112304688 5.55840587616 6.12353809871773
2019.898071289062 5.632525920868 5.748559677437771
2019.930908203125 4.810123443604 5.40151950203748
2019.963745117188 4.926280498505 5.091858817651862
2019.99658203125 4.774969100952 4.804968663778779
2020.030151367188 4.270432472229 4.500147322525999
2020.06298828125 4.188401222229 4.28122600268827
2020.095825195312 4.12672328949 4.084717398341169
2020.128662109375 3.51677274704 3.9303356427275906
2020.161499023438 3.097784519196 3.8174293286989336
2020.177978515625 3.544544219971 3.8042650860326375
2020.1943359375 3.612354040146 3.749911670942192
2020.227294921875 2.505327939987 3.750323354249726
2020.260131835938 4.277784347534 3.843963967853175
2020.29296875 3.31631231308 3.9782654904809207
2020.325805664062 2.893527746201 4.188094195552482
2020.358642578125 4.560353755951 4.514291193815232
2020.391479492188 4.00559091568 4.890328687095219
2020.42431640625 1.649942398071 5.291819857666039
2020.457275390625 8.046019554138 5.739226007029866
2020.490112304688 5.180725097656 6.239153787025518
2020.52294921875 6.785253047943 6.7666977433548405
2020.555786132812 7.282393455505 7.3241307107807465
2020.572265625 0.594461798668 7.6189497952337994
2020.588623046875 4.384374141693 7.910315496807195
2020.605102539062 8.122302055359 8.195873740162362
2020.621459960938 9.840938568115 8.486182020420358
2020.654296875 7.773743629456 9.056401294043837
2020.687255859375 9.693542480469 9.602532684780794
2020.70361328125 10.3720703125 9.876985760031515
2020.720092773438 11.299243927002 10.09487133146066
2020.7529296875 10.259536743164 10.53966449614694
2020.785766601562 11.204795837402 10.9427820344238
2020.818603515625 12.790571212769 11.298735504951733
2020.851440429688 11.986701965332 11.604391879083192
2020.917236328125 12.461981773376 12.07347949022078
2020.950073242188 12.593228340149 12.191473269172658
2020.98291015625 12.590579986572 12.271732506385476
2021.013671875 12.982258796692 12.386532767721157
2021.046508789062 13.340844154358 12.406136943425073
2021.079345703125 12.511233329773 12.340207469867352
2021.1123046875 12.074991226196 12.260621097730962
2021.145141601562 12.456482887268 12.153817816663809
2021.177978515625 12.636351585388 12.038534205988723
2021.210815429688 11.591344833374 11.924770559888886
2021.24365234375 11.301460266113 11.792591658423625
2021.276489257812 12.586695671082 11.681081210050635
2021.309326171875 10.815949440002 11.587684409736008
2021.34228515625 10.74463558197 11.516727482740395
2021.358642578125 10.861727714539 11.497597324455231
2021.391479492188 8.301401138306 11.438892405125548
2021.407958984375 11.531880378723 11.411541935892249
2021.440795898438 12.076109886169 11.371598860663656
2021.4736328125 11.245520591736 11.37032242241392
2021.506469726562 11.874240875244 11.413794915197407
2021.539306640625 7.339529514313 11.49094387238465
2021.572265625 14.109585762024 11.599966069212822
2021.605102539062 7.78210067749 11.673414715678962
2021.637939453125 10.122034072876 11.746970760735136
2021.670776367188 6.950593471527 11.82008912872754
2021.736450195312 11.370887756348 11.962245040374127
2021.769287109375 12.339423179626 12.028345861152939
2021.80224609375 12.626045227051 12.111763038877548
2021.835083007812 13.204783439636 12.18816690576731
2021.867919921875 11.494976997375 12.268813124341726
2021.966430664062 12.122577667236 12.480508867996534
2022.0 13.259566307068 12.525998011359539
2022.065673828125 12.422092437744 12.630968403308968
2022.098510742188 14.343681335449 12.661032374982595
2022.197143554688 12.288224220276 12.75094293946241
2022.22998046875 11.429503440857 12.780584123513961
2022.262817382812 14.250188827515 12.821955248892845
2022.295654296875 13.722770690918 12.911714254616603
2022.328491210938 10.786059379578 13.094615030097431
2022.394287109375 12.366389274597 13.681738447546408
2022.558471679688 11.537070274353 15.012695902961934
2022.591430664062 23.752557754517 15.211463552840042
2022.68994140625 8.335243225098 15.808782139903808
2022.722778320312 14.303301811218 16.007069683301154
2022.821411132812 17.23850440979 17.099109842963507
2022.854248046875 18.939252853394 17.59061785485453
2022.887084960938 17.758949279785 18.097208468438197
2022.919921875 18.921682357788 18.592620542967857
2022.952758789062 19.839714050293 19.085990908295358
2022.985595703125 17.668842315674 19.552026427899694
2023.019165039062 20.122034072876 20.00228953346084
2023.052001953125 20.522121429443 20.44433516127612
2023.084838867188 21.155796051025 20.83571225848739
2023.11767578125 21.251094818115 21.19519407527862
2023.150634765625 22.250835418701 21.570362899139013
2023.183471679688 22.530572891235 21.932291519743927
2023.21630859375 23.0335521698 22.296022163447933
2023.249145507812 21.783348083496 22.6592884758629
2023.281982421875 23.23529624939 23.020595419988474
2023.314819335938 23.306966781616 23.379349649786658
2023.34765625 23.824254989624 23.735266272385402
2023.380615234375 22.045869827271 24.08956055178798
2023.413452148438 24.574289321899 24.439750503141827
2023.4462890625 25.235738754272 24.787886293857017
2023.57763671875 21.536958694458 26.16976317313196
