2014.804931640625 -0.0 -3.566945386664945
2014.837768554688 -6.918787002563 -4.485516832168054
2014.903442382812 -12.042007446289 -6.3218220977764
2014.96923828125 -9.550830841064 -8.160967949159993
2015.03564453125 -17.00221824646 -10.0171862906998
2015.101318359375 2.168879270554 -11.85314042542836
2015.265625 -26.848676681519 -16.447731566903382
2015.331298828125 -12.414492607117 -18.28479537228458
2015.39697265625 3.432604074478 -20.122270200219656
2016.021850585938 -41.227832794189 -37.98696846516159
2016.1533203125 -40.566181182861 -41.87543714474667
2016.350463867188 -52.285182952881 -46.54661599201293
2016.416137695312 -39.318706512451 -47.906182356150914
2016.547607421875 -52.156505584717 -50.82868908019051
2016.744750976562 -66.454025268555 -55.81650658101152
2016.777587890625 -59.512145996094 -56.0595454703132
2016.810424804688 -61.162860870361 -56.326548945692984
2016.84326171875 -59.127216339111 -56.621581622619416
2016.876098632812 -56.783172607422 -56.81170182650661
2016.908935546875 -56.983814239502 -56.954981614041344
2016.941772460938 -55.826927185059 -57.135836483596954
2016.974731445312 -55.500705718994 -57.13295773679758
2017.005493164062 -57.287094116211 -57.13609758643279
2017.038330078125 -57.576358795166 -57.12714081348445
2017.071166992188 -55.377468109131 -57.142203501416596
2017.10400390625 -56.892063140869 -57.318526614331425
2017.136840820312 -56.177154541016 -57.59241171942354
2017.169799804688 -56.240863800049 -57.93140550702908
2017.20263671875 -57.703258514404 -58.34765365543301
2017.235473632812 -58.258350372314 -58.847672921260795
2017.268310546875 -60.705577850342 -59.430508998901225
2017.301147460938 -59.034748077393 -60.07576241928008
2017.333984375 -59.098957061768 -60.75608431885289
2017.366821289062 -60.14977645874 -61.44411105250656
2017.399780273438 -62.769172668457 -62.1156419381974
2017.4326171875 -64.384956359863 -62.75186715481589
2017.498291015625 -64.308937072754 -63.920078373884635
2017.531127929688 -67.470710754395 -64.45978948645772
2017.56396484375 -66.473983764648 -64.9839239575857
2017.596801757812 -65.887138366699 -65.49351302190469
2017.629760742188 -66.70272064209 -65.97755358499035
2017.66259765625 -66.498588562012 -66.40979687391756
2017.695434570312 -64.992576599121 -66.79348762975043
2017.728271484375 -63.798419952393 -67.14820151018205
2017.761108398438 -67.829772949219 -67.50527851419704
2017.7939453125 -67.524894714355 -67.88411748704046
2017.826782226562 -68.207733154297 -68.28821636838123
2017.859741210938 -68.635589599609 -68.7193070485946
2017.892578125 -69.193870544434 -69.17890289814513
2017.925415039062 -69.409660339355 -69.66183260710923
2017.958251953125 -69.780586242676 -70.15845085805479
2017.991088867188 -71.130981445312 -70.65767736198468
2018.024658203125 -71.176147460938 -71.15630259038491
2018.057495117188 -72.237113952637 -71.62784068784016
2018.09033203125 -72.738265991211 -72.10195667721376
2018.123168945312 -72.817863464355 -72.59809983192572
2018.156005859375 -72.386817932129 -73.1243699192352
2018.18896484375 -73.363182067871 -73.67546472851404
2018.221801757812 -73.950149536133 -74.2435973240274
2018.254638671875 -74.305870056152 -74.83883074401821
2018.287475585938 -75.026588439941 -75.469682435304
2018.3203125 -74.641479492188 -76.14252010584816
2018.353149414062 -73.656349182129 -76.88291355687677
2018.385986328125 -79.153465270996 -77.71302153021773
2018.4189453125 -78.21907043457 -78.64745284411686
2018.451782226562 -79.943000793457 -79.66147842526257
2018.484619140625 -77.283866882324 -80.72883164852006
2018.517456054688 -79.864868164062 -81.82530592917038
2018.55029296875 -82.361030578613 -82.93266354620245
2018.583129882812 -83.314544677734 -84.0310831602668
2018.615966796875 -90.248687744141 -85.1009239053663
2018.64892578125 -87.639747619629 -86.13371521487169
2018.681762695312 -90.302108764648 -87.11928816000623
2018.714599609375 -88.979057312012 -88.06766282190426
2018.747436523438 -89.80736541748 -88.97627763738467
2018.7802734375 -91.197074890137 -89.8310544899151
2018.813110351562 -92.382255554199 -90.58440100518115
2018.845947265625 -92.421340942383 -91.29092674127226
2018.87890625 -91.512992858887 -91.83171543353309
2018.911743164062 -91.851432800293 -92.25182230952025
2018.944580078125 -92.672630310059 -92.65275329736154
2018.977416992188 -92.909782409668 -93.02278422707165
2019.010986328125 -92.784111022949 -93.36984833185102
2019.043823242188 -93.715194702148 -93.68341485952601
2019.109497070312 -94.541130065918 -94.38928925260907
2019.1259765625 -94.728149414062 -94.58381234667058
2019.142333984375 -95.452827453613 -94.76083106469322
2019.175170898438 -95.103172302246 -95.12458853266
2019.191650390625 -95.435531616211 -95.2897866188793
2019.208129882812 -95.445823669434 -95.44009947244842
2019.224487304688 -95.361068725586 -95.58339670017372
2019.240966796875 -96.050247192383 -95.69484114399421
2019.25732421875 -95.467178344727 -95.78341496728561
2019.273803710938 -96.282333374023 -95.88352988518763
2019.290161132812 -95.484252929688 -95.97297364286577
2019.306640625 -96.161331176758 -96.0047815662027
2019.323120117188 -96.311447143555 -96.00353374929283
2019.339477539062 -96.853141784668 -95.96578279994665
2019.35595703125 -97.083930969238 -95.8903522329981
2019.372314453125 -99.79711151123 -95.78048198437342
2019.388793945312 -95.617233276367 -95.63793348223281
2019.405151367188 -94.542472839355 -95.43329563193842
2019.421630859375 -95.4482421875 -95.28865855402876
2019.438110351562 -97.052688598633 -95.13847735100478
2019.454467773438 -95.299934387207 -94.99112884612039
2019.470947265625 -92.296508789062 -94.88643389254747
2019.4873046875 -93.475471496582 -94.87807080224654
2019.503784179688 -94.588668823242 -95.09362471355102
2019.520141601562 -92.607330322266 -95.21014602610502
2019.53662109375 -93.675559997559 -95.39056532234935
2019.569458007812 -97.427047729492 -95.91354114336582
2019.602294921875 -91.741340637207 -96.57105280822431
2019.618774414062 -92.77165222168 -96.88442031610673
2019.635131835938 -99.381294250488 -97.2320940057994
2019.651611328125 -99.200668334961 -97.66693054435531
2019.668090820312 -94.435386657715 -98.07591604132315
2019.71728515625 -100.743766784668 -99.38285907232263
2019.733764648438 -99.384056091309 -99.81567582399282
2019.750122070312 -98.221572875977 -100.22478814380767
2019.7666015625 -100.429107666016 -100.63422594639832
2019.799438476562 -102.18359375 -101.38460331764983
2019.832275390625 -103.695236206055 -102.08105790375808
2019.865112304688 -103.253700256348 -102.7012088535592
2019.898071289062 -103.423980712891 -103.24330372849795
2019.930908203125 -104.86515045166 -103.69308102514726
2019.963745117188 -105.090927124023 -103.99583647994173
2019.99658203125 -104.917549133301 -104.23812719118467
2020.030151367188 -105.774551391602 -104.56046330671212
2020.06298828125 -104.739700317383 -104.6116559718108
2020.095825195312 -104.313735961914 -104.62905595903528
2020.128662109375 -105.141410827637 -104.58961312355785
2020.161499023438 -105.719581604004 -104.51039599734315
2020.177978515625 -104.483085632324 -104.45414575657622
2020.1943359375 -105.011779785156 -104.41104003945327
2020.227294921875 -104.11555480957 -104.33270631731372
2020.260131835938 -100.547607421875 -104.31561211752701
2020.29296875 -103.853622436523 -104.31011263325104
2020.325805664062 -102.640846252441 -104.36003453113071
2020.358642578125 -104.994529724121 -104.58361755932027
2020.391479492188 -103.24934387207 -104.86685381411989
2020.42431640625 -103.371208190918 -105.2159225252923
2020.457275390625 -103.890838623047 -105.70779134546459
2020.490112304688 -106.655296325684 -106.35735225985161
2020.52294921875 -107.189865112305 -107.09146110813319
2020.555786132812 -108.241004943848 -107.86335956186448
2020.572265625 -104.418083190918 -108.25854246206596
2020.588623046875 -108.944366455078 -108.62456043275563
2020.605102539062 -109.654426574707 -109.01538780752699
2020.621459960938 -108.46174621582 -109.35400066742464
2020.654296875 -111.776206970215 -110.03583273103771
2020.687255859375 -112.610504150391 -110.63201572681531
2020.70361328125 -112.452392578125 -110.94285861633543
2020.720092773438 -111.898262023926 -111.09550754261319
2020.7529296875 -111.70418548584 -111.45162271417888
2020.785766601562 -113.224052429199 -111.73088972158499
2020.818603515625 -111.737007141113 -111.95836841466229
2020.851440429688 -112.793685913086 -112.1374571410375
2020.917236328125 -112.447494506836 -112.33704211594141
2020.950073242188 -112.222106933594 -112.38858556729403
2020.98291015625 -112.258560180664 -112.45720339737508
2021.013671875 -112.214225769043 -112.5255410167965
2021.046508789062 -112.235168457031 -112.69832898382889
2021.079345703125 -112.62866973877 -113.11140691549659
2021.1123046875 -112.097175598145 -113.6358466169081
2021.145141601562 -113.273223876953 -114.31258911655561
2021.177978515625 -112.753852844238 -115.10788487046274
2021.210815429688 -113.364433288574 -115.97918028805258
2021.24365234375 -113.191635131836 -116.70918668897363
2021.276489257812 -114.472564697266 -117.76024758219657
2021.309326171875 -119.019485473633 -118.92730115854945
2021.34228515625 -116.261291503906 -120.21287991617095
2021.358642578125 -121.859924316406 -120.92431326673467
2021.391479492188 -124.744956970215 -122.28625557685409
2021.407958984375 -121.318695068359 -122.98869954909667
2021.440795898438 -124.502830505371 -124.36880482914475
2021.4736328125 -127.022453308105 -125.6498272554308
2021.506469726562 -134.515274047852 -126.71022524007815
2021.539306640625 -130.900268554688 -127.54371174869017
2021.572265625 -129.996185302734 -127.99233922740156
2021.605102539062 -131.935913085938 -128.71539187529837
2021.637939453125 -131.140121459961 -129.3754593787372
2021.670776367188 -133.610626220703 -129.93899837836116
2021.736450195312 -133.990661621094 -130.46100729480605
2021.769287109375 -128.699203491211 -130.65362831673664
2021.80224609375 -130.633926391602 -130.6532645003452
2021.835083007812 -130.970443725586 -130.64437340492398
2021.867919921875 -132.884201049805 -130.49726279034397
2021.966430664062 -131.759155273438 -129.92063688551977
2022.0 -126.86213684082 -129.68891137237125
2022.065673828125 -130.146194458008 -129.25727737274434
2022.098510742188 -128.186889648438 -129.0295305613808
2022.197143554688 -128.906646728516 -128.42838927201865
2022.22998046875 -128.213806152344 -128.2282633350124
2022.262817382812 -126.509071350098 -128.02987196250672
2022.295654296875 -126.249015808105 -127.84268486769983
2022.328491210938 -131.144012451172 -127.67415667065798
2022.394287109375 -121.467170715332 -127.40479579235893
2022.558471679688 -125.406097412109 -126.82806682405148
2022.591430664062 -129.762176513672 -126.70597772738998
2022.68994140625 -123.001266479492 -126.39912079017707
2022.722778320312 -134.663772583008 -126.29473660548206
2022.821411132812 -127.868377685547 -125.95037410902006
2022.854248046875 -122.746421813965 -125.84473614680364
2022.887084960938 -127.081436157227 -125.73885213907819
2022.919921875 -124.858551025391 -125.63891643077191
2022.952758789062 -125.788475036621 -125.53558817320344
2022.985595703125 -126.11882019043 -125.41762286132811
2023.019165039062 -125.495452880859 -125.27358524939741
2023.052001953125 -124.808212280273 -125.11898590932027
2023.084838867188 -124.501235961914 -124.89564876030994
2023.11767578125 -124.089309692383 -124.60513958326219
2023.150634765625 -125.312942504883 -124.32535460053772
2023.183471679688 -124.286842346191 -124.00475229563031
2023.21630859375 -125.208213806152 -123.68333602868312
2023.249145507812 -126.099281311035 -123.36211072269397
2023.281982421875 -123.364868164062 -123.03978130778167
2023.314819335938 -123.607208251953 -122.71369625541084
2023.34765625 -121.337760925293 -122.38090045149377
2023.380615234375 -119.35718536377 -122.0371602104518
2023.413452148438 -129.924468994141 -121.68362094081579
2023.4462890625 -113.205276489258 -121.319756652601
2023.57763671875 -104.856025695801 -119.78111535285399
