2014.804931640625 -0.0 1.1255358669744526
2014.837768554688 -5.278717517853 -0.5160935935303247
2014.903442382812 -2.377647161484 -3.8033404719578137
2014.96923828125 -7.680473327637 -7.101884593622329
2015.03564453125 4.355905532837 -10.436328059708794
2015.101318359375 -19.340061187744 -13.739182751059698
2015.265625 4.619598865509 -22.02318501726376
2015.331298828125 -23.178356170654 -25.34090182721312
2015.39697265625 -38.344184875488 -28.66081090792387
2016.021850585938 -56.033344268799 -59.923639372710376
2016.1533203125 -67.611015319824 -67.17546871053123
2016.350463867188 -84.378372192383 -77.29020466098663
2016.416137695312 -83.244857788086 -80.38500521592705
2016.547607421875 -91.045082092285 -86.9313329444477
2016.744750976562 -94.058876037598 -95.97656761904713
2016.777587890625 -99.086776733398 -97.02015518520672
2016.810424804688 -103.19881439209 -98.0749341050876
2016.84326171875 -99.982002258301 -99.06306786543519
2016.876098632812 -103.232238769531 -99.8310079568271
2016.908935546875 -100.756050109863 -100.55724061919646
2016.941772460938 -101.007339477539 -101.31126800278533
2016.974731445312 -101.366149902344 -102.05564888352096
2017.005493164062 -101.03450012207 -102.82091198157669
2017.038330078125 -102.903823852539 -103.58620373810346
2017.071166992188 -103.06485748291 -104.32854600416135
2017.10400390625 -103.390045166016 -105.28713278974075
2017.136840820312 -103.779472351074 -106.38835368806413
2017.169799804688 -107.251510620117 -107.58961137166015
2017.20263671875 -108.972839355469 -108.90296974519804
2017.235473632812 -106.812438964844 -110.32400392336304
2017.268310546875 -109.171508789062 -111.83974210094546
2017.301147460938 -115.438453674316 -113.4143620859365
2017.333984375 -114.108505249023 -114.99308059194928
2017.366821289062 -117.73218536377 -116.47690026613863
2017.399780273438 -124.456680297852 -117.81477309036319
2017.4326171875 -120.005828857422 -119.01696213053803
2017.498291015625 -124.051635742188 -121.11404627424234
2017.531127929688 -132.00373840332 -122.0315665907191
2017.56396484375 -127.366981506348 -122.85819887657816
2017.596801757812 -126.101142883301 -123.59212658502219
2017.629760742188 -128.946533203125 -124.21806950520114
2017.66259765625 -124.583374023438 -124.67346190956376
2017.695434570312 -124.522338867188 -124.92352967616631
2017.728271484375 -126.617027282715 -125.00770426042544
2017.761108398438 -123.632553100586 -125.00308989455762
2017.7939453125 -123.910766601562 -124.957004923466
2017.826782226562 -124.676773071289 -124.93097951555241
2017.859741210938 -124.13835144043 -124.94602100877098
2017.892578125 -124.223457336426 -125.02425615171332
2017.925415039062 -125.131736755371 -125.17208138521666
2017.958251953125 -125.060691833496 -125.38653907537642
2017.991088867188 -124.851791381836 -125.67730617693114
2018.024658203125 -125.064300537109 -126.11457011813913
2018.057495117188 -125.621109008789 -126.75652750502893
2018.09033203125 -126.911575317383 -127.63335097444175
2018.123168945312 -127.829978942871 -128.71992911281316
2018.156005859375 -123.939750671387 -129.97110951918688
2018.18896484375 -129.30078125 -131.3449707358301
2018.221801757812 -128.496246337891 -132.80027464297797
2018.254638671875 -128.066162109375 -134.33035282169
2018.287475585938 -131.141387939453 -135.93959278614204
2018.3203125 -136.187942504883 -137.6285152939201
2018.353149414062 -142.099639892578 -139.39911636914462
2018.385986328125 -139.713043212891 -141.23533207479062
2018.4189453125 -144.934143066406 -143.10538215283214
2018.451782226562 -146.790512084961 -144.91415784782075
2018.484619140625 -146.989410400391 -146.5759645237592
2018.517456054688 -149.635757446289 -148.0444209549863
2018.55029296875 -152.933685302734 -149.31995465292363
2018.583129882812 -153.193695068359 -150.43181244462383
2018.615966796875 -155.602401733398 -151.42138378384257
2018.64892578125 -156.59814453125 -152.3034892824177
2018.681762695312 -152.663955688477 -153.07591917440377
2018.714599609375 -155.471328735352 -153.7436100117009
2018.747436523438 -155.322143554688 -154.29530323194066
2018.7802734375 -152.062316894531 -154.74703987558743
2018.813110351562 -155.874938964844 -155.10914596323113
2018.845947265625 -154.205474853516 -155.40488601013752
2018.87890625 -155.799942016602 -155.69385264937765
2018.911743164062 -155.840866088867 -156.09085657224213
2018.944580078125 -156.217361450195 -156.50875544676353
2018.977416992188 -157.188751220703 -156.98242336741646
2019.010986328125 -155.976287841797 -157.5809652787741
2019.043823242188 -157.481079101562 -158.16321745951055
2019.109497070312 -159.127380371094 -159.46125864694883
2019.1259765625 -159.165283203125 -159.79338969081377
2019.142333984375 -161.303359985352 -160.1805966036728
2019.175170898438 -161.009963989258 -161.0078000934029
2019.191650390625 -160.315902709961 -161.4690347432947
2019.208129882812 -162.632019042969 -161.94460187063095
2019.224487304688 -162.382934570312 -162.41114100785586
2019.240966796875 -162.641906738281 -162.89671392857417
2019.25732421875 -163.342544555664 -163.38528953390102
2019.273803710938 -162.932861328125 -163.86556894585704
2019.290161132812 -162.983291625977 -164.34599580834106
2019.306640625 -167.072723388672 -164.87302911204614
2019.323120117188 -164.94499206543 -165.43594033336714
2019.339477539062 -165.626403808594 -166.01732477416522
2019.35595703125 -167.491241455078 -166.61057055090265
2019.372314453125 -167.296646118164 -167.19055484152867
2019.388793945312 -165.720626831055 -167.76770391736449
2019.405151367188 -169.205749511719 -168.315717541324
2019.421630859375 -166.827224731445 -168.88133235487805
2019.438110351562 -170.67253112793 -169.43859324744705
2019.454467773438 -171.042755126953 -169.96629115355256
2019.470947265625 -174.325393676758 -170.4638225097362
2019.4873046875 -170.252548217773 -170.9019901810273
2019.503784179688 -171.266418457031 -171.16647398041437
2019.520141601562 -168.814865112305 -171.4987053283381
2019.53662109375 -174.853302001953 -171.8011726315963
2019.569458007812 -174.018997192383 -172.31682290870458
2019.602294921875 -180.5771484375 -172.74837795854037
2019.618774414062 -171.823852539062 -172.9641929901261
2019.635131835938 -177.315322875977 -173.1490471895403
2019.651611328125 -172.350234985352 -173.2646862541165
2019.668090820312 -172.174087524414 -173.40089207561135
2019.71728515625 -174.454345703125 -173.68366866277157
2019.733764648438 -173.750152587891 -173.76434210672545
2019.750122070312 -173.963500976562 -173.81776294769918
2019.7666015625 -177.032043457031 -173.88388466822119
2019.799438476562 -173.495361328125 -174.01243648334983
2019.832275390625 -171.267028808594 -174.16579226872074
2019.865112304688 -175.012390136719 -174.35886886831966
2019.898071289062 -174.549896240234 -174.59057108161122
2019.930908203125 -174.438888549805 -174.86272325620214
2019.963745117188 -173.868209838867 -175.2142912855306
2019.99658203125 -175.341506958008 -175.58479215940312
2020.030151367188 -174.869110107422 -175.91550255551024
2020.06298828125 -176.356338500977 -176.39566109835803
2020.095825195312 -177.311294555664 -176.91334533337135
2020.128662109375 -177.84211730957 -177.4857441573965
2020.161499023438 -177.235488891602 -178.1046760297686
2020.177978515625 -178.176834106445 -178.4416994944246
2020.1943359375 -178.53498840332 -178.75042354168252
2020.227294921875 -179.264099121094 -179.39150557292675
2020.260131835938 -178.516067504883 -179.9970400105279
2020.29296875 -180.825012207031 -180.59462474332406
2020.325805664062 -183.813369750977 -181.17949617786664
2020.358642578125 -181.149887084961 -181.77094999904597
2020.391479492188 -185.779998779297 -182.4219144318054
2020.42431640625 -183.271667480469 -183.10760354536035
2020.457275390625 -181.663269042969 -183.76612619386808
2020.490112304688 -183.817901611328 -184.34506164299688
2020.52294921875 -181.015029907227 -184.81555393152996
2020.555786132812 -185.887893676758 -185.1724161934666
2020.572265625 -195.106155395508 -185.24787981784004
2020.588623046875 -187.640045166016 -185.27220870750565
2020.605102539062 -186.406524658203 -185.43276905130284
2020.621459960938 -188.745651245117 -185.39816795543504
2020.654296875 -189.528869628906 -185.4103995504509
2020.687255859375 -185.778335571289 -185.27320207175958
2020.70361328125 -187.783721923828 -185.24239338041124
2020.720092773438 -186.797454833984 -184.93267714697524
2020.7529296875 -183.766860961914 -184.40559779768654
2020.785766601562 -185.130752563477 -183.72204559070036
2020.818603515625 -183.17643737793 -182.93133737661506
2020.851440429688 -180.330780029297 -182.0746862954062
2020.917236328125 -181.148696899414 -180.32248373819948
2020.950073242188 -179.410720825195 -179.58283272159213
2020.98291015625 -178.167098999023 -178.95147963545162
2021.013671875 -177.266143798828 -178.29342824702488
2021.046508789062 -174.942565917969 -177.8102682894784
2021.079345703125 -176.610244750977 -177.6026694782591
2021.1123046875 -175.235260009766 -177.42589710242504
2021.145141601562 -175.454147338867 -177.36600975034105
2021.177978515625 -175.994613647461 -177.40191204823958
2021.210815429688 -177.166473388672 -177.51761112418734
2021.24365234375 -174.425765991211 -177.5905468321625
2021.276489257812 -180.030746459961 -177.9330616271728
2021.309326171875 -177.709396362305 -178.37790027956981
2021.34228515625 -178.41487121582 -178.89618239798588
2021.358642578125 -181.059036254883 -179.159483983942
2021.391479492188 -179.762191772461 -179.6634879962686
2021.407958984375 -179.728118896484 -179.86638552958993
2021.440795898438 -177.312026977539 -180.20250479316678
2021.4736328125 -180.883972167969 -180.35151491844402
2021.506469726562 -182.900436401367 -180.34799862145837
2021.539306640625 -187.059707641602 -180.2740766287258
2021.572265625 -186.552276611328 -180.0478716821509
2021.605102539062 -189.831436157227 -180.01296764832017
2021.637939453125 -180.882141113281 -179.97382424508524
2021.670776367188 -187.160980224609 -179.92264288750604
2021.736450195312 -178.734146118164 -179.65300669544618
2021.769287109375 -180.445587158203 -179.48728430608543
2021.80224609375 -177.585220336914 -179.22230926195226
2021.835083007812 -178.083404541016 -178.92126315518362
2021.867919921875 -179.281707763672 -178.54238636195473
2021.966430664062 -179.32341003418 -177.24325718302106
2022.0 -177.231796264648 -176.75563235293035
2022.065673828125 -179.889694213867 -175.8585237078318
2022.098510742188 -173.545974731445 -175.42489923464905
2022.197143554688 -173.805404663086 -174.3332527583176
2022.22998046875 -175.747192382812 -173.99281268888575
2022.262817382812 -170.172821044922 -173.67480130057353
2022.295654296875 -173.882858276367 -173.42811251953822
2022.328491210938 -170.712142944336 -173.3334290800531
2022.394287109375 -169.83430480957 -173.54971741655132
2022.558471679688 -176.471130371094 -174.006352860537
2022.591430664062 -146.861114501953 -174.07109587104256
2022.68994140625 -163.130935668945 -174.58895090256078
2022.722778320312 -183.757186889648 -174.89880855725357
2022.821411132812 -174.469696044922 -175.7166460379925
2022.854248046875 -177.164306640625 -175.83566991082148
2022.887084960938 -173.232727050781 -175.92657798458546
2022.919921875 -176.322982788086 -176.01149434979587
2022.952758789062 -177.319122314453 -176.1732374292503
2022.985595703125 -176.955764770508 -176.42647343077323
2023.019165039062 -176.335647583008 -176.724283202574
2023.052001953125 -176.490646362305 -177.01824496309152
2023.084838867188 -176.825561523438 -177.36539610762932
2023.11767578125 -177.452209472656 -177.78011284865352
2023.150634765625 -179.011413574219 -178.16805525987914
2023.183471679688 -176.009704589844 -178.60759911405833
2023.21630859375 -176.460861206055 -179.08433239006794
2023.249145507812 -179.611892700195 -179.59058130564145
2023.281982421875 -180.340576171875 -180.11549256852246
2023.314819335938 -180.09602355957 -180.65219888118466
2023.34765625 -180.547515869141 -181.19697917330706
2023.380615234375 -185.20866394043 -181.75038886843043
2023.413452148438 -180.48779296875 -182.30794954818225
2023.4462890625 -182.433547973633 -182.8712369101032
2023.57763671875 -189.86882019043 -185.19605300021252
