2014.804931640625 0.0 8.101815701846995
2014.837768554688 3.901551008224 7.858567783359191
2014.903442382812 5.445350646973 7.371739835666069
2014.96923828125 6.823556900024 6.883499994560666
2015.03564453125 4.219546794891 6.390137809292936
2015.101318359375 12.9314661026 5.901597675732164
2015.265625 0.610247671604 4.676619432211249
2015.331298828125 10.41347694397 4.185982343375724
2015.39697265625 21.708862304688 3.694901572391484
2016.021850585938 -0.632995605469 -0.9140045520560862
2016.1533203125 1.54685151577 -2.0123720481873177
2016.350463867188 -3.547408103943 -3.4912123233829515
2016.416137695312 -5.262961864471 -3.968463435874323
2016.547607421875 -7.300146579742 -5.021239181578171
2016.744750976562 -6.705626010895 -6.337846792429691
2016.777587890625 -6.779466152191 -6.547443774696668
2016.810424804688 -6.901301860809 -6.740599437475072
2016.84326171875 -6.85160779953 -6.841318459854443
2016.876098632812 -7.196359157562 -6.894691456255963
2016.908935546875 -6.706703186035 -6.945787779689457
2016.941772460938 -6.71949338913 -6.996241189078475
2016.974731445312 -6.801756381989 -7.046541530014481
2017.005493164062 -7.273631572723 -7.094677975554777
2017.038330078125 -7.053330421448 -7.144125451848385
2017.071166992188 -7.188045978546 -7.193595188715826
2017.10400390625 -7.178883075714 -7.251393079710242
2017.136840820312 -7.762739658356 -7.315711337372764
2017.169799804688 -7.36677646637 -7.384200003391983
2017.20263671875 -7.467790603638 -7.453294743450025
2017.235473632812 -7.360562801361 -7.519565778723522
2017.268310546875 -7.015647888184 -7.579790649956601
2017.301147460938 -8.374915122986 -7.637000970377219
2017.333984375 -6.145710945129 -7.701612099513073
2017.366821289062 -7.7915391922 -7.778504565007531
2017.399780273438 -8.132211685181 -7.8687296799517235
2017.4326171875 -7.792912483215 -7.973243230936256
2017.498291015625 -6.723194599152 -8.254479011244843
2017.531127929688 -6.255895614624 -8.434376816484383
2017.56396484375 -8.066674232483 -8.638828271971365
2017.596801757812 -8.164421081543 -8.867403469043708
2017.629760742188 -8.893463134766 -9.12114873926139
2017.66259765625 -8.697780609131 -9.401431108497903
2017.695434570312 -9.214772224426 -9.713244133584128
2017.728271484375 -9.391474723816 -10.082253323107727
2017.761108398438 -10.887926101685 -10.501422893635647
2017.7939453125 -11.017050743103 -10.940762719115709
2017.826782226562 -11.764902114868 -11.3804636174895
2017.859741210938 -12.168258666992 -11.817842787488832
2017.892578125 -12.585858345032 -12.247302604368402
2017.925415039062 -12.779418945312 -12.666285118615432
2017.958251953125 -12.83792591095 -13.06849806793249
2017.991088867188 -13.299569129944 -13.449757919289333
2018.024658203125 -14.115609169006 -13.817344086917165
2018.057495117188 -14.501165390015 -14.161550598625224
2018.09033203125 -14.751847267151 -14.499937682383829
2018.123168945312 -15.036695480347 -14.838867922743988
2018.156005859375 -15.054167747498 -15.179639995198622
2018.18896484375 -15.538995742798 -15.523865474915674
2018.221801757812 -15.655488014221 -15.867696727326292
2018.254638671875 -15.880218505859 -16.208694501597257
2018.287475585938 -16.294715881348 -16.546806265558995
2018.3203125 -16.681781768799 -16.886884532464027
2018.353149414062 -17.271522521973 -17.235278010754133
2018.385986328125 -18.631723403931 -17.596337835284217
2018.4189453125 -18.015001296997 -17.971509465345804
2018.451782226562 -18.108289718628 -18.355617382509433
2018.484619140625 -18.667949676514 -18.7470448383299
2018.517456054688 -19.220693588257 -19.140741621780908
2018.55029296875 -18.754911422729 -19.53334947210131
2018.583129882812 -19.849140167236 -19.91950805584198
2018.615966796875 -20.65592956543 -20.296914598311616
2018.64892578125 -20.725177764893 -20.67037505017255
2018.681762695312 -21.27844619751 -21.040634062315412
2018.714599609375 -19.078317642212 -21.411610692024418
2018.747436523438 -21.753612518311 -21.78420772555075
2018.7802734375 -22.714464187622 -22.157605857799908
2018.813110351562 -22.270887374878 -22.53430364751473
2018.845947265625 -23.327417373657 -22.910981849926472
2018.87890625 -22.825073242188 -23.284215677083807
2018.911743164062 -23.040548324585 -23.67851823199631
2018.944580078125 -24.242601394653 -24.074916524971695
2018.977416992188 -24.199043273926 -24.490562868912427
2019.010986328125 -24.525352478027 -24.955974585736023
2019.043823242188 -25.242206573486 -25.408932563607866
2019.109497070312 -26.587905883789 -26.432512027108288
2019.1259765625 -26.576606750488 -26.696966581467347
2019.142333984375 -26.522438049316 -26.9708622339106
2019.175170898438 -27.453800201416 -27.531290806648702
2019.191650390625 -27.915988922119 -27.81622215926998
2019.208129882812 -28.250791549683 -28.096227123394478
2019.224487304688 -28.483491897583 -28.376113834361558
2019.240966796875 -28.885704040527 -28.644481299380622
2019.25732421875 -29.065460205078 -28.903583086345364
2019.273803710938 -29.357942581177 -29.175295109748262
2019.290161132812 -29.391710281372 -29.440646059516165
2019.306640625 -29.816259384155 -29.671942694239437
2019.323120117188 -30.053983688354 -29.887260870969158
2019.339477539062 -30.221731185913 -30.086260471622143
2019.35595703125 -30.272108078003 -30.27028505827306
2019.372314453125 -30.416917800903 -30.43698090257869
2019.388793945312 -30.754795074463 -30.589748871725423
2019.405151367188 -31.436269760132 -30.715598172455973
2019.421630859375 -30.69277381897 -30.844788249596455
2019.438110351562 -31.466899871826 -30.961336861138427
2019.454467773438 -31.041122436523 -31.08020628163929
2019.470947265625 -29.745306015015 -31.22980083241556
2019.4873046875 -31.293249130249 -31.39746529836032
2019.503784179688 -30.141157150269 -31.549614991807644
2019.520141601562 -30.133089065552 -31.672893166512402
2019.53662109375 -35.004016876221 -31.787598480234575
2019.569458007812 -33.615463256836 -31.995067021056347
2019.602294921875 -29.169923782349 -32.193746317547905
2019.618774414062 -32.917827606201 -32.30594698921743
2019.635131835938 -33.1760597229 -32.4306301156644
2019.651611328125 -32.663967132568 -32.53055841757344
2019.668090820312 -31.965330123901 -32.65456782953038
2019.71728515625 -33.021221160889 -32.91615805729451
2019.733764648438 -32.86323928833 -32.98404861285573
2019.750122070312 -33.512489318848 -33.04629111917717
2019.7666015625 -32.752124786377 -33.10920160318699
2019.799438476562 -32.826633453369 -33.24057299191988
2019.832275390625 -33.865600585938 -33.37681876195505
2019.865112304688 -33.411666870117 -33.5232435835773
2019.898071289062 -33.612483978271 -33.6819746701105
2019.930908203125 -33.710334777832 -33.85242724607649
2019.963745117188 -33.987739562988 -34.03556554633233
2019.99658203125 -34.031715393066 -34.22219451508729
2020.030151367188 -34.42985534668 -34.4045189997447
2020.06298828125 -34.473217010498 -34.60005261459803
2020.095825195312 -34.761745452881 -34.79485022641196
2020.128662109375 -35.046184539795 -34.992996585538435
2020.161499023438 -35.470687866211 -35.193870438157234
2020.177978515625 -35.067012786865 -35.2891899214817
2020.1943359375 -35.444812774658 -35.3896762262751
2020.227294921875 -35.794853210449 -35.57205156544322
2020.260131835938 -35.737335205078 -35.733045859817025
2020.29296875 -35.908340454102 -35.886479754715644
2020.325805664062 -37.239105224609 -36.02411472664824
2020.358642578125 -36.047687530518 -36.14495590793187
2020.391479492188 -37.102298736572 -36.26467606284305
2020.42431640625 -36.657485961914 -36.38029794914868
2020.457275390625 -34.940723419189 -36.47670426578974
2020.490112304688 -34.975814819336 -36.55056407714057
2020.52294921875 -36.721778869629 -36.610527967155306
2020.555786132812 -37.030609130859 -36.66060898026542
2020.572265625 -32.473587036133 -36.68422655480125
2020.588623046875 -34.206764221191 -36.71400164082477
2020.605102539062 -37.134914398193 -36.74080600475119
2020.621459960938 -36.800979614258 -36.779194087275
2020.654296875 -34.489475250244 -36.86343259379026
2020.687255859375 -36.500473022461 -36.97617984139738
2020.70361328125 -36.834636688232 -37.031488355207166
2020.720092773438 -36.879592895508 -37.122015482199714
2020.7529296875 -36.398372650146 -37.28633392233682
2020.785766601562 -37.423782348633 -37.45398575045602
2020.818603515625 -37.202472686768 -37.6264672758719
2020.851440429688 -38.832904815674 -37.81338187102327
2020.917236328125 -38.701625823975 -38.22512372750329
2020.950073242188 -38.44115447998 -38.43276264861796
2020.98291015625 -38.662837982178 -38.62318619827917
2021.013671875 -39.043239593506 -38.81113184141298
2021.046508789062 -38.574417114258 -38.96261288785403
2021.079345703125 -39.308616638184 -39.060694406566554
2021.1123046875 -39.994682312012 -39.15148316794779
2021.145141601562 -39.389820098877 -39.22055314038737
2021.177978515625 -39.499610900879 -39.27538845274808
2021.210815429688 -40.524467468262 -39.31995611210922
2021.24365234375 -39.91418838501 -39.3705243813071
2021.276489257812 -38.74214553833 -39.37979790338436
2021.309326171875 -39.403781890869 -39.37416401072528
2021.34228515625 -39.426795959473 -39.38205020098189
2021.358642578125 -39.555458068848 -39.427053111369595
2021.391479492188 -36.737701416016 -39.495261600002216
2021.407958984375 -38.205730438232 -39.55985388385486
2021.440795898438 -37.157737731934 -39.65314138468424
2021.4736328125 -36.83557510376 -39.77292069530848
2021.506469726562 -39.416202545166 -39.93154771432949
2021.539306640625 -35.854011535645 -40.12762710000117
2021.572265625 -37.275184631348 -40.441643299018956
2021.605102539062 -40.100624084473 -40.66107843908171
2021.637939453125 -40.261707305908 -40.89301797233832
2021.670776367188 -40.698215484619 -41.16465296869774
2021.736450195312 -41.523120880127 -41.98668612390362
2021.769287109375 -43.698902130127 -42.440851144504656
2021.80224609375 -42.753852844238 -42.92615854695457
2021.835083007812 -43.191867828369 -43.409934182007
2021.867919921875 -43.835788726807 -43.905729289342865
2021.966430664062 -46.273330688477 -45.41843400965435
2022.0 -46.09061050415 -45.93938387340565
2022.065673828125 -46.955345153809 -46.959213969604576
2022.098510742188 -46.840015411377 -47.44364946807197
2022.197143554688 -48.870059967041 -48.804274656796615
2022.22998046875 -49.870853424072 -49.22939796935189
2022.262817382812 -50.259090423584 -49.63359706024801
2022.295654296875 -50.446334838867 -50.00328184628123
2022.328491210938 -50.770439147949 -50.32117345784164
2022.394287109375 -52.299049377441 -50.83431017124621
2022.558471679688 -52.319393157959 -52.11490160148311
2022.591430664062 -56.422290802002 -52.38706192367999
2022.68994140625 -51.868858337402 -53.07998839903169
2022.722778320312 -54.873477935791 -53.29924531034639
2022.821411132812 -54.067054748535 -53.82537566027354
2022.854248046875 -53.958965301514 -53.95387889937372
2022.887084960938 -54.266872406006 -54.06648367270533
2022.919921875 -54.320388793945 -54.182633936456256
2022.952758789062 -54.6745262146 -54.25647516480404
2022.985595703125 -54.941032409668 -54.24816180739146
2023.019165039062 -54.331211090088 -54.19787571653794
2023.052001953125 -54.286998748779 -54.15492460146904
2023.084838867188 -54.245601654053 -54.052093453343886
2023.11767578125 -54.047523498535 -53.90553503446469
2023.150634765625 -54.416137695312 -53.78192247219875
2023.183471679688 -54.00216293335 -53.63229752174954
2023.21630859375 -55.040615081787 -53.48266088911539
2023.249145507812 -55.146003723145 -53.33108407659618
2023.281982421875 -53.307971954346 -53.176496107412525
2023.314819335938 -53.050933837891 -53.018279879196584
2023.34765625 -52.340362548828 -52.855998618259314
2023.380615234375 -52.029228210449 -52.688816246348715
2023.413452148438 -53.754932403564 -52.518322925150734
2023.4462890625 -48.307971954346 -52.34470428278372
2023.57763671875 -46.428520202637 -51.62847862524668
