2014.804931640625 -0.0 -2.2123268022143145
2014.837768554688 -2.3737616539 -3.7955471256415083
2014.903442382812 -8.488801956177 -6.957065731743175
2014.96923828125 -11.579145431519 -10.11808218359238
2015.03564453125 -12.943807601929 -13.301903443290023
2015.101318359375 -23.915355682373 -16.44376673757217
2015.265625 -20.589971542358 -24.26927283248346
2015.331298828125 -35.964351654053 -27.379585025722097
2015.39697265625 -39.790817260742 -30.47769952965115
2016.021850585938 -66.188980102539 -59.71835527575367
2016.1533203125 -62.479759216309 -66.80309482308964
2016.350463867188 -89.892303466797 -74.29040502689482
2016.416137695312 -59.51123046875 -76.31571816627401
2016.547607421875 -88.519149780273 -81.11455269287946
2016.744750976562 -89.436096191406 -90.02010801081461
2016.777587890625 -94.934730529785 -89.76370546521999
2016.810424804688 -91.305870056152 -89.5278490579823
2016.84326171875 -90.596603393555 -89.30843605074105
2016.876098632812 -88.295921325684 -89.07700932274521
2016.908935546875 -87.598678588867 -88.96180581638312
2016.941772460938 -86.472465515137 -88.92154669725888
2016.974731445312 -86.573822021484 -88.90467111257412
2017.005493164062 -88.007568359375 -89.07148086261536
2017.038330078125 -88.632965087891 -89.14407496798879
2017.071166992188 -86.593109130859 -89.25547877600539
2017.10400390625 -88.707565307617 -89.77945612106211
2017.136840820312 -88.150680541992 -90.5301697215145
2017.169799804688 -88.274604797363 -91.42414910381002
2017.20263671875 -91.405632019043 -92.47265885366753
2017.235473632812 -89.945266723633 -93.69479813329997
2017.268310546875 -97.506507873535 -95.09636572244497
2017.301147460938 -94.147132873535 -96.64367082360894
2017.333984375 -96.887031555176 -98.29389451097245
2017.366821289062 -96.924301147461 -100.00043010787694
2017.399780273438 -102.562126159668 -101.69534544268852
2017.4326171875 -105.739601135254 -103.31165246885493
2017.498291015625 -114.044212341309 -106.3172849438871
2017.531127929688 -109.240921020508 -107.72506563415102
2017.56396484375 -111.764221191406 -109.08268131565023
2017.596801757812 -111.87321472168 -110.37848598591603
2017.629760742188 -118.127296447754 -111.58388514808273
2017.66259765625 -114.846778869629 -112.61517061658552
2017.695434570312 -112.276893615723 -113.44395916351738
2017.728271484375 -112.65892791748 -114.0704584709842
2017.761108398438 -115.452880859375 -114.55820534387529
2017.7939453125 -116.541839599609 -114.9879470596529
2017.826782226562 -116.062713623047 -115.40578872499486
2017.859741210938 -117.448875427246 -115.81477435107432
2017.892578125 -114.987976074219 -116.21102718785338
2017.925415039062 -115.282333374023 -116.61577652877567
2017.958251953125 -116.432060241699 -117.05794106776847
2017.991088867188 -117.304168701172 -117.55978929313262
2018.024658203125 -117.085929870605 -118.12810810572638
2018.057495117188 -118.46314239502 -118.73385488082401
2018.09033203125 -119.544082641602 -119.41948120901806
2018.123168945312 -119.263549804688 -120.22045857234649
2018.156005859375 -117.733032226562 -121.14416329499385
2018.18896484375 -120.801246643066 -122.18538189161269
2018.221801757812 -121.522041320801 -123.31104054358516
2018.254638671875 -125.077354431152 -124.4852023544544
2018.287475585938 -126.849060058594 -125.69010190629555
2018.3203125 -124.159423828125 -126.91661913461604
2018.353149414062 -125.233734130859 -128.1753519708435
2018.385986328125 -131.716873168945 -129.47715351378065
2018.4189453125 -133.526138305664 -130.8159581277696
2018.451782226562 -132.097518920898 -132.15668292149934
2018.484619140625 -136.627151489258 -133.48598132496895
2018.517456054688 -134.801391601562 -134.80135354036562
2018.55029296875 -132.750152587891 -136.09704759670285
2018.583129882812 -137.143814086914 -137.3520227460635
2018.615966796875 -135.873291015625 -138.53640846349793
2018.64892578125 -145.392211914062 -139.62212261154883
2018.681762695312 -144.627304077148 -140.5893621141295
2018.714599609375 -140.562652587891 -141.4608812379843
2018.747436523438 -142.826599121094 -142.26477747173593
2018.7802734375 -144.992233276367 -143.02613593866502
2018.813110351562 -147.707290649414 -143.69137988728642
2018.845947265625 -146.789321899414 -144.35788756676902
2018.87890625 -146.460342407227 -144.83193074105972
2018.911743164062 -144.96858215332 -145.05534966700804
2018.944580078125 -145.208801269531 -145.23999814466814
2018.977416992188 -144.437896728516 -145.36958380243183
2019.010986328125 -144.933868408203 -145.37421210095178
2019.043823242188 -145.06901550293 -145.29115304321627
2019.109497070312 -145.303329467773 -145.31897195908093
2019.1259765625 -144.874008178711 -145.35723740748415
2019.142333984375 -145.819061279297 -145.44708599333953
2019.175170898438 -145.629638671875 -145.65183838077172
2019.191650390625 -145.22966003418 -145.81155105478976
2019.208129882812 -144.580017089844 -146.00718241655125
2019.224487304688 -145.666473388672 -146.18956948550723
2019.240966796875 -146.70930480957 -146.45664131492066
2019.25732421875 -146.228363037109 -146.74869759228125
2019.273803710938 -146.203216552734 -147.01342801847653
2019.290161132812 -146.677490234375 -147.30690139794697
2019.306640625 -147.444122314453 -147.68696104835675
2019.323120117188 -148.070831298828 -148.0777110934459
2019.339477539062 -149.154251098633 -148.44735700308223
2019.35595703125 -149.407440185547 -148.78223649888992
2019.372314453125 -149.992416381836 -149.06592021404506
2019.388793945312 -149.200149536133 -149.3174986926964
2019.405151367188 -149.007858276367 -149.54684890243655
2019.421630859375 -151.219757080078 -149.8674921473643
2019.438110351562 -151.322692871094 -150.2338953533947
2019.454467773438 -153.001251220703 -150.65152336978076
2019.470947265625 -146.757690429688 -151.13820276547546
2019.4873046875 -148.160781860352 -151.6859784385751
2019.503784179688 -147.364486694336 -152.42413804693717
2019.520141601562 -149.588363647461 -153.00856748713863
2019.53662109375 -153.663528442383 -153.63045942052312
2019.569458007812 -157.713500976562 -155.00191328742991
2019.602294921875 -155.45524597168 -156.5345107760188
2019.618774414062 -155.008743286133 -157.29951750627131
2019.635131835938 -160.575454711914 -158.10283151561862
2019.651611328125 -162.392547607422 -158.9260287984441
2019.668090820312 -158.301345825195 -159.76865095290887
2019.71728515625 -164.908706665039 -162.0282457504242
2019.733764648438 -162.627868652344 -162.7060067070202
2019.750122070312 -162.991073608398 -163.24290538342603
2019.7666015625 -163.252334594727 -163.8274664799099
2019.799438476562 -165.721374511719 -164.77855017604531
2019.832275390625 -171.165496826172 -165.6725174456413
2019.865112304688 -168.101119995117 -166.44333525720597
2019.898071289062 -166.928146362305 -167.08393688897976
2019.930908203125 -168.703887939453 -167.5728673110627
2019.963745117188 -169.267715454102 -167.8707722782692
2019.99658203125 -168.761688232422 -168.09851440125465
2020.030151367188 -169.240203857422 -168.41680176781142
2020.06298828125 -168.393249511719 -168.45820830949813
2020.095825195312 -168.198455810547 -168.5133734500484
2020.128662109375 -169.322006225586 -168.6262139645757
2020.161499023438 -168.28434753418 -168.8675504364493
2020.177978515625 -168.355270385742 -169.18206603993187
2020.1943359375 -168.709136962891 -169.29764851394697
2020.227294921875 -166.900131225586 -169.95633441448084
2020.260131835938 -164.995986938477 -170.84019827923683
2020.29296875 -169.275253295898 -171.73060432620034
2020.325805664062 -167.679473876953 -172.7966243804422
2020.358642578125 -173.709121704102 -174.2312292267227
2020.391479492188 -172.551818847656 -175.82028111489961
2020.42431640625 -175.105834960938 -177.58392698752155
2020.457275390625 -181.864044189453 -179.60799441557384
2020.490112304688 -181.140029907227 -181.76870633685544
2020.52294921875 -185.178482055664 -183.87773019819988
2020.555786132812 -186.288101196289 -185.88160183495046
2020.572265625 -199.052825927734 -186.69384968217403
2020.588623046875 -199.710754394531 -187.4329110912578
2020.605102539062 -190.450378417969 -188.42851607983755
2020.621459960938 -192.613189697266 -189.0725321072688
2020.654296875 -200.538787841797 -190.47719931263453
2020.687255859375 -195.452285766602 -191.5875957482729
2020.70361328125 -194.82470703125 -192.2091916662697
2020.720092773438 -192.795318603516 -192.31320581257145
2020.7529296875 -195.023803710938 -192.73067185831104
2020.785766601562 -196.713973999023 -192.88527751346209
2020.818603515625 -193.884368896484 -192.80041499409546
2020.851440429688 -194.366653442383 -192.5168791879067
2020.917236328125 -191.807891845703 -191.64945834974512
2020.950073242188 -189.218811035156 -191.1965872174588
2020.98291015625 -190.670776367188 -190.8594570670196
2021.013671875 -188.856491088867 -190.52634749496815
2021.046508789062 -187.751068115234 -190.50428412460965
2021.079345703125 -189.365310668945 -191.0428828491286
2021.1123046875 -187.62467956543 -191.6374478755941
2021.145141601562 -190.3671875 -192.43636980848828
2021.177978515625 -189.401550292969 -193.41585831756757
2021.210815429688 -189.701553344727 -194.54353744092984
2021.24365234375 -188.128540039062 -195.49092303006373
2021.276489257812 -195.575149536133 -196.97264667289826
2021.309326171875 -198.951187133789 -198.64668888915983
2021.34228515625 -198.537368774414 -200.46175044570745
2021.358642578125 -203.655532836914 -201.35760291670968
2021.391479492188 -205.510177612305 -203.1013031998679
2021.407958984375 -201.758773803711 -203.883521262358
2021.440795898438 -206.535949707031 -205.50897692626097
2021.4736328125 -211.419631958008 -206.98183624053144
2021.506469726562 -214.909088134766 -208.21053231347318
2021.539306640625 -214.034027099609 -209.158211596436
2021.572265625 -211.385192871094 -209.49660052716393
2021.605102539062 -214.98193359375 -210.1713690012944
2021.637939453125 -211.006500244141 -210.71781105237127
2021.670776367188 -214.037841796875 -211.07065894626342
2021.736450195312 -215.865493774414 -210.7618048755736
2021.769287109375 -213.457504272461 -210.5232788816879
2021.80224609375 -211.454483032227 -209.9942904530847
2021.835083007812 -208.109146118164 -209.44945907049566
2021.867919921875 -210.638076782227 -208.72042760371227
2021.966430664062 -207.491363525391 -206.40483281428004
2022.0 -204.355453491211 -205.59457533123154
2022.065673828125 -203.552444458008 -204.04179427995643
2022.098510742188 -202.294296264648 -203.31262987135406
2022.197143554688 -199.59001159668 -201.52295002687055
2022.22998046875 -200.538864135742 -201.09821646610632
2022.262817382812 -198.830978393555 -200.78970803864638
2022.295654296875 -196.762924194336 -200.59795608451302
2022.328491210938 -196.520751953125 -200.50586566549205
2022.394287109375 -200.220367431641 -200.39916923018706
2022.558471679688 -207.465347290039 -200.1044544839632
2022.591430664062 -204.718597412109 -200.15044715953627
2022.68994140625 -185.587997436523 -200.71710540353803
2022.722778320312 -200.15217590332 -200.90843320668702
2022.821411132812 -200.590957641602 -201.06096315461008
2022.854248046875 -199.663619995117 -201.15720626931113
2022.887084960938 -200.179290771484 -201.34967364580868
2022.919921875 -199.258026123047 -201.52507839750746
2022.952758789062 -201.15315246582 -201.7796429832021
2022.985595703125 -202.484710693359 -202.19857604400232
2023.019165039062 -204.03483581543 -202.6397708684116
2023.052001953125 -202.853485107422 -203.08653655002172
2023.084838867188 -202.851211547852 -203.48455392284484
2023.11767578125 -204.073455810547 -203.7809485903749
2023.150634765625 -205.780838012695 -204.11581641431624
2023.183471679688 -205.141220092773 -204.37429182107655
2023.21630859375 -207.349151611328 -204.63038783012132
2023.249145507812 -208.272125244141 -204.88321012413954
2023.281982421875 -204.776519775391 -205.1294903477228
2023.314819335938 -206.042602539062 -205.36469590320033
2023.34765625 -203.881729125977 -205.5848478009177
2023.380615234375 -202.312805175781 -205.78733489048113
2023.413452148438 -216.757064819336 -205.96960197864263
2023.4462890625 -192.311752319336 -206.13415972757377
2023.57763671875 -194.350387573242 -206.65292313565755
