2014.804931640625 0.0 1.7389179320265133
2014.837768554688 2.104309797287 -0.21069024185903318
2014.903442382812 -4.049989700317 -4.106985782488479
2014.96923828125 -7.074303627014 -8.006655241761232
2015.03564453125 -8.983769416809 -11.93877205364733
2015.101318359375 -19.91065788269 -15.824374152836587
2015.265625 -17.69969367981 -25.538513299557323
2015.331298828125 -30.9439868927 -29.421291955548003
2015.39697265625 -40.58670425415 -33.30627614750111
2016.021850585938 -69.392700195312 -70.34565103303977
2016.1533203125 -72.74195098877 -77.6385679422309
2016.350463867188 -121.091468811035 -88.89672794907239
2016.416137695312 -77.22135925293 -92.60442112765311
2016.547607421875 -104.481544494629 -100.96724445628787
2016.744750976562 -122.535255432129 -113.29329040499172
2016.777587890625 -118.253234863281 -114.14650362444604
2016.810424804688 -122.075996398926 -115.03377960075987
2016.84326171875 -119.464820861816 -115.95678881561915
2016.876098632812 -117.136474609375 -116.71701303335705
2016.908935546875 -116.916122436523 -117.41929300980044
2016.941772460938 -116.63697052002 -118.18518418388244
2016.974731445312 -116.565383911133 -118.7292689544125
2017.005493164062 -118.53303527832 -119.30957495090443
2017.038330078125 -119.781196594238 -119.89231533570532
2017.071166992188 -117.436088562012 -120.51470894323985
2017.10400390625 -120.127395629883 -121.50608845733824
2017.136840820312 -120.489364624023 -122.720789606429
2017.169799804688 -121.292472839355 -124.07905163020564
2017.20263671875 -124.249992370605 -125.61789974964171
2017.235473632812 -124.297721862793 -127.3714641124344
2017.268310546875 -128.233856201172 -129.3437773103133
2017.301147460938 -130.069244384766 -131.50734008282015
2017.333984375 -131.730255126953 -133.82141264112016
2017.366821289062 -134.694854736328 -136.2207081761737
2017.399780273438 -137.658447265625 -138.62161187862674
2017.4326171875 -142.709518432617 -140.93663379071967
2017.498291015625 -148.941833496094 -145.2702919649074
2017.531127929688 -150.930816650391 -147.27646547229926
2017.56396484375 -151.489868164062 -149.16757860464818
2017.596801757812 -155.57421875 -150.91885251770373
2017.629760742188 -156.017303466797 -152.49663338231602
2017.66259765625 -156.636627197266 -153.82375411476582
2017.695434570312 -155.300857543945 -154.86752380190697
2017.728271484375 -156.640686035156 -155.59366453377294
2017.761108398438 -157.209426879883 -156.05229504005973
2017.7939453125 -158.665084838867 -156.34451569092047
2017.826782226562 -156.439392089844 -156.5431665214328
2017.859741210938 -158.540878295898 -156.66059102000742
2017.892578125 -156.250930786133 -156.708459115955
2017.925415039062 -155.786102294922 -156.72520167000272
2017.958251953125 -157.24870300293 -156.75894182717929
2017.991088867188 -156.014297485352 -156.83638554562378
2018.024658203125 -155.584197998047 -156.96778215310465
2018.057495117188 -156.698867797852 -157.1568024134561
2018.09033203125 -157.258178710938 -157.44642189441765
2018.123168945312 -156.458206176758 -157.878870270618
2018.156005859375 -155.725494384766 -158.47432700046667
2018.18896484375 -156.90495300293 -159.23470164481355
2018.221801757812 -157.872543334961 -160.13674743815255
2018.254638671875 -161.676681518555 -161.14052539961847
2018.287475585938 -160.92936706543 -162.2216955635425
2018.3203125 -160.690139770508 -163.36959627219073
2018.353149414062 -160.651077270508 -164.5861758734086
2018.385986328125 -167.427703857422 -165.86919071120346
2018.4189453125 -169.763168334961 -167.20082057999375
2018.451782226562 -169.513931274414 -168.5373002035641
2018.484619140625 -172.845611572266 -169.85628548721263
2018.517456054688 -171.741516113281 -171.14314161055665
2018.55029296875 -169.583023071289 -172.3826325654299
2018.583129882812 -173.215942382812 -173.5426890406374
2018.615966796875 -175.280532836914 -174.59209056991742
2018.64892578125 -179.909042358398 -175.5114157855385
2018.681762695312 -178.596450805664 -176.29740269327317
2018.714599609375 -174.859146118164 -176.97456309503687
2018.747436523438 -178.351715087891 -177.5690838639184
2018.7802734375 -180.325714111328 -178.1101396622229
2018.813110351562 -181.424468994141 -178.57587153297112
2018.845947265625 -181.206741333008 -179.0330410070757
2018.87890625 -179.294967651367 -179.36111035162844
2018.911743164062 -178.906158447266 -179.57900005522075
2018.944580078125 -179.759826660156 -179.78201153010457
2018.977416992188 -178.672088623047 -179.94697198118337
2019.010986328125 -178.969573974609 -180.0762315355471
2019.043823242188 -180.072479248047 -180.14969717146562
2019.109497070312 -180.943283081055 -180.64147556988814
2019.1259765625 -180.647750854492 -180.79961064024795
2019.142333984375 -180.89794921875 -181.01286004260282
2019.175170898438 -180.984069824219 -181.47988546546145
2019.191650390625 -181.344665527344 -181.77176583654176
2019.208129882812 -180.837982177734 -182.10082802651377
2019.224487304688 -182.323593139648 -182.40916093565178
2019.240966796875 -182.915969848633 -182.81743389727498
2019.25732421875 -182.664901733398 -183.24962624367234
2019.273803710938 -182.383331298828 -183.65649048043986
2019.290161132812 -183.290512084961 -184.09983156169523
2019.306640625 -183.912689208984 -184.5885672306277
2019.323120117188 -186.487884521484 -185.04180244105635
2019.339477539062 -185.864715576172 -185.43485382598814
2019.35595703125 -185.484298706055 -185.75689048415717
2019.372314453125 -189.302490234375 -185.99693658502278
2019.388793945312 -187.869583129883 -186.18777740593978
2019.405151367188 -187.471710205078 -186.31200642946482
2019.421630859375 -187.587875366211 -186.55754344367904
2019.438110351562 -188.200988769531 -186.83462875063353
2019.454467773438 -186.574554443359 -187.13502484965102
2019.470947265625 -181.536331176758 -187.46784517441304
2019.4873046875 -183.802932739258 -187.83237766894337
2019.503784179688 -182.809799194336 -188.35242603155984
2019.520141601562 -184.34147644043 -188.7241037018448
2019.53662109375 -192.543045043945 -189.1268833844759
2019.569458007812 -191.541534423828 -190.04674739521545
2019.602294921875 -192.078460693359 -191.12357389721498
2019.618774414062 -186.524932861328 -191.6867080387959
2019.635131835938 -193.572418212891 -192.29615142154506
2019.651611328125 -197.355697631836 -192.90467860838208
2019.668090820312 -191.734466552734 -193.54124799929554
2019.71728515625 -198.263717651367 -195.189655496992
2019.733764648438 -194.460144042969 -195.6677537107507
2019.750122070312 -195.135284423828 -196.0403783708048
2019.7666015625 -196.244888305664 -196.4417970730182
2019.799438476562 -198.372131347656 -197.08561062711732
2019.832275390625 -202.136077880859 -197.68924435569446
2019.865112304688 -198.832885742188 -198.2057789795665
2019.898071289062 -198.810592651367 -198.6340578827302
2019.930908203125 -199.449569702148 -198.96258227889942
2019.963745117188 -200.003311157227 -199.1675235890197
2019.99658203125 -199.752914428711 -199.31607653853175
2020.030151367188 -199.726638793945 -199.50398362488107
2020.06298828125 -199.071975708008 -199.53170035898626
2020.095825195312 -199.073913574219 -199.61420654603057
2020.128662109375 -200.701141357422 -199.818445468236
2020.161499023438 -199.714752197266 -200.2178872523803
2020.177978515625 -199.238739013672 -200.6649553864677
2020.1943359375 -200.193206787109 -200.85078400466261
2020.227294921875 -198.210113525391 -201.72173641906483
2020.260131835938 -197.358184814453 -202.7958243482254
2020.29296875 -199.580780029297 -203.88133121208023
2020.325805664062 -201.221694946289 -205.1548723223759
2020.358642578125 -206.706802368164 -206.81490846976695
2020.391479492188 -205.406173706055 -208.63211562369239
2020.42431640625 -210.270248413086 -210.64604141218868
2020.457275390625 -214.790924072266 -212.94015900068678
2020.490112304688 -214.756774902344 -215.34039860041153
2020.52294921875 -216.627716064453 -217.58003663365596
2020.555786132812 -219.816940307617 -219.5690838321288
2020.572265625 -224.48616027832 -220.27371710493642
2020.588623046875 -229.07405090332 -220.90181169816393
2020.605102539062 -224.782348632812 -221.87297786626476
2020.621459960938 -227.106216430664 -222.3974153695678
2020.654296875 -232.425262451172 -223.61689584479544
2020.687255859375 -229.389511108398 -224.5121199530489
2020.70361328125 -228.233123779297 -225.03484248544427
2020.720092773438 -226.853591918945 -225.00490773305097
2020.7529296875 -226.668106079102 -225.18939167296085
2020.785766601562 -226.776000976562 -225.1223919115749
2020.818603515625 -226.15446472168 -224.8319774144357
2020.851440429688 -225.688552856445 -224.33827713039938
2020.917236328125 -222.083435058594 -223.04755303204692
2020.950073242188 -220.756195068359 -222.48423586610284
2020.98291015625 -221.745315551758 -222.05293080896072
2021.013671875 -219.918182373047 -221.60321546276947
2021.046508789062 -218.671127319336 -221.48531660429396
2021.079345703125 -220.270858764648 -221.96624954813956
2021.1123046875 -218.364837646484 -222.55495390956443
2021.145141601562 -220.834426879883 -223.40758697728137
2021.177978515625 -221.084350585938 -224.48574456442515
2021.210815429688 -221.251708984375 -225.73688166712148
2021.24365234375 -220.632873535156 -226.7800851414705
2021.276489257812 -225.441192626953 -228.4320206305764
2021.309326171875 -228.93342590332 -230.25109265298116
2021.34228515625 -231.214279174805 -232.14530963683282
2021.358642578125 -236.194198608398 -232.96568896702075
2021.391479492188 -236.286010742188 -234.62281041542013
2021.407958984375 -237.639633178711 -235.28524235662906
2021.440795898438 -241.020629882812 -236.78415217831392
2021.4736328125 -243.892608642578 -238.05853703910827
2021.506469726562 -247.406326293945 -239.01184897509077
2021.539306640625 -245.960113525391 -239.67548056588967
2021.572265625 -238.090438842773 -239.75577239113198
2021.605102539062 -248.105392456055 -240.24786726622668
2021.637939453125 -242.425094604492 -240.62530097189358
2021.670776367188 -243.97412109375 -240.85668009959986
2021.736450195312 -247.90998840332 -240.67553709436223
2021.769287109375 -239.310348510742 -240.5153264247591
2021.80224609375 -240.469497680664 -240.17637219002802
2021.835083007812 -237.437957763672 -239.80502505529913
2021.867919921875 -241.747116088867 -239.3620038380642
2021.966430664062 -236.597351074219 -237.98082982276705
2022.0 -238.760040283203 -237.57035551054315
2022.065673828125 -238.322021484375 -236.77831838080365
2022.098510742188 -231.321441650391 -236.58365055752057
2022.197143554688 -235.027740478516 -236.69565535989892
2022.22998046875 -234.806121826172 -236.90978794077327
2022.262817382812 -232.586654663086 -237.2152431187383
2022.295654296875 -231.152221679688 -237.5986482207286
2022.328491210938 -232.807861328125 -238.0514848240273
2022.394287109375 -237.227615356445 -239.02043708084818
2022.558471679688 -246.814147949219 -241.5593935903878
2022.591430664062 -246.322052001953 -242.2965196504451
2022.68994140625 -237.738693237305 -244.91627849802842
2022.722778320312 -247.346328735352 -245.74656953478183
2022.821411132812 -247.088882446289 -247.7003697293212
2022.854248046875 -246.615615844727 -248.28501962901802
2022.887084960938 -248.241119384766 -248.9082946431665
2022.919921875 -247.285430908203 -249.4911620733595
2022.952758789062 -249.546279907227 -250.15009312906594
2022.985595703125 -251.016555786133 -251.011920061526
2023.019165039062 -252.181015014648 -251.94224418576965
2023.052001953125 -252.472076416016 -252.84538964235603
2023.084838867188 -253.582733154297 -253.78684087282713
2023.11767578125 -254.001266479492 -254.69659347741808
2023.150634765625 -256.280303955078 -255.61734955401846
2023.183471679688 -256.7587890625 -256.46180134611643
2023.21630859375 -258.821929931641 -257.1958761310485
2023.249145507812 -260.262939453125 -257.85825964719464
2023.281982421875 -258.978668212891 -258.4917201936903
2023.314819335938 -262.271026611328 -259.11600202842754
2023.34765625 -260.660675048828 -259.7371976839415
2023.380615234375 -257.970886230469 -260.3567529683198
2023.413452148438 -273.806732177734 -260.9668523055162
2023.4462890625 -249.113952636719 -261.5670758049575
2023.57763671875 -259.074645996094 -263.8208508252528
