2014.804931640625  11.52420772636048
2014.837768554688  9.72961170521043
2014.903442382812  6.139455646009492
2014.96923828125  2.5409985706516576
2015.03564453125  -1.0928743827688123
2015.101318359375  -4.688881963603878
2015.265625  -13.692217162805758
2015.331298828125  -17.29087185256111
2015.39697265625  -20.887798165186386
2016.021850585938  -54.750636903921226
2016.1533203125  -62.453237167529366
2016.350463867188  -72.57585631774853
2016.416137695312  -75.7649656693583
2016.547607421875  -82.30469726407608
2016.744750976562  -91.99234167937846
2016.777587890625  -93.40479361664731
2016.810424804688  -94.8181497221541
2016.84326171875  -96.20887744080876
2016.876098632812  -97.54824522657432
2016.908935546875  -98.95899681822891
2016.941772460938  -100.42275273615863
2016.974731445312  -101.91400796276048
2017.005493164062  -103.45992092982117
2017.038330078125  -105.02280874466874
2017.071166992188  -106.61083668025626
2017.10400390625  -108.5169056933435
2017.136840820312  -110.58711367791797
2017.169799804688  -112.7721231577566
2017.20263671875  -115.09089498787274
2017.235473632812  -117.55554166429512
2017.268310546875  -120.15363661443347
2017.301147460938  -122.86437075779511
2017.333984375  -125.68623274733419
2017.366821289062  -128.60686261362042
2017.399780273438  -131.57250696117322
2017.4326171875  -134.48487470942416
2017.498291015625  -140.09386802439386
2017.531127929688  -142.81114756173952
2017.56396484375  -145.48299186707052
2017.596801757812  -148.0899467902949
2017.629760742188  -150.61640793248662
2017.66259765625  -153.0161054201335
2017.695434570312  -155.28698565935068
2017.728271484375  -157.41007417893618
2017.761108398438  -159.39429613091042
2017.7939453125  -161.27168417709754
2017.826782226562  -163.0552811599577
2017.859741210938  -164.7348535610953
2017.892578125  -166.30595587115877
2017.925415039062  -167.810983872283
2017.958251953125  -169.2745408779794
2017.991088867188  -170.69816264760328
2018.024658203125  -172.10458245933347
2018.057495117188  -173.44354153438374
2018.09033203125  -174.79432858799143
2018.123168945312  -176.20722699550856
2018.156005859375  -177.69566351383838
2018.18896484375  -179.2546135242472
2018.221801757812  -180.8772917966559
2018.254638671875  -182.57998613834224
2018.287475585938  -184.36501868850044
2018.3203125  -186.20097850470466
2018.353149414062  -188.06797465364488
2018.385986328125  -189.9732040702606
2018.4189453125  -191.93615418994088
2018.451782226562  -193.9378503874717
2018.484619140625  -195.9691835191472
2018.517456054688  -198.0142619386563
2018.55029296875  -200.06379790700197
2018.583129882812  -202.09248473476993
2018.615966796875  -204.07485314571375
2018.64892578125  -205.99453389408785
2018.681762695312  -207.8406249258565
2018.714599609375  -209.6385558987154
2018.747436523438  -211.39947531365377
2018.7802734375  -213.12468631776957
2018.813110351562  -214.8099536352122
2018.845947265625  -216.5180698004476
2018.87890625  -218.20049436433086
2018.911743164062  -219.7766688713975
2018.944580078125  -221.30294357926604
2018.977416992188  -222.7937873644513
2019.010986328125  -224.33182783842162
2019.043823242188  -225.81348584727306
2019.109497070312  -228.96755088703492
2019.1259765625  -229.76732777143886
2019.142333984375  -230.61798990844858
2019.175170898438  -232.35333957602018
2019.191650390625  -233.29907965877095
2019.208129882812  -234.28918638765978
2019.224487304688  -235.25692854377414
2019.240966796875  -236.32912315561373
2019.25732421875  -237.4210853986417
2019.273803710938  -238.48978560822064
2019.290161132812  -239.58951331545236
2019.306640625  -240.77064298269406
2019.323120117188  -241.96342818015464
2019.339477539062  -243.1557540350376
2019.35595703125  -244.36313360969197
2019.372314453125  -245.5590301691077
2019.388793945312  -246.7618450174202
2019.405151367188  -247.95576557563268
2019.421630859375  -249.1803629106412
2019.438110351562  -250.41494224157725
2019.454467773438  -251.65283372389234
2019.470947265625  -252.89145791792893
2019.4873046875  -254.0793255027998
2019.503784179688  -255.17824469420378
2019.520141601562  -256.303420709198
2019.53662109375  -257.4325636764154
2019.569458007812  -259.6779423468255
2019.602294921875  -261.8114590872807
2019.618774414062  -262.8956837788548
2019.635131835938  -263.963802605147
2019.651611328125  -264.94648049250384
2019.668090820312  -265.98242724108195
2019.71728515625  -268.76217416566504
2019.733764648438  -269.62370127394206
2019.750122070312  -270.3958094159393
2019.7666015625  -271.18607167872887
2019.799438476562  -272.61465384305603
2019.832275390625  -273.9898320128921
2019.865112304688  -275.28501018342786
2019.898071289062  -276.5053830070514
2019.930908203125  -277.60222361564934
2019.963745117188  -278.54471236971443
2019.99658203125  -279.4302494492748
2020.030151367188  -280.40228538863863
2020.06298828125  -281.1432828373641
2020.095825195312  -281.88431999565586
2020.128662109375  -282.6311608514981
2020.161499023438  -283.4225521777173
2020.177978515625  -283.8909066207227
2020.1943359375  -284.281429032279
2020.227294921875  -285.240833815029
2020.260131835938  -286.3693885153429
2020.29296875  -287.5798051450227
2020.325805664062  -288.98430019837235
2020.358642578125  -290.82630555521644
2020.391479492188  -292.8075347035188
2020.42431640625  -294.87515651431147
2020.457275390625  -297.12011796586575
2020.490112304688  -299.5549263618347
2020.52294921875  -302.07571255488267
2020.555786132812  -304.6505160345363
2020.572265625  -305.955125822343
2020.588623046875  -307.22355861175186
2020.605102539062  -308.5467427610109
2020.621459960938  -309.7791555604602
2020.654296875  -312.2460262023412
2020.687255859375  -314.52436266996204
2020.70361328125  -315.66188569671914
2020.720092773438  -316.5155066687615
2020.7529296875  -318.28215317540264
2020.785766601562  -319.8980487295585
2020.818603515625  -321.42345136378054
2020.851440429688  -322.875019269197
2020.917236328125  -325.5547217953528
2020.950073242188  -326.7731074822925
2020.98291015625  -327.9841938177993
2021.013671875  -329.1177430173726
2021.046508789062  -330.33600530115064
2021.079345703125  -331.718814880072
2021.1123046875  -333.15200030583566
2021.145141601562  -334.6634911603938
2021.177978515625  -336.2429059807328
2021.210815429688  -337.8726516600494
2021.24365234375  -339.46305383401574
2021.276489257812  -341.21483786895135
2021.309326171875  -343.0066175970042
2021.34228515625  -344.8149122048094
2021.358642578125  -345.6560097875144
2021.391479492188  -347.3586703378707
2021.407958984375  -348.13534430810273
2021.440795898438  -349.7009774613879
2021.4736328125  -350.97829667422315
2021.506469726562  -351.84695881910034
2021.539306640625  -352.4331252531569
2021.572265625  -352.6021076654995
2021.605102539062  -353.24842046055227
2021.637939453125  -353.8735889345503
2021.670776367188  -354.4716257338619
2021.736450195312  -355.2199322392444
2021.769287109375  -355.5724991008912
2021.80224609375  -355.6613569245521
2021.835083007812  -355.6819030874454
2021.867919921875  -355.5778680338063
2021.966430664062  -355.2937763862109
2022.0  -355.2268943512069
2022.065673828125  -355.0630213694482
2022.098510742188  -354.99380961759147
2022.197143554688  -354.73308911471247
2022.22998046875  -354.6387324203373
2022.262817382812  -354.54199586913904
2022.295654296875  -354.4695144348315
2022.328491210938  -354.46770311243193
2022.394287109375  -354.71767945826974
2022.558471679688  -355.7625197904526
2022.591430664062  -355.89606526523477
2022.68994140625  -356.179723609246
2022.722778320312  -356.20128371027994
2022.821411132812  -356.9171110123711
2022.854248046875  -357.593770701352
2022.887084960938  -358.4264278793786
2022.919921875  -359.2845941291413
2022.952758789062  -360.181015649401
2022.985595703125  -361.1039182297026
2023.019165039062  -362.01715932939703
2023.052001953125  -362.91049672117936
2023.084838867188  -363.73650053461915
2023.11767578125  -364.4803300097961
2023.150634765625  -365.252278672686
2023.183471679688  -365.9689972976727
2023.21630859375  -366.68603724711886
2023.249145507812  -367.4023819008722
2023.281982421875  -368.1148312665739
2023.314819335938  -368.8192025238906
2023.34765625  -369.51183665301824
2023.380615234375  -370.1919005432881
2023.413452148438  -370.8532803277133
2023.4462890625  -371.499860032885
2023.57763671875  -373.96826643584274
