2014.804931640625 0.0 8.332326352408717
2014.837768554688 6.555996894836 6.772461788089667
2014.903442382812 2.733631134033 3.649872626955435
2014.96923828125 0.519999146461 0.5177379766543925
2015.03564453125 -2.62597489357 -2.6469611243092492
2015.101318359375 -4.377238750458 -5.779832185378789
2015.265625 -3.359076738358 -13.628934557740477
2015.331298828125 -6.967361927032 -16.77009928579329
2015.39697265625 -4.718496799469 -19.913119155996057
2016.021850585938 -48.820606231689 -49.982952736052425
2016.1533203125 -56.020797729492 -56.84133886945343
2016.350463867188 -82.473609924316 -64.68929016809476
2016.416137695312 -73.64176940918 -67.12140866133628
2016.547607421875 -76.189727783203 -72.69017310213218
2016.744750976562 -86.54354095459 -80.51823611014694
2016.777587890625 -85.584655761719 -80.8467612852046
2016.810424804688 -89.34642791748 -81.21909939898487
2016.84326171875 -84.032020568848 -81.57322038227166
2016.876098632812 -82.065116882324 -81.60690446126397
2016.908935546875 -80.151664733887 -81.53837409221008
2016.941772460938 -79.000526428223 -81.50280044058363
2016.974731445312 -79.034088134766 -81.26554511447647
2017.005493164062 -80.467803955078 -81.163208149704
2017.038330078125 -80.777252197266 -80.9833184522494
2017.071166992188 -78.125503540039 -80.86815455552467
2017.10400390625 -80.029335021973 -81.19022923664595
2017.136840820312 -79.146774291992 -81.75455000535591
2017.169799804688 -79.747978210449 -82.47949381688555
2017.20263671875 -81.769233703613 -83.42322652461077
2017.235473632812 -80.516220092773 -84.61666112499313
2017.268310546875 -85.053421020508 -86.04761909758051
2017.301147460938 -85.497848510742 -87.6653675172163
2017.333984375 -87.407104492188 -89.42718401841914
2017.366821289062 -89.767028808594 -91.29745672786466
2017.399780273438 -90.989303588867 -93.2236856787486
2017.4326171875 -99.47819519043 -95.1343527215579
2017.498291015625 -101.06965637207 -98.83320483941476
2017.531127929688 -105.18635559082 -100.57709312899364
2017.56396484375 -102.484230041504 -102.22714037268067
2017.596801757812 -104.899360656738 -103.75292593416864
2017.629760742188 -109.739051818848 -105.11745565636922
2017.66259765625 -109.706855773926 -106.25010618398409
2017.695434570312 -107.559051513672 -107.1359119818584
2017.728271484375 -107.835754394531 -107.78184517351713
2017.761108398438 -110.315139770508 -108.26003767449448
2017.7939453125 -109.847663879395 -108.65423280981481
2017.826782226562 -109.443260192871 -108.99609541131144
2017.859741210938 -110.102088928223 -109.28217355630541
2017.892578125 -108.495704650879 -109.51763112658254
2017.925415039062 -108.311721801758 -109.72559880113491
2017.958251953125 -110.275268554688 -109.95310988611926
2017.991088867188 -109.474395751953 -110.24522914362883
2018.024658203125 -109.53173828125 -110.62127130373993
2018.057495117188 -110.414825439453 -111.07495597316749
2018.09033203125 -111.499588012695 -111.63388163993824
2018.123168945312 -111.427261352539 -112.3053758036907
2018.156005859375 -109.904022216797 -113.09088302393782
2018.18896484375 -112.725746154785 -113.99585817198688
2018.221801757812 -112.790954589844 -115.01168817038952
2018.254638671875 -115.183723449707 -116.10884852608231
2018.287475585938 -119.17293548584 -117.24186505193758
2018.3203125 -115.920043945312 -118.37227966498203
2018.353149414062 -118.978424072266 -119.49421862030141
2018.385986328125 -125.175178527832 -120.59447605294847
2018.4189453125 -119.576416015625 -121.63531935080945
2018.451782226562 -128.005920410156 -122.57365620897298
2018.484619140625 -130.180480957031 -123.41364944466855
2018.517456054688 -126.56755065918 -124.15329148161197
2018.55029296875 -125.134765625 -124.81059994113734
2018.583129882812 -126.381492614746 -125.3783841562563
2018.615966796875 -120.084663391113 -125.84508337404878
2018.64892578125 -132.458709716797 -126.19704431988514
2018.681762695312 -128.729598999023 -126.42316249284674
2018.714599609375 -122.06566619873 -126.5455350644871
2018.747436523438 -126.398048400879 -126.59681603813455
2018.7802734375 -129.915924072266 -126.60637845257354
2018.813110351562 -123.809478759766 -126.6043611942766
2018.845947265625 -130.035430908203 -126.6227108011346
2018.87890625 -127.013320922852 -126.59609126151055
2018.911743164062 -126.277069091797 -126.51383219700848
2018.944580078125 -126.919830322266 -126.43574372893943
2018.977416992188 -125.721328735352 -126.37462917602072
2019.010986328125 -125.401069641113 -126.29372913361846
2019.043823242188 -126.117416381836 -126.18642895636646
2019.109497070312 -125.487854003906 -126.12125397316377
2019.1259765625 -125.319671630859 -126.11510913041036
2019.142333984375 -126.421363830566 -126.17988676551307
2019.175170898438 -126.161460876465 -126.34957226021228
2019.191650390625 -125.880310058594 -126.51002715630983
2019.208129882812 -124.939422607422 -126.71106698212073
2019.224487304688 -127.140350341797 -126.90390461320686
2019.240966796875 -128.364410400391 -127.18616448827885
2019.25732421875 -127.094497680664 -127.49856067479138
2019.273803710938 -127.09684753418 -127.79009723644153
2019.290161132812 -127.8212890625 -128.103078031233
2019.306640625 -126.379653930664 -128.50119412415665
2019.323120117188 -129.560363769531 -128.91906423821936
2019.339477539062 -128.849227905273 -129.32465892080663
2019.35595703125 -130.077774047852 -129.7033077398281
2019.372314453125 -131.960205078125 -130.04478831016417
2019.388793945312 -130.233200073242 -130.3863905463484
2019.405151367188 -128.899307250977 -130.76404021134405
2019.421630859375 -132.904251098633 -131.21105732936005
2019.438110351562 -131.918609619141 -131.72334368278263
2019.454467773438 -136.00309753418 -132.29680066300017
2019.470947265625 -125.215812683105 -132.93173290852988
2019.4873046875 -129.492874145508 -133.60228032931786
2019.503784179688 -130.877090454102 -134.41879915025277
2019.520141601562 -131.27619934082 -135.09929534590057
2019.53662109375 -137.778686523438 -135.81027919437435
2019.569458007812 -138.093658447266 -137.36317454504947
2019.602294921875 -140.724960327148 -139.15635602188075
2019.618774414062 -137.767181396484 -140.06575806610738
2019.635131835938 -141.468673706055 -141.01230431116633
2019.651611328125 -142.676086425781 -141.9907700825354
2019.668090820312 -142.478286743164 -142.9606126825042
2019.71728515625 -146.849060058594 -145.52420076375483
2019.733764648438 -146.424575805664 -146.28035654319248
2019.750122070312 -148.105117797852 -146.85473634687742
2019.7666015625 -147.497589111328 -147.49386338932723
2019.799438476562 -150.849426269531 -148.49263841563848
2019.832275390625 -155.324310302734 -149.44638270991481
2019.865112304688 -151.325210571289 -150.2615090509202
2019.898071289062 -151.465713500977 -150.93193997858177
2019.930908203125 -152.409637451172 -151.39580826048015
2019.963745117188 -152.632598876953 -151.61687955765152
2019.99658203125 -152.483489990234 -151.7581025687864
2020.030151367188 -152.357147216797 -151.96362584720097
2020.06298828125 -152.020416259766 -151.86192093813327
2020.095825195312 -151.37467956543 -151.72025086788457
2020.128662109375 -153.229370117188 -151.54469973445703
2020.161499023438 -151.636840820312 -151.37025111621824
2020.177978515625 -150.87614440918 -151.3921991077438
2020.1943359375 -151.53337097168 -151.3291938653035
2020.227294921875 -151.981689453125 -151.85918667254023
2020.260131835938 -147.364135742188 -153.2248361039741
2020.29296875 -148.13298034668 -154.69222947675593
2020.325805664062 -148.202651977539 -156.37422528065943
2020.358642578125 -152.760437011719 -158.44734432427484
2020.391479492188 -146.966613769531 -160.3467024568656
2020.42431640625 -153.540023803711 -162.1697956514078
2020.457275390625 -172.270278930664 -164.20536562055065
2020.490112304688 -169.650207519531 -166.78699715624924
2020.52294921875 -169.209487915039 -169.72346525840047
2020.555786132812 -171.132064819336 -172.53118922256903
2020.572265625 -176.193176269531 -173.62238320715102
2020.588623046875 -183.919815063477 -174.59793090055427
2020.605102539062 -177.397872924805 -175.78773541138048
2020.621459960938 -179.781799316406 -176.58556056181402
2020.654296875 -190.30534362793 -178.1633257324465
2020.687255859375 -183.737152099609 -179.3615944268223
2020.70361328125 -182.515777587891 -179.9881180372816
2020.720092773438 -181.77668762207 -180.20240188330513
2020.7529296875 -182.0263671875 -180.7868685881771
2020.785766601562 -183.412796020508 -181.18524604761373
2020.818603515625 -183.266021728516 -181.41273769470786
2020.851440429688 -183.934204101562 -181.4530057792038
2020.917236328125 -179.850479125977 -181.15447307469464
2020.950073242188 -179.876846313477 -181.02750610752884
2020.98291015625 -181.061401367188 -181.0770092240249
2021.013671875 -179.375030517578 -181.0897502120832
2021.046508789062 -178.165756225586 -181.48596558912132
2021.079345703125 -180.253204345703 -182.46629552212266
2021.1123046875 -178.383712768555 -183.52869224323652
2021.145141601562 -181.843399047852 -184.85259125150023
2021.177978515625 -182.428512573242 -186.42252627037655
2021.210815429688 -183.251846313477 -188.1757004105789
2021.24365234375 -183.059265136719 -189.7686402542563
2021.276489257812 -190.931106567383 -191.9605282716274
2021.309326171875 -195.544296264648 -194.32412031903152
2021.34228515625 -192.208938598633 -196.75976246044195
2021.358642578125 -200.727981567383 -197.85459211296785
2021.391479492188 -207.307464599609 -200.09643544244182
2021.407958984375 -202.715744018555 -201.0559461337302
2021.440795898438 -215.769241333008 -203.05674710720166
2021.4736328125 -208.268081665039 -204.57473793346517
2021.506469726562 -225.266525268555 -205.40774274915947
2021.539306640625 -219.575576782227 -205.76539748374572
2021.572265625 -208.962753295898 -205.2623197523056
2021.605102539062 -222.032318115234 -205.70426898071605
2021.637939453125 -214.104110717773 -206.0829857846185
2021.670776367188 -213.356719970703 -206.3011637667639
2021.736450195312 -215.473602294922 -205.62310140270185
2021.769287109375 -201.594360351562 -205.2137503948819
2021.80224609375 -206.143203735352 -204.46839485149596
2021.835083007812 -203.899963378906 -203.68082090005117
2021.867919921875 -202.24772644043 -202.79612272396855
2021.966430664062 -197.721633911133 -200.2589122211396
2022.0 -195.443511962891 -199.53593801108016
2022.065673828125 -201.228912353516 -198.04021452156613
2022.098510742188 -186.373916625977 -197.70388868892087
2022.197143554688 -194.763717651367 -197.82845455708576
2022.22998046875 -192.136505126953 -198.06943579306116
2022.262817382812 -189.872863769531 -198.4234483095639
2022.295654296875 -188.166061401367 -198.8838175614592
2022.328491210938 -197.613357543945 -199.42128990873638
2022.394287109375 -189.283081054688 -200.46821886902953
2022.558471679688 -206.6826171875 -203.28813943847317
2022.591430664062 -208.590942382812 -204.23461994083678
2022.68994140625 -186.133361816406 -207.50581040817073
2022.722778320312 -212.351715087891 -208.33696296223604
2022.821411132812 -209.661193847656 -210.4752148223237
2022.854248046875 -205.691940307617 -211.34459859094756
2022.887084960938 -209.02995300293 -212.3209838950606
2022.919921875 -207.823532104492 -213.18325923993072
2022.952758789062 -212.916442871094 -214.20452753706087
2022.985595703125 -215.50065612793 -215.81656661679236
2023.019165039062 -216.795532226562 -217.71051114877906
2023.052001953125 -218.827606201172 -219.54797573398193
2023.084838867188 -220.758361816406 -221.72930035886802
2023.11767578125 -223.341842651367 -224.17745798752964
2023.150634765625 -224.977462768555 -226.5717794749094
2023.183471679688 -228.891616821289 -229.11314821626902
2023.21630859375 -229.021926879883 -231.6573258842721
2023.249145507812 -231.700759887695 -234.19457514123118
2023.281982421875 -235.75666809082 -236.72933926210817
2023.314819335938 -240.243286132812 -239.26830859607875
2023.34765625 -242.856872558594 -241.81631043933547
2023.380615234375 -245.373184204102 -244.38533807566196
2023.413452148438 -251.63313293457 -246.95709640797082
2023.4462890625 -235.040054321289 -249.54045739516516
2023.57763671875 -258.960510253906 -259.94711865185724
