2014.804931640625 0.0 14.273210491108287
2014.837768554688 13.080864906311 13.645132690424123
2014.903442382812 13.87100982666 12.390471744079813
2014.96923828125 8.978063583374 11.135844114769714
2015.03564453125 12.89395904541 9.872333829775805
2015.101318359375 -3.814236402512 8.626144102275083
2015.265625 17.086362838745 5.525438979432263
2015.331298828125 3.150936126709 4.293652310759469
2015.39697265625 -17.431762695312 3.066632808063168
2016.021850585938 -5.378262042999 -8.394592606362254
2016.1533203125 -16.091188430786 -10.590626217034217
2016.350463867188 -17.316104888916 -11.944007358662875
2016.416137695312 -36.717632293701 -12.109878425230608
2016.547607421875 -3.944161653519 -12.73251484999062
2016.744750976562 -5.2342004776 -11.463609548689778
2016.777587890625 -9.491849899292 -11.043195209912918
2016.810424804688 -14.679556846619 -10.777073805724704
2016.84326171875 -12.141828536987 -10.944528715337166
2016.876098632812 -12.994342803955 -11.228092630306861
2016.908935546875 -10.829846382141 -11.56076216639696
2016.941772460938 -10.24290561676 -11.958793935689414
2016.974731445312 -10.262354850769 -12.364881280802344
2017.005493164062 -12.506384849548 -12.846674907396498
2017.038330078125 -13.123745918274 -13.299319956658103
2017.071166992188 -12.62961769104 -13.73945571784968
2017.10400390625 -13.784820556641 -14.486707732678852
2017.136840820312 -12.580059051514 -15.446792936766665
2017.169799804688 -13.362546920776 -16.545566407496526
2017.20263671875 -16.853450775146 -17.786576575408255
2017.235473632812 -16.158988952637 -19.185123175109627
2017.268310546875 -18.517807006836 -20.781953862974643
2017.301147460938 -21.079219818115 -22.595393885248047
2017.333984375 -23.504291534424 -24.561572546362417
2017.366821289062 -25.536596298218 -26.56003257476859
2017.399780273438 -29.8098487854 -28.534765987842345
2017.4326171875 -31.25072479248 -30.473518908100246
2017.498291015625 -43.332942962646 -34.14375725451255
2017.531127929688 -44.759803771973 -35.797892157275776
2017.56396484375 -41.045749664307 -37.313559743106495
2017.596801757812 -41.788845062256 -38.693593012516686
2017.629760742188 -42.021816253662 -39.93769420377855
2017.66259765625 -42.074756622314 -40.9625307750277
2017.695434570312 -43.601806640625 -41.66168890840972
2017.728271484375 -46.857250213623 -41.91672315655637
2017.761108398438 -43.388801574707 -41.78789579757248
2017.7939453125 -43.014789581299 -41.45311982073779
2017.826782226562 -40.634174346924 -41.05563728427885
2017.859741210938 -41.100765228271 -40.62219534749654
2017.892578125 -40.120468139648 -40.14272901116175
2017.925415039062 -39.540531158447 -39.61014670985998
2017.958251953125 -39.045585632324 -39.04612621357176
2017.991088867188 -37.510719299316 -38.499612893874314
2018.024658203125 -36.423377990723 -38.03909882498719
2018.057495117188 -37.134136199951 -37.74622273038427
2018.09033203125 -37.371406555176 -37.690087477712645
2018.123168945312 -36.864810943604 -37.92895215410418
2018.156005859375 -33.139488220215 -38.46600363076161
2018.18896484375 -36.501724243164 -39.26960094825447
2018.221801757812 -34.55867767334 -40.29878413583374
2018.254638671875 -36.954044342041 -41.5220534276537
2018.287475585938 -37.245342254639 -42.95690504395103
2018.3203125 -42.427726745605 -44.613550810161136
2018.353149414062 -39.836334228516 -46.48951769313587
2018.385986328125 -48.164478302002 -48.56147488250167
2018.4189453125 -50.055004119873 -50.7902719474938
2018.451782226562 -53.003971099854 -53.08832200015386
2018.484619140625 -59.691390991211 -55.38639939726935
2018.517456054688 -57.291263580322 -57.62810661125535
2018.55029296875 -67.38370513916 -59.766279626485485
2018.583129882812 -65.727127075195 -61.725551940402305
2018.615966796875 -67.80192565918 -63.4533945565199
2018.64892578125 -68.073120117188 -64.93701456845707
2018.681762695312 -70.005004882812 -66.17346402569402
2018.714599609375 -63.771575927734 -67.17450873776126
2018.747436523438 -70.424430847168 -67.9111271804889
2018.7802734375 -71.441253662109 -68.40099118004454
2018.813110351562 -73.876091003418 -68.63176274250391
2018.845947265625 -72.609001159668 -68.75732249378039
2018.87890625 -69.200828552246 -68.73145811630572
2018.911743164062 -67.191314697266 -68.59481339495947
2018.944580078125 -68.435432434082 -68.4383966067057
2018.977416992188 -66.533950805664 -68.1703439019006
2019.010986328125 -66.660438537598 -67.88625446240488
2019.043823242188 -66.498138427734 -67.56957947432832
2019.109497070312 -67.734840393066 -67.69256704348292
2019.1259765625 -66.817092895508 -67.74493263096706
2019.142333984375 -66.050537109375 -68.00121527779274
2019.175170898438 -67.125617980957 -68.59068984456172
2019.191650390625 -67.659843444824 -69.12882338023994
2019.208129882812 -65.230445861816 -69.80991224172645
2019.224487304688 -69.08846282959 -70.45099233411044
2019.240966796875 -72.389945983887 -71.42530869303062
2019.25732421875 -70.478965759277 -72.53570877837906
2019.273803710938 -71.250106811523 -73.53339246721806
2019.290161132812 -74.323699951172 -74.66017378343783
2019.306640625 -74.586151123047 -76.21740536403694
2019.323120117188 -74.959686279297 -77.9351414686918
2019.339477539062 -80.830215454102 -79.77299996305862
2019.35595703125 -78.838905334473 -81.75957364116678
2019.372314453125 -83.305557250977 -83.83723465824937
2019.388793945312 -83.996940612793 -86.02206952423573
2019.405151367188 -84.682182312012 -88.42132697072462
2019.421630859375 -90.465049743652 -90.74895004965042
2019.438110351562 -94.581886291504 -93.12515498640857
2019.454467773438 -94.736671447754 -95.49629660975641
2019.470947265625 -98.71346282959 -97.86548106146051
2019.4873046875 -103.820907592773 -100.17982467356227
2019.503784179688 -102.839736938477 -102.38445774580538
2019.520141601562 -103.032958984375 -104.65850781304542
2019.53662109375 -111.513694763184 -106.87979152418612
2019.569458007812 -113.205787658691 -110.91185583952188
2019.602294921875 -110.964172363281 -114.03887404598053
2019.618774414062 -120.842124938965 -115.58129007773007
2019.635131835938 -119.737724304199 -117.03498848228176
2019.651611328125 -120.676933288574 -118.16422157591718
2019.668090820312 -125.826042175293 -119.46321805024536
2019.71728515625 -124.155769348145 -122.26227146708638
2019.733764648438 -124.550277709961 -123.02581139615434
2019.750122070312 -130.441177368164 -123.39484662330476
2019.7666015625 -122.839462280273 -123.94859738526708
2019.799438476562 -125.093055725098 -124.56800065254225
2019.832275390625 -131.573852539062 -125.13194392244391
2019.865112304688 -127.466972351074 -125.50013037536245
2019.898071289062 -125.730522155762 -125.68918870278478
2019.930908203125 -126.34056854248 -125.73026780565795
2019.963745117188 -125.043502807617 -125.66119459964499
2019.99658203125 -126.219985961914 -125.55515709284546
2020.030151367188 -124.633720397949 -125.45742442147971
2020.06298828125 -125.044609069824 -125.36231889738683
2020.095825195312 -124.898483276367 -125.39001075874194
2020.128662109375 -125.96614074707 -125.64199343211229
2020.161499023438 -123.450248718262 -126.1640001263386
2020.177978515625 -125.136192321777 -126.70729482358314
2020.1943359375 -125.018493652344 -126.92935858436175
2020.227294921875 -122.983375549316 -127.95806591336098
2020.260131835938 -124.034652709961 -129.3143379960704
2020.29296875 -127.01969909668 -130.78879855356342
2020.325805664062 -129.7998046875 -132.6243748399388
2020.358642578125 -133.709503173828 -135.1864005932666
2020.391479492188 -136.008865356445 -138.02265971005437
2020.42431640625 -139.509338378906 -141.12019887413132
2020.457275390625 -139.575729370117 -144.61496649442716
2020.490112304688 -144.329147338867 -148.4023452189127
2020.52294921875 -153.024276733398 -152.19383565288382
2020.555786132812 -155.808990478516 -155.86502869662155
2020.572265625 -158.979446411133 -157.48644656091855
2020.588623046875 -165.987365722656 -158.99603868344417
2020.605102539062 -163.008377075195 -160.8157078623471
2020.621459960938 -166.553909301758 -162.19605061832712
2020.654296875 -172.118408203125 -165.0681720474456
2020.687255859375 -174.499771118164 -167.4830369485554
2020.70361328125 -172.953735351562 -168.7666686005702
2020.720092773438 -173.317672729492 -169.29919791834317
2020.7529296875 -172.177398681641 -170.68121982686696
2020.785766601562 -175.483596801758 -171.7722421212479
2020.818603515625 -174.813125610352 -172.65158413146514
2020.851440429688 -176.574127197266 -173.29436073171107
2020.917236328125 -173.43376159668 -173.74294654751534
2020.950073242188 -172.935012817383 -173.7593694887613
2020.98291015625 -173.873825073242 -173.82584043304922
2021.013671875 -173.156860351562 -173.87547008765586
2021.046508789062 -172.709548950195 -174.06190242526213
2021.079345703125 -173.632720947266 -174.5685437181359
2021.1123046875 -172.156539916992 -175.16215365672025
2021.145141601562 -173.620346069336 -175.93425307415458
2021.177978515625 -174.396011352539 -176.8606441460588
2021.210815429688 -176.456115722656 -177.90144370627974
2021.24365234375 -173.364318847656 -178.82311931581194
2021.276489257812 -178.725006103516 -180.16034145898615
2021.309326171875 -182.258346557617 -181.7005715714554
2021.34228515625 -182.068283081055 -183.44816196425694
2021.358642578125 -185.420364379883 -184.46761676614233
2021.391479492188 -187.375411987305 -186.50777441027037
2021.407958984375 -186.953979492188 -187.6538558167828
2021.440795898438 -186.573852539062 -189.85522626137023
2021.4736328125 -190.696365356445 -192.03530528360818
2021.506469726562 -211.423385620117 -194.10897001417982
2021.539306640625 -203.327941894531 -196.05352054429028
2021.572265625 -196.207229614258 -197.70829954135922
2021.605102539062 -215.910736083984 -199.53162030764264
2021.637939453125 -205.623413085938 -201.27543779005342
2021.670776367188 -207.44108581543 -202.90687759089548
2021.736450195312 -209.54460144043 -205.37673220178206
2021.769287109375 -207.516723632812 -206.59408416850525
2021.80224609375 -209.7373046875 -207.46347352543168
2021.835083007812 -210.015151977539 -208.30660914858436
2021.867919921875 -210.392440795898 -208.8762432361239
2021.966430664062 -206.980117797852 -210.45294188450012
2022.0 -210.315093994141 -211.0920721160956
2022.065673828125 -212.975952148438 -212.26861255399706
2022.098510742188 -209.471923828125 -213.12156990780662
2022.197143554688 -212.99284362793 -216.35862513694792
2022.22998046875 -214.304046630859 -217.58216106237077
2022.262817382812 -210.151260375977 -218.8631799343698
2022.295654296875 -213.444564819336 -220.18081794254852
2022.328491210938 -220.197463989258 -221.53984655349427
2022.394287109375 -222.563323974609 -224.31361160827728
2022.558471679688 -235.347640991211 -231.36755592545975
2022.591430664062 -237.020462036133 -233.05680588365584
2022.68994140625 -239.97721862793 -238.0397919610084
2022.722778320312 -240.771606445312 -239.52185933289024
2022.821411132812 -242.988494873047 -243.17825403936658
2022.854248046875 -245.54377746582 -244.1732589858818
2022.887084960938 -244.070724487305 -245.13239492327202
2022.919921875 -245.124389648438 -246.0736377155302
2022.952758789062 -246.865707397461 -247.01128233670536
2022.985595703125 -247.368286132812 -248.0291173999545
2023.019165039062 -248.620391845703 -249.15089815210973
2023.052001953125 -249.590881347656 -250.20665289730871
2023.084838867188 -251.665878295898 -251.48452548051665
2023.11767578125 -251.979690551758 -253.02069018494214
2023.150634765625 -251.849792480469 -254.48040278022268
2023.183471679688 -255.821670532227 -256.103788494063
2023.21630859375 -254.128356933594 -257.73243967799203
2023.249145507812 -252.859970092773 -259.3665787856415
2023.281982421875 -259.097503662109 -261.00863670921416
2023.314819335938 -264.727355957031 -262.662084510203
2023.34765625 -263.160247802734 -264.3304365674956
2023.380615234375 -265.333282470703 -266.02226729035925
2023.413452148438 -269.712646484375 -267.7273017056998
2023.4462890625 -276.357879638672 -269.45380954778153
2023.57763671875 -291.798767089844 -276.5555300252023
