2014.804931640625 -0.0 -13.959073900418653
2014.837768554688 -10.597015380859 -14.392151983339195
2014.903442382812 -8.911866188049 -15.255633267452033
2014.96923828125 -14.146548271179 -16.116732084944193
2015.03564453125 -16.899030685425 -16.9813122826792
2015.101318359375 -20.219192504883 -17.831929820477765
2015.265625 -32.6540184021 -19.94104163156735
2015.331298828125 -32.420040130615 -20.775995256301755
2015.39697265625 -36.678684234619 -21.606229270993822
2016.021850585938 -31.145442962646 -30.829966673040513
2016.1533203125 -31.549701690674 -31.501415960274418
2016.350463867188 -43.10827255249 -32.20761210099245
2016.416137695312 -17.571884155273 -32.43946611826553
2016.547607421875 -31.954074859619 -32.886699395234096
2016.744750976562 -33.971454620361 -33.48356901256414
2016.777587890625 -34.847869873047 -33.64078950774031
2016.810424804688 -35.893047332764 -33.80527738444919
2016.84326171875 -34.144943237305 -33.97536858571684
2016.876098632812 -33.694366455078 -34.14469772905944
2016.908935546875 -33.578281402588 -34.33882893658286
2016.941772460938 -33.340286254883 -34.53340583494421
2016.974731445312 -33.817371368408 -34.73163433416982
2017.005493164062 -34.202758789062 -34.97224265222643
2017.038330078125 -34.962741851807 -35.191043616361604
2017.071166992188 -34.275253295898 -35.42642696818672
2017.10400390625 -35.592216491699 -35.7759559270724
2017.136840820312 -35.459373474121 -36.168755076280505
2017.169799804688 -37.616634368896 -36.5820392572016
2017.20263671875 -36.483390808105 -36.98376217775989
2017.235473632812 -38.466022491455 -37.32634345283851
2017.268310546875 -39.042007446289 -37.57626622727228
2017.301147460938 -37.628795623779 -37.74135685168679
2017.333984375 -38.632999420166 -37.84729740557286
2017.366821289062 -39.802360534668 -37.89683784218267
2017.399780273438 -40.205989837646 -37.8872132066565
2017.4326171875 -39.220302581787 -37.8096178206417
2017.498291015625 -38.134796142578 -37.40861894316519
2017.531127929688 -37.462020874023 -37.10344387236059
2017.56396484375 -36.811531066895 -36.750004492961715
2017.596801757812 -36.51554107666 -36.36560739772242
2017.629760742188 -37.621067047119 -35.95848810712842
2017.66259765625 -34.576385498047 -35.55173276899145
2017.695434570312 -32.828304290771 -35.17696183182519
2017.728271484375 -31.773475646973 -34.855373692327255
2017.761108398438 -33.895931243896 -34.58770784581855
2017.7939453125 -33.421314239502 -34.36724103962654
2017.826782226562 -33.518978118896 -34.18764543593404
2017.859741210938 -32.81457901001 -34.05703138160586
2017.892578125 -33.265037536621 -34.01000544656607
2017.925415039062 -33.2209815979 -34.0591556353039
2017.958251953125 -34.194789886475 -34.200908642046215
2017.991088867188 -34.624244689941 -34.41082231122117
2018.024658203125 -34.385120391846 -34.67120279636706
2018.057495117188 -34.724155426025 -34.95693740159719
2018.09033203125 -35.246814727783 -35.27075245407379
2018.123168945312 -35.752830505371 -35.619074350119845
2018.156005859375 -35.122989654541 -35.998793792864895
2018.18896484375 -36.428493499756 -36.39675789358615
2018.221801757812 -36.072757720947 -36.795101343755455
2018.254638671875 -37.276569366455 -37.1944942029437
2018.287475585938 -37.340892791748 -37.59831335187491
2018.3203125 -38.015003204346 -38.00109836543633
2018.353149414062 -38.833698272705 -38.401576580201386
2018.385986328125 -42.894153594971 -38.794223921522345
2018.4189453125 -41.31640625 -39.16329748208622
2018.451782226562 -40.030750274658 -39.48575062143727
2018.484619140625 -39.263900756836 -39.74960499514317
2018.517456054688 -39.710567474365 -39.952767030594316
2018.55029296875 -41.992298126221 -40.100450833936684
2018.583129882812 -42.458995819092 -40.18916238226908
2018.615966796875 -40.061584472656 -40.21486487896781
2018.64892578125 -42.611270904541 -40.17572148045861
2018.681762695312 -41.789016723633 -40.08974617076554
2018.714599609375 -40.571002960205 -39.981896000310215
2018.747436523438 -39.911907196045 -39.86485299503009
2018.7802734375 -39.122772216797 -39.7278252398813
2018.813110351562 -39.379718780518 -39.55076342829496
2018.845947265625 -38.608615875244 -39.33327518349593
2018.87890625 -38.365406036377 -39.10088018572871
2018.911743164062 -38.989753723145 -38.895333620199736
2018.944580078125 -38.607601165771 -38.690376302697025
2018.977416992188 -39.042751312256 -38.517879200404174
2019.010986328125 -38.750972747803 -38.3562763181695
2019.043823242188 -38.226421356201 -38.21325259607387
2019.109497070312 -37.285659790039 -37.82745768208787
2019.1259765625 -37.815570831299 -37.72195117436888
2019.142333984375 -39.082931518555 -37.57670377799402
2019.175170898438 -37.167961120605 -37.276131698627346
2019.191650390625 -37.15454864502 -37.092425147532026
2019.208129882812 -38.471923828125 -36.8887070562783
2019.224487304688 -36.880939483643 -36.69445433723364
2019.240966796875 -36.507225036621 -36.4398831376179
2019.25732421875 -36.359428405762 -36.16201627563329
2019.273803710938 -36.162120819092 -35.89259115977329
2019.290161132812 -35.206977844238 -35.59297923601462
2019.306640625 -35.23641204834 -35.24767926565719
2019.323120117188 -34.797401428223 -34.900534966163754
2019.339477539062 -35.102848052979 -34.55929844686492
2019.35595703125 -34.764171600342 -34.21498355344799
2019.372314453125 -38.25715637207 -33.86992422576121
2019.388793945312 -33.092037200928 -33.51843031620883
2019.405151367188 -32.230125427246 -33.16250100991784
2019.421630859375 -33.406272888184 -32.81359855131398
2019.438110351562 -30.051643371582 -32.47048240010654
2019.454467773438 -33.304363250732 -32.144767060528636
2019.470947265625 -31.598295211792 -31.8558971994172
2019.4873046875 -32.170631408691 -31.627685714309756
2019.503784179688 -30.258869171143 -31.51303233422344
2019.520141601562 -30.128938674927 -31.348222067028196
2019.53662109375 -26.62001991272 -31.221956395059703
2019.569458007812 -30.589384078979 -31.0840915545926
2019.602294921875 -34.32833480835 -31.08684545711959
2019.618774414062 -29.240997314453 -31.077277629523106
2019.635131835938 -30.647325515747 -31.084123295268157
2019.651611328125 -32.162002563477 -31.1682387726003
2019.668090820312 -27.372940063477 -31.207428314112466
2019.71728515625 -31.388143539429 -31.488568625079623
2019.733764648438 -31.275760650635 -31.60899153222753
2019.750122070312 -27.327836990356 -31.747320894687416
2019.7666015625 -31.371955871582 -31.877963973717
2019.799438476562 -33.140472412109 -32.139344431232296
2019.832275390625 -31.781105041504 -32.4003515659667
2019.865112304688 -32.899726867676 -32.666087696851484
2019.898071289062 -32.963260650635 -32.94407213551334
2019.930908203125 -33.920337677002 -33.24650187802117
2019.963745117188 -32.962314605713 -33.58056537288251
2019.99658203125 -33.491382598877 -33.91603495073337
2020.030151367188 -33.990619659424 -34.2406270735193
2020.06298828125 -34.164039611816 -34.56718134173319
2020.095825195312 -34.992340087891 -34.88246620925837
2020.128662109375 -35.280212402344 -35.191625842243006
2020.161499023438 -36.471927642822 -35.49081383306704
2020.177978515625 -35.710018157959 -35.61523384075434
2020.1943359375 -35.694381713867 -35.76962689571073
2020.227294921875 -37.358879089355 -36.018463127314455
2020.260131835938 -35.472473144531 -36.217321712874885
2020.29296875 -37.391414642334 -36.38521367268027
2020.325805664062 -36.887893676758 -36.480344992519356
2020.358642578125 -36.85274887085 -36.44263279297249
2020.391479492188 -36.806304931641 -36.359928293887236
2020.42431640625 -38.322212219238 -36.251331104736366
2020.457275390625 -35.409027099609 -36.091365403978
2020.490112304688 -37.831600189209 -35.85883405202526
2020.52294921875 -36.072986602783 -35.57083291761012
2020.555786132812 -35.669231414795 -35.222055456487155
2020.572265625 -34.612457275391 -34.994180473129006
2020.588623046875 -34.985080718994 -34.75834043933847
2020.605102539062 -35.123638153076 -34.56401698835216
2020.621459960938 -32.550186157227 -34.31090093930659
2020.654296875 -34.874454498291 -33.82741173661724
2020.687255859375 -34.050159454346 -33.34195084969366
2020.70361328125 -33.290596008301 -33.09438088833401
2020.720092773438 -32.341453552246 -32.902060818982186
2020.7529296875 -32.051376342773 -32.51729481618509
2020.785766601562 -31.499992370605 -32.18409872318446
2020.818603515625 -29.805564880371 -31.90132246279989
2020.851440429688 -30.885610580444 -31.664225311769027
2020.917236328125 -30.720729827881 -31.339488018662127
2020.950073242188 -30.443176269531 -31.33311384216307
2020.98291015625 -31.073173522949 -31.37486574711499
2021.013671875 -30.429376602173 -31.353913113808414
2021.046508789062 -31.020366668701 -31.49548277223136
2021.079345703125 -31.782007217407 -31.746694738309017
2021.1123046875 -31.862855911255 -32.015034467693965
2021.145141601562 -31.643148422241 -32.3084509204147
2021.177978515625 -32.15408706665 -32.60698915400413
2021.210815429688 -33.660091400146 -32.901407103711996
2021.24365234375 -33.926784515381 -33.21730678240846
2021.276489257812 -32.329273223877 -33.50266871709163
2021.309326171875 -35.137329101562 -33.7647964678821
2021.34228515625 -34.776668548584 -34.002035446615054
2021.358642578125 -34.135280609131 -34.089019641945924
2021.391479492188 -35.565608978271 -34.295990467201676
2021.407958984375 -34.513011932373 -34.37552213823078
2021.440795898438 -32.950439453125 -34.54266638856704
2021.4736328125 -35.227272033691 -34.676214797692694
2021.506469726562 -34.087802886963 -34.7794601636349
2021.539306640625 -38.946269989014 -34.83789770547801
2021.572265625 -34.857818603516 -34.77221527452384
2021.605102539062 -35.896064758301 -34.72482319824075
2021.637939453125 -35.153759002686 -34.624520766334854
2021.670776367188 -39.637981414795 -34.46983185257914
2021.736450195312 -34.834590911865 -33.95985091149523
2021.769287109375 -36.28678894043 -33.727929633675316
2021.80224609375 -36.51282119751 -33.43448836622932
2021.835083007812 -31.202714920044 -33.163293275972514
2021.867919921875 -33.492076873779 -32.821819982176194
2021.966430664062 -30.839323043823 -31.733594143016337
2022.0 -32.196495056152 -31.317720020605854
2022.065673828125 -30.734340667725 -30.51989725608677
2022.098510742188 -29.416452407837 -30.098006978449217
2022.197143554688 -28.893909454346 -28.845278947248243
2022.22998046875 -28.875785827637 -28.470647900044007
2022.262817382812 -27.229976654053 -28.141055818421794
2022.295654296875 -27.103578567505 -27.861546594561315
2022.328491210938 -28.942152023315 -27.624016482350513
2022.394287109375 -25.267448425293 -27.170022990260364
2022.558471679688 -29.946355819702 -25.90724525793198
2022.591430664062 -14.474761009216 -25.647627286659723
2022.68994140625 -31.81231880188 -24.916814290926418
2022.722778320312 -25.898180007935 -24.682068556125568
2022.821411132812 -23.238428115845 -24.12898487762217
2022.854248046875 -23.418659210205 -23.954838643559306
2022.887084960938 -23.455276489258 -23.766265096293367
2022.919921875 -23.28623008728 -23.57460510432785
2022.952758789062 -23.619335174561 -23.382385116724542
2022.985595703125 -25.244958877563 -23.20769913541729
2023.019165039062 -22.833745956421 -23.0454737774142
2023.052001953125 -23.046346664429 -22.89142732847351
2023.084838867188 -22.385906219482 -22.764731601249895
2023.11767578125 -22.802829742432 -22.64329042138615
2023.150634765625 -22.501335144043 -22.51871883831687
2023.183471679688 -21.993402481079 -22.38978387992455
2023.21630859375 -20.744930267334 -22.258897452329823
2023.249145507812 -22.760236740112 -22.127514418968925
2023.281982421875 -21.78258895874 -21.996791306447815
2023.314819335938 -22.003587722778 -21.867268205307806
2023.34765625 -22.015455245972 -21.73926704219564
2023.380615234375 -22.555896759033 -21.612434532892454
2023.413452148438 -20.467247009277 -21.487513468875854
2023.4462890625 -21.418909072876 -21.36349876605874
2023.57763671875 -24.901998519897 -20.873616916288768
