2014.804931640625 0.0 13.835308200748239
2014.837768554688 11.470664978027 13.558361759500103
2014.903442382812 14.281995773315 13.001599735638212
2014.96923828125 11.050919532776 12.440360946926479
2015.03564453125 14.740737915039 11.870865078033733
2015.101318359375 0.999055683613 11.305327665994568
2015.265625 24.089038848877 9.883807255231698
2015.331298828125 10.685066223145 9.314576409739466
2015.39697265625 -9.820167541504 8.745900381978398
2016.021850585938 6.066843986511 3.319510275634291
2016.1533203125 -2.055903673172 2.002380310497077
2016.350463867188 0.424037188292 0.3281988089439088
2016.416137695312 -13.832882881165 -0.29801051262825834
2016.547607421875 4.908669948578 -1.4453026127605992
2016.744750976562 0.440967589617 -2.1788271833571806
2016.777587890625 -1.410297870636 -2.378838209169137
2016.810424804688 -4.525341033936 -2.714590548733656
2016.84326171875 -3.452977180481 -3.549916883753786
2016.876098632812 -5.343597888947 -4.555764364822247
2016.908935546875 -4.933809757233 -5.594807965440465
2016.941772460938 -5.930161952972 -6.659572872117168
2016.974731445312 -6.258158683777 -7.734544311345874
2017.005493164062 -8.886381149292 -8.787198507470345
2017.038330078125 -9.922512054443 -9.877250382341488
2017.071166992188 -10.445336341858 -10.964004014023253
2017.10400390625 -11.692855834961 -12.17264970409196
2017.136840820312 -12.330256462097 -13.454326621136765
2017.169799804688 -14.170250892639 -14.789188301443003
2017.20263671875 -15.37801361084 -16.1685668383595
2017.235473632812 -16.603796005249 -17.591538537002553
2017.268310546875 -19.515907287598 -19.03715221735371
2017.301147460938 -20.584058761597 -20.46640710718667
2017.333984375 -22.064615249634 -21.849405534901685
2017.366821289062 -22.713088989258 -23.177770802089434
2017.399780273438 -26.317386627197 -24.47024244107041
2017.4326171875 -27.046405792236 -25.736411780251775
2017.498291015625 -34.53511428833 -28.18307547075586
2017.531127929688 -30.910055160522 -29.32711182432658
2017.56396484375 -31.567876815796 -30.39754936577297
2017.596801757812 -30.472043991089 -31.390387974919882
2017.629760742188 -32.654228210449 -32.305934758147174
2017.66259765625 -32.352363586426 -33.11932656936119
2017.695434570312 -34.4831199646 -33.829098374037564
2017.728271484375 -37.191287994385 -34.44761019071657
2017.761108398438 -36.564785003662 -35.013312058517386
2017.7939453125 -36.513916015625 -35.55670618949346
2017.826782226562 -35.541584014893 -36.09428167526119
2017.859741210938 -35.620441436768 -36.62412566436596
2017.892578125 -36.843940734863 -37.130860789902286
2017.925415039062 -38.112785339355 -37.618533839760566
2017.958251953125 -37.806678771973 -38.113067523344284
2017.991088867188 -38.169624328613 -38.65073937914939
2018.024658203125 -38.359962463379 -39.28152395556777
2018.057495117188 -39.642086029053 -40.00048025253226
2018.09033203125 -40.307060241699 -40.86788454323258
2018.123168945312 -40.76388168335 -41.92206670628362
2018.156005859375 -39.420478820801 -43.16844803744216
2018.18896484375 -42.652656555176 -44.586272867233596
2018.221801757812 -42.413185119629 -46.15958998256414
2018.254638671875 -46.680927276611 -47.88276650689137
2018.287475585938 -46.352191925049 -49.76335470155334
2018.3203125 -49.748954772949 -51.78931269353267
2018.353149414062 -47.730815887451 -53.93833068021242
2018.385986328125 -56.075241088867 -56.19340520289032
2018.4189453125 -57.207317352295 -58.55335448446245
2018.451782226562 -60.974769592285 -60.946982618991235
2018.484619140625 -67.828468322754 -63.32144626136679
2018.517456054688 -66.227073669434 -65.64592123064757
2018.55029296875 -72.624794006348 -67.89639237085277
2018.583129882812 -73.179977416992 -70.01587888862642
2018.615966796875 -72.464561462402 -71.96386472880451
2018.64892578125 -75.326934814453 -73.7409951151235
2018.681762695312 -78.270660400391 -75.36017387930042
2018.714599609375 -67.170333862305 -76.84887557676907
2018.747436523438 -78.236305236816 -78.18076021917294
2018.7802734375 -81.214210510254 -79.36837277888009
2018.813110351562 -84.430885314941 -80.43644223262564
2018.845947265625 -84.443344116211 -81.4845898649249
2018.87890625 -81.566864013672 -82.46939212338947
2018.911743164062 -82.088005065918 -83.3919802535453
2018.944580078125 -84.113739013672 -84.25343743943885
2018.977416992188 -83.287567138672 -85.08915997155414
2019.010986328125 -85.099426269531 -86.02620584583957
2019.043823242188 -86.515266418457 -86.92584776686658
2019.109497070312 -89.44979095459 -89.26924545182072
2019.1259765625 -89.381034851074 -89.88540391910354
2019.142333984375 -89.721435546875 -90.59773583397595
2019.175170898438 -91.427742004395 -92.07714431513388
2019.191650390625 -92.147521972656 -92.91512908188504
2019.208129882812 -92.254669189453 -93.79956803075046
2019.224487304688 -94.052116394043 -94.66732699612058
2019.240966796875 -95.892387390137 -95.65621790142114
2019.25732421875 -95.886650085449 -96.69527203593216
2019.273803710938 -97.590698242188 -97.70960685880341
2019.290161132812 -99.072616577148 -98.77322184496849
2019.306640625 -99.488014221191 -100.01732400931186
2019.323120117188 -100.242065429688 -101.34557501099334
2019.339477539062 -104.019050598145 -102.7261644908227
2019.35595703125 -102.772613525391 -104.1598470383982
2019.372314453125 -103.459999084473 -105.61108100163715
2019.388793945312 -105.130012512207 -107.09889253080132
2019.405151367188 -105.674461364746 -108.68668680761505
2019.421630859375 -111.477348327637 -110.25799650790961
2019.438110351562 -115.034934997559 -111.86755468231702
2019.454467773438 -113.565818786621 -113.49119839665256
2019.470947265625 -114.4091796875 -115.12823544670228
2019.4873046875 -118.306457519531 -116.72251877136952
2019.503784179688 -115.462875366211 -118.23048087879583
2019.520141601562 -120.173988342285 -119.77470554114966
2019.53662109375 -126.946380615234 -121.2589006698739
2019.569458007812 -127.025779724121 -123.86205605849214
2019.602294921875 -122.09587097168 -125.81603982331356
2019.618774414062 -133.653503417969 -126.82479290425096
2019.635131835938 -130.973403930664 -127.80604212956199
2019.651611328125 -131.040481567383 -128.53769569219952
2019.668090820312 -135.765243530273 -129.4509672719761
2019.71728515625 -133.579559326172 -131.4326710452751
2019.733764648438 -132.916000366211 -131.9806563764775
2019.750122070312 -137.361831665039 -132.23261071803321
2019.7666015625 -131.32275390625 -132.60435506225915
2019.799438476562 -132.596954345703 -132.9895509620622
2019.832275390625 -138.200836181641 -133.29030873226512
2019.865112304688 -133.867279052734 -133.45312676680882
2019.898071289062 -133.947021484375 -133.51145990756805
2019.930908203125 -134.090408325195 -133.51138711125387
2019.963745117188 -133.679489135742 -133.48278332653655
2019.99658203125 -133.589691162109 -133.4782612203118
2020.030151367188 -132.60188293457 -133.48587523972296
2020.06298828125 -133.15950012207 -133.557862255754
2020.095825195312 -133.004257202148 -133.681048833156
2020.128662109375 -133.225723266602 -133.913995733968
2020.161499023438 -132.424102783203 -134.3025776900499
2020.177978515625 -133.660552978516 -134.6710524379193
2020.1943359375 -133.553573608398 -134.8548624972133
2020.227294921875 -132.964157104492 -135.62562479560748
2020.260131835938 -136.026748657227 -136.65992564453748
2020.29296875 -135.277984619141 -137.81344037590975
2020.325805664062 -137.818984985352 -139.2229491282931
2020.358642578125 -138.831161499023 -141.07663359047996
2020.391479492188 -140.025924682617 -143.07299200800267
2020.42431640625 -145.415618896484 -145.17903135011505
2020.457275390625 -141.002563476562 -147.47588332520846
2020.490112304688 -148.001342773438 -149.96579107866032
2020.52294921875 -151.707550048828 -152.57732180220174
2020.555786132812 -153.597549438477 -155.28953070905598
2020.572265625 -155.446136474609 -156.67508347279227
2020.588623046875 -160.884338378906 -158.01473132926432
2020.605102539062 -159.773132324219 -159.38591124682418
2020.621459960938 -164.604949951172 -160.68251738792833
2020.654296875 -163.373931884766 -163.248138770106
2020.687255859375 -167.929229736328 -165.6150941591798
2020.70361328125 -169.895370483398 -166.82153733930951
2020.720092773438 -167.791122436523 -167.68068631383443
2020.7529296875 -172.147125244141 -169.4985418050313
2020.785766601562 -174.062744140625 -171.13141990916685
2020.818603515625 -174.4091796875 -172.62129481671508
2020.851440429688 -176.117263793945 -173.97140534877283
2020.917236328125 -177.520538330078 -176.21071373485356
2020.950073242188 -177.345611572266 -177.09235157920762
2020.98291015625 -178.8779296875 -177.91022759707013
2021.013671875 -178.852615356445 -178.69092751880078
2021.046508789062 -178.289413452148 -179.37894225734473
2021.079345703125 -180.288681030273 -180.03134523721334
2021.1123046875 -179.153244018555 -180.68260578180337
2021.145141601562 -181.946899414062 -181.3350143352976
2021.177978515625 -181.972885131836 -181.99959706929658
2021.210815429688 -186.311264038086 -182.68016011260718
2021.24365234375 -180.66845703125 -183.3564871322691
2021.276489257812 -181.27001953125 -184.08073489468663
2021.309326171875 -187.925262451172 -184.84102086260995
2021.34228515625 -184.16259765625 -185.64742546013377
2021.358642578125 -187.637603759766 -186.11561562475273
2021.391479492188 -184.41325378418 -187.0229372172184
2021.407958984375 -187.27507019043 -187.53863703890954
2021.440795898438 -187.817276000977 -188.50509480240456
2021.4736328125 -188.997894287109 -189.5030490208803
2021.506469726562 -205.732620239258 -190.5248105178731
2021.539306640625 -189.959106445312 -191.55075032941417
2021.572265625 -194.301712036133 -192.5726165010382
2021.605102539062 -204.705703735352 -193.60519085921686
2021.637939453125 -197.299911499023 -194.64960341404725
2021.670776367188 -194.641799926758 -195.71166065037627
2021.736450195312 -197.437805175781 -197.84231531203665
2021.769287109375 -199.094192504883 -198.9053538974448
2021.80224609375 -200.61946105957 -199.95209909280635
2021.835083007812 -198.898254394531 -200.99315365111468
2021.867919921875 -202.255599975586 -202.0385078031205
2021.966430664062 -205.894607543945 -205.15530215708347
2022.0 -206.303802490234 -206.23969564579286
2022.065673828125 -207.226272583008 -208.35826139437077
2022.098510742188 -209.831680297852 -209.4493097013693
2022.197143554688 -211.997650146484 -212.71790911939163
2022.22998046875 -216.269866943359 -213.7864594983699
2022.262817382812 -213.878479003906 -214.83887931279423
2022.295654296875 -214.912551879883 -215.87637483307438
2022.328491210938 -215.821487426758 -216.9096850894194
2022.394287109375 -222.54557800293 -219.03290345476586
2022.558471679688 -224.609619140625 -224.76047327018085
2022.591430664062 -232.192352294922 -225.88063295671174
2022.68994140625 -224.345001220703 -229.34202970736519
2022.722778320312 -226.310104370117 -230.44635071963407
2022.821411132812 -232.936538696289 -234.11481088564912
2022.854248046875 -236.071243286133 -235.6638513174822
2022.887084960938 -235.315979003906 -237.3687789319294
2022.919921875 -237.996002197266 -239.04262842797323
2022.952758789062 -240.008941650391 -240.931901063916
2022.985595703125 -241.199722290039 -243.2037142928321
2023.019165039062 -244.797988891602 -245.6583383575065
2023.052001953125 -247.068374633789 -248.0289529931498
2023.084838867188 -249.971496582031 -250.59433338353236
2023.11767578125 -253.076034545898 -253.33559544855075
2023.150634765625 -253.818115234375 -256.01444848574596
2023.183471679688 -258.548797607422 -258.7911225416762
2023.21630859375 -258.559020996094 -261.5695576109754
2023.249145507812 -257.377777099609 -264.35389335159897
2023.281982421875 -266.764495849609 -267.1471222621752
2023.314819335938 -272.797149658203 -269.95099089592736
2023.34765625 -272.56298828125 -272.76621500997646
2023.380615234375 -274.632568359375 -275.6023261054446
2023.413452148438 -286.147033691406 -278.43726155916374
2023.4462890625 -281.800628662109 -281.28092585817865
2023.57763671875 -316.597717285156 -292.7212680139743
