2014.804931640625 0.0 -0.8144731006982424
2014.837768554688 3.851514816284 -1.8143950455894116
2014.903442382812 5.434025764465 -3.8119190298179406
2014.96923828125 -4.079068183899 -5.81026955831941
2015.03564453125 -3.225393533707 -7.824634998577869
2015.101318359375 -20.139755249023 -9.815094937585078
2015.265625 -17.657829284668 -14.795374453237647
2015.331298828125 -30.678176879883 -16.79034252360768
2015.39697265625 -40.23494720459 -18.790167507106947
2016.021850585938 -37.268665313721 -37.94970086848129
2016.1533203125 -42.115871429443 -41.586608288470735
2016.350463867188 -46.711284637451 -46.99914196161689
2016.416137695312 -44.026355743408 -48.79215374205778
2016.547607421875 -53.146091461182 -52.40942196540328
2016.744750976562 -60.024326324463 -57.724766838145534
2016.777587890625 -58.653835296631 -58.59835401158003
2016.810424804688 -59.301418304443 -59.453245279495036
2016.84326171875 -59.614452362061 -60.26957610418782
2016.876098632812 -61.217147827148 -61.09378630826241
2016.908935546875 -62.446159362793 -61.96115101641877
2016.941772460938 -62.741291046143 -62.83061168161807
2016.974731445312 -63.171520233154 -63.739155630039306
2017.005493164062 -63.357357025146 -64.65173720596933
2017.038330078125 -64.535789489746 -65.58900936730176
2017.071166992188 -62.7053565979 -66.52958457057856
2017.10400390625 -64.328491210938 -67.56022936520532
2017.136840820312 -67.654312133789 -68.64169319081807
2017.169799804688 -69.285911560059 -69.76107538739122
2017.20263671875 -70.510864257812 -70.92260879142074
2017.235473632812 -72.695587158203 -72.139420849068
2017.268310546875 -73.174507141113 -73.42346064378012
2017.301147460938 -74.873733520508 -74.7754069667786
2017.333984375 -74.799911499023 -76.18353213018851
2017.366821289062 -75.734619140625 -77.61859462059701
2017.399780273438 -79.82642364502 -79.0523437549431
2017.4326171875 -81.702796936035 -80.45853730404927
2017.498291015625 -82.510917663574 -83.23358765931468
2017.531127929688 -82.493309020996 -84.61407211235726
2017.56396484375 -87.551643371582 -86.00417372266745
2017.596801757812 -88.844482421875 -87.40951725742048
2017.629760742188 -90.791717529297 -88.82445975091345
2017.66259765625 -89.828094482422 -90.22166189330586
2017.695434570312 -90.143241882324 -91.59524532755447
2017.728271484375 -91.38875579834 -92.94716655287834
2017.761108398438 -96.188507080078 -94.28185484142033
2017.7939453125 -94.649963378906 -95.59204056492275
2017.826782226562 -96.986465454102 -96.86640609467639
2017.859741210938 -99.098899841309 -98.10898641237232
2017.892578125 -100.625175476074 -99.32036062749923
2017.925415039062 -101.661949157715 -100.5123719297177
2017.958251953125 -101.734191894531 -101.67453325215742
2017.991088867188 -103.180046081543 -102.78907947322202
2018.024658203125 -104.333282470703 -103.86313409135464
2018.057495117188 -105.46028137207 -104.85429627306884
2018.09033203125 -106.329277038574 -105.8043950306478
2018.123168945312 -106.791236877441 -106.72816245874617
2018.156005859375 -107.382713317871 -107.63471368758464
2018.18896484375 -108.728309631348 -108.54653386330261
2018.221801757812 -109.164657592773 -109.46949260647715
2018.254638671875 -110.361442565918 -110.40755319031621
2018.287475585938 -110.757194519043 -111.35861680001436
2018.3203125 -111.670928955078 -112.31969080686218
2018.353149414062 -111.679267883301 -113.30122033444665
2018.385986328125 -114.657569885254 -114.31447011737949
2018.4189453125 -115.224258422852 -115.3671665944754
2018.451782226562 -116.086570739746 -116.44965743668664
2018.484619140625 -118.356300354004 -117.56173184932213
2018.517456054688 -118.412445068359 -118.70082517202817
2018.55029296875 -119.155624389648 -119.85798127223856
2018.583129882812 -121.116653442383 -121.01170374041084
2018.615966796875 -120.334449768066 -122.14370814815385
2018.64892578125 -124.952156066895 -123.25109052069475
2018.681762695312 -126.045951843262 -124.3301052835941
2018.714599609375 -122.434394836426 -125.39437994452402
2018.747436523438 -126.271820068359 -126.45211070020383
2018.7802734375 -128.058822631836 -127.50837695897063
2018.813110351562 -130.455062866211 -128.55668386616557
2018.845947265625 -130.598388671875 -129.6148571763978
2018.87890625 -129.864624023438 -130.62523071182886
2018.911743164062 -130.973770141602 -131.58905279598662
2018.944580078125 -132.439758300781 -132.53863646021222
2018.977416992188 -133.07112121582 -133.49860580186095
2019.010986328125 -134.514022827148 -134.49596362909892
2019.043823242188 -135.285232543945 -135.46035063060705
2019.109497070312 -137.551544189453 -137.5524161740546
2019.1259765625 -138.111877441406 -138.08890995150688
2019.142333984375 -138.514236450195 -138.62471899494193
2019.175170898438 -139.286712646484 -139.70245981580914
2019.191650390625 -140.212966918945 -140.24877932516551
2019.208129882812 -141.173324584961 -140.79696773607782
2019.224487304688 -141.142517089844 -141.34309596055124
2019.240966796875 -142.368896484375 -141.8905079051101
2019.25732421875 -142.182647705078 -142.42478988902752
2019.273803710938 -143.16650390625 -142.9710317562908
2019.290161132812 -143.452041625977 -143.51191881611706
2019.306640625 -144.137405395508 -144.01527323104804
2019.323120117188 -144.444747924805 -144.48768451320672
2019.339477539062 -144.927871704102 -144.9224110243071
2019.35595703125 -146.242538452148 -145.32207831227055
2019.372314453125 -148.300415039062 -145.68512485233725
2019.388793945312 -146.507446289062 -146.02669913520526
2019.405151367188 -146.96159362793 -146.3115748438541
2019.421630859375 -146.156280517578 -146.64601476708117
2019.438110351562 -148.599838256836 -146.97072111125507
2019.454467773438 -147.613586425781 -147.28037813744623
2019.470947265625 -145.633377075195 -147.58923071167925
2019.4873046875 -147.800338745117 -147.90339957268856
2019.503784179688 -147.172256469727 -148.25641773989463
2019.520141601562 -146.332000732422 -148.57573749978812
2019.53662109375 -149.322006225586 -148.90841210759996
2019.569458007812 -150.631790161133 -149.60882528295713
2019.602294921875 -145.130493164062 -150.34196924650826
2019.618774414062 -149.668807983398 -150.72363524137376
2019.635131835938 -151.535675048828 -151.12299416394902
2019.651611328125 -152.420639038086 -151.57039280151633
2019.668090820312 -148.994110107422 -152.0114223118132
2019.71728515625 -153.847534179688 -153.41147351600617
2019.733764648438 -151.062271118164 -153.87844015012004
2019.750122070312 -152.643539428711 -154.361732525055
2019.7666015625 -154.31608581543 -154.8244666910126
2019.799438476562 -155.927520751953 -155.74228610867942
2019.832275390625 -157.96940612793 -156.63791862800574
2019.865112304688 -157.898239135742 -157.51553071857336
2019.898071289062 -158.780822753906 -158.3673348522738
2019.930908203125 -160.039993286133 -159.16774382172036
2019.963745117188 -160.371643066406 -159.8742081453014
2019.99658203125 -160.926971435547 -160.53455560742097
2020.030151367188 -161.74592590332 -161.25292951818614
2020.06298828125 -162.032501220703 -161.79657156649017
2020.095825195312 -162.117233276367 -162.32503124559383
2020.128662109375 -163.215438842773 -162.8298321434421
2020.161499023438 -163.573303222656 -163.3205799545932
2020.177978515625 -163.89111328125 -163.55790264866374
2020.1943359375 -163.849792480469 -163.79649737316475
2020.227294921875 -163.967559814453 -164.26872466360544
2020.260131835938 -162.887634277344 -164.75249150952865
2020.29296875 -165.315811157227 -165.24423941689628
2020.325805664062 -165.331741333008 -165.7621716951731
2020.358642578125 -166.66162109375 -166.36082798808218
2020.391479492188 -167.547836303711 -166.98945347028726
2020.42431640625 -165.86555480957 -167.65272327982478
2020.457275390625 -166.765319824219 -168.37421931609538
2020.490112304688 -168.516021728516 -169.14167703907708
2020.52294921875 -169.949523925781 -169.92034530581574
2020.555786132812 -170.757141113281 -170.69799459185003
2020.572265625 -170.651260375977 -171.08925794453955
2020.588623046875 -171.901702880859 -171.46717844391193
2020.605102539062 -172.189743041992 -171.85965692776142
2020.621459960938 -175.397644042969 -172.2318386382599
2020.654296875 -173.877548217773 -172.99281132268362
2020.687255859375 -176.297058105469 -173.72591367111767
2020.70361328125 -174.870758056641 -174.09905977164294
2020.720092773438 -174.372833251953 -174.38704513812885
2020.7529296875 -174.748596191406 -174.97769553716486
2020.785766601562 -176.077407836914 -175.51696866698708
2020.818603515625 -175.890914916992 -176.02739535930314
2020.851440429688 -177.071182250977 -176.51834932687115
2020.917236328125 -178.6318359375 -177.4402806112542
2020.950073242188 -177.105743408203 -177.91894602974023
2020.98291015625 -177.911849975586 -178.41107985481645
2021.013671875 -178.295639038086 -178.85610133792338
2021.046508789062 -178.945205688477 -179.35672350532408
2021.079345703125 -179.690414428711 -179.89957317738674
2021.1123046875 -180.684158325195 -180.4417005661988
2021.145141601562 -180.383224487305 -180.99444122152488
2021.177978515625 -181.320022583008 -181.55460259080783
2021.210815429688 -182.840911865234 -182.12442095343135
2021.24365234375 -183.11848449707 -182.71766277355033
2021.276489257812 -181.250396728516 -183.30276144378732
2021.309326171875 -184.520202636719 -183.8904100201321
2021.34228515625 -186.29801940918 -184.4935131543062
2021.358642578125 -185.059112548828 -184.81927529856804
2021.391479492188 -185.186981201172 -185.47107798248473
2021.407958984375 -184.43229675293 -185.82358669887702
2021.440795898438 -185.295471191406 -186.4902057753303
2021.4736328125 -186.082168579102 -187.1465269071692
2021.506469726562 -190.03108215332 -187.78018840540884
2021.539306640625 -188.219863891602 -188.38988931668183
2021.572265625 -185.932022094727 -188.97462357307998
2021.605102539062 -191.954666137695 -189.59026815718994
2021.637939453125 -191.159423828125 -190.21151802547428
2021.670776367188 -191.383865356445 -190.8296060894555
2021.736450195312 -195.39338684082 -191.9771084958428
2021.769287109375 -191.86279296875 -192.5463552425191
2021.80224609375 -193.344100952148 -193.06711249348788
2021.835083007812 -191.493560791016 -193.59433486023508
2021.867919921875 -195.535034179688 -194.1001957175725
2021.966430664062 -196.204620361328 -195.59983633371684
2022.0 -195.683441162109 -196.1095971059918
2022.065673828125 -196.958801269531 -197.09460164322755
2022.098510742188 -196.32341003418 -197.59048186221372
2022.197143554688 -199.830932617188 -199.05475790676783
2022.22998046875 -201.424987792969 -199.5212263791642
2022.262817382812 -199.206298828125 -199.97490208776938
2022.295654296875 -199.43635559082 -200.41185020486483
2022.328491210938 -202.36149597168 -200.82864364326053
2022.394287109375 -201.697937011719 -201.6124247402586
2022.558471679688 -206.853271484375 -203.50015784419557
2022.591430664062 -208.585784912109 -203.88420295360015
2022.68994140625 -204.464752197266 -204.9941554999746
2022.722778320312 -207.198318481445 -205.37689068370742
2022.821411132812 -206.085601806641 -206.33636878933652
2022.854248046875 -207.048095703125 -206.57415349827025
2022.887084960938 -206.85026550293 -206.78146919577568
2022.919921875 -206.469451904297 -206.97559804087584
2022.952758789062 -206.899703979492 -207.16710128468895
2022.985595703125 -207.610961914062 -207.32252547986428
2023.019165039062 -208.028778076172 -207.4418230490972
2023.052001953125 -208.193939208984 -207.57105694584104
2023.084838867188 -207.8193359375 -207.62124711682208
2023.11767578125 -207.764022827148 -207.6072840106337
2023.150634765625 -208.446166992188 -207.62290249682204
2023.183471679688 -208.259552001953 -207.5976362908128
2023.21630859375 -211.286499023438 -207.5715908740136
2023.249145507812 -212.314514160156 -207.54256808272146
2023.281982421875 -207.911911010742 -207.5091188620323
2023.314819335938 -207.734344482422 -207.47018804936013
2023.34765625 -206.965560913086 -207.42467578237245
2023.380615234375 -205.667022705078 -207.37135578041665
2023.413452148438 -210.9404296875 -207.3103984359235
2023.4462890625 -199.324615478516 -207.24251616102558
2023.57763671875 -189.603881835938 -206.9188654253424
