2014.804931640625 0.0 1.3142697225227487
2014.837768554688 2.069453239441 -0.16587536297857347
2014.903442382812 0.610920608044 -3.125008308304784
2014.96923828125 -5.444619178772 -6.087996453563409
2015.03564453125 -9.189788818359 -9.076823224345928
2015.101318359375 -11.981377601624 -12.03124248237216
2015.265625 -23.564323425293 -19.418423061393668
2015.331298828125 -38.290634155273 -22.370433722642755
2015.39697265625 -33.910018920898 -25.322598202137776
2016.021850585938 -45.372291564941 -53.958698915497386
2016.1533203125 -59.014343261719 -59.841066718206626
2016.350463867188 -67.902618408203 -68.13589244119443
2016.416137695312 -71.573684692383 -70.79033206497238
2016.547607421875 -80.447418212891 -76.12512379678918
2016.744750976562 -86.179206848145 -84.10400314341652
2016.777587890625 -83.589660644531 -85.44419191771672
2016.810424804688 -85.818702697754 -86.81915300243364
2016.84326171875 -89.783760070801 -88.04340067942739
2016.876098632812 -90.731132507324 -89.04554769660145
2016.908935546875 -93.131782531738 -90.00449696431248
2016.941772460938 -87.369293212891 -90.9658539063742
2016.974731445312 -91.107727050781 -91.93868455876
2017.005493164062 -93.344573974609 -92.85066129838663
2017.038330078125 -94.264434814453 -93.8273891175533
2017.071166992188 -94.060218811035 -94.79643949846105
2017.10400390625 -95.468154907227 -95.76645995017164
2017.136840820312 -96.062423706055 -96.75661171904183
2017.169799804688 -97.13924407959 -97.78530371230735
2017.20263671875 -99.684463500977 -98.87112554650615
2017.235473632812 -99.87850189209 -100.01827296282768
2017.268310546875 -99.225364685059 -101.20587872825894
2017.301147460938 -102.181449890137 -102.41989586486416
2017.333984375 -103.152503967285 -103.67782545009975
2017.366821289062 -103.795715332031 -105.0063376795068
2017.399780273438 -108.048210144043 -106.41600664801365
2017.4326171875 -106.673095703125 -107.88773728355122
2017.498291015625 -110.157806396484 -110.97417555140446
2017.531127929688 -112.727981567383 -112.55381563346133
2017.56396484375 -111.208587646484 -114.13595431994554
2017.596801757812 -122.361228942871 -115.70383551363054
2017.629760742188 -121.51683807373 -117.25532020176408
2017.66259765625 -122.311592102051 -118.7859208653991
2017.695434570312 -118.62385559082 -120.30561837951637
2017.728271484375 -121.487762451172 -121.80740323146283
2017.761108398438 -124.947471618652 -123.27767994368853
2017.7939453125 -127.685737609863 -124.68373856745518
2017.826782226562 -126.278213500977 -126.00305651599069
2017.859741210938 -127.965507507324 -127.21188758468897
2017.892578125 -128.775543212891 -128.31744817150414
2017.925415039062 -129.651062011719 -129.37599568075458
2017.958251953125 -130.434936523438 -130.41679817335876
2017.991088867188 -131.458679199219 -131.44433432611908
2018.024658203125 -132.098083496094 -132.47909917157693
2018.057495117188 -133.23713684082 -133.48296653305974
2018.09033203125 -134.612426757812 -134.5134186597101
2018.123168945312 -135.550216674805 -135.60210734953503
2018.156005859375 -135.167190551758 -136.75450648496206
2018.18896484375 -137.555084228516 -137.9644037210519
2018.221801757812 -138.354797363281 -139.23146205321294
2018.254638671875 -139.773513793945 -140.56696902767277
2018.287475585938 -140.816390991211 -141.96837208643
2018.3203125 -142.614639282227 -143.42777355560125
2018.353149414062 -142.979370117188 -144.9481350363605
2018.385986328125 -148.27424621582 -146.5282389168093
2018.4189453125 -148.116882324219 -148.15715899948717
2018.451782226562 -149.634902954102 -149.80507526172116
2018.484619140625 -148.326461791992 -151.4648696497552
2018.517456054688 -153.945327758789 -153.1317014171835
2018.55029296875 -155.614608764648 -154.80250955149594
2018.583129882812 -160.078002929688 -156.45852828897083
2018.615966796875 -154.685653686523 -158.07691615159283
2018.64892578125 -160.223403930664 -159.65008724918496
2018.681762695312 -163.541458129883 -161.16796193453092
2018.714599609375 -160.189041137695 -162.64196863854707
2018.747436523438 -165.146881103516 -164.07381463888603
2018.7802734375 -166.388671875 -165.45897316551245
2018.813110351562 -168.419021606445 -166.78390151288875
2018.845947265625 -169.403381347656 -168.0880915851095
2018.87890625 -169.406158447266 -169.3537931566026
2018.911743164062 -168.416213989258 -170.5715092417221
2018.944580078125 -171.822280883789 -171.76521015123538
2018.977416992188 -172.991119384766 -172.92082133147773
2019.010986328125 -173.600021362305 -174.08196210283293
2019.043823242188 -175.102890014648 -175.20050020694543
2019.109497070312 -177.802215576172 -177.6371763437016
2019.1259765625 -178.641784667969 -178.270401433748
2019.142333984375 -178.523391723633 -178.89935332432663
2019.175170898438 -180.211303710938 -180.16187653034916
2019.191650390625 -180.34098815918 -180.82155219732084
2019.208129882812 -181.412292480469 -181.49273703487512
2019.224487304688 -181.669982910156 -182.15144588273367
2019.240966796875 -182.637313842773 -182.8342052199742
2019.25732421875 -183.561935424805 -183.5069834706321
2019.273803710938 -184.101654052734 -184.18420995964047
2019.290161132812 -184.368743896484 -184.86942196586494
2019.306640625 -185.982727050781 -185.5314141865203
2019.323120117188 -186.432037353516 -186.1565342266602
2019.339477539062 -187.333358764648 -186.73581652777318
2019.35595703125 -188.159027099609 -187.27463088597395
2019.372314453125 -189.1591796875 -187.7645996670977
2019.388793945312 -189.137176513672 -188.22215607125386
2019.405151367188 -188.601425170898 -188.59060180935805
2019.421630859375 -189.47590637207 -189.01843041390003
2019.438110351562 -190.098739624023 -189.42165637240117
2019.454467773438 -190.201187133789 -189.7916506486394
2019.470947265625 -188.384231567383 -190.1391361390493
2019.4873046875 -189.642700195312 -190.47541304124283
2019.503784179688 -190.808090209961 -190.84147937776044
2019.520141601562 -189.599960327148 -191.19588301198948
2019.53662109375 -192.546615600586 -191.58461906216704
2019.569458007812 -194.629898071289 -192.43094006714918
2019.602294921875 -184.75749206543 -193.04184591575128
2019.618774414062 -189.155715942383 -193.35001632401193
2019.635131835938 -193.869186401367 -193.652660418478
2019.651611328125 -197.39453125 -193.87924378808773
2019.668090820312 -188.055267333984 -194.18573023424372
2019.71728515625 -197.308013916016 -195.0443824713753
2019.733764648438 -198.101684570312 -195.3373043046321
2019.750122070312 -194.384353637695 -195.58041470451477
2019.7666015625 -194.927978515625 -195.8452789668781
2019.799438476562 -196.592208862305 -196.34353927112036
2019.832275390625 -195.142547607422 -196.83746307428984
2019.865112304688 -197.020492553711 -197.34663601593226
2019.898071289062 -198.072174072266 -197.87448179977488
2019.930908203125 -198.825378417969 -198.4369182606191
2019.963745117188 -198.784072875977 -199.04938940636237
2019.99658203125 -199.794403076172 -199.66594216050706
2020.030151367188 -200.170791625977 -200.30628137625231
2020.06298828125 -200.805892944336 -200.96856190814242
2020.095825195312 -201.335235595703 -201.65273847340168
2020.128662109375 -202.485336303711 -202.36246769085662
2020.161499023438 -203.011444091797 -203.1027511434129
2020.177978515625 -203.056045532227 -203.52471893593668
2020.1943359375 -204.182312011719 -203.8884103042872
2020.227294921875 -202.816589355469 -204.7307407774257
2020.260131835938 -200.8720703125 -205.61460267994352
2020.29296875 -206.391708374023 -206.50497120757095
2020.325805664062 -207.758087158203 -207.44089666314264
2020.358642578125 -207.511489868164 -208.47311425001604
2020.391479492188 -208.798233032227 -209.55351396981536
2020.42431640625 -210.228561401367 -210.6849124134149
2020.457275390625 -212.185943603516 -211.87783298694103
2020.490112304688 -213.381576538086 -213.05822775165268
2020.52294921875 -213.503677368164 -214.14462275580905
2020.555786132812 -214.054748535156 -215.11794533668174
2020.572265625 -217.043609619141 -215.4918033252698
2020.588623046875 -218.5498046875 -215.84733181596184
2020.605102539062 -218.916717529297 -216.33993220405762
2020.621459960938 -218.193893432617 -216.67251805065453
2020.654296875 -221.114807128906 -217.42198244154432
2020.687255859375 -224.054260253906 -218.0841986775927
2020.70361328125 -215.153289794922 -218.42859046571482
2020.720092773438 -218.056549072266 -218.64356356791922
2020.7529296875 -220.677703857422 -219.14187279629834
2020.785766601562 -219.299652099609 -219.6110115118927
2020.818603515625 -220.911544799805 -220.06242054312878
2020.851440429688 -219.972351074219 -220.49610255519352
2020.917236328125 -220.731323242188 -221.4315001884024
2020.950073242188 -221.002395629883 -221.99917216358554
2020.98291015625 -222.007568359375 -222.5975349661297
2021.013671875 -222.466766357422 -223.12651735002007
2021.046508789062 -223.809600830078 -223.7595005526869
2021.079345703125 -224.909713745117 -224.4918145822226
2021.1123046875 -224.703750610352 -225.23703499576172
2021.145141601562 -225.161804199219 -226.0189081276015
2021.177978515625 -226.326324462891 -226.8281055013159
2021.210815429688 -228.723876953125 -227.65306298242461
2021.24365234375 -227.950729370117 -228.47889672564395
2021.276489257812 -227.898376464844 -229.3288265859325
2021.309326171875 -232.76091003418 -230.1817516101101
2021.34228515625 -232.593627929688 -231.0354488604626
2021.358642578125 -230.481140136719 -231.44065613791335
2021.391479492188 -229.953796386719 -232.24005155530887
2021.407958984375 -238.061737060547 -232.59315142833387
2021.440795898438 -232.908172607422 -233.32857887830264
2021.4736328125 -235.468246459961 -234.0235896629174
2021.506469726562 -246.962936401367 -234.63873013252356
2021.539306640625 -238.758804321289 -235.14459294161082
2021.572265625 -234.852569580078 -235.38855163648978
2021.605102539062 -241.24609375 -235.7838524790633
2021.637939453125 -239.281875610352 -236.13914831037619
2021.670776367188 -236.600738525391 -236.46160015154553
2021.736450195312 -239.491302490234 -236.92886435978642
2021.769287109375 -232.46696472168 -237.14794956215053
2021.80224609375 -236.957778930664 -237.29761682165116
2021.835083007812 -235.419479370117 -237.43020602613905
2021.867919921875 -237.404830932617 -237.55640638965656
2021.966430664062 -235.969421386719 -238.21473895292164
2022.0 -240.772994995117 -238.55231465748267
2022.065673828125 -238.409317016602 -239.08650271653795
2022.098510742188 -237.088287353516 -239.4100773370918
2022.197143554688 -236.891708374023 -240.3467783897418
2022.22998046875 -245.2041015625 -240.67288056608797
2022.262817382812 -242.459976196289 -241.006295033551
2022.295654296875 -238.183044433594 -241.3533468441372
2022.328491210938 -243.882995605469 -241.71956408970993
2022.394287109375 -242.019927978516 -242.49053700842938
2022.558471679688 -239.942840576172 -244.43148688066364
2022.591430664062 -256.249114990234 -244.81619811179525
2022.68994140625 -245.009414672852 -245.78381988698632
2022.722778320312 -257.443145751953 -246.1116536456851
2022.821411132812 -248.502517700195 -247.20474313497934
2022.854248046875 -248.256484985352 -247.58365204659856
2022.887084960938 -247.921447753906 -247.96719250984603
2022.919921875 -247.698272705078 -248.35783128718117
2022.952758789062 -247.756164550781 -248.74195799812892
2022.985595703125 -250.044570922852 -249.10758526749672
2023.019165039062 -249.504486083984 -249.46087761334545
2023.052001953125 -249.504653930664 -249.7974099982071
2023.084838867188 -249.613235473633 -250.10042911406686
2023.11767578125 -249.624465942383 -250.3764225381457
2023.150634765625 -251.483337402344 -250.66423055020476
2023.183471679688 -251.979568481445 -250.94043897993794
2023.21630859375 -251.878829956055 -251.22113777869833
2023.249145507812 -253.580642700195 -251.50421348301873
2023.281982421875 -252.87922668457 -251.78703359442014
2023.314819335938 -249.625122070312 -252.06633509257173
2023.34765625 -248.708419799805 -252.33904965384795
2023.380615234375 -253.107238769531 -252.6053237368865
2023.413452148438 -262.931976318359 -252.8642013789544
2023.4462890625 -246.288970947266 -253.11755780264346
2023.57763671875 -244.016052246094 -254.08825852990634
