2014.804931640625 -0.0 -13.973335928190428
2014.837768554688 -14.330966949463 -14.68062887327282
2014.903442382812 -16.326156616211 -16.088016347973838
2014.96923828125 -16.04723739624 -17.487958750017434
2015.03564453125 -18.328269958496 -18.890211625516287
2015.101318359375 -15.147469520569 -20.266322026674754
2015.265625 -26.937023162842 -23.665889242966355
2015.331298828125 -30.054525375366 -25.010704872930546
2015.39697265625 -29.413873672485 -26.349820199827377
2016.021850585938 -37.21170425415 -38.535652458238815
2016.1533203125 -52.987648010254 -40.36860005337562
2016.350463867188 -53.712699890137 -43.53164675082376
2016.416137695312 -28.79746055603 -44.55389459957322
2016.547607421875 -53.214920043945 -47.924371581608014
2016.744750976562 -48.737186431885 -50.64087918359266
2016.777587890625 -56.455581665039 -50.282235329716386
2016.810424804688 -52.508773803711 -49.92900170408306
2016.84326171875 -50.568363189697 -49.58333194518206
2016.876098632812 -49.031566619873 -49.24149720424485
2016.908935546875 -47.987503051758 -48.95547781948032
2016.941772460938 -47.810482025146 -48.70581860765588
2016.974731445312 -47.48804473877 -48.48382407832274
2017.005493164062 -47.885715484619 -48.33926050528402
2017.038330078125 -47.866199493408 -48.14790345076875
2017.071166992188 -46.002071380615 -47.95732551013698
2017.10400390625 -47.462837219238 -47.89980909726644
2017.136840820312 -46.92049407959 -47.91600888980201
2017.169799804688 -47.871742248535 -47.98303853554143
2017.20263671875 -47.230911254883 -48.090892940951164
2017.235473632812 -48.36856842041 -48.23315543543247
2017.268310546875 -52.36491394043 -48.40986184251021
2017.301147460938 -48.507801055908 -48.61178497805515
2017.333984375 -47.677021026611 -48.829354965722956
2017.366821289062 -47.283611297607 -49.04365943040734
2017.399780273438 -50.218391418457 -49.23244098030984
2017.4326171875 -51.028594970703 -49.38726233744366
2017.498291015625 -45.698886871338 -49.64736800288761
2017.531127929688 -51.538463592529 -49.78091863744673
2017.56396484375 -51.417037963867 -49.936684823585274
2017.596801757812 -49.280498504639 -50.12085162660981
2017.629760742188 -51.695377349854 -50.322810455833064
2017.66259765625 -49.888729095459 -50.52571797103063
2017.695434570312 -47.682525634766 -50.73286436024333
2017.728271484375 -44.912357330322 -50.965542513886874
2017.761108398438 -51.802021026611 -51.24493246742434
2017.7939453125 -51.875205993652 -51.567722551582385
2017.826782226562 -51.3708152771 -51.9176155733088
2017.859741210938 -52.38423538208 -52.290779338727056
2017.892578125 -52.352993011475 -52.700582655187844
2017.925415039062 -51.573356628418 -53.13931814763921
2017.958251953125 -53.540302276611 -53.599573131971376
2017.991088867188 -55.165431976318 -54.074997059063726
2018.024658203125 -54.836563110352 -54.55663339779379
2018.057495117188 -55.687320709229 -55.01839714609369
2018.09033203125 -56.014213562012 -55.477993687625776
2018.123168945312 -56.268474578857 -55.93169014826481
2018.156005859375 -55.087299346924 -56.37113132232924
2018.18896484375 -56.311141967773 -56.81324086005868
2018.221801757812 -56.366050720215 -57.282765067953
2018.254638671875 -60.330699920654 -57.81182484575839
2018.287475585938 -58.954742431641 -58.41369448174213
2018.3203125 -56.11145401001 -59.09661971834466
2018.353149414062 -51.703224182129 -59.86515028304305
2018.385986328125 -59.739658355713 -60.71158703652643
2018.4189453125 -58.732551574707 -61.611972037466124
2018.451782226562 -59.12654876709 -62.52587179005234
2018.484619140625 -68.23014831543 -63.454884930406735
2018.517456054688 -63.000293731689 -64.415285942672
2018.55029296875 -65.726860046387 -65.41877020159913
2018.583129882812 -65.308433532715 -66.46107444066813
2018.615966796875 -70.668029785156 -67.51172253874638
2018.64892578125 -71.62077331543 -68.52375236677103
2018.681762695312 -71.526634216309 -69.46013648613875
2018.714599609375 -69.908813476562 -70.31797155942385
2018.747436523438 -68.707481384277 -71.07989858920634
2018.7802734375 -74.420516967773 -71.75614596864891
2018.813110351562 -75.713439941406 -72.34163371263789
2018.845947265625 -73.505508422852 -72.90527908476545
2018.87890625 -73.102073669434 -73.35211923915239
2018.911743164062 -73.748748779297 -73.69049272231901
2018.944580078125 -73.770042419434 -74.03837105829902
2018.977416992188 -74.954612731934 -74.34827123192903
2019.010986328125 -74.70246887207 -74.55778733901688
2019.043823242188 -74.409690856934 -74.71375924823067
2019.109497070312 -74.965194702148 -75.08051672398359
2019.1259765625 -75.06852722168 -75.17514430940703
2019.142333984375 -75.964256286621 -75.2391468164197
2019.175170898438 -75.878547668457 -75.36186828523877
2019.191650390625 -75.476097106934 -75.41479451595075
2019.208129882812 -75.786308288574 -75.4623642185566
2019.224487304688 -75.246208190918 -75.5111456526008
2019.240966796875 -75.960693359375 -75.51979143065563
2019.25732421875 -75.339874267578 -75.4858656825413
2019.273803710938 -75.303604125977 -75.4704152935101
2019.290161132812 -75.022560119629 -75.43140549615872
2019.306640625 -74.701721191406 -75.2663122357836
2019.323120117188 -76.028823852539 -75.04499927904676
2019.339477539062 -75.953056335449 -74.78610637706065
2019.35595703125 -76.74072265625 -74.51059555528661
2019.372314453125 -78.849082946777 -74.24673310919447
2019.388793945312 -75.050064086914 -74.01647875990496
2019.405151367188 -71.770706176758 -73.88903721970114
2019.421630859375 -72.270492553711 -73.76483133830652
2019.438110351562 -72.766860961914 -73.6631067070348
2019.454467773438 -70.329368591309 -73.58387320944186
2019.470947265625 -66.945533752441 -73.55314351311145
2019.4873046875 -70.388870239258 -73.5997904646874
2019.503784179688 -75.394378662109 -73.86705545346351
2019.520141601562 -70.93074798584 -73.99950379966855
2019.53662109375 -75.742080688477 -74.19435734349959
2019.569458007812 -76.890411376953 -74.77106574999793
2019.602294921875 -73.557594299316 -75.55388395327113
2019.618774414062 -68.977951049805 -75.97348709021522
2019.635131835938 -77.170463562012 -76.41123200917562
2019.651611328125 -78.08479309082 -76.88178890097892
2019.668090820312 -75.288154602051 -77.3434493343739
2019.71728515625 -78.583869934082 -78.73983165893263
2019.733764648438 -78.493011474609 -79.20288915035995
2019.750122070312 -78.539505004883 -79.68611667746991
2019.7666015625 -80.97900390625 -80.15208507436465
2019.799438476562 -81.719581604004 -81.05837311927286
2019.832275390625 -82.929344177246 -81.91614125484945
2019.865112304688 -83.239837646484 -82.69429044896444
2019.898071289062 -83.478164672852 -83.38143057789237
2019.930908203125 -85.481979370117 -83.95539893465823
2019.963745117188 -86.206382751465 -84.3435405940014
2019.99658203125 -85.384452819824 -84.64595354894459
2020.030151367188 -86.435371398926 -85.05897113914115
2020.06298828125 -85.483665466309 -85.15889782589716
2020.095825195312 -84.954071044922 -85.22513747498091
2020.128662109375 -85.854194641113 -85.20484879224344
2020.161499023438 -86.54029083252 -85.11844625817572
2020.177978515625 -85.155792236328 -85.06859756755495
2020.1943359375 -85.757568359375 -85.02077645915321
2020.227294921875 -84.18138885498 -84.98247634026924
2020.260131835938 -81.208671569824 -85.05016037033987
2020.29296875 -86.24919128418 -85.13633120622845
2020.325805664062 -80.884651184082 -85.31029779036903
2020.358642578125 -85.530097961426 -85.72879765929652
2020.391479492188 -81.316650390625 -86.19623463409796
2020.42431640625 -84.282157897949 -86.72215293727929
2020.457275390625 -86.571975708008 -87.41742559441502
2020.490112304688 -88.19660949707 -88.33643298824316
2020.52294921875 -89.512954711914 -89.41247804199304
2020.555786132812 -90.497062683105 -90.59691630253813
2020.572265625 -89.320579528809 -91.21201169901481
2020.588623046875 -93.01766204834 -91.78936606840254
2020.605102539062 -92.557891845703 -92.39798895167478
2020.621459960938 -92.125610351562 -92.93853450337383
2020.654296875 -96.226783752441 -94.0198596970846
2020.687255859375 -97.558738708496 -94.97953255361423
2020.70361328125 -96.317512512207 -95.47224642949466
2020.720092773438 -97.735107421875 -95.74899362908539
2020.7529296875 -97.07950592041 -96.35089821939529
2020.785766601562 -98.40087890625 -96.8238456171798
2020.818603515625 -96.497428894043 -97.20889041169325
2020.851440429688 -99.755340576172 -97.51810867112147
2020.917236328125 -99.508926391602 -97.90733152498163
2020.950073242188 -97.544075012207 -98.0315047692348
2020.98291015625 -97.996391296387 -98.17304177380721
2021.013671875 -97.556243896484 -98.31168004038001
2021.046508789062 -97.184646606445 -98.58799839387214
2021.079345703125 -98.257225036621 -99.19973521304892
2021.1123046875 -96.752647399902 -99.96411471300138
2021.145141601562 -99.650848388672 -100.97884550619737
2021.177978515625 -99.981582641602 -102.22965373729225
2021.210815429688 -99.391098022461 -103.6666058860742
2021.24365234375 -98.330749511719 -104.85675868333269
2021.276489257812 -101.11994934082 -106.57940761626047
2021.309326171875 -111.117012023926 -108.43894600091545
2021.34228515625 -105.458572387695 -110.45337316808597
2021.358642578125 -108.123931884766 -111.55867362045016
2021.391479492188 -116.665153503418 -113.66275532056056
2021.407958984375 -109.014785766602 -114.75341114576281
2021.440795898438 -118.196548461914 -116.93470363284611
2021.4736328125 -122.405410766602 -119.10232194911426
2021.506469726562 -121.599426269531 -120.92945072077731
2021.539306640625 -128.55583190918 -122.20410507002482
2021.572265625 -131.012069702148 -122.6499706234425
2021.605102539062 -128.935562133789 -123.70854825850616
2021.637939453125 -127.450912475586 -124.7326842018213
2021.670776367188 -131.892501831055 -125.69387635007733
2021.736450195312 -134.375885009766 -126.88226406193037
2021.769287109375 -116.231674194336 -127.41855234510992
2021.80224609375 -127.795234680176 -127.6966030304311
2021.835083007812 -129.858123779297 -127.99825572293726
2021.867919921875 -127.937911987305 -128.0401933108514
2021.966430664062 -130.287246704102 -127.89687911981297
2022.0 -121.57275390625 -127.75137503813114
2022.065673828125 -127.856872558594 -127.46797165492525
2022.098510742188 -126.890663146973 -127.31963431989584
2022.197143554688 -121.573448181152 -126.97014246622913
2022.22998046875 -124.298034667969 -126.86419981086144
2022.262817382812 -129.402496337891 -126.77062033031407
2022.295654296875 -127.444694519043 -126.69880785434886
2022.328491210938 -135.931137084961 -126.64269074062585
2022.394287109375 -121.932807922363 -126.43067395180594
2022.558471679688 -127.372543334961 -125.2437101340556
2022.591430664062 -147.156677246094 -125.14063482288313
2022.68994140625 -117.834541320801 -124.76635402491645
2022.722778320312 -137.728210449219 -124.62005701461142
2022.821411132812 -129.911468505859 -123.78234514113007
2022.854248046875 -119.179389953613 -123.35219133133732
2022.887084960938 -124.715621948242 -122.88751746600877
2022.919921875 -119.992500305176 -122.43300407112423
2022.952758789062 -120.765151977539 -122.02441368892207
2022.985595703125 -122.017250061035 -121.73862822489086
2023.019165039062 -121.625923156738 -121.53474172071715
2023.052001953125 -121.259315490723 -121.33883996538005
2023.084838867188 -120.346939086914 -121.20128703524308
2023.11767578125 -119.53800201416 -121.07959515679349
2023.150634765625 -118.775619506836 -120.93634861174506
2023.183471679688 -121.637908935547 -120.79745278671106
2023.21630859375 -120.827598571777 -120.66109899358362
2023.249145507812 -125.130767822266 -120.53206763995226
2023.281982421875 -122.032752990723 -120.41159652602344
2023.314819335938 -121.519653320312 -120.29808247069667
2023.34765625 -120.569953918457 -120.18811392020477
2023.380615234375 -116.391120910645 -120.07697110244408
2023.413452148438 -130.403549194336 -119.96182120341588
2023.4462890625 -108.146499633789 -119.84149664884183
2023.57763671875 -107.852851867676 -119.31107233371657
