2014.804931640625 0.0 1.0156087570513714
2014.837768554688 7.779465675354 -1.0206267175830974
2014.903442382812 2.179160833359 -5.092655948218407
2014.96923828125 -5.063460350037 -9.17140028045142
2015.03564453125 -13.068731307983 -13.28685205382917
2015.101318359375 -17.211162567139 -17.355846362328318
2015.265625 -31.995073318481 -27.53319300338228
2015.331298828125 -34.757949829102 -31.601280124766546
2015.39697265625 -36.837677001953 -35.67046011692755
2016.021850585938 -73.860557556152 -74.52943141675271
2016.1533203125 -81.782669067383 -82.54403649399711
2016.350463867188 -99.556671142578 -94.70903056313975
2016.416137695312 -100.920013427734 -98.78761906994255
2016.547607421875 -106.401008605957 -107.0725991917238
2016.744750976562 -123.206687927246 -119.3205343109038
2016.777587890625 -121.347663879395 -121.1995512773637
2016.810424804688 -123.826644897461 -123.09418819598478
2016.84326171875 -126.29354095459 -125.00637651500189
2016.876098632812 -127.779235839844 -126.87000658835238
2016.908935546875 -128.715393066406 -128.71189442127138
2016.941772460938 -129.959579467773 -130.56137563295258
2016.974731445312 -131.493377685547 -132.3541888654145
2017.005493164062 -133.946655273438 -134.04268275286208
2017.038330078125 -135.686386108398 -135.82695618010385
2017.071166992188 -136.672378540039 -137.61019334661478
2017.10400390625 -139.027053833008 -139.47985798261303
2017.136840820312 -140.943252563477 -141.41094242983556
2017.169799804688 -142.886672973633 -143.39459379145498
2017.20263671875 -145.173278808594 -145.4165246661995
2017.235473632812 -147.408935546875 -147.47363101834605
2017.268310546875 -148.426864624023 -149.5650928080161
2017.301147460938 -151.582183837891 -151.69799882579863
2017.333984375 -153.122009277344 -153.87797250924044
2017.366821289062 -156.32633972168 -156.09626839137914
2017.399780273438 -158.666458129883 -158.34017683564744
2017.4326171875 -161.733444213867 -160.57603919799243
2017.498291015625 -162.708297729492 -165.04976094891643
2017.531127929688 -165.646881103516 -167.28215437969388
2017.56396484375 -170.279174804688 -169.5090157414669
2017.596801757812 -173.262481689453 -171.72729794015828
2017.629760742188 -174.910705566406 -173.9425576757221
2017.66259765625 -176.434478759766 -176.1381194807529
2017.695434570312 -175.069869995117 -178.32215128285375
2017.728271484375 -178.484573364258 -180.4928274084201
2017.761108398438 -183.916809082031 -182.6439892926918
2017.7939453125 -185.582046508789 -184.76960539114177
2017.826782226562 -186.542572021484 -186.8625986747459
2017.859741210938 -189.73664855957 -188.9252728489138
2017.892578125 -190.808776855469 -190.94617602286345
2017.925415039062 -193.49430847168 -192.93998117084266
2017.958251953125 -195.02180480957 -194.90190889554964
2017.991088867188 -197.334869384766 -196.82299250834296
2018.024658203125 -199.077178955078 -198.74535873959906
2018.057495117188 -201.118133544922 -200.5962260541054
2018.09033203125 -202.81982421875 -202.4382377042382
2018.123168945312 -204.899871826172 -204.29326001798927
2018.156005859375 -205.429840087891 -206.16778602939655
2018.18896484375 -207.711502075195 -208.07176446464308
2018.221801757812 -209.070053100586 -209.99244251622028
2018.254638671875 -211.720184326172 -211.9291160144086
2018.287475585938 -212.683197021484 -213.8807307613115
2018.3203125 -215.230911254883 -215.8538412441701
2018.353149414062 -215.052383422852 -217.86968705663344
2018.385986328125 -220.672790527344 -219.9448651964166
2018.4189453125 -223.053863525391 -222.09144846991416
2018.451782226562 -223.36767578125 -224.29521234973492
2018.484619140625 -226.47819519043 -226.5607312583308
2018.517456054688 -228.663665771484 -228.88023806195352
2018.55029296875 -229.515289306641 -231.24387634534293
2018.583129882812 -232.174530029297 -233.6360375886595
2018.615966796875 -234.609359741211 -236.03647522600113
2018.64892578125 -239.527572631836 -238.4338445499649
2018.681762695312 -242.141738891602 -240.8028715204848
2018.714599609375 -239.245986938477 -243.15484471270545
2018.747436523438 -245.411514282227 -245.50112957355563
2018.7802734375 -248.763076782227 -247.84763274650174
2018.813110351562 -251.404632568359 -250.1597876486097
2018.845947265625 -254.647338867188 -252.48313941129638
2018.87890625 -255.027267456055 -254.7334811925586
2018.911743164062 -257.248504638672 -256.8226054668599
2018.944580078125 -258.686370849609 -258.8720674434616
2018.977416992188 -260.859558105469 -260.86229319243967
2019.010986328125 -262.818176269531 -262.81363941667036
2019.043823242188 -265.118499755859 -264.68210975283256
2019.109497070312 -268.454406738281 -268.36585419445424
2019.1259765625 -269.530029296875 -269.30362397450307
2019.142333984375 -270.348022460938 -270.21400043630587
2019.175170898438 -272.348083496094 -272.0318593498993
2019.191650390625 -272.931976318359 -272.92977374315336
2019.208129882812 -273.725433349609 -273.82502958649263
2019.224487304688 -274.507263183594 -274.7076324730404
2019.240966796875 -275.845581054688 -275.59729644567466
2019.25732421875 -275.366058349609 -276.4730090574733
2019.273803710938 -277.316589355469 -277.3551765719412
2019.290161132812 -278.307861328125 -278.22823136689334
2019.306640625 -279.204620361328 -279.0877466025134
2019.323120117188 -280.040069580078 -279.9284534627225
2019.339477539062 -281.596862792969 -280.7379506612042
2019.35595703125 -281.897369384766 -281.52149567887255
2019.372314453125 -284.050048828125 -282.2668272343188
2019.388793945312 -283.364135742188 -282.9967476624147
2019.405151367188 -283.023101806641 -283.7004723126787
2019.421630859375 -284.299987792969 -284.4512163645653
2019.438110351562 -287.239837646484 -285.2062703536525
2019.454467773438 -285.920074462891 -285.9740532125178
2019.470947265625 -284.150634765625 -286.79114991756836
2019.4873046875 -286.451202392578 -287.6522047802542
2019.503784179688 -286.574462890625 -288.6069064197544
2019.520141601562 -286.363800048828 -289.4729440698383
2019.53662109375 -291.703338623047 -290.357536790905
2019.569458007812 -294.271911621094 -292.15068894802243
2019.602294921875 -288.304443359375 -294.0044077382061
2019.618774414062 -293.760375976562 -294.9547060653867
2019.635131835938 -297.5625 -295.92211055041537
2019.651611328125 -298.974365234375 -296.9095174222828
2019.668090820312 -295.365295410156 -297.9078732480463
2019.71728515625 -300.978546142578 -300.8272707792561
2019.733764648438 -301.0634765625 -301.77506211213756
2019.750122070312 -302.048797607422 -302.6888110514499
2019.7666015625 -304.089019775391 -303.6033786854021
2019.799438476562 -305.760833740234 -305.35763913633787
2019.832275390625 -309.280090332031 -307.06962776575773
2019.865112304688 -309.459381103516 -308.7225453638644
2019.898071289062 -310.460815429688 -310.31818309797984
2019.930908203125 -312.861022949219 -311.8312463641618
2019.963745117188 -314.109191894531 -313.22963280849024
2019.99658203125 -315.007843017578 -314.5965759484869
2020.030151367188 -316.479858398438 -316.04138444455026
2020.06298828125 -317.299896240234 -317.2869949982634
2020.095825195312 -318.205261230469 -318.5209196826954
2020.128662109375 -319.976745605469 -319.75090280504077
2020.161499023438 -320.951019287109 -320.99363965841894
2020.177978515625 -321.374084472656 -321.6449095727815
2020.1943359375 -322.355102539062 -322.25803194070437
2020.227294921875 -322.746978759766 -323.5891030300823
2020.260131835938 -320.564178466797 -325.0226331402479
2020.29296875 -325.336456298828 -326.4908009298781
2020.325805664062 -327.223083496094 -328.052250951366
2020.358642578125 -328.824584960938 -329.82312418981974
2020.391479492188 -330.824981689453 -331.65475640617586
2020.42431640625 -331.550750732422 -333.55021607740247
2020.457275390625 -332.933044433594 -335.5933702695631
2020.490112304688 -337.422760009766 -337.7737677187019
2020.52294921875 -340.560272216797 -339.9871061678675
2020.555786132812 -343.025177001953 -342.18048039509
2020.572265625 -340.19677734375 -343.23091031138387
2020.588623046875 -344.245178222656 -344.24598086409156
2020.605102539062 -347.26025390625 -345.3537379917158
2020.621459960938 -348.796569824219 -346.3333295524046
2020.654296875 -349.536071777344 -348.33700835032516
2020.687255859375 -352.691711425781 -350.216215699724
2020.70361328125 -352.7529296875 -351.1640516114359
2020.720092773438 -352.564849853516 -351.91880915478805
2020.7529296875 -353.315063476562 -353.4931242439874
2020.785766601562 -355.830017089844 -354.9797556177051
2020.818603515625 -357.1259765625 -356.40142662339514
2020.851440429688 -358.513214111328 -357.7644123214407
2020.917236328125 -360.001129150391 -360.34018728490673
2020.950073242188 -361.043853759766 -361.6112339375927
2020.98291015625 -362.861907958984 -362.90110906326237
2021.013671875 -363.585693359375 -364.0957792895173
2021.046508789062 -365.308929443359 -365.4250904818341
2021.079345703125 -366.642150878906 -366.8671624812702
2021.1123046875 -367.645172119141 -368.3429535325919
2021.145141601562 -369.110412597656 -369.8748991482624
2021.177978515625 -370.661804199219 -371.451731893445
2021.210815429688 -372.316619873047 -373.0544250923028
2021.24365234375 -374.073760986328 -374.6318117148084
2021.276489257812 -374.623474121094 -376.2876222971701
2021.309326171875 -378.51904296875 -377.95981898479147
2021.34228515625 -381.2412109375 -379.64518951672557
2021.358642578125 -381.807739257812 -380.45998983950767
2021.391479492188 -382.583740234375 -382.11098454060874
2021.407958984375 -382.30029296875 -382.90626162013973
2021.440795898438 -385.045562744141 -384.50805262790516
2021.4736328125 -385.99365234375 -386.01062233414154
2021.506469726562 -392.214904785156 -387.3682911432904
2021.539306640625 -391.800537109375 -388.6104448832884
2021.572265625 -389.158569335938 -389.7049961516196
2021.605102539062 -396.654968261719 -390.93178229386115
2021.637939453125 -394.59814453125 -392.12739878891745
2021.670776367188 -394.94677734375 -393.2848821406917
2021.736450195312 -402.170928955078 -395.3603342691715
2021.769287109375 -395.795013427734 -396.38868863969014
2021.80224609375 -397.681610107422 -397.31176517204176
2021.835083007812 -397.891998291016 -398.238049518617
2021.867919921875 -401.450073242188 -399.08564472504634
2021.966430664062 -402.315704345703 -401.53499189275
2022.0 -402.417053222656 -402.34012477701623
2022.065673828125 -402.889373779297 -403.9250027407304
2022.098510742188 -403.855346679688 -404.7222738398075
2022.197143554688 -407.593170166016 -407.1913190137118
2022.22998046875 -410.409240722656 -408.0380290380257
2022.262817382812 -407.2548828125 -408.89782079342143
2022.295654296875 -408.016998291016 -409.76733409031436
2022.328491210938 -410.621643066406 -410.6430602699883
2022.394287109375 -411.84912109375 -412.3890488106889
2022.558471679688 -419.172058105469 -416.6997097636299
2022.591430664062 -423.620422363281 -417.5854901969831
2022.68994140625 -418.972259521484 -420.3068506788404
2022.722778320312 -422.378997802734 -421.22824656338133
2022.821411132812 -423.963226318359 -423.7687781216081
2022.854248046875 -424.608642578125 -424.5725580661476
2022.887084960938 -425.452575683594 -425.38733343484074
2022.919921875 -425.348907470703 -426.20422085995324
2022.952758789062 -426.644744873047 -427.0455487904466
2022.985595703125 -427.52734375 -427.93614875707937
2023.019165039062 -428.82666015625 -428.86927915724345
2023.052001953125 -429.276763916016 -429.7603210140691
2023.084838867188 -430.730133056641 -430.7194080410598
2023.11767578125 -431.547729492188 -431.7313544226549
2023.150634765625 -432.062652587891 -432.72310482753886
2023.183471679688 -433.491333007812 -433.74346648458976
2023.21630859375 -434.248657226562 -434.78067802095745
2023.249145507812 -435.569488525391 -435.83027303003695
2023.281982421875 -436.844024658203 -436.887031912698
2023.314819335938 -439.653015136719 -437.9482839568661
2023.34765625 -438.779846191406 -439.01265796253233
2023.380615234375 -439.370788574219 -440.08309661660314
2023.413452148438 -442.004333496094 -441.15114809084275
2023.4462890625 -441.015625 -442.2206640097691
2023.57763671875 -447.398071289062 -446.5152779703701
