2014.804931640625  1.5605957271745536
2014.837768554688  0.841443355550364
2014.903442382812  -0.5972770335537849
2014.96923828125  -2.038900679563172
2015.03564453125  -3.49383777623227
2015.101318359375  -4.932402767157622
2015.265625  -8.52842472703158
2015.331298828125  -9.963635688583668
2015.39697265625  -11.397019046755084
2016.021850585938  -25.619487369330905
2016.1533203125  -28.747991564319065
2016.350463867188  -32.17388700280203
2016.416137695312  -33.267079355625924
2016.547607421875  -35.4630504361163
2016.744750976562  -38.64588128440938
2016.777587890625  -39.160439061123824
2016.810424804688  -39.670036717369065
2016.84326171875  -40.23578385504094
2016.876098632812  -40.908804381165815
2016.908935546875  -41.617676727820815
2016.941772460938  -42.334466825870955
2016.974731445312  -43.05513094504544
2017.005493164062  -43.73395649931998
2017.038330078125  -44.45372860806591
2017.071166992188  -45.17177084574516
2017.10400390625  -45.90609171150808
2017.136840820312  -46.65513648551936
2017.169799804688  -47.41752716955499
2017.20263671875  -48.17942772075978
2017.235473632812  -48.93339655960301
2017.268310546875  -49.67935769144175
2017.301147460938  -50.42239340827407
2017.333984375  -51.15916680990912
2017.366821289062  -51.88542233430048
2017.399780273438  -52.60712091055395
2017.4326171875  -53.32027683567905
2017.498291015625  -54.725034128384316
2017.531127929688  -55.4149832608274
2017.56396484375  -56.09983740005218
2017.596801757812  -56.784053191007466
2017.629760742188  -57.47169135853024
2017.66259765625  -58.16433635891131
2017.695434570312  -58.86915354221157
2017.728271484375  -59.59129215323994
2017.761108398438  -60.32795446962875
2017.7939453125  -61.070638857660384
2017.826782226562  -61.8102238982411
2017.859741210938  -62.550353686871766
2017.892578125  -63.29511689110643
2017.925415039062  -64.05119559899167
2017.958251953125  -64.81646997184944
2017.991088867188  -65.59015413305106
2018.024658203125  -66.39803241319595
2018.057495117188  -67.2159674602416
2018.09033203125  -68.06517358341507
2018.123168945312  -68.94400251737595
2018.156005859375  -69.84611253217982
2018.18896484375  -70.77640579036056
2018.221801757812  -71.73215864168846
2018.254638671875  -72.71687115204878
2018.287475585938  -73.7316478904518
2018.3203125  -74.777686201444
2018.353149414062  -75.85302025872653
2018.385986328125  -76.9443321156413
2018.4189453125  -78.03702753856254
2018.451782226562  -79.10310609605864
2018.484619140625  -80.13334998007836
2018.517456054688  -81.12356888950718
2018.55029296875  -82.07685231626816
2018.583129882812  -82.9930411824242
2018.615966796875  -83.871162194646
2018.64892578125  -84.71445584078117
2018.681762695312  -85.51872535815517
2018.714599609375  -86.28591767289258
2018.747436523438  -87.01240732507199
2018.7802734375  -87.70086874808261
2018.813110351562  -88.35696124162226
2018.845947265625  -88.99705339642647
2018.87890625  -89.63108333875768
2018.911743164062  -90.28269451393443
2018.944580078125  -90.93206160591446
2018.977416992188  -91.58848779959077
2019.010986328125  -92.29438955111726
2019.043823242188  -92.98431586161468
2019.109497070312  -94.44894017229026
2019.1259765625  -94.82375102823949
2019.142333984375  -95.21612819392824
2019.175170898438  -96.01821386460148
2019.191650390625  -96.43137123344138
2019.208129882812  -96.8429194851793
2019.224487304688  -97.24896793701741
2019.240966796875  -97.65021422089204
2019.25732421875  -98.03934543806363
2019.273803710938  -98.44100262436396
2019.290161132812  -98.84675036019995
2019.306640625  -99.21815284341487
2019.323120117188  -99.57095069893766
2019.339477539062  -99.90800708283783
2019.35595703125  -100.23311632986785
2019.372314453125  -100.54313817177335
2019.388793945312  -100.84427729568765
2019.405151367188  -101.12211341546212
2019.421630859375  -101.4081395012698
2019.438110351562  -101.68666621824153
2019.454467773438  -101.96021842733138
2019.470947265625  -102.23511388127095
2019.4873046875  -102.50409311623885
2019.503784179688  -102.76283889554098
2019.520141601562  -103.01933139534404
2019.53662109375  -103.27614701252664
2019.569458007812  -103.80091508337803
2019.602294921875  -104.40002588178189
2019.618774414062  -104.70475403979019
2019.635131835938  -105.00770237895942
2019.651611328125  -105.32688617543864
2019.668090820312  -105.63029717341645
2019.71728515625  -106.55873774535414
2019.733764648438  -106.87055675497903
2019.750122070312  -107.19339810983661
2019.7666015625  -107.51103390720169
2019.799438476562  -108.14995257833876
2019.832275390625  -108.78714313374036
2019.865112304688  -109.41937321911315
2019.898071289062  -110.04420439766038
2019.930908203125  -110.64692969355143
2019.963745117188  -111.22531386918615
2019.99658203125  -111.7880707562274
2020.030151367188  -112.36672440909513
2020.06298828125  -112.8923096875176
2020.095825195312  -113.41053663773673
2020.128662109375  -113.9087889801727
2020.161499023438  -114.3842266498226
2020.177978515625  -114.59723228799402
2020.1943359375  -114.83458292448196
2020.227294921875  -115.25819784476691
2020.260131835938  -115.6594044430366
2020.29296875  -116.05451000841084
2020.325805664062  -116.4312051875246
2020.358642578125  -116.81283578717162
2020.391479492188  -117.20268810921155
2020.42431640625  -117.58046385039258
2020.457275390625  -117.92960537849456
2020.490112304688  -118.24398234935515
2020.52294921875  -118.53324010922752
2020.555786132812  -118.8061281650113
2020.572265625  -118.92282493726537
2020.588623046875  -119.04022526152082
2020.605102539062  -119.18748106657503
2020.621459960938  -119.30435656652975
2020.654296875  -119.56334801900789
2020.687255859375  -119.80713850192534
2020.70361328125  -119.9207748135057
2020.720092773438  -120.02702899530193
2020.7529296875  -120.22707754420091
2020.785766601562  -120.4129207197202
2020.818603515625  -120.59579865401436
2020.851440429688  -120.78703747383504
2020.917236328125  -121.21943627931702
2020.950073242188  -121.45572461747288
2020.98291015625  -121.68667625753027
2021.013671875  -121.90151106687141
2021.046508789062  -122.10775970481924
2021.079345703125  -122.29771586605217
2021.1123046875  -122.4877613188446
2021.145141601562  -122.67481643324658
2021.177978515625  -122.85935968480723
2021.210815429688  -123.04480637238811
2021.24365234375  -123.24410317299154
2021.276489257812  -123.424231377212
2021.309326171875  -123.59337700559425
2021.34228515625  -123.75582079968144
2021.358642578125  -123.8391554822268
2021.391479492188  -124.00961009117066
2021.407958984375  -124.10615611693063
2021.440795898438  -124.28845972545193
2021.4736328125  -124.47573881133502
2021.506469726562  -124.66770754648242
2021.539306640625  -124.8695241317771
2021.572265625  -125.10427282643475
2021.605102539062  -125.33250070801967
2021.637939453125  -125.57697275920766
2021.670776367188  -125.84352331232793
2021.736450195312  -126.47488909812571
2021.769287109375  -126.7941600652347
2021.80224609375  -127.14202164951887
2021.835083007812  -127.49786549900752
2021.867919921875  -127.91225688226564
2021.966430664062  -129.2684298943838
2022.0  -129.78075617081632
2022.065673828125  -130.737679454052
2022.098510742188  -131.24037545484165
2022.197143554688  -132.63383590853584
2022.22998046875  -133.0524940734183
2022.262817382812  -133.44437932689846
2022.295654296875  -133.80218964354663
2022.328491210938  -134.1203230351816
2022.394287109375  -134.68867398233965
2022.558471679688  -136.1200029632636
2022.591430664062  -136.41061397469508
2022.68994140625  -137.15982457068415
2022.722778320312  -137.4028229697196
2022.821411132812  -137.94589717762793
2022.854248046875  -138.09291541702243
2022.887084960938  -138.22901658255412
2022.919921875  -138.36808377337033
2022.952758789062  -138.48369762617202
2022.985595703125  -138.57432047537944
2023.019165039062  -138.66825650894714
2023.052001953125  -138.75541508258056
2023.084838867188  -138.86079939489622
2023.11767578125  -139.00457766124566
2023.150634765625  -139.14447607846878
2023.183471679688  -139.3208212400427
2023.21630859375  -139.51361572614854
2023.249145507812  -139.71692043241643
2023.281982421875  -139.9256658987608
2023.314819335938  -140.13750102251169
2023.34765625  -140.35180878884512
2023.380615234375  -140.56975061530744
2023.413452148438  -140.79035904556443
2023.4462890625  -141.01492269247478
2023.57763671875  -141.95728871342675
