2014.804931640625 -0.0 13.650291581574745
2014.837768554688 -9.642766952515 12.422512284747288
2014.903442382812 5.202072620392 9.95614779467842
2014.96923828125 9.300149917603 7.470935846411965
2015.03564453125 31.366041183472 4.949693865528389
2015.101318359375 15.455001831055 2.444957532795302
2015.265625 26.366283416748 -3.862031532946766
2015.331298828125 -28.412389755249 -6.396277741220245
2015.39697265625 -7.224724769592 -8.935748810252491
2016.021850585938 -19.972927093506 -32.99571770955428
2016.1533203125 -35.217342376709 -39.10058162892472
2016.350463867188 -83.33959197998 -47.95371091027776
2016.416137695312 -55.857044219971 -49.601841999253054
2016.547607421875 -59.923454284668 -53.4507188878456
2016.744750976562 -70.350967407227 -57.725174041847865
2016.777587890625 -69.53190612793 -57.61702413017163
2016.810424804688 -56.694595336914 -57.53995909754153
2016.84326171875 -55.957767486572 -57.39697600805843
2016.876098632812 -56.76831817627 -56.9300129997433
2016.908935546875 -56.992774963379 -56.465429696816074
2016.941772460938 -54.868167877197 -56.07185787682398
2016.974731445312 -53.799030303955 -55.72323995936403
2017.005493164062 -53.884159088135 -55.7001372684777
2017.038330078125 -53.552055358887 -55.578514799987595
2017.071166992188 -52.654502868652 -55.55045232388706
2017.10400390625 -49.198047637939 -56.1322450482808
2017.136840820312 -53.894542694092 -57.01053444453066
2017.169799804688 -54.221069335938 -58.04065576221942
2017.20263671875 -57.812755584717 -59.26399066567112
2017.235473632812 -56.679412841797 -60.75108528405902
2017.268310546875 -59.403587341309 -62.58788419427358
2017.301147460938 -68.820663452148 -64.78898854762875
2017.333984375 -61.011604309082 -67.24260185729763
2017.366821289062 -71.372688293457 -69.76496127865607
2017.399780273438 -72.938697814941 -72.23743391583922
2017.4326171875 -71.941276550293 -74.56185419370068
2017.498291015625 -95.307456970215 -78.62564850307469
2017.531127929688 -93.036293029785 -80.38205776389255
2017.56396484375 -89.738548278809 -81.98885814525073
2017.596801757812 -87.568481445312 -83.45699581176049
2017.629760742188 -89.152351379395 -84.78948214045691
2017.66259765625 -90.174652099609 -85.87586234083791
2017.695434570312 -90.521156311035 -86.5218001239758
2017.728271484375 -88.47046661377 -86.49508913257284
2017.761108398438 -84.302200317383 -85.83784259293026
2017.7939453125 -84.470771789551 -84.8386856488087
2017.826782226562 -84.850997924805 -83.75152770099736
2017.859741210938 -85.099998474121 -82.6465712803962
2017.892578125 -81.744163513184 -81.55925328613613
2017.925415039062 -81.050407409668 -80.4880914931007
2017.958251953125 -79.25358581543 -79.44308530198354
2017.991088867188 -77.03483581543 -78.46740392345086
2018.024658203125 -73.195663452148 -77.57448836072051
2018.057495117188 -73.970825195312 -76.84795821915404
2018.09033203125 -75.455459594727 -76.33874454578726
2018.123168945312 -75.619789123535 -76.13516200880379
2018.156005859375 -70.416519165039 -76.28439884548617
2018.18896484375 -79.559158325195 -76.79396773634204
2018.221801757812 -69.748657226562 -77.65488753108072
2018.254638671875 -70.356071472168 -78.8302468378632
2018.287475585938 -76.838516235352 -80.28413209420303
2018.3203125 -73.882362365723 -82.01320953562133
2018.353149414062 -79.01781463623 -84.03769361225127
2018.385986328125 -83.078582763672 -86.35245479395786
2018.4189453125 -89.50740814209 -88.9324079084922
2018.451782226562 -89.867500305176 -91.65369188586503
2018.484619140625 -94.551544189453 -94.39402732889026
2018.517456054688 -104.242950439453 -97.07963324669879
2018.55029296875 -98.664978027344 -99.64633173546272
2018.583129882812 -114.697868347168 -102.02191782627185
2018.615966796875 -115.022193908691 -104.18227831116056
2018.64892578125 -114.365814208984 -106.09749457140246
2018.681762695312 -110.195251464844 -107.73508799524923
2018.714599609375 -113.23120880127 -109.07761092970104
2018.747436523438 -113.247802734375 -110.07332284581665
2018.7802734375 -109.434867858887 -110.70331978651188
2018.813110351562 -117.250595092773 -110.83601763295461
2018.845947265625 -110.833274841309 -110.68525998261713
2018.87890625 -113.626518249512 -110.12048582983554
2018.911743164062 -113.08504486084 -109.36254377392285
2018.944580078125 -107.015480041504 -108.63837138474341
2018.977416992188 -107.95866394043 -107.81996723387759
2019.010986328125 -106.056198120117 -106.85993855081718
2019.043823242188 -102.011665344238 -105.79200063245077
2019.109497070312 -103.703094482422 -103.6093407926449
2019.1259765625 -102.736793518066 -103.08859355282522
2019.142333984375 -107.751991271973 -102.68593355935776
2019.175170898438 -97.563819885254 -101.96849379727115
2019.191650390625 -101.497772216797 -101.67051019050596
2019.208129882812 -102.810661315918 -101.40702233339746
2019.224487304688 -100.394546508789 -101.13881207236155
2019.240966796875 -101.798309326172 -100.91103413977231
2019.25732421875 -98.631637573242 -100.73352211426932
2019.273803710938 -98.709526062012 -100.48472254599076
2019.290161132812 -98.740882873535 -100.29226634231956
2019.306640625 -99.327629089355 -100.36102407093631
2019.323120117188 -100.688819885254 -100.57699746119462
2019.339477539062 -102.310493469238 -100.91827890573501
2019.35595703125 -98.543365478516 -101.37943886075573
2019.372314453125 -100.318336486816 -101.93958305230952
2019.388793945312 -99.866264343262 -102.60197397202347
2019.405151367188 -101.25106048584 -103.4960285843156
2019.421630859375 -101.089393615723 -104.34910689507582
2019.438110351562 -107.431602478027 -105.32108087932941
2019.454467773438 -104.903602600098 -106.405117752144
2019.470947265625 -110.340682983398 -107.60217297953217
2019.4873046875 -110.491439819336 -108.84990310034316
2019.503784179688 -107.210868835449 -110.03458585461328
2019.520141601562 -105.114395141602 -111.17455118572052
2019.53662109375 -114.402084350586 -112.2709078662599
2019.569458007812 -119.13289642334 -114.21078553020646
2019.602294921875 -128.075103759766 -115.7628956439526
2019.618774414062 -115.734809875488 -116.58918100223059
2019.635131835938 -121.881767272949 -117.37055238786878
2019.651611328125 -121.937446594238 -117.9402925988697
2019.668090820312 -112.976982116699 -118.63720949234812
2019.71728515625 -119.820259094238 -120.13788934550348
2019.733764648438 -121.174728393555 -120.52011950271839
2019.750122070312 -122.557006835938 -120.6814420964747
2019.7666015625 -122.850219726562 -120.89738638731629
2019.799438476562 -120.199462890625 -121.0379242250706
2019.832275390625 -122.304504394531 -121.12396006082139
2019.865112304688 -123.62321472168 -121.15564130698935
2019.898071289062 -122.527740478516 -121.15952444360227
2019.930908203125 -121.819755554199 -121.12201915803989
2019.963745117188 -118.806076049805 -121.07117341831793
2019.99658203125 -120.425064086914 -121.05530389690196
2020.030151367188 -119.554191589355 -120.9792371189434
2020.06298828125 -120.430519104004 -121.08145964690583
2020.095825195312 -120.01294708252 -121.22936918403529
2020.128662109375 -121.708908081055 -121.49058886348564
2020.161499023438 -119.115570068359 -121.87893603301315
2020.177978515625 -121.664840698242 -122.19983409890042
2020.1943359375 -121.32054901123 -122.39900877334708
2020.227294921875 -122.224678039551 -123.04142869228119
2020.260131835938 -123.408782958984 -123.7464128675917
2020.29296875 -123.860740661621 -124.47609432408956
2020.325805664062 -127.797744750977 -125.2765235395459
2020.358642578125 -125.91438293457 -126.15705470510643
2020.391479492188 -127.073638916016 -127.08987939721706
2020.42431640625 -125.156677246094 -128.01903852233536
2020.457275390625 -130.662902832031 -128.86031917418742
2020.490112304688 -132.9365234375 -129.6037455417568
2020.52294921875 -125.56485748291 -130.2453301174445
2020.555786132812 -126.620506286621 -130.7535412827975
2020.572265625 -139.446228027344 -130.8111637236202
2020.588623046875 -138.198150634766 -130.77256299044765
2020.605102539062 -133.159606933594 -130.98470855030615
2020.621459960938 -132.380981445312 -130.82572744979998
2020.654296875 -134.18424987793 -130.66151426392562
2020.687255859375 -127.324478149414 -130.27806937401786
2020.70361328125 -131.336883544922 -130.080024297307
2020.720092773438 -137.766845703125 -129.68051880874938
2020.7529296875 -130.027679443359 -128.90786853200638
2020.785766601562 -129.71354675293 -127.95715111667042
2020.818603515625 -123.476722717285 -126.84203019703068
2020.851440429688 -120.234710693359 -125.61575873772512
2020.917236328125 -127.883186340332 -123.24161114329046
2020.950073242188 -124.537040710449 -122.20156109390227
2020.98291015625 -123.241500854492 -121.2140600537834
2021.013671875 -115.828598022461 -120.2481701377728
2021.046508789062 -114.874504089355 -119.44769081972285
2021.079345703125 -115.465469360352 -119.00371424790117
2021.1123046875 -116.300491333008 -118.64897768602894
2021.145141601562 -120.405433654785 -118.44651532045482
2021.177978515625 -119.136566162109 -118.37450902947798
2021.210815429688 -110.824073791504 -118.45121210373222
2021.24365234375 -112.240798950195 -118.43448733104276
2021.276489257812 -115.811447143555 -118.97518856787667
2021.309326171875 -122.21800994873 -119.73150160356597
2021.34228515625 -118.675788879395 -120.67688032466413
2021.358642578125 -124.319755554199 -121.3104131196842
2021.391479492188 -123.607849121094 -122.43733395265365
2021.407958984375 -118.982780456543 -123.06602977353236
2021.440795898438 -119.369468688965 -124.14312569296783
2021.4736328125 -124.12678527832 -124.97622061775044
2021.506469726562 -129.623794555664 -125.44548626953181
2021.539306640625 -135.866943359375 -125.62724553682811
2021.572265625 -132.347534179688 -125.26661397019105
2021.605102539062 -136.006637573242 -125.38773207895424
2021.637939453125 -126.988388061523 -125.47430579030735
2021.670776367188 -135.190093994141 -125.50959956475923
2021.736450195312 -117.893615722656 -125.1291740837901
2021.769287109375 -123.207092285156 -124.81419720645901
2021.80224609375 -122.134704589844 -124.28293265489255
2021.835083007812 -124.130073547363 -123.66891876529856
2021.867919921875 -122.479209899902 -123.02674894070243
2021.966430664062 -123.516494750977 -121.14660750205105
2022.0 -103.083801269531 -120.68489818148332
2022.065673828125 -126.13045501709 -119.76849624860331
2022.098510742188 -110.61873626709 -119.67023837504169
2022.197143554688 -113.554092407227 -119.85196327305248
2022.22998046875 -120.948532104492 -119.96194708021369
2022.262817382812 -104.151100158691 -120.14314273488839
2022.295654296875 -111.337341308594 -120.49424913773498
2022.328491210938 -114.880661010742 -121.17610945277411
2022.394287109375 -120.532524108887 -123.47083862642098
2022.558471679688 -135.506271362305 -129.5102776049681
2022.591430664062 -118.487686157227 -130.83027718534905
2022.68994140625 -164.655090332031 -135.253523689365
2022.722778320312 -155.145690917969 -136.92050347175075
2022.821411132812 -138.357986450195 -141.22006789488435
2022.854248046875 -147.761428833008 -142.03190201525058
2022.887084960938 -144.434432983398 -142.52163568225018
2022.919921875 -151.191680908203 -143.1195430633479
2022.952758789062 -147.338653564453 -143.43372528324994
2022.985595703125 -142.788879394531 -143.21695308046938
2023.019165039062 -140.919082641602 -143.0277626894021
2023.052001953125 -138.003921508789 -142.83863457502358
2023.084838867188 -140.107177734375 -142.8302200097779
2023.11767578125 -142.982757568359 -143.11819420347064
2023.150634765625 -142.092758178711 -143.29222440487248
2023.183471679688 -142.104248046875 -143.68013500522096
2023.21630859375 -132.817230224609 -144.07654911901145
2023.249145507812 -136.336135864258 -144.48521200023873
2023.281982421875 -143.319747924805 -144.910751317492
2023.314819335938 -148.39372253418 -145.35845868719286
2023.34765625 -143.833374023438 -145.8327051831423
2023.380615234375 -153.025497436523 -146.3376430753128
2023.413452148438 -142.207000732422 -146.87097477049426
2023.4462890625 -154.305938720703 -147.43350044359983
2023.57763671875 -185.542282104492 -149.9393611967224
