2014.804931640625 -0.0 -9.892041255380416
2014.837768554688 -24.668050765991 -11.052147075843925
2014.903442382812 -14.1344165802 -13.362146789952297
2014.96923828125 -15.843837738037 -15.663074545117563
2015.03564453125 6.824051380157 -17.971929766206035
2015.101318359375 -30.282489776611 -20.24217857656019
2015.265625 17.749408721924 -25.86466492429652
2015.331298828125 -42.794387817383 -28.088571511741804
2015.39697265625 -67.672515869141 -30.29981415514937
2016.021850585938 -20.800045013428 -64.02893870915727
2016.1533203125 -63.750904083252 -62.93757992785497
2016.350463867188 -78.977760314941 -61.192258960645084
2016.416137695312 -64.888900756836 -60.9272538001448
2016.547607421875 -54.442024230957 -60.32044858564732
2016.744750976562 -63.154247283936 -59.23782768752119
2016.777587890625 -54.032260894775 -59.35104736964708
2016.810424804688 -55.796875 -59.47420224037959
2016.84326171875 -57.565292358398 -59.73635873256235
2016.876098632812 -62.788032531738 -60.35671704589831
2016.908935546875 -60.970081329346 -61.095028831749254
2016.941772460938 -62.154834747314 -61.8308457806127
2016.974731445312 -60.899585723877 -62.61260486774542
2017.005493164062 -62.869976043701 -63.34915599505741
2017.038330078125 -64.075050354004 -64.14726152465822
2017.071166992188 -64.910415649414 -64.97653369610343
2017.10400390625 -65.973678588867 -65.80167484039987
2017.136840820312 -68.224510192871 -66.6865040952051
2017.169799804688 -69.967765808105 -67.64844370755743
2017.20263671875 -70.181327819824 -68.70497006518019
2017.235473632812 -66.982406616211 -69.83740004186764
2017.268310546875 -66.222038269043 -71.01347658357369
2017.301147460938 -69.5966796875 -72.18866624339529
2017.333984375 -67.14714050293 -73.33743916699065
2017.366821289062 -75.050651550293 -74.44901710865108
2017.399780273438 -78.500503540039 -75.54663166409375
2017.4326171875 -80.475845336914 -76.6356926648196
2017.498291015625 -85.960632324219 -78.83197237055967
2017.531127929688 -74.633758544922 -79.92338558739242
2017.56396484375 -89.030899047852 -80.95693249362986
2017.596801757812 -80.032707214355 -81.86920573339616
2017.629760742188 -84.997421264648 -82.626687769887
2017.66259765625 -82.631103515625 -83.22092409415046
2017.695434570312 -86.532981872559 -83.68961823250302
2017.728271484375 -83.181701660156 -84.08354068535745
2017.761108398438 -84.840034484863 -84.44628133141994
2017.7939453125 -81.969718933105 -84.8011715266837
2017.826782226562 -86.84349822998 -85.15392259184931
2017.859741210938 -87.081916809082 -85.49990524232527
2017.892578125 -84.371063232422 -85.84237412370578
2017.925415039062 -85.655746459961 -86.2039171786478
2017.958251953125 -86.814323425293 -86.59346349719117
2017.991088867188 -86.569862365723 -87.04725224661287
2018.024658203125 -86.732627868652 -87.61759250200191
2018.057495117188 -87.41788482666 -88.3048258834739
2018.09033203125 -88.893394470215 -89.12934221175182
2018.123168945312 -89.103225708008 -90.13888046767502
2018.156005859375 -86.185661315918 -91.37055447484958
2018.18896484375 -92.105941772461 -92.83650916167396
2018.221801757812 -90.010963439941 -94.5524360093703
2018.254638671875 -91.495674133301 -96.54660645254393
2018.287475585938 -96.280364990234 -98.86018557980637
2018.3203125 -99.360305786133 -101.50012250749296
2018.353149414062 -100.774566650391 -104.43210963706355
2018.385986328125 -101.764739990234 -107.59890273025059
2018.4189453125 -110.097862243652 -110.97316667229069
2018.451782226562 -113.575897216797 -114.49945713638743
2018.484619140625 -111.840972900391 -118.13949294039357
2018.517456054688 -123.229568481445 -121.87194396266925
2018.55029296875 -132.779067993164 -125.69628338237825
2018.583129882812 -132.220550537109 -129.57256149769793
2018.615966796875 -139.496215820312 -133.44750466225346
2018.64892578125 -134.199462890625 -137.2720818612162
2018.681762695312 -138.626068115234 -140.96514303594103
2018.714599609375 -143.885879516602 -144.5060309252453
2018.747436523438 -153.127319335938 -147.88952359047826
2018.7802734375 -146.606628417969 -151.14157365381217
2018.813110351562 -165.391952514648 -154.21735522264413
2018.845947265625 -162.586517333984 -157.2387960717679
2018.87890625 -162.288314819336 -160.24751607318166
2018.911743164062 -164.967758178711 -163.0535817723174
2018.944580078125 -164.975143432617 -165.9198048591474
2018.977416992188 -169.803848266602 -168.5162560176497
2019.010986328125 -170.862869262695 -170.80871499344158
2019.043823242188 -173.598999023438 -172.91466490870224
2019.109497070312 -176.721343994141 -176.8990159559946
2019.1259765625 -178.083389282227 -177.92891685913983
2019.142333984375 -178.271545410156 -178.89740167035075
2019.175170898438 -181.846893310547 -180.7963153716325
2019.191650390625 -181.342407226562 -181.7050396916933
2019.208129882812 -185.593597412109 -182.60383845954925
2019.224487304688 -183.479629516602 -183.50153318806937
2019.240966796875 -182.698165893555 -184.3989664272497
2019.25732421875 -185.57829284668 -185.32537142706755
2019.273803710938 -186.070648193359 -186.23653014255507
2019.290161132812 -186.791137695312 -187.1249073022042
2019.306640625 -189.088256835938 -188.17748807519368
2019.323120117188 -186.874069213867 -189.36221717556543
2019.339477539062 -189.452819824219 -190.6686801727915
2019.35595703125 -190.310592651367 -192.08727774333022
2019.372314453125 -190.183731079102 -193.55631604962426
2019.388793945312 -193.044952392578 -195.09815585743848
2019.405151367188 -194.240982055664 -196.77344854380345
2019.421630859375 -198.773529052734 -198.39712558987193
2019.438110351562 -208.98225402832 -200.08748907850872
2019.454467773438 -201.44596862793 -201.85467313999837
2019.470947265625 -205.045043945312 -203.71065057926265
2019.4873046875 -211.755905151367 -205.55845928622426
2019.503784179688 -202.084899902344 -207.2174927602204
2019.520141601562 -201.352569580078 -208.89606474295894
2019.53662109375 -216.241744995117 -210.48974744669545
2019.569458007812 -211.997634887695 -213.3016139302655
2019.602294921875 -228.20263671875 -215.63162190673847
2019.618774414062 -223.087936401367 -216.84908202051898
2019.635131835938 -222.743469238281 -218.02614463717921
2019.651611328125 -220.462417602539 -219.0219025045535
2019.668090820312 -218.106887817383 -220.12689297597439
2019.71728515625 -221.018157958984 -222.77386425736088
2019.733764648438 -222.543685913086 -223.51845202586975
2019.750122070312 -227.951034545898 -224.03399939783262
2019.7666015625 -226.403717041016 -224.6237359892281
2019.799438476562 -225.424057006836 -225.562712287352
2019.832275390625 -228.788375854492 -226.49457519849958
2019.865112304688 -227.770263671875 -227.43128427652704
2019.898071289062 -228.534805297852 -228.4249756259523
2019.930908203125 -228.481918334961 -229.46507754027837
2019.963745117188 -228.185989379883 -230.57435859784226
2019.99658203125 -230.842025756836 -231.72342100868224
2020.030151367188 -230.402923583984 -232.7807184138328
2020.06298828125 -233.758010864258 -234.1212519190597
2020.095825195312 -235.539016723633 -235.4975205533978
2020.128662109375 -237.046325683594 -237.0319361075902
2020.161499023438 -236.325622558594 -238.76579137719563
2020.177978515625 -239.852798461914 -239.8209844068943
2020.1943359375 -239.728363037109 -240.70214952413343
2020.227294921875 -239.457061767578 -242.8316583807159
2020.260131835938 -245.511856079102 -245.06712478594548
2020.29296875 -248.28759765625 -247.30844584002782
2020.325805664062 -245.876663208008 -249.63227717572897
2020.358642578125 -246.913787841797 -252.00548716411177
2020.391479492188 -257.713714599609 -254.41284190940135
2020.42431640625 -258.752410888672 -256.87680077075083
2020.457275390625 -260.323425292969 -259.277312839808
2020.490112304688 -266.715209960938 -261.53212118427774
2020.52294921875 -261.448150634766 -263.7067654523103
2020.555786132812 -260.236968994141 -265.7983395911342
2020.572265625 -289.794403076172 -266.6446199181051
2020.588623046875 -278.867553710938 -267.4014771787922
2020.605102539062 -268.243377685547 -268.407989665961
2020.621459960938 -279.734039306641 -269.05543862356103
2020.654296875 -280.707794189453 -270.45955021708374
2020.687255859375 -270.209167480469 -271.6509656464455
2020.70361328125 -272.531127929688 -272.30422548885446
2020.720092773438 -273.572540283203 -272.6118033337233
2020.7529296875 -278.448944091797 -273.37109239435875
2020.785766601562 -279.958648681641 -273.92388036727834
2020.818603515625 -273.281219482422 -274.2804250090688
2020.851440429688 -270.876220703125 -274.45905057761365
2020.917236328125 -275.669189453125 -274.670745600311
2020.950073242188 -275.640563964844 -274.87717363322133
2020.98291015625 -275.352630615234 -275.1968031774982
2021.013671875 -274.501068115234 -275.4155282607597
2021.046508789062 -269.851928710938 -275.8747024822275
2021.079345703125 -275.755554199219 -276.669027081003
2021.1123046875 -273.641784667969 -277.5120260746878
2021.145141601562 -278.010284423828 -278.51122325527905
2021.177978515625 -278.025817871094 -279.6584011476335
2021.210815429688 -279.166290283203 -280.96589631899457
2021.24365234375 -277.828399658203 -282.1744935589854
2021.276489257812 -285.809722900391 -283.92025311141396
2021.309326171875 -288.045471191406 -285.8777910518162
2021.34228515625 -286.130279541016 -287.97388402268706
2021.358642578125 -286.10546875 -289.06783453148523
2021.391479492188 -287.996246337891 -291.14922428830073
2021.407958984375 -289.048278808594 -292.19253839993064
2021.440795898438 -295.5029296875 -294.2459887176762
2021.4736328125 -303.390075683594 -296.21153534073295
2021.506469726562 -304.409515380859 -297.98161500167225
2021.539306640625 -298.774810791016 -299.4948338009202
2021.572265625 -306.675231933594 -300.4704363988907
2021.605102539062 -304.577331542969 -301.7477549932101
2021.637939453125 -304.314697265625 -302.87747951585635
2021.670776367188 -307.691497802734 -303.80593327562724
2021.736450195312 -313.703857421875 -305.04929260588506
2021.769287109375 -303.245971679688 -305.70614746441373
2021.80224609375 -299.761199951172 -306.26344377232385
2021.835083007812 -303.949829101562 -306.7465578396384
2021.867919921875 -316.276916503906 -307.1479450126895
2021.966430664062 -307.047210693359 -307.98528884896683
2022.0 -306.126556396484 -308.19669302501626
2022.065673828125 -316.19921875 -308.69327953492854
2022.098510742188 -312.358947753906 -309.02417989741673
2022.197143554688 -305.244445800781 -310.5411388263934
2022.22998046875 -314.446105957031 -311.22047908283236
2022.262817382812 -304.479217529297 -311.9907422429516
2022.295654296875 -310.153198242188 -312.792794183056
2022.328491210938 -305.258178710938 -313.5481462498693
2022.394287109375 -329.204681396484 -314.6574897292542
2022.558471679688 -324.157012939453 -316.37599266010784
2022.591430664062 -300.493225097656 -317.07784411329254
2022.68994140625 -353.941162109375 -320.72194780061255
2022.722778320312 -328.999694824219 -322.0141037852056
2022.821411132812 -314.331176757812 -321.75767091968123
2022.854248046875 -321.632690429688 -321.10694271823564
2022.887084960938 -320.154205322266 -320.44513957740753
2022.919921875 -323.65673828125 -319.84732326292436
2022.952758789062 -320.837188720703 -319.21940843907953
2022.985595703125 -316.108703613281 -318.71833141442875
2023.019165039062 -315.782012939453 -318.41865575267104
2023.052001953125 -316.661712646484 -318.10132078389444
2023.084838867188 -314.668182373047 -318.19479775706697
2023.11767578125 -318.720886230469 -318.7601976847127
2023.150634765625 -314.05029296875 -319.1562189625884
2023.183471679688 -317.333221435547 -319.8400323417305
2023.21630859375 -310.856506347656 -320.5234736994919
2023.249145507812 -313.318450927734 -321.2155181483605
2023.281982421875 -319.658264160156 -321.92364007742833
2023.314819335938 -323.757385253906 -322.6545985091702
2023.34765625 -320.259613037109 -323.41428087991693
2023.380615234375 -332.428955078125 -324.21008818412054
2023.413452148438 -324.444519042969 -325.03989108097375
2023.4462890625 -334.143920898438 -325.9070519895563
2023.57763671875 -366.286529541016 -329.6999697379176
