2014.804931640625 0.0 3.9118659627289722
2014.837768554688 12.011246681213 2.687936093838629
2014.903442382812 10.132510185242 0.23930560465226852
2014.96923828125 -1.438988089561 -2.2141736143996646
2015.03564453125 -4.065791130066 -4.689788530332031
2015.101318359375 -12.527752876282 -7.136739680158957
2015.265625 -5.959495067596 -13.248231661548465
2015.331298828125 -13.132207870483 -15.684532741178955
2015.39697265625 -20.625986099243 -18.115995520913053
2016.021850585938 -42.250743865967 -40.574897130589164
2016.1533203125 -47.115673065186 -45.28141114183771
2016.350463867188 -66.250999450684 -51.63082156567901
2016.416137695312 -43.357555389404 -53.35249506590541
2016.547607421875 -68.86385345459 -56.9675204832612
2016.744750976562 -63.046100616455 -62.911110435174336
2016.777587890625 -61.07279586792 -63.454083393642065
2016.810424804688 -71.103691101074 -63.995230686702264
2016.84326171875 -66.892997741699 -64.53642615892274
2016.876098632812 -66.13117980957 -65.06810789218066
2016.908935546875 -64.918815612793 -65.62528317465588
2016.941772460938 -65.526062011719 -66.21113613901466
2016.974731445312 -66.056282043457 -66.8052615714792
2017.005493164062 -67.642288208008 -67.39090626020233
2017.038330078125 -68.477714538574 -67.9990027540415
2017.071166992188 -67.121971130371 -68.60290110973088
2017.10400390625 -68.724723815918 -69.27737994052737
2017.136840820312 -69.31421661377 -69.98288295463192
2017.169799804688 -69.9873046875 -70.71453825542964
2017.20263671875 -71.194435119629 -71.48929902010681
2017.235473632812 -71.229949951172 -72.32192570566038
2017.268310546875 -76.241989135742 -73.21704274587297
2017.301147460938 -73.608825683594 -74.16177071259432
2017.333984375 -75.788558959961 -75.13060421723075
2017.366821289062 -73.497108459473 -76.09642082789975
2017.399780273438 -77.10237121582 -77.02384217293613
2017.4326171875 -76.585151672363 -77.87983464569197
2017.498291015625 -81.115966796875 -79.4138354942683
2017.531127929688 -83.669746398926 -80.12151844379166
2017.56396484375 -83.114875793457 -80.80908312897886
2017.596801757812 -81.855964660645 -81.47477284873412
2017.629760742188 -83.05347442627 -82.1070950181964
2017.66259765625 -84.411979675293 -82.66042566404103
2017.695434570312 -80.106254577637 -83.11244005011045
2017.728271484375 -81.282043457031 -83.44845074788863
2017.761108398438 -84.681510925293 -83.69511069289993
2017.7939453125 -85.14485168457 -83.8992995142178
2017.826782226562 -84.467376708984 -84.10093478025772
2017.859741210938 -86.305107116699 -84.31049740346407
2017.892578125 -83.92626953125 -84.52926540557942
2017.925415039062 -84.600158691406 -84.75621059239685
2017.958251953125 -84.71573638916 -85.00079202830193
2017.991088867188 -84.727325439453 -85.27187788415006
2018.024658203125 -84.729568481445 -85.57180024279336
2018.057495117188 -85.652412414551 -85.88454723374724
2018.09033203125 -86.285537719727 -86.2580976410846
2018.123168945312 -86.178619384766 -86.7540929126962
2018.156005859375 -84.13761138916 -87.40393227307078
2018.18896484375 -86.831634521484 -88.21992525444078
2018.221801757812 -87.133392333984 -89.18362563978678
2018.254638671875 -90.668212890625 -90.25819054461793
2018.287475585938 -89.455192565918 -91.42134509502563
2018.3203125 -89.762619018555 -92.65160173290973
2018.353149414062 -87.28636932373 -93.96229263937288
2018.385986328125 -93.679893493652 -95.37550093751578
2018.4189453125 -99.272834777832 -96.90347842643997
2018.451782226562 -97.029968261719 -98.52767928217345
2018.484619140625 -103.267799377441 -100.23402622291677
2018.517456054688 -102.023788452148 -102.0053383329488
2018.55029296875 -101.097053527832 -103.82107218458864
2018.583129882812 -105.468185424805 -105.62502363728841
2018.615966796875 -103.231658935547 -107.35292188344853
2018.64892578125 -113.714904785156 -108.9713929320868
2018.681762695312 -114.773780822754 -110.47476473158092
2018.714599609375 -105.402290344238 -111.89786072960887
2018.747436523438 -114.269386291504 -113.27048644746218
2018.7802734375 -117.554206848145 -114.63629893546465
2018.813110351562 -119.471252441406 -115.94618436844944
2018.845947265625 -121.700317382812 -117.32598159835467
2018.87890625 -118.616149902344 -118.46567215334638
2018.911743164062 -118.859230041504 -119.22337746606951
2018.944580078125 -120.080276489258 -119.87560961936794
2018.977416992188 -120.133987426758 -120.45395102753707
2019.010986328125 -120.557304382324 -120.95112314174871
2019.043823242188 -121.40576171875 -121.37870066934686
2019.109497070312 -122.592956542969 -122.35611249417366
2019.1259765625 -122.623184204102 -122.62103464077482
2019.142333984375 -123.48462677002 -122.88856326319389
2019.175170898438 -123.499114990234 -123.43679178897057
2019.191650390625 -123.354537963867 -123.7319306236752
2019.208129882812 -122.962104797363 -124.04190179471833
2019.224487304688 -124.074310302734 -124.3359398612592
2019.240966796875 -124.801109313965 -124.67679600645674
2019.25732421875 -124.423782348633 -125.02913569890065
2019.273803710938 -124.727043151855 -125.3617945483016
2019.290161132812 -125.296356201172 -125.71340425101162
2019.306640625 -126.258201599121 -126.12216006384315
2019.323120117188 -126.481971740723 -126.5408991431946
2019.339477539062 -127.586212158203 -126.95635424385668
2019.35595703125 -127.357284545898 -127.36812540005522
2019.372314453125 -128.723083496094 -127.76018165747672
2019.388793945312 -128.117874145508 -128.14869303977034
2019.405151367188 -128.103408813477 -128.6078650719356
2019.421630859375 -129.510726928711 -129.13298926713054
2019.438110351562 -128.684997558594 -129.74089268527152
2019.454467773438 -131.050903320312 -130.41314558960477
2019.470947265625 -125.028038024902 -131.13437445911467
2019.4873046875 -125.062492370605 -131.86968897015632
2019.503784179688 -125.316993713379 -132.6934679562454
2019.520141601562 -127.606010437012 -133.39510442520537
2019.53662109375 -133.922225952148 -134.1176148969094
2019.569458007812 -137.409118652344 -135.6316516387985
2019.602294921875 -138.146881103516 -137.2613621154887
2019.618774414062 -136.312561035156 -138.0898025761156
2019.635131835938 -140.435089111328 -138.93183113139102
2019.651611328125 -141.292083740234 -139.74328091990085
2019.668090820312 -138.53483581543 -140.5605416581056
2019.71728515625 -144.851837158203 -142.6349377228149
2019.733764648438 -143.219223022461 -143.2508414455975
2019.750122070312 -145.626022338867 -143.7421885652514
2019.7666015625 -143.671310424805 -144.27919286235291
2019.799438476562 -146.623641967773 -145.14541392512274
2019.832275390625 -152.329635620117 -145.96682620483023
2019.865112304688 -147.594711303711 -146.67608223254686
2019.898071289062 -147.949264526367 -147.26924493835128
2019.930908203125 -149.042831420898 -147.7092129213463
2019.963745117188 -149.149612426758 -147.9731538560891
2019.99658203125 -148.634017944336 -148.18362487321403
2020.030151367188 -148.892608642578 -148.45666658416215
2020.06298828125 -148.283538818359 -148.50063017441
2020.095825195312 -148.158996582031 -148.56115297606502
2020.128662109375 -149.21662902832 -148.70770727558477
2020.161499023438 -148.33561706543 -149.01630226928825
2020.177978515625 -148.249710083008 -149.38205535114432
2020.1943359375 -149.064346313477 -149.52008854827668
2020.227294921875 -146.793548583984 -150.219174269001
2020.260131835938 -144.126190185547 -151.08817927246238
2020.29296875 -148.52409362793 -151.94394114608528
2020.325805664062 -148.229064941406 -152.93870283168783
2020.358642578125 -153.060943603516 -154.24097342552656
2020.391479492188 -153.770614624023 -155.64685551664704
2020.42431640625 -155.958587646484 -157.22509023751928
2020.457275390625 -160.365997314453 -159.13362679348083
2020.490112304688 -160.617965698242 -161.21022386664959
2020.52294921875 -164.028823852539 -163.14915450358973
2020.555786132812 -164.305679321289 -164.90470941698533
2020.572265625 -170.890487670898 -165.58549395450476
2020.588623046875 -173.615295410156 -166.22282950617637
2020.605102539062 -169.092208862305 -167.1134610871915
2020.621459960938 -174.480773925781 -167.69009006169532
2020.654296875 -178.202728271484 -168.97417767611233
2020.687255859375 -176.692108154297 -170.03609922299822
2020.70361328125 -174.177001953125 -170.65176406880911
2020.720092773438 -171.58952331543 -170.81140608423303
2020.7529296875 -173.14208984375 -171.37738503663869
2020.785766601562 -173.535690307617 -171.76066071954105
2020.818603515625 -173.9443359375 -171.93975943998225
2020.851440429688 -172.977310180664 -171.89786394911292
2020.917236328125 -169.50700378418 -171.46702559900757
2020.950073242188 -170.380325317383 -171.31413217896178
2020.98291015625 -171.015258789062 -171.2658487381028
2021.013671875 -169.840148925781 -171.18461869798875
2021.046508789062 -169.283248901367 -171.38081549630638
2021.079345703125 -170.595184326172 -172.03274980169502
2021.1123046875 -169.102157592773 -172.74907261259213
2021.145141601562 -171.972244262695 -173.65678618680596
2021.177978515625 -171.994201660156 -174.71419310977154
2021.210815429688 -173.254302978516 -175.8762615152491
2021.24365234375 -171.171005249023 -176.93229729576134
2021.276489257812 -176.252410888672 -178.32155736158455
2021.309326171875 -181.142776489258 -179.75494989119773
2021.34228515625 -180.767730712891 -181.16760482354303
2021.358642578125 -184.249588012695 -181.71004306609063
2021.391479492188 -185.054153442383 -182.84104033783527
2021.407958984375 -186.519165039062 -183.1879289446521
2021.440795898438 -186.6962890625 -184.04312308320485
2021.4736328125 -196.152313232422 -184.68594229153712
2021.506469726562 -203.978286743164 -185.12639468003687
2021.539306640625 -188.019714355469 -185.40808048658485
2021.572265625 -186.726211547852 -185.30715783945658
2021.605102539062 -198.903549194336 -185.46670675695626
2021.637939453125 -188.260009765625 -185.55645051422988
2021.670776367188 -184.453430175781 -185.54519470575525
2021.736450195312 -187.060913085938 -185.109108390891
2021.769287109375 -183.35546875 -184.8387451052264
2021.80224609375 -185.443817138672 -184.50430525538556
2021.835083007812 -182.640487670898 -184.17248876477262
2021.867919921875 -183.563568115234 -183.88849110145725
2021.966430664062 -184.09455871582 -183.22229626097408
2022.0 -180.198608398438 -183.09718934479693
2022.065673828125 -183.051635742188 -182.77221031416966
2022.098510742188 -180.416107177734 -182.7645521533533
2022.197143554688 -181.459396362305 -183.0514551598152
2022.22998046875 -183.101196289062 -183.28552512404005
2022.262817382812 -181.723220825195 -183.61541266678393
2022.295654296875 -181.632522583008 -184.04234879975448
2022.328491210938 -181.579879760742 -184.55426390540123
2022.394287109375 -184.75048828125 -185.66490653194515
2022.558471679688 -191.924819946289 -188.53031990568172
2022.591430664062 -194.998870849609 -189.1932373185855
2022.68994140625 -182.729705810547 -191.5052896806109
2022.722778320312 -191.838668823242 -192.28821696496342
2022.821411132812 -193.568725585938 -194.3475637406098
2022.854248046875 -193.459197998047 -195.08953185541992
2022.887084960938 -194.692199707031 -195.9245098346399
2022.919921875 -194.777908325195 -196.7352264343202
2022.952758789062 -196.63232421875 -197.66592532613544
2022.985595703125 -198.587524414062 -198.82391216513057
2023.019165039062 -200.327774047852 -200.06748566454132
2023.052001953125 -201.147445678711 -201.27381287714252
2023.084838867188 -202.514724731445 -202.56675438498567
2023.11767578125 -203.594680786133 -203.88940120606065
2023.150634765625 -205.388168334961 -205.2108035712497
2023.183471679688 -207.398529052734 -206.54563176566836
2023.21630859375 -207.256393432617 -207.9269401626773
2023.249145507812 -208.308410644531 -209.33763703233063
2023.281982421875 -210.601593017578 -210.75852430594523
2023.314819335938 -213.886581420898 -212.18154252460465
2023.34765625 -213.746368408203 -213.60402144580354
2023.380615234375 -211.509780883789 -215.03004521281306
2023.413452148438 -223.924331665039 -216.44890289355538
2023.4462890625 -210.152786254883 -217.8671364725643
2023.57763671875 -224.836364746094 -223.56033420156194
