2014.804931640625 0.0 14.147081725752779
2014.837768554688 13.065299034119 12.8340388040717
2014.903442382812 9.259195327759 10.20518691777057
2014.96923828125 7.54238986969 7.567499877918492
2015.03564453125 0.706301391125 4.901197126595525
2015.101318359375 7.055830478668 2.2602155650838114
2015.265625 -3.29968547821 -4.363047646353876
2015.331298828125 3.082944631577 -7.016195140254957
2015.39697265625 9.787455558777 -9.672542389195694
2016.021850585938 -34.423858642578 -34.8184199100543
2016.1533203125 -53.399185180664 -40.23827501275991
2016.350463867188 -31.311645507812 -49.10773674994216
2016.416137695312 -51.078052520752 -52.05806898953074
2016.547607421875 -47.4626121521 -58.0308220276292
2016.744750976562 -67.290817260742 -66.98589525628002
2016.777587890625 -68.216453552246 -68.46450247063747
2016.810424804688 -72.963249206543 -69.9542760594211
2016.84326171875 -72.051124572754 -71.36508588384737
2016.876098632812 -73.331909179688 -72.56830891001367
2016.908935546875 -73.199012756348 -73.72628148331997
2016.941772460938 -74.092948913574 -74.88846033333208
2016.974731445312 -75.390380859375 -76.05694387817701
2017.005493164062 -77.821853637695 -77.16449894907326
2017.038330078125 -78.337509155273 -78.3317358619736
2017.071166992188 -78.792793273926 -79.48760643159677
2017.10400390625 -80.339164733887 -80.70465139552698
2017.136840820312 -81.195213317871 -81.98612164059149
2017.169799804688 -82.957069396973 -83.3279628163556
2017.20263671875 -84.515632629395 -84.72236071467061
2017.235473632812 -85.977874755859 -86.16124867785427
2017.268310546875 -86.731925964355 -87.64427901039421
2017.301147460938 -88.638290405273 -89.17979639764229
2017.333984375 -89.455268859863 -90.76840918800062
2017.366821289062 -91.098617553711 -92.39810509832648
2017.399780273438 -94.963859558105 -94.05151001434868
2017.4326171875 -97.665420532227 -95.71106215233002
2017.498291015625 -98.670707702637 -99.08767298948958
2017.531127929688 -97.878219604492 -100.80074839806502
2017.56396484375 -103.216926574707 -102.51897017522167
2017.596801757812 -106.226600646973 -104.22523602314378
2017.629760742188 -105.880897521973 -105.90780431351031
2017.66259765625 -108.133361816406 -107.53874669792751
2017.695434570312 -106.22420501709 -109.11959671884762
2017.728271484375 -111.081230163574 -110.65324276798829
2017.761108398438 -113.583351135254 -112.14865172817245
2017.7939453125 -115.150382995605 -113.60661308104002
2017.826782226562 -115.526908874512 -115.02210207152572
2017.859741210938 -118.125953674316 -116.39362930667906
2017.892578125 -117.484802246094 -117.71043112552418
2017.925415039062 -119.309272766113 -118.98647896741699
2017.958251953125 -119.89176940918 -120.22285090000858
2017.991088867188 -121.538993835449 -121.41938375877618
2018.024658203125 -122.640769958496 -122.61887581920821
2018.057495117188 -124.108100891113 -123.80307466930668
2018.09033203125 -125.016456604004 -125.06726485401364
2018.123168945312 -126.332229614258 -126.46957427944588
2018.156005859375 -124.359069824219 -128.03383240990678
2018.18896484375 -128.865753173828 -129.76672158238702
2018.221801757812 -128.149002075195 -131.63577050085988
2018.254638671875 -131.775588989258 -133.62379489564896
2018.287475585938 -131.843307495117 -135.73861277811156
2018.3203125 -135.098983764648 -137.97943146550426
2018.353149414062 -135.960372924805 -140.35371349100646
2018.385986328125 -142.513763427734 -142.87714116363608
2018.4189453125 -144.422241210938 -145.5719922539909
2018.451782226562 -147.20491027832 -148.39052226462195
2018.484619140625 -152.431488037109 -151.27999582640135
2018.517456054688 -153.804916381836 -154.17557718275327
2018.55029296875 -160.994003295898 -157.02549520362558
2018.583129882812 -160.905212402344 -159.77275295624312
2018.615966796875 -162.491607666016 -162.3929743316698
2018.64892578125 -168.852432250977 -164.89464093793546
2018.681762695312 -170.714126586914 -167.2743207890855
2018.714599609375 -162.04850769043 -169.551355357994
2018.747436523438 -172.151611328125 -171.7191981646683
2018.7802734375 -176.065353393555 -173.788038656508
2018.813110351562 -178.614181518555 -175.72050346168797
2018.845947265625 -179.287796020508 -177.61481467194355
2018.87890625 -178.989990234375 -179.36351327090514
2018.911743164062 -180.839553833008 -180.89596572456983
2018.944580078125 -182.320358276367 -182.34356008834064
2018.977416992188 -183.019592285156 -183.7494183738105
2019.010986328125 -184.460845947266 -185.1596574031638
2019.043823242188 -186.559875488281 -186.49830542876842
2019.109497070312 -189.892684936523 -189.31274552893166
2019.1259765625 -189.867477416992 -190.04241575889876
2019.142333984375 -191.060516357422 -190.76960056022122
2019.175170898438 -192.709915161133 -192.24588540840446
2019.191650390625 -192.902725219727 -192.9736062239717
2019.208129882812 -193.44367980957 -193.689162754251
2019.224487304688 -194.114471435547 -194.3913642172356
2019.240966796875 -195.048583984375 -195.0846979194345
2019.25732421875 -195.357696533203 -195.7661676655062
2019.273803710938 -196.547561645508 -196.45446566020527
2019.290161132812 -196.727294921875 -197.1373252198919
2019.306640625 -198.15348815918 -197.82795590089424
2019.323120117188 -199.390762329102 -198.54550390871725
2019.339477539062 -201.306442260742 -199.29399392157507
2019.35595703125 -198.385940551758 -200.07594915545505
2019.372314453125 -199.937225341797 -200.8667955327567
2019.388793945312 -201.937210083008 -201.6780705674483
2019.405151367188 -199.866714477539 -202.56792552572057
2019.421630859375 -202.90657043457 -203.4584164092254
2019.438110351562 -203.49577331543 -204.3976878327583
2019.454467773438 -205.842407226562 -205.41740409219403
2019.470947265625 -205.791534423828 -206.56472540119952
2019.4873046875 -208.911529541016 -207.8219523993677
2019.503784179688 -206.182723999023 -209.30785650425955
2019.520141601562 -203.946258544922 -210.66262858755752
2019.53662109375 -210.667556762695 -212.05384506212084
2019.569458007812 -214.635757446289 -214.79717134410416
2019.602294921875 -208.888031005859 -217.35613588962488
2019.618774414062 -218.996551513672 -218.64642633750873
2019.635131835938 -221.137908935547 -219.9324847871351
2019.651611328125 -224.187423706055 -221.1468696348965
2019.668090820312 -224.212188720703 -222.41815940363543
2019.71728515625 -227.145614624023 -225.77459600104308
2019.733764648438 -226.612030029297 -226.80854205200262
2019.750122070312 -229.375762939453 -227.68015715965097
2019.7666015625 -227.423538208008 -228.62082219776468
2019.799438476562 -230.785125732422 -230.2918510997171
2019.832275390625 -237.967025756836 -231.89110444082786
2019.865112304688 -234.455764770508 -233.36180554367223
2019.898071289062 -234.517013549805 -234.7404145371041
2019.930908203125 -237.008071899414 -236.01045528514055
2019.963745117188 -238.58967590332 -237.14712998111713
2019.99658203125 -239.258544921875 -238.22483867465007
2020.030151367188 -240.060394287109 -239.41335704626331
2020.06298828125 -240.520751953125 -240.32584737811973
2020.095825195312 -240.86344909668 -241.22780161893536
2020.128662109375 -242.757659912109 -242.11507035670274
2020.161499023438 -242.843933105469 -243.02582950901845
2020.177978515625 -243.510528564453 -243.5235372751713
2020.1943359375 -244.224273681641 -243.96629171087443
2020.227294921875 -243.215393066406 -244.97287791863275
2020.260131835938 -243.583419799805 -246.10215099938634
2020.29296875 -246.305770874023 -247.29997744553611
2020.325805664062 -247.626617431641 -248.65011252777208
2020.358642578125 -250.113250732422 -250.3447606743358
2020.391479492188 -249.228149414062 -252.17581041145655
2020.42431640625 -253.436965942383 -254.11660568986056
2020.457275390625 -251.569229125977 -256.24266073639194
2020.490112304688 -256.025970458984 -258.50928800475583
2020.52294921875 -260.36767578125 -260.8005582110986
2020.555786132812 -262.760772705078 -263.0865830401181
2020.572265625 -264.767578125 -264.18297969651934
2020.588623046875 -270.981506347656 -265.21940859785474
2020.605102539062 -267.867706298828 -266.3777341216531
2020.621459960938 -270.293731689453 -267.355994282233
2020.654296875 -274.746978759766 -269.36965606201693
2020.687255859375 -273.766418457031 -271.189003866146
2020.70361328125 -274.661712646484 -272.12766864517556
2020.720092773438 -273.806060791016 -272.7355007092832
2020.7529296875 -274.406097412109 -274.08013722403246
2020.785766601562 -277.918304443359 -275.283389035932
2020.818603515625 -276.846099853516 -276.37258007490686
2020.851440429688 -277.851593017578 -277.34416602764327
2020.917236328125 -278.616516113281 -279.02373182625774
2020.950073242188 -278.865173339844 -279.89936360351265
2020.98291015625 -280.882690429688 -280.85036407956574
2021.013671875 -280.843811035156 -281.71265326469967
2021.046508789062 -281.596221923828 -282.85261133055644
2021.079345703125 -283.033172607422 -284.34632761063443
2021.1123046875 -283.755828857422 -285.89164541157743
2021.145141601562 -284.473693847656 -287.5800686484602
2021.177978515625 -287.671661376953 -289.4056693151111
2021.210815429688 -289.751983642578 -291.33824006028254
2021.24365234375 -288.773590087891 -293.1860946849132
2021.276489257812 -292.850769042969 -295.3738755345005
2021.309326171875 -298.507965087891 -297.6935627533136
2021.34228515625 -301.218109130859 -300.1265589654244
2021.358642578125 -303.65771484375 -301.35893859866985
2021.391479492188 -298.832244873047 -303.81829272185644
2021.407958984375 -304.461883544922 -305.01249139264877
2021.440795898438 -304.478088378906 -307.43072965773814
2021.4736328125 -313.029296875 -309.78023630779774
2021.506469726562 -327.523803710938 -312.03913855726745
2021.539306640625 -321.030792236328 -314.2209799863378
2021.572265625 -315.288665771484 -316.194510322035
2021.605102539062 -330.23095703125 -318.3012189181592
2021.637939453125 -325.903656005859 -320.39359056749686
2021.670776367188 -321.997924804688 -322.4755072235392
2021.736450195312 -331.698791503906 -326.45741850064036
2021.769287109375 -328.232086181641 -328.3818285562594
2021.80224609375 -329.692291259766 -330.20013658432265
2021.835083007812 -327.497863769531 -331.98239736564034
2021.867919921875 -333.406829833984 -333.72771928152173
2021.966430664062 -343.317749023438 -338.95469652696136
2022.0 -349.363159179688 -340.69829754477405
2022.065673828125 -343.362243652344 -344.121705438308
2022.098510742188 -340.047058105469 -345.8081979922363
2022.197143554688 -350.806121826172 -350.92308793789914
2022.22998046875 -354.330780029297 -352.61652186173995
2022.262817382812 -355.196563720703 -354.29332365220296
2022.295654296875 -353.812622070312 -355.9404743955079
2022.328491210938 -360.30322265625 -357.5381865884795
2022.394287109375 -358.383880615234 -360.5614636550991
2022.558471679688 -370.097442626953 -367.7826434462388
2022.591430664062 -373.219818115234 -369.26082234415924
2022.68994140625 -366.384429931641 -373.86390230097385
2022.722778320312 -375.087738037109 -375.4385481151898
2022.821411132812 -378.134887695312 -380.3511038329122
2022.854248046875 -377.591827392578 -382.1898199030999
2022.887084960938 -381.006958007812 -384.20349101850366
2022.919921875 -382.262359619141 -386.0561620802053
2022.952758789062 -384.888336181641 -388.12549071164466
2022.985595703125 -386.954925537109 -391.0743435100544
2023.019165039062 -391.137084960938 -394.5533200398878
2023.052001953125 -394.231201171875 -397.8002122479574
2023.084838867188 -399.187255859375 -401.84470744106983
2023.11767578125 -404.10986328125 -406.37911547120194
2023.150634765625 -401.559875488281 -410.6809674264927
2023.183471679688 -412.590454101562 -415.24197114569114
2023.21630859375 -402.506195068359 -419.8105352014626
2023.249145507812 -404.690307617188 -424.4004088735448
2023.281982421875 -430.123168945312 -429.0170602054002
2023.314819335938 -437.446807861328 -433.6620610939294
2023.34765625 -438.605285644531 -438.3345946999968
2023.380615234375 -443.598663330078 -443.05001409019803
2023.413452148438 -450.040985107422 -447.77079546413984
2023.4462890625 -481.570404052734 -452.51143054155955
2023.57763671875 -542.5224609375 -471.61142262608575
