2014.804931640625 -0.0 -0.2559975538666637
2014.837768554688 -6.989097595215 -0.481143515742892
2014.903442382812 -3.266315460205 -0.9367845608550733
2014.96923828125 -1.360454916954 -1.3999265691958842
2015.03564453125 22.130537033081 -1.8729015559658133
2015.101318359375 2.745880365372 -2.3445315143617504
2015.265625 24.45821762085 -3.5313712967297675
2015.331298828125 9.974313735962 -4.005606379796924
2015.39697265625 -20.123285293579 -4.477651255011593
2016.021850585938 2.850381135941 -9.30329670949279
2016.1533203125 -12.923752784729 -11.28960896705471
2016.350463867188 -14.293210029602 -12.213570235375183
2016.416137695312 -13.772038459778 -12.338457192323498
2016.547607421875 -11.844727516174 -12.645549360117206
2016.744750976562 -10.120899200439 -12.020188342541866
2016.777587890625 -20.484395980835 -11.837465940749981
2016.810424804688 -14.545617103577 -11.711207794337163
2016.84326171875 -12.403429985046 -11.520431581487378
2016.876098632812 -13.350096702576 -11.002814206128567
2016.908935546875 -9.693417549133 -10.30856815304656
2016.941772460938 -7.412049293518 -9.618026727993263
2016.974731445312 -12.104412078857 -8.702639859119818
2017.005493164062 -11.889209747314 -7.757893230340903
2017.038330078125 -9.075000762939 -6.768817498659992
2017.071166992188 5.30401468277 -5.746938112343837
2017.10400390625 -4.342618465424 -4.7911857884865094
2017.136840820312 -0.83047580719 -3.938474865902137
2017.169799804688 -2.487488508224 -3.1302356025233338
2017.20263671875 0.158773899078 -2.404951946276168
2017.235473632812 -0.918065428734 -1.8127995827548016
2017.268310546875 4.113497257233 -1.3942069464952829
2017.301147460938 -0.421575933695 -1.1408934229979621
2017.333984375 3.608635902405 -1.0380833608319677
2017.366821289062 -2.961182117462 -1.0628176513122884
2017.399780273438 -4.316553115845 -1.1691419253815694
2017.4326171875 1.769573450089 -1.305458165803603
2017.498291015625 -9.526280403137 -1.6451073420173083
2017.531127929688 -1.285424590111 -1.8327868175138746
2017.56396484375 -2.407658338547 -1.9985795531089325
2017.596801757812 1.167096853256 -2.109392921963716
2017.629760742188 -3.047278165817 -2.139573301237409
2017.66259765625 -7.606956005096 -2.0725975551989797
2017.695434570312 -1.90481197834 -1.8864613440414566
2017.728271484375 -0.066304951906 -1.5484745331259957
2017.761108398438 -1.593986153603 -1.0210953241822847
2017.7939453125 -3.636507987976 -0.3211019210323502
2017.826782226562 -0.722175121307 0.48937046233320297
2017.859741210938 -2.452551841736 1.3787163076555093
2017.892578125 0.373677194118 2.3458287797767
2017.925415039062 -1.114299654961 3.362588571207841
2017.958251953125 3.561258792877 4.382562211819637
2017.991088867188 10.801742553711 5.377915282912275
2018.024658203125 13.319140434265 6.35976651131522
2018.057495117188 9.366454124451 7.23738675975194
2018.09033203125 7.924440860748 7.964246402692515
2018.123168945312 10.847599029541 8.443376254801146
2018.156005859375 13.290057182312 8.6161653656069
2018.18896484375 10.398118972778 8.455743683156333
2018.221801757812 13.012438774109 7.961864730709707
2018.254638671875 8.462213516235 7.15656403503505
2018.287475585938 11.195585250854 6.083097564490898
2018.3203125 11.854529380798 4.808101260207985
2018.353149414062 0.610385298729 3.3977736804390153
2018.385986328125 6.505165100098 1.871053132201774
2018.4189453125 -3.16313958168 0.22227309177315935
2018.451782226562 0.572221398354 -1.4943625850289641
2018.484619140625 -6.022852897644 -3.2095541487947377
2018.517456054688 -3.377954483032 -4.871838454649668
2018.55029296875 -10.620338439941 -6.449576611740792
2018.583129882812 -9.061750411987 -7.916876561968229
2018.615966796875 -15.62410068512 -9.246260761462647
2018.64892578125 -9.794900894165 -10.397499386470866
2018.681762695312 -14.164791107178 -11.34764122341355
2018.714599609375 -13.546227455139 -12.080421007933813
2018.747436523438 -14.216686248779 -12.561011396500223
2018.7802734375 -12.336495399475 -12.82197055222327
2018.813110351562 -15.696374893188 -12.820606393977734
2018.845947265625 -14.61508846283 -12.740216352399491
2018.87890625 -18.008943557739 -12.481045523481363
2018.911743164062 -15.708260536194 -12.067793844955219
2018.944580078125 -8.961338043213 -11.69260161388604
2018.977416992188 -13.249417304993 -11.256972459014472
2019.010986328125 -3.886386871338 -10.842211243085176
2019.043823242188 -5.962032318115 -10.254588921069525
2019.109497070312 -9.794971466064 -9.356655900994161
2019.1259765625 -7.810468196869 -9.144791458750175
2019.142333984375 -7.956766605377 -9.248424937490029
2019.175170898438 -10.014261245728 -9.662492394110215
2019.191650390625 -5.274780273438 -10.113207693902334
2019.208129882812 -9.288367271423 -10.645981014607269
2019.224487304688 -11.644002914429 -11.15982799179966
2019.240966796875 -14.021077156067 -11.765698849650168
2019.25732421875 -12.310656547546 -12.421581126610267
2019.273803710938 -12.999128341675 -13.048227963824106
2019.290161132812 -12.811295509338 -13.749783959511653
2019.306640625 -13.365567207336 -14.583473874066772
2019.323120117188 -15.162633895874 -15.450432084715272
2019.339477539062 -14.761501312256 -16.33016415701732
2019.35595703125 -16.237529754639 -17.20488771326935
2019.372314453125 -18.604465484619 -18.038565928805795
2019.388793945312 -20.095586776733 -18.87339921421764
2019.405151367188 -18.248096466064 -19.67951759020575
2019.421630859375 -21.830060958862 -20.507835599275168
2019.438110351562 -23.867784500122 -21.335315289215067
2019.454467773438 -20.532299041748 -22.119788093769376
2019.470947265625 -26.500419616699 -22.860191293102798
2019.4873046875 -26.664630889893 -23.531704672012335
2019.503784179688 -19.261360168457 -24.107297853978803
2019.520141601562 -20.453559875488 -24.7350969309229
2019.53662109375 -34.330940246582 -25.32435633239916
2019.569458007812 -25.958637237549 -26.31762449856041
2019.602294921875 -38.023624420166 -27.099675400533478
2019.618774414062 -24.850576400757 -27.482912722064402
2019.635131835938 -33.029258728027 -27.828760936537616
2019.651611328125 -24.24600982666 -28.027495919130363
2019.668090820312 -33.077392578125 -28.30392036347856
2019.71728515625 -29.960708618164 -28.79786126641667
2019.733764648438 -26.597637176514 -28.914192642241634
2019.750122070312 -32.304431915283 -28.910763297968522
2019.7666015625 -31.423585891724 -28.954256160805542
2019.799438476562 -26.696508407593 -28.86625021073665
2019.832275390625 -27.626314163208 -28.702377198773895
2019.865112304688 -28.447898864746 -28.433986845078557
2019.898071289062 -30.274324417114 -28.067106703409973
2019.930908203125 -27.988235473633 -27.62688164507269
2019.963745117188 -27.990589141846 -27.14018696277031
2019.99658203125 -29.013355255127 -26.692035928453897
2020.030151367188 -18.283739089966 -26.278022062263915
2020.06298828125 -28.118190765381 -25.856122932176046
2020.095825195312 -25.04896736145 -25.44246934482914
2020.128662109375 -22.952838897705 -25.001564522859834
2020.161499023438 -23.30902671814 -24.54099251815665
2020.177978515625 -25.285615921021 -24.333322394671836
2020.1943359375 -23.304798126221 -24.092503512259476
2020.227294921875 -22.763259887695 -23.699337311195933
2020.260131835938 -26.353046417236 -23.37157213965063
2020.29296875 -21.237905502319 -23.08735682213977
2020.325805664062 -25.359676361084 -22.84644019756559
2020.358642578125 -22.553792953491 -22.700415691843478
2020.391479492188 -20.240911483765 -22.591655761022626
2020.42431640625 -20.479600906372 -22.46353545739728
2020.457275390625 -20.309522628784 -22.324949720239548
2020.490112304688 -27.201732635498 -22.20911871121975
2020.52294921875 -21.291328430176 -22.158935073824484
2020.555786132812 -15.639960289001 -22.2154438087342
2020.572265625 -26.606874465942 -22.313361840851712
2020.588623046875 -21.935693740845 -22.400619827069015
2020.605102539062 -23.512088775635 -22.459827447376753
2020.621459960938 -22.59327507019 -22.536097145545035
2020.654296875 -21.302000045776 -22.67303872130368
2020.687255859375 -20.948404312134 -22.73588238361215
2020.70361328125 -23.908668518066 -22.764813288651332
2020.720092773438 -20.390510559082 -22.64512428966833
2020.7529296875 -26.70231628418 -22.368315608583547
2020.785766601562 -27.487497329712 -21.923715981030323
2020.818603515625 -23.569576263428 -21.375079137065963
2020.851440429688 -19.097990036011 -20.772837620440036
2020.917236328125 -26.710821151733 -19.51507734504967
2020.950073242188 -18.178232192993 -18.80439148164602
2020.98291015625 -19.139350891113 -18.09199325540285
2021.013671875 -14.022585868835 -17.379632258333686
2021.046508789062 -9.780511856079 -16.59740019881992
2021.079345703125 -16.591045379639 -16.00759449994015
2021.1123046875 -14.21333694458 -15.463140457480067
2021.145141601562 -15.825023651123 -15.0588246943113
2021.177978515625 -13.337893486023 -14.807382370209007
2021.210815429688 -12.299959182739 -14.732448501831726
2021.24365234375 -13.884094238281 -14.618442240963272
2021.276489257812 -10.006134986877 -14.940857558677111
2021.309326171875 -19.528869628906 -15.472241760856763
2021.34228515625 -11.262300491333 -16.213765437817667
2021.358642578125 -19.571321487427 -16.81124420894479
2021.391479492188 -7.729858875275 -17.788993980407604
2021.407958984375 -14.122366905212 -18.415530180510533
2021.440795898438 -12.93360042572 -19.475488981449644
2021.4736328125 -21.371717453003 -20.54358546794601
2021.506469726562 -29.062257766724 -21.524868397767033
2021.539306640625 -21.176555633545 -22.34247324872969
2021.572265625 -31.766073226929 -22.744966577347494
2021.605102539062 -28.484582901001 -23.44918849491018
2021.637939453125 -28.637767791748 -24.16474291479722
2021.670776367188 -12.486422538757 -24.868707996292187
2021.736450195312 -24.898031234741 -25.961568688527027
2021.769287109375 -35.930107116699 -26.391126257007503
2021.80224609375 -25.740526199341 -26.624209143020483
2021.835083007812 -21.773717880249 -26.761909870429946
2021.867919921875 -26.682373046875 -26.70374442189022
2021.966430664062 -32.322360992432 -26.3256476321965
2022.0 -12.654700279236 -26.215402490939297
2022.065673828125 -33.447319030762 -26.10189806807576
2022.098510742188 -24.239067077637 -26.094001414865374
2022.197143554688 -23.138414382935 -26.18049202739306
2022.22998046875 -28.026985168457 -26.22616190795459
2022.262817382812 -22.653043746948 -26.270430828150907
2022.295654296875 -25.78794670105 -26.29190511337399
2022.328491210938 -21.186403274536 -26.273764956238146
2022.394287109375 -31.165815353394 -26.04110819546245
2022.558471679688 -31.755441665649 -25.025385021769846
2022.591430664062 -13.21720790863 -25.042106672256168
2022.68994140625 -27.438739776611 -25.161234705115398
2022.722778320312 -37.182247161865 -25.13469260400225
2022.821411132812 -19.024181365967 -23.61901788468853
2022.854248046875 -26.994962692261 -22.765741564256942
2022.887084960938 -22.243185043335 -21.86736986901604
2022.919921875 -19.803583145142 -20.980885987688847
2022.952758789062 -22.600933074951 -20.083992692300342
2022.985595703125 -22.883720397949 -19.16138048019112
2023.019165039062 -14.554385185242 -18.244632267696062
2023.052001953125 -15.137654304504 -17.338630182480095
2023.084838867188 -2.585869073868 -16.537422839924616
2023.11767578125 -15.820459365845 -15.955268370389646
2023.150634765625 -14.598948478699 -15.31259677183097
2023.183471679688 -12.789542198181 -14.864037574316782
2023.21630859375 -12.924255371094 -14.50965299593375
2023.249145507812 -11.090703964233 -14.217497060810295
2023.281982421875 -10.009244918823 -13.960074749713982
2023.314819335938 -13.268714904785 -13.724800052470751
2023.34765625 -8.723909378052 -13.507603921836699
2023.380615234375 -14.531972885132 -13.307577187687121
2023.413452148438 -14.924569129944 -13.128456556739225
2023.4462890625 -14.357687950134 -12.971692698930228
2023.57763671875 -18.669576644897 -12.589131016008471
