2014.804931640625 -0.0 -1.6016366784958684
2014.837768554688 -15.195268630981 -2.5163343192723007
2014.903442382812 -9.308670043945 -4.332974809877795
2014.96923828125 -6.27626991272 -6.134998433936519
2015.03564453125 11.400895118713 -7.933941289183018
2015.101318359375 -6.689893245697 -9.691771200084588
2015.265625 23.298797607422 -13.98800475096905
2015.331298828125 -17.404592514038 -15.66321627339674
2015.39697265625 -23.492107391357 -17.314720279583074
2016.021850585938 -19.806446075439 -31.99034063851037
2016.1533203125 -46.455410003662 -36.541131598171795
2016.350463867188 -63.004600524902 -43.31473488364885
2016.416137695312 -78.95516204834 -42.764235062113066
2016.547607421875 -42.7561378479 -41.61257576560547
2016.744750976562 -32.594421386719 -40.1227380409242
2016.777587890625 -41.554557800293 -40.11312679753618
2016.810424804688 -40.309608459473 -40.09704907984788
2016.84326171875 -35.804405212402 -40.075336357000815
2016.876098632812 -39.73556137085 -40.16299624280844
2016.908935546875 -39.784938812256 -40.34231047803121
2016.941772460938 -39.621971130371 -40.522936241467235
2016.974731445312 -39.860363006592 -40.893180028150766
2017.005493164062 -40.452735900879 -41.31548046297402
2017.038330078125 -40.963813781738 -41.75154423047007
2017.071166992188 -42.143032073975 -42.20398114596328
2017.10400390625 -42.655414581299 -42.7402766216356
2017.136840820312 -44.256332397461 -43.35655567467693
2017.169799804688 -44.899047851562 -44.02703384017336
2017.20263671875 -46.465003967285 -44.740064145141
2017.235473632812 -41.944477081299 -45.52405431808037
2017.268310546875 -40.422473907471 -46.38021122835601
2017.301147460938 -47.229278564453 -47.278185815156846
2017.333984375 -42.754070281982 -48.16096513500601
2017.366821289062 -59.136665344238 -48.99580322529075
2017.399780273438 -54.308567047119 -49.750077266395344
2017.4326171875 -48.509059906006 -50.427642301598034
2017.498291015625 -61.192138671875 -51.703032931891876
2017.531127929688 -56.399028778076 -52.3340299123422
2017.56396484375 -54.020542144775 -52.891050042431054
2017.596801757812 -59.326728820801 -53.2940193810398
2017.629760742188 -53.633285522461 -53.51034845632133
2017.66259765625 -58.398857116699 -53.51563132072036
2017.695434570312 -50.656452178955 -53.3701010430608
2017.728271484375 -54.285385131836 -53.107617207224976
2017.761108398438 -52.476570129395 -52.72942436437464
2017.7939453125 -52.708293914795 -52.274659668656646
2017.826782226562 -51.741355895996 -51.80789418921788
2017.859741210938 -51.554969787598 -51.34201240269244
2017.892578125 -50.04940032959 -50.89191874986738
2017.925415039062 -49.995674133301 -50.46399303053996
2017.958251953125 -50.035488128662 -50.06360172596154
2017.991088867188 -49.910919189453 -49.701563454469785
2018.024658203125 -48.907367706299 -49.41780827624898
2018.057495117188 -48.347652435303 -49.280714469657056
2018.09033203125 -48.539051055908 -49.31890965616596
2018.123168945312 -48.326133728027 -49.549266998401315
2018.156005859375 -44.633907318115 -49.96567939466619
2018.18896484375 -50.293270111084 -50.54429438099884
2018.221801757812 -46.834415435791 -51.27294470261598
2018.254638671875 -44.250053405762 -52.139692339450285
2018.287475585938 -48.673835754395 -53.144105306645244
2018.3203125 -52.222991943359 -54.302292903207814
2018.353149414062 -53.924968719482 -55.65877000631009
2018.385986328125 -54.679721832275 -57.22982314043823
2018.4189453125 -58.430290222168 -58.99454173116641
2018.451782226562 -61.010871887207 -60.85175482383416
2018.484619140625 -61.175121307373 -62.71816682143847
2018.517456054688 -66.314346313477 -64.56389083216555
2018.55029296875 -71.580902099609 -66.35627532302306
2018.583129882812 -75.338836669922 -68.04356162103043
2018.615966796875 -84.058364868164 -69.61027091934278
2018.64892578125 -74.162590026855 -71.05792526836773
2018.681762695312 -73.957664489746 -72.38679621175635
2018.714599609375 -76.637901306152 -73.5908595222668
2018.747436523438 -75.579612731934 -74.63534688607079
2018.7802734375 -74.521087646484 -75.48414825253077
2018.813110351562 -83.539474487305 -76.03615465968315
2018.845947265625 -77.817596435547 -76.3833280445219
2018.87890625 -77.820671081543 -76.56011066878287
2018.911743164062 -78.143898010254 -76.63414422368334
2018.944580078125 -76.40567779541 -76.7392099080774
2018.977416992188 -78.077705383301 -76.78035180915087
2019.010986328125 -75.793502807617 -76.69537856225094
2019.043823242188 -76.382858276367 -76.53053467472179
2019.109497070312 -75.655944824219 -76.07802562383671
2019.1259765625 -75.765838623047 -75.96251102360517
2019.142333984375 -76.064865112305 -75.87256971575626
2019.175170898438 -76.085609436035 -75.70953847050855
2019.191650390625 -75.09204864502 -75.66260999526573
2019.208129882812 -77.23811340332 -75.63665033965786
2019.224487304688 -75.019058227539 -75.60607096772875
2019.240966796875 -74.381591796875 -75.60543795278797
2019.25732421875 -74.92960357666 -75.61850380146828
2019.273803710938 -75.390815734863 -75.61175810447129
2019.290161132812 -75.264152526855 -75.60645741889527
2019.306640625 -76.82991027832 -75.65886599635442
2019.323120117188 -73.146026611328 -75.74734247695888
2019.339477539062 -76.016502380371 -75.88082820857078
2019.35595703125 -78.321632385254 -76.06464092706955
2019.372314453125 -75.126190185547 -76.29450731419831
2019.388793945312 -76.235481262207 -76.57430989197988
2019.405151367188 -75.402542114258 -76.94474877890671
2019.421630859375 -75.715377807617 -77.2837987354523
2019.438110351562 -82.767822265625 -77.64262809573444
2019.454467773438 -74.496475219727 -78.03276717898412
2019.470947265625 -78.648773193359 -78.47882255298525
2019.4873046875 -80.306579589844 -78.96776637948531
2019.503784179688 -67.314270019531 -79.49701207628944
2019.520141601562 -69.186790466309 -79.97396658026791
2019.53662109375 -80.669906616211 -80.4584076228539
2019.569458007812 -80.502922058105 -81.48153399079607
2019.602294921875 -94.897384643555 -82.58641675484577
2019.618774414062 -82.672172546387 -83.12873025396951
2019.635131835938 -85.773971557617 -83.66235852708925
2019.651611328125 -84.798950195312 -84.21746259505046
2019.668090820312 -80.726272583008 -84.7585497591899
2019.71728515625 -85.456123352051 -86.34548210219981
2019.733764648438 -87.527465820312 -86.85629539870153
2019.750122070312 -89.19108581543 -87.30973561687209
2019.7666015625 -88.804153442383 -87.78086887607661
2019.799438476562 -87.107803344727 -88.62734815352425
2019.832275390625 -91.675094604492 -89.47439454417284
2019.865112304688 -90.982788085938 -90.30359618759398
2019.898071289062 -91.161186218262 -91.1265324628945
2019.930908203125 -92.187843322754 -91.92292545129013
2019.963745117188 -91.097290039062 -92.71134531103976
2019.99658203125 -93.309753417969 -93.51952017340999
2020.030151367188 -93.51685333252 -94.30685238314685
2020.06298828125 -95.387351989746 -95.17914418131481
2020.095825195312 -95.954048156738 -96.05645907661146
2020.128662109375 -97.024047851562 -96.95302058741568
2020.161499023438 -96.177032470703 -97.85975067847185
2020.177978515625 -98.43872833252 -98.30454932934272
2020.1943359375 -98.347373962402 -98.76403888051699
2020.227294921875 -101.355186462402 -99.66800910692851
2020.260131835938 -100.201377868652 -100.56587763325959
2020.29296875 -102.670288085938 -101.46433244667747
2020.325805664062 -105.125938415527 -102.35714500168395
2020.358642578125 -101.65446472168 -103.24325876093079
2020.391479492188 -103.7861328125 -104.14223579448405
2020.42431640625 -102.969543457031 -105.03295731921834
2020.457275390625 -106.44401550293 -105.81897416385726
2020.490112304688 -107.196006774902 -106.46683533654907
2020.52294921875 -97.820358276367 -107.03873482533923
2020.555786132812 -100.420448303223 -107.59032785340146
2020.572265625 -116.605072021484 -107.78653472389378
2020.588623046875 -111.256996154785 -107.95974635009809
2020.605102539062 -109.359794616699 -108.29477861401631
2020.621459960938 -115.499420166016 -108.43792059352606
2020.654296875 -113.437149047852 -108.86110340182664
2020.687255859375 -104.819526672363 -109.17763274682642
2020.70361328125 -110.464866638184 -109.34504365650443
2020.720092773438 -109.159004211426 -109.31363509390223
2020.7529296875 -108.602951049805 -109.28323384274468
2020.785766601562 -112.255233764648 -109.12493980601727
2020.818603515625 -109.080780029297 -108.8967015160692
2020.851440429688 -107.167251586914 -108.64590612742192
2020.917236328125 -108.705177307129 -108.1740818659388
2020.950073242188 -108.473678588867 -107.986470312826
2020.98291015625 -108.194641113281 -107.82345515822175
2021.013671875 -107.299705505371 -107.65703362223753
2021.046508789062 -104.658241271973 -107.53745592187168
2021.079345703125 -107.120834350586 -107.56063876492048
2021.1123046875 -106.810935974121 -107.62545926513609
2021.145141601562 -107.746131896973 -107.78243804524936
2021.177978515625 -107.009559631348 -108.01480440129444
2021.210815429688 -107.516563415527 -108.31196061611986
2021.24365234375 -105.89200592041 -108.55669956896543
2021.276489257812 -107.40998840332 -109.03429866969962
2021.309326171875 -112.125495910645 -109.6062190836637
2021.34228515625 -107.918487548828 -110.27780246579984
2021.358642578125 -112.182807922363 -110.67107226366272
2021.391479492188 -108.986633300781 -111.37366638221324
2021.407958984375 -111.870239257812 -111.65724901430532
2021.440795898438 -112.487716674805 -112.21599555453629
2021.4736328125 -112.358642578125 -112.62195651487482
2021.506469726562 -119.32999420166 -112.8556052324813
2021.539306640625 -120.766532897949 -112.98016167540439
2021.572265625 -122.110801696777 -112.80807482865582
2021.605102539062 -120.931259155273 -112.87894654910168
2021.637939453125 -117.603370666504 -112.87825658680735
2021.670776367188 -112.054618835449 -112.7794137528056
2021.736450195312 -116.960021972656 -112.09243489691572
2021.769287109375 -112.353218078613 -111.80840773207004
2021.80224609375 -109.268486022949 -111.3391055133719
2021.835083007812 -104.135787963867 -110.83757274226292
2021.867919921875 -112.510673522949 -110.21613600720457
2021.966430664062 -103.458938598633 -108.26621188144138
2022.0 -107.312911987305 -107.62775020565184
2022.065673828125 -108.267372131348 -106.37528864226307
2022.098510742188 -106.076721191406 -105.81103330133278
2022.197143554688 -101.296348571777 -104.29447014167162
2022.22998046875 -104.638542175293 -103.8742944673905
2022.262817382812 -95.866088867188 -103.60898668142809
2022.295654296875 -102.012794494629 -103.99920372267432
2022.328491210938 -97.03303527832 -105.4687917259061
2022.394287109375 -117.46118927002 -108.65111958957354
2022.558471679688 -119.921905517578 -111.5501271663182
2022.591430664062 -95.520095825195 -112.15477367194747
2022.68994140625 -127.891265869141 -116.98034437855326
2022.722778320312 -131.836883544922 -119.65685586382733
2022.821411132812 -118.294456481934 -120.48802737558961
2022.854248046875 -122.405769348145 -119.94719088866286
2022.887084960938 -117.879356384277 -119.37862019625287
2022.919921875 -120.820556640625 -118.88817641407877
2022.952758789062 -121.862983703613 -118.40270066806414
2022.985595703125 -117.53783416748 -117.95585789321922
2023.019165039062 -115.940673828125 -117.61245557091407
2023.052001953125 -115.304351806641 -117.26505977559422
2023.084838867188 -114.482864379883 -117.0776089522601
2023.11767578125 -116.916061401367 -117.02246916135363
2023.150634765625 -113.912811279297 -116.87331431045787
2023.183471679688 -117.050743103027 -116.80638548363169
2023.21630859375 -107.69465637207 -116.73810682889753
2023.249145507812 -111.633842468262 -116.67710716511515
2023.281982421875 -114.713455200195 -116.62781007730534
2023.314819335938 -118.981132507324 -116.59370146472135
2023.34765625 -119.065879821777 -116.57745309638509
2023.380615234375 -119.150169372559 -116.57912546907372
2023.413452148438 -113.874420166016 -116.59609689320094
2023.4462890625 -130.300750732422 -116.62431676190172
2023.57763671875 -135.691253662109 -116.81024286788872
