2014.804931640625 -0.0 -15.079947068053965
2014.837768554688 -26.313852310181 -16.116883471169647
2014.903442382812 -17.900314331055 -18.18323589990787
2014.96923828125 -18.202171325684 -20.242349075902226
2015.03564453125 6.40141582489 -22.30817210508303
2015.101318359375 -27.79772567749 -24.338514160780996
2015.265625 18.164237976074 -29.359635268095218
2015.331298828125 -44.251438140869 -31.341023485777608
2015.39697265625 -57.478046417236 -33.306970739544106
2016.021850585938 -26.27467918396 -62.868025716403466
2016.1533203125 -62.436725616455 -63.30444577941864
2016.350463867188 -65.864570617676 -60.54623693044484
2016.416137695312 -68.943260192871 -59.75930528700522
2016.547607421875 -57.583099365234 -58.201812729184134
2016.744750976562 -62.600624084473 -55.42206733837669
2016.777587890625 -52.448623657227 -55.03515631452856
2016.810424804688 -50.362773895264 -54.71511552006834
2016.84326171875 -52.530265808105 -54.51874822896312
2016.876098632812 -56.741081237793 -54.44785021542026
2016.908935546875 -54.691879272461 -54.44147747436176
2016.941772460938 -54.460845947266 -54.428344641678976
2016.974731445312 -52.371410369873 -54.554507441261364
2017.005493164062 -53.985027313232 -54.73155987503104
2017.038330078125 -54.685752868652 -54.917975340399046
2017.071166992188 -54.550514221191 -55.12367396040781
2017.10400390625 -54.96800994873 -55.393883107618834
2017.136840820312 -56.847194671631 -55.77882570099321
2017.169799804688 -58.064548492432 -56.27383663761922
2017.20263671875 -57.207500457764 -56.89073854007719
2017.235473632812 -54.361011505127 -57.58632928634232
2017.268310546875 -50.532157897949 -58.33051587338987
2017.301147460938 -56.254470825195 -59.103542559267204
2017.333984375 -54.206005096436 -59.87466842833587
2017.366821289062 -67.781852722168 -60.63678524004378
2017.399780273438 -66.07918548584 -61.39767206733667
2017.4326171875 -61.83570098877 -62.13912869207966
2017.498291015625 -66.991401672363 -63.56864309756791
2017.531127929688 -58.198101043701 -64.22096946240316
2017.56396484375 -68.040351867676 -64.72666408361582
2017.596801757812 -68.711143493652 -65.02168142131447
2017.629760742188 -65.854866027832 -65.10091318563943
2017.66259765625 -68.121376037598 -64.96473202497114
2017.695434570312 -68.501762390137 -64.67149821808806
2017.728271484375 -64.108665466309 -64.25272043133647
2017.761108398438 -63.238262176514 -63.69500321215555
2017.7939453125 -61.966358184814 -63.01562380870317
2017.826782226562 -63.812507629395 -62.26719317669169
2017.859741210938 -62.588874816895 -61.464782727562024
2017.892578125 -60.139915466309 -60.646392510097584
2017.925415039062 -58.80797958374 -59.851144877410654
2017.958251953125 -59.341541290283 -59.10295361315653
2017.991088867188 -57.140502929688 -58.436325189931935
2018.024658203125 -56.584095001221 -57.882560768288165
2018.057495117188 -56.173534393311 -57.501223105634445
2018.09033203125 -56.693260192871 -57.313911155474685
2018.123168945312 -55.606410980225 -57.35399082311075
2018.156005859375 -52.210803985596 -57.63273814579725
2018.18896484375 -57.112121582031 -58.13588967978113
2018.221801757812 -54.433353424072 -58.84619783779685
2018.254638671875 -54.4677734375 -59.76150022224875
2018.287475585938 -58.247589111328 -60.87527385497168
2018.3203125 -59.134048461914 -62.17136577358233
2018.353149414062 -61.19522857666 -63.653749494075
2018.385986328125 -64.740753173828 -65.31591421762818
2018.4189453125 -67.402526855469 -67.13326814033202
2018.451782226562 -70.212074279785 -68.99605214421696
2018.484619140625 -69.918228149414 -70.7917449256357
2018.517456054688 -78.036773681641 -72.45941226413532
2018.55029296875 -75.950164794922 -73.98071743309079
2018.583129882812 -77.696174621582 -75.34138312771368
2018.615966796875 -90.029594421387 -76.5465962792726
2018.64892578125 -80.864295959473 -77.59681794225536
2018.681762695312 -81.697402954102 -78.48429035116723
2018.714599609375 -84.469596862793 -79.20209095045047
2018.747436523438 -80.853706359863 -79.73300974891166
2018.7802734375 -77.880859375 -80.08164097976218
2018.813110351562 -83.200988769531 -80.20295531164025
2018.845947265625 -80.372573852539 -80.20337825109823
2018.87890625 -80.800254821777 -80.00310194897267
2018.911743164062 -80.448806762695 -79.66640140383564
2018.944580078125 -79.158798217773 -79.32837014169313
2018.977416992188 -79.225143432617 -78.99158056470404
2019.010986328125 -77.381988525391 -78.65383754403982
2019.043823242188 -78.28751373291 -78.27043942882865
2019.109497070312 -77.341316223145 -77.49606086831801
2019.1259765625 -77.19588470459 -77.30951106428172
2019.142333984375 -76.360176086426 -77.16020671263688
2019.175170898438 -77.279502868652 -76.88779950389035
2019.191650390625 -75.98900604248 -76.77170774624102
2019.208129882812 -79.238410949707 -76.66772118046062
2019.224487304688 -76.90616607666 -76.56176751878542
2019.240966796875 -75.123023986816 -76.49457897401555
2019.25732421875 -75.921585083008 -76.47653737340083
2019.273803710938 -75.901908874512 -76.4257062070397
2019.290161132812 -75.545280456543 -76.38116247721717
2019.306640625 -76.327995300293 -76.51883414217544
2019.323120117188 -75.584259033203 -76.78424918610811
2019.339477539062 -77.092666625977 -77.16174852876972
2019.35595703125 -75.98454284668 -77.63063365996945
2019.372314453125 -75.112342834473 -78.15240965330511
2019.388793945312 -76.003479003906 -78.72414639100634
2019.405151367188 -77.244415283203 -79.39692862614486
2019.421630859375 -80.259162902832 -80.05138350292263
2019.438110351562 -85.464622497559 -80.76270005005361
2019.454467773438 -82.19864654541 -81.51101667021639
2019.470947265625 -84.118156433105 -82.28972890972543
2019.4873046875 -85.790908813477 -83.07851679280604
2019.503784179688 -77.697456359863 -83.79855922361047
2019.520141601562 -79.966445922852 -84.54386414720392
2019.53662109375 -86.809776306152 -85.26805302795137
2019.569458007812 -88.365112304688 -86.62448807035356
2019.602294921875 -99.227607727051 -87.90680031843235
2019.618774414062 -86.291786193848 -88.51719721733042
2019.635131835938 -90.622375488281 -89.11122528107043
2019.651611328125 -93.570388793945 -89.68125578448192
2019.668090820312 -86.456825256348 -90.2534263171522
2019.71728515625 -92.823532104492 -91.60817307099863
2019.733764648438 -92.237907409668 -91.96196461960787
2019.750122070312 -95.531097412109 -92.0852825049626
2019.7666015625 -94.178581237793 -92.29439608038298
2019.799438476562 -92.090835571289 -92.40818715256526
2019.832275390625 -97.237564086914 -92.51104909460454
2019.865112304688 -93.406097412109 -92.55741970046158
2019.898071289062 -93.062911987305 -92.56511706785389
2019.930908203125 -91.589744567871 -92.53067045135792
2019.963745117188 -89.920753479004 -92.53839647325368
2019.99658203125 -91.817810058594 -92.61949322379199
2020.030151367188 -90.328880310059 -92.59136544201327
2020.06298828125 -92.180015563965 -92.89850633489533
2020.095825195312 -93.219390869141 -93.25025266397053
2020.128662109375 -93.11408996582 -93.75896437382939
2020.161499023438 -91.17357635498 -94.43538935076441
2020.177978515625 -94.189918518066 -94.9123581458763
2020.1943359375 -93.704429626465 -95.25652895027206
2020.227294921875 -95.166259765625 -96.19516144396853
2020.260131835938 -98.353713989258 -97.2167427682632
2020.29296875 -99.436393737793 -98.27872391525315
2020.325805664062 -98.429061889648 -99.41455915515466
2020.358642578125 -98.495010375977 -100.54419386777369
2020.391479492188 -103.530342102051 -101.63048061672701
2020.42431640625 -103.206909179688 -102.67614785421735
2020.457275390625 -104.659332275391 -103.58728660374925
2020.490112304688 -115.90453338623 -104.35934668231549
2020.52294921875 -106.576873779297 -105.07779943544578
2020.555786132812 -105.588310241699 -105.7770923777599
2020.572265625 -123.861145019531 -106.00911961656836
2020.588623046875 -116.152572631836 -106.18924956344223
2020.605102539062 -105.44750213623 -106.54362108130952
2020.621459960938 -122.701171875 -106.65743237088361
2020.654296875 -112.72306060791 -106.97394653624858
2020.687255859375 -102.168395996094 -107.15118848992884
2020.70361328125 -106.011207580566 -107.25411802561223
2020.720092773438 -110.020095825195 -107.19168617648549
2020.7529296875 -108.90699005127 -107.13502732069875
2020.785766601562 -111.508193969727 -107.00586093441665
2020.818603515625 -105.500022888184 -106.82667751815522
2020.851440429688 -103.07048034668 -106.59248639419677
2020.917236328125 -106.205322265625 -106.11828684717682
2020.950073242188 -106.04468536377 -106.00697666768109
2020.98291015625 -106.234680175781 -105.98973277471428
2021.013671875 -105.073989868164 -105.90040484341634
2021.046508789062 -101.415046691895 -106.04472096309631
2021.079345703125 -105.689453125 -106.51981334775337
2021.1123046875 -104.32975769043 -107.06570669170048
2021.145141601562 -107.177703857422 -107.76220807835577
2021.177978515625 -107.200912475586 -108.58122565658182
2021.210815429688 -107.492385864258 -109.50812847703733
2021.24365234375 -105.762023925781 -110.36328840736591
2021.276489257812 -112.045722961426 -111.6196218736813
2021.309326171875 -115.129333496094 -113.04970585854228
2021.34228515625 -112.790863037109 -114.62962295200218
2021.358642578125 -113.640441894531 -115.46345161446965
2021.391479492188 -121.387153625488 -117.0174696582446
2021.407958984375 -112.506942749023 -117.69056382062834
2021.440795898438 -116.821548461914 -118.9911235691877
2021.4736328125 -122.423271179199 -120.09115129725618
2021.506469726562 -130.267700195312 -121.01434768814333
2021.539306640625 -128.896835327148 -121.81540709524124
2021.572265625 -141.274917602539 -122.25489817013977
2021.605102539062 -133.073547363281 -123.02560777194637
2021.637939453125 -127.213768005371 -123.70983774315688
2021.670776367188 -125.850967407227 -124.25958388890514
2021.736450195312 -125.641044616699 -124.51688773403991
2021.769287109375 -125.729553222656 -124.57649115968111
2021.80224609375 -124.564643859863 -124.38586768623892
2021.835083007812 -121.64298248291 -124.14809555335285
2021.867919921875 -128.826553344727 -123.83103164039036
2021.966430664062 -120.096755981445 -122.91188259777265
2022.0 -118.536735534668 -122.63045525453563
2022.065673828125 -128.42919921875 -122.04160647935262
2022.098510742188 -121.730712890625 -121.79248751755708
2022.197143554688 -115.070991516113 -121.11954235078467
2022.22998046875 -123.317771911621 -120.96244518207331
2022.262817382812 -110.648612976074 -120.88638305514561
2022.295654296875 -119.960708618164 -121.0369832152923
2022.328491210938 -112.628890991211 -121.48857865233258
2022.394287109375 -132.575576782227 -122.30092656439737
2022.558471679688 -134.47444152832 -122.88851881344783
2022.591430664062 -108.324127197266 -123.06532083779325
2022.68994140625 -145.083938598633 -125.20245141460532
2022.722778320312 -142.468505859375 -126.95486996176395
2022.821411132812 -124.470848083496 -126.7044417407898
2022.854248046875 -126.073211669922 -125.78928646797637
2022.887084960938 -124.304649353027 -124.80929819554048
2022.919921875 -125.871795654297 -123.846023790866
2022.952758789062 -125.901313781738 -122.88872991318497
2022.985595703125 -122.630554199219 -121.9456338858027
2023.019165039062 -119.150581359863 -121.05927136066313
2023.052001953125 -118.782608032227 -120.19164690631351
2023.084838867188 -117.902275085449 -119.47707870826717
2023.11767578125 -118.76481628418 -118.99403908470451
2023.150634765625 -117.371360778809 -118.41207515558503
2023.183471679688 -116.603668212891 -117.96950004011136
2023.21630859375 -109.65047454834 -117.52025813811645
2023.249145507812 -110.137733459473 -117.07189411681746
2023.281982421875 -113.501564025879 -116.62986277196356
2023.314819335938 -116.968269348145 -116.19885256713732
2023.34765625 -115.60863494873 -115.7831978931172
2023.380615234375 -119.886070251465 -115.38446909793196
2023.413452148438 -114.229476928711 -115.0073652971339
2023.4462890625 -117.902709960938 -114.65008742336941
2023.57763671875 -145.682525634766 -113.38993273503945
