2014.804931640625 0.0 8.523757361942264
2014.837768554688 16.242599487305 7.914031369507688
2014.903442382812 8.692041397095 6.697549371173947
2014.96923828125 5.603141307831 5.483083656497361
2015.03564453125 2.995349884033 4.261628949445731
2015.101318359375 -2.723316907883 3.0577129474747724
2015.265625 5.817221164703 0.06480012900576172
2015.331298828125 5.630746364594 -1.123163194517395
2015.39697265625 -16.356744766235 -2.306184498660769
2016.021850585938 -15.795793533325 -15.970338273968299
2016.1533203125 -16.557514190674 -16.515117972074503
2016.350463867188 -17.696056365967 -17.157790436464953
2016.416137695312 -33.407238006592 -17.387221211516234
2016.547607421875 -9.447925567627 -17.85399897662781
2016.744750976562 -18.102499008179 -18.283310923364258
2016.777587890625 -16.706411361694 -18.32016794429929
2016.810424804688 -20.629043579102 -18.392572729160754
2016.84326171875 -19.127143859863 -18.60473300327829
2016.876098632812 -19.401544570923 -18.86593179687507
2016.908935546875 -18.301099777222 -19.16448662954006
2016.941772460938 -18.458164215088 -19.48420148820031
2016.974731445312 -18.302864074707 -19.811257161904315
2017.005493164062 -20.466438293457 -20.163905761909437
2017.038330078125 -20.68229675293 -20.507068870057374
2017.071166992188 -19.724248886108 -20.85185843916012
2017.10400390625 -20.798151016235 -21.30155845269065
2017.136840820312 -20.985109329224 -21.80347527226124
2017.169799804688 -22.297740936279 -22.345385589883822
2017.20263671875 -22.477991104126 -22.930209854358804
2017.235473632812 -22.824636459351 -23.556110876540423
2017.268310546875 -25.603172302246 -24.204943750481807
2017.301147460938 -24.457601547241 -24.84683961190447
2017.333984375 -25.608249664307 -25.45623824033435
2017.366821289062 -25.113372802734 -26.017457828954562
2017.399780273438 -27.893367767334 -26.527005361532197
2017.4326171875 -27.127401351929 -26.991074774251885
2017.498291015625 -30.964473724365 -27.893230085799036
2017.531127929688 -31.03900718689 -28.362964199997446
2017.56396484375 -28.988035202026 -28.84242637164351
2017.596801757812 -28.342807769775 -29.321787234212835
2017.629760742188 -26.034717559814 -29.792599265946134
2017.66259765625 -29.256967544556 -30.233108984938262
2017.695434570312 -26.978097915649 -30.64253521986932
2017.728271484375 -30.93438911438 -31.03360471114664
2017.761108398438 -32.267105102539 -31.42295875634376
2017.7939453125 -32.78137588501 -31.812506374847963
2017.826782226562 -32.576770782471 -32.20154520538334
2017.859741210938 -33.41773223877 -32.58681240393978
2017.892578125 -33.662887573242 -32.935969980241424
2017.925415039062 -34.962928771973 -33.22039544926997
2017.958251953125 -33.379062652588 -33.43364577831319
2017.991088867188 -33.993312835693 -33.586829652461226
2018.024658203125 -34.15287399292 -33.69427199537643
2018.057495117188 -34.174278259277 -33.769305715581304
2018.09033203125 -34.036029815674 -33.84254882697248
2018.123168945312 -34.066440582275 -33.943187939242286
2018.156005859375 -31.8030128479 -34.09447730301401
2018.18896484375 -34.051570892334 -34.31581614942732
2018.221801757812 -32.933044433594 -34.62842315986359
2018.254638671875 -34.908626556396 -35.047464073372836
2018.287475585938 -33.197845458984 -35.5682526284969
2018.3203125 -34.31770324707 -36.17092979874723
2018.353149414062 -29.663156509399 -36.85563657568565
2018.385986328125 -37.217376708984 -37.62391626272053
2018.4189453125 -36.711235046387 -38.47561877764876
2018.451782226562 -37.88293838501 -39.39911766071032
2018.484619140625 -43.733955383301 -40.38911606369479
2018.517456054688 -40.518127441406 -41.44119123197361
2018.55029296875 -44.525455474854 -42.5534959176873
2018.583129882812 -42.963985443115 -43.698366952497295
2018.615966796875 -43.393169403076 -44.83654221013681
2018.64892578125 -46.86296081543 -45.93965186242674
2018.681762695312 -48.371395111084 -46.991617005905844
2018.714599609375 -36.940948486328 -47.99846201958306
2018.747436523438 -48.558052062988 -48.95970262707483
2018.7802734375 -50.730201721191 -49.88586565102214
2018.813110351562 -53.257526397705 -50.77916173775194
2018.845947265625 -53.814655303955 -51.69253118434456
2018.87890625 -51.986812591553 -52.57385293651094
2018.911743164062 -52.919757843018 -53.359998739734245
2018.944580078125 -54.188652038574 -54.10294123718051
2018.977416992188 -54.174121856689 -54.813347845132384
2019.010986328125 -54.974975585938 -55.53231309364779
2019.043823242188 -56.278282165527 -56.20350980212998
2019.109497070312 -57.972229003906 -57.75720842700098
2019.1259765625 -57.821147918701 -58.16191667550952
2019.142333984375 -58.563999176025 -58.59441295535738
2019.175170898438 -59.523403167725 -59.48299097435446
2019.191650390625 -59.583251953125 -59.96988503383224
2019.208129882812 -59.964221954346 -60.48244002768274
2019.224487304688 -60.288280487061 -60.98023015592308
2019.240966796875 -61.29313659668 -61.5487711782458
2019.25732421875 -61.472385406494 -62.14237736442803
2019.273803710938 -62.338245391846 -62.715911136185575
2019.290161132812 -63.23600769043 -63.313727347746166
2019.306640625 -63.739353179932 -64.01284421798225
2019.323120117188 -64.4736328125 -64.76210327606921
2019.339477539062 -66.545768737793 -65.54931855436963
2019.35595703125 -64.254447937012 -66.3741325263336
2019.372314453125 -67.539527893066 -67.21301235080803
2019.388793945312 -68.071510314941 -68.08111827368803
2019.405151367188 -65.198753356934 -69.00332685583713
2019.421630859375 -69.222290039062 -69.9131552881418
2019.438110351562 -71.010047912598 -70.84283820972783
2019.454467773438 -72.18293762207 -71.79207749311695
2019.470947265625 -72.927680969238 -72.77873880814208
2019.4873046875 -75.248405456543 -73.78089316252711
2019.503784179688 -72.227882385254 -74.80210990113923
2019.520141601562 -70.416061401367 -75.8015123354394
2019.53662109375 -77.901504516602 -76.79722863794335
2019.569458007812 -78.397010803223 -78.66240453625261
2019.602294921875 -74.023910522461 -80.24411952000806
2019.618774414062 -82.073883056641 -81.06083929889303
2019.635131835938 -83.41593170166 -81.86191308406856
2019.651611328125 -83.936508178711 -82.56822206761913
2019.668090820312 -84.2353515625 -83.34042826058449
2019.71728515625 -86.398696899414 -85.3212491414764
2019.733764648438 -84.446563720703 -85.91939682374682
2019.750122070312 -87.342590332031 -86.41828382534122
2019.7666015625 -85.994201660156 -86.94560886865362
2019.799438476562 -87.961639404297 -87.85101096024015
2019.832275390625 -92.120529174805 -88.69018933755976
2019.865112304688 -90.073432922363 -89.43125844783113
2019.898071289062 -90.547996520996 -90.09944856376454
2019.930908203125 -91.684394836426 -90.66158112304102
2019.963745117188 -92.206039428711 -91.04800876271742
2019.99658203125 -92.449142456055 -91.35594902654748
2020.030151367188 -92.471412658691 -91.76931566986394
2020.06298828125 -92.410087585449 -91.86445174599065
2020.095825195312 -92.023300170898 -91.93316713701307
2020.128662109375 -93.233291625977 -91.96302179099746
2020.161499023438 -91.681938171387 -91.9922976722702
2020.177978515625 -92.389419555664 -92.01823150681349
2020.1943359375 -92.350807189941 -92.02249812965849
2020.227294921875 -91.034217834473 -92.07499966592147
2020.260131835938 -89.930793762207 -92.18468564520016
2020.29296875 -90.815559387207 -92.31170802939812
2020.325805664062 -91.820518493652 -92.52555477666469
2020.358642578125 -92.364624023438 -93.00049975060489
2020.391479492188 -93.352897644043 -93.6440941397411
2020.42431640625 -93.766792297363 -94.42055686968838
2020.457275390625 -90.408462524414 -95.41947083876197
2020.490112304688 -94.287902832031 -96.64822286874193
2020.52294921875 -96.528717041016 -97.99930193122944
2020.555786132812 -96.196640014648 -99.42166761098662
2020.572265625 -95.14762878418 -100.27390038952002
2020.588623046875 -99.929046630859 -101.12328770612719
2020.605102539062 -101.684722900391 -101.81052373864146
2020.621459960938 -106.750694274902 -102.69078839684461
2020.654296875 -101.989952087402 -104.35006456602925
2020.687255859375 -108.778709411621 -106.0495176986919
2020.70361328125 -108.473388671875 -106.94128363491838
2020.720092773438 -108.57878112793 -107.67453872398586
2020.7529296875 -109.26383972168 -109.17790415019087
2020.785766601562 -112.53360748291 -110.57203972133055
2020.818603515625 -113.513732910156 -111.8744169678074
2020.851440429688 -115.287742614746 -113.0833330705746
2020.917236328125 -115.682998657227 -115.20447215858238
2020.950073242188 -116.052505493164 -116.1048845051945
2020.98291015625 -117.324211120605 -116.96696487453055
2021.013671875 -117.542152404785 -117.79070843153261
2021.046508789062 -119.007652282715 -118.5843679147427
2021.079345703125 -119.33617401123 -119.36302747585327
2021.1123046875 -119.522911071777 -120.1366027509389
2021.145141601562 -120.714202880859 -120.90631906531165
2021.177978515625 -121.272720336914 -121.67710321333988
2021.210815429688 -125.081733703613 -122.4499970719427
2021.24365234375 -120.648803710938 -123.22783634384945
2021.276489257812 -123.567527770996 -124.01829232080043
2021.309326171875 -125.322822570801 -124.8370352638199
2021.34228515625 -126.622001647949 -125.70384389569527
2021.358642578125 -127.090469360352 -126.1944271363015
2021.391479492188 -124.827430725098 -127.14804379356575
2021.407958984375 -127.431701660156 -127.63878893296403
2021.440795898438 -125.424530029297 -128.58058859274598
2021.4736328125 -124.405708312988 -129.4985303754
2021.506469726562 -142.106719970703 -130.39765975585146
2021.539306640625 -134.631942749023 -131.29193338865522
2021.572265625 -128.101333618164 -132.2113608169578
2021.605102539062 -140.937286376953 -133.14922451253182
2021.637939453125 -136.307418823242 -134.10128973173607
2021.670776367188 -132.985916137695 -135.07479867985606
2021.736450195312 -137.675903320312 -137.07389623717177
2021.769287109375 -136.337997436523 -138.07339050586444
2021.80224609375 -138.985748291016 -139.0650943705602
2021.835083007812 -138.382873535156 -140.04220189803672
2021.867919921875 -142.29052734375 -141.03018822265182
2021.966430664062 -144.88215637207 -143.9188191849569
2022.0 -145.161560058594 -144.8478158248851
2022.065673828125 -146.790863037109 -146.70410894204284
2022.098510742188 -147.903823852539 -147.58915072968014
2022.197143554688 -150.799514770508 -150.25952785759512
2022.22998046875 -154.268905639648 -151.11399359510634
2022.262817382812 -152.961975097656 -151.93571151081406
2022.295654296875 -152.06999206543 -152.71799144896187
2022.328491210938 -152.668960571289 -153.45717483618094
2022.394287109375 -154.412796020508 -154.85663589334223
2022.558471679688 -160.011047363281 -158.49958581560597
2022.591430664062 -168.791213989258 -159.20534231935173
2022.68994140625 -149.242065429688 -161.54973542952635
2022.722778320312 -160.921783447266 -162.3595828465845
2022.821411132812 -163.453842163086 -164.94462906296317
2022.854248046875 -164.351150512695 -166.07932892219455
2022.887084960938 -164.518051147461 -167.41070941203688
2022.919921875 -166.399703979492 -168.71046745665146
2022.952758789062 -168.217666625977 -170.2591233506914
2022.985595703125 -170.352157592773 -172.3290961491511
2023.019165039062 -173.072219848633 -174.67483109882915
2023.052001953125 -174.95426940918 -176.8943803041387
2023.084838867188 -178.538543701172 -179.53703447933768
2023.11767578125 -181.305801391602 -182.5079878271293
2023.150634765625 -182.407501220703 -185.33840791391924
2023.183471679688 -187.425399780273 -188.35076780069852
2023.21630859375 -185.565841674805 -191.36751893004325
2023.249145507812 -185.827026367188 -194.3949089634775
2023.281982421875 -195.97395324707 -197.43500698378847
2023.314819335938 -202.859313964844 -200.48840756597883
2023.34765625 -202.914810180664 -203.55550675214863
2023.380615234375 -205.661285400391 -206.64731727489973
2023.413452148438 -211.212921142578 -209.740721171193
2023.4462890625 -214.895950317383 -212.84731963137494
2023.57763671875 -256.726531982422 -225.38299852703784
