2014.804931640625 0.0 0.0
2014.837768554688  
2014.903442382812  
2014.96923828125  
2015.03564453125  
2015.101318359375  
2015.265625  
2015.331298828125  
2015.39697265625  
2016.021850585938  
2016.1533203125  
2016.350463867188  
2016.416137695312  
2016.547607421875  
2016.744750976562  
2016.777587890625  
2016.810424804688  
2016.84326171875  
2016.876098632812  
2016.908935546875  
2016.941772460938  
2016.974731445312  
2017.005493164062  
2017.038330078125  
2017.071166992188  
2017.10400390625  
2017.136840820312  
2017.169799804688  
2017.20263671875  
2017.235473632812  
2017.268310546875  
2017.301147460938  
2017.333984375  
2017.366821289062  
2017.399780273438  
2017.4326171875  
2017.498291015625  
2017.531127929688  
2017.56396484375  
2017.596801757812  
2017.629760742188  
2017.66259765625  
2017.695434570312  
2017.728271484375  
2017.761108398438  
2017.7939453125  
2017.826782226562  
2017.859741210938  
2017.892578125  
2017.925415039062  
2017.958251953125  
2017.991088867188  
2018.024658203125  
2018.057495117188  
2018.09033203125  
2018.123168945312  
2018.156005859375  
2018.18896484375  
2018.221801757812  
2018.254638671875  
2018.287475585938  
2018.3203125  
2018.353149414062  
2018.385986328125  
2018.4189453125  
2018.451782226562  
2018.484619140625  
2018.517456054688  
2018.55029296875  
2018.583129882812  
2018.615966796875  
2018.64892578125  
2018.681762695312  
2018.714599609375  
2018.747436523438  
2018.7802734375  
2018.813110351562  
2018.845947265625  
2018.87890625  
2018.911743164062  
2018.944580078125  
2018.977416992188  
2019.010986328125  
2019.043823242188  
2019.109497070312  
2019.1259765625  
2019.142333984375  
2019.175170898438  
2019.191650390625  
2019.208129882812  
2019.224487304688  
2019.240966796875  
2019.25732421875  
2019.273803710938  
2019.290161132812  
2019.306640625  
2019.323120117188  
2019.339477539062  
2019.35595703125  
2019.372314453125  
2019.388793945312  
2019.405151367188  
2019.421630859375  
2019.438110351562  
2019.454467773438  
2019.470947265625  
2019.4873046875  
2019.503784179688  
2019.520141601562  
2019.53662109375  
2019.569458007812  
2019.602294921875  
2019.618774414062  
2019.635131835938  
2019.651611328125  
2019.668090820312  
2019.71728515625  
2019.733764648438  
2019.750122070312  
2019.7666015625  
2019.799438476562  
2019.832275390625  
2019.865112304688  
2019.898071289062  
2019.930908203125  
2019.963745117188  
2019.99658203125  
2020.030151367188  
2020.06298828125  
2020.095825195312  
2020.128662109375  
2020.161499023438  
2020.177978515625  
2020.1943359375  
2020.227294921875  
2020.260131835938  
2020.29296875  
2020.325805664062  
2020.358642578125  
2020.391479492188  
2020.42431640625  
2020.457275390625  
2020.490112304688  
2020.52294921875  
2020.555786132812  
2020.572265625  
2020.588623046875  
2020.605102539062  
2020.621459960938  
2020.654296875  
2020.687255859375  
2020.70361328125  
2020.720092773438  
2020.7529296875  
2020.785766601562  
2020.818603515625  
2020.851440429688  
2020.917236328125  
2020.950073242188  
2020.98291015625  
2021.013671875  
2021.046508789062  
2021.079345703125  
2021.1123046875  
2021.145141601562  
2021.177978515625  
2021.210815429688  
2021.24365234375  
2021.276489257812  
2021.309326171875  
2021.34228515625  
2021.358642578125  
2021.391479492188  
2021.407958984375  
2021.440795898438  
2021.4736328125  
2021.506469726562  
2021.539306640625  
2021.572265625  
2021.605102539062  
2021.637939453125  
2021.670776367188  
2021.736450195312  
2021.769287109375  
2021.80224609375  
2021.835083007812  
2021.867919921875  
2021.966430664062  
2022.0  
2022.065673828125  
2022.098510742188  
2022.197143554688  
2022.22998046875  
2022.262817382812  
2022.295654296875  
2022.328491210938  
2022.394287109375  
2022.558471679688  
2022.591430664062  
2022.68994140625  
2022.722778320312  
2022.821411132812  
2022.854248046875  
2022.887084960938  
2022.919921875  
2022.952758789062  
2022.985595703125  
2023.019165039062  
2023.052001953125  
2023.084838867188  
2023.11767578125  
2023.150634765625  
2023.183471679688  
2023.21630859375  
2023.249145507812  
2023.281982421875  
2023.314819335938  
2023.34765625  
2023.380615234375  
2023.413452148438  
2023.4462890625  
2023.57763671875  
