2014.804931640625 0.0 8.117808252874312
2014.837768554688 8.892803192139 5.866259670821436
2014.903442382812 2.408774137497 1.3638922658512196
2014.96923828125 -3.372993946075 -3.146083803200773
2015.03564453125 -9.061720848083 -7.697586840252711
2015.101318359375 -16.08185005188 -12.199015445523939
2015.265625 -21.935972213745 -23.46198014180902
2015.331298828125 -28.364318847656 -27.963862647710965
2015.39697265625 -32.465484619141 -32.46563813441764
2016.021850585938 -75.931480407715 -75.1523109587731
2016.1533203125 -82.075729370117 -84.14966766631416
2016.350463867188 -99.677406311035 -97.51571965076752
2016.416137695312 -100.600051879883 -101.78379949127783
2016.547607421875 -113.013229370117 -110.44687052855562
2016.744750976562 -130.184036254883 -123.29060980233402
2016.777587890625 -128.573135375977 -125.386731072547
2016.810424804688 -128.95166015625 -127.56081326271051
2016.84326171875 -131.283264160156 -129.64858332399416
2016.876098632812 -131.542861938477 -131.36946596938097
2016.908935546875 -132.967376708984 -133.00722271261372
2016.941772460938 -133.384994506836 -134.67686107836568
2016.974731445312 -134.611145019531 -136.32448683299833
2017.005493164062 -136.950164794922 -137.93964828772113
2017.038330078125 -139.744415283203 -139.6314717957141
2017.071166992188 -139.970413208008 -141.33430677392658
2017.10400390625 -142.465957641602 -143.24103145861596
2017.136840820312 -143.814208984375 -145.26168212890786
2017.169799804688 -145.6953125 -147.36695156365985
2017.20263671875 -148.571792602539 -149.5588814764381
2017.235473632812 -150.662826538086 -151.83841231354614
2017.268310546875 -154.280944824219 -154.19140335234695
2017.301147460938 -155.526565551758 -156.6026270683229
2017.333984375 -158.906127929688 -159.0640908314811
2017.366821289062 -161.516677856445 -161.56061902495185
2017.399780273438 -164.636001586914 -164.07268558369927
2017.4326171875 -168.162063598633 -166.54421798488065
2017.498291015625 -171.077743530273 -171.32675814356682
2017.531127929688 -174.03434753418 -173.63764792409168
2017.56396484375 -177.159713745117 -175.90788355729342
2017.596801757812 -180.103164672852 -178.1356834285056
2017.629760742188 -182.515396118164 -180.32071568357375
2017.66259765625 -182.775421142578 -182.43309726221437
2017.695434570312 -181.450942993164 -184.47864955448347
2017.728271484375 -184.418502807617 -186.45675796962365
2017.761108398438 -189.536865234375 -188.38197955057242
2017.7939453125 -191.36344909668 -190.2714711454913
2017.826782226562 -192.503570556641 -192.1301423339042
2017.859741210938 -195.158828735352 -193.96142599870313
2017.892578125 -195.539489746094 -195.7607960494431
2017.925415039062 -197.461578369141 -197.545872330412
2017.958251953125 -199.325210571289 -199.31944405344484
2017.991088867188 -201.008453369141 -201.08054778808412
2018.024658203125 -202.674911499023 -202.87181989974596
2018.057495117188 -204.981048583984 -204.62828400849935
2018.09033203125 -206.495666503906 -206.41782072315598
2018.123168945312 -208.041900634766 -208.2782386544634
2018.156005859375 -208.569580078125 -210.22730188568826
2018.18896484375 -211.430099487305 -212.27508009771228
2018.221801757812 -212.708587646484 -214.39910399872744
2018.254638671875 -215.977508544922 -216.5830302136311
2018.287475585938 -217.311859130859 -218.80917433907038
2018.3203125 -219.895736694336 -221.07098828312655
2018.353149414062 -221.049102783203 -223.37495615917885
2018.385986328125 -228.532592773438 -225.72872902990235
2018.4189453125 -229.150573730469 -228.1381519284145
2018.451782226562 -229.969467163086 -230.5609484756439
2018.484619140625 -234.928375244141 -232.9768315530944
2018.517456054688 -236.069717407227 -235.36726589700433
2018.55029296875 -237.1669921875 -237.71925037342174
2018.583129882812 -239.922409057617 -240.0089147021981
2018.615966796875 -242.927001953125 -242.21846810853572
2018.64892578125 -246.00569152832 -244.34890481934474
2018.681762695312 -248.335205078125 -246.39275444253502
2018.714599609375 -245.058303833008 -248.37359431761587
2018.747436523438 -250.263717651367 -250.30551944665157
2018.7802734375 -253.149505615234 -252.1994248606084
2018.813110351562 -255.861801147461 -254.043531391803
2018.845947265625 -257.376770019531 -255.89026874863706
2018.87890625 -257.645355224609 -257.66751986023803
2018.911743164062 -259.219360351562 -259.3513800960037
2018.944580078125 -260.916625976562 -261.0185582132
2018.977416992188 -262.076721191406 -262.6622241402109
2019.010986328125 -263.864379882812 -264.31834842983073
2019.043823242188 -265.833770751953 -265.9053804613002
2019.109497070312 -269.57958984375 -269.2536965072897
2019.1259765625 -270.042083740234 -270.1091663802531
2019.142333984375 -270.552703857422 -270.9952217652492
2019.175170898438 -272.610046386719 -272.79214410948305
2019.191650390625 -273.498229980469 -273.7352579336355
2019.208129882812 -273.453033447266 -274.70676345292975
2019.224487304688 -275.506072998047 -275.6591509345125
2019.240966796875 -276.969055175781 -276.68973092793465
2019.25732421875 -277.012023925781 -277.73472769993396
2019.273803710938 -278.304382324219 -278.7664655019148
2019.290161132812 -279.385833740234 -279.8215038211206
2019.306640625 -280.85107421875 -280.93083092986393
2019.323120117188 -281.890869140625 -282.0347072051842
2019.339477539062 -283.341217041016 -283.12105760710256
2019.35595703125 -284.153564453125 -284.2095343083987
2019.372314453125 -287.332061767578 -285.2852612607474
2019.388793945312 -286.982391357422 -286.3715509179436
2019.405151367188 -287.530242919922 -287.4683960691004
2019.421630859375 -287.908752441406 -288.59155029038556
2019.438110351562 -290.151123046875 -289.7172272753039
2019.454467773438 -290.6337890625 -290.82958400339896
2019.470947265625 -289.226684570312 -291.9475431365995
2019.4873046875 -292.691986083984 -293.05809889483055
2019.503784179688 -288.999084472656 -294.1748303926982
2019.520141601562 -290.867584228516 -295.2626945126772
2019.53662109375 -298.153961181641 -296.36394031768367
2019.569458007812 -299.373779296875 -298.5883462184706
2019.602294921875 -296.508972167969 -300.79238516486595
2019.618774414062 -301.466003417969 -301.90902648048893
2019.635131835938 -303.528564453125 -303.0162996512867
2019.651611328125 -305.988372802734 -304.0732857488626
2019.668090820312 -303.434478759766 -305.1576330056235
2019.71728515625 -309.557098388672 -308.1499648583121
2019.733764648438 -309.619506835938 -309.0956510903619
2019.750122070312 -310.721466064453 -309.9575215043099
2019.7666015625 -310.222442626953 -310.8419901666012
2019.799438476562 -313.053894042969 -312.4555373390295
2019.832275390625 -316.483795166016 -314.02409427599446
2019.865112304688 -316.614044189453 -315.4997077815853
2019.898071289062 -317.139862060547 -316.8912756812753
2019.930908203125 -319.293182373047 -318.1700572602807
2019.963745117188 -319.881866455078 -319.32387551969293
2019.99658203125 -320.929534912109 -320.435009428331
2020.030151367188 -321.710754394531 -321.6188729876652
2020.06298828125 -322.594085693359 -322.60783108681767
2020.095825195312 -323.435699462891 -323.58903871174874
2020.128662109375 -324.978118896484 -324.5736290503802
2020.161499023438 -325.456329345703 -325.59404110685995
2020.177978515625 -326.008819580078 -326.1656087424375
2020.1943359375 -326.773406982422 -326.67311401926247
2020.227294921875 -326.691925048828 -327.85552687080946
2020.260131835938 -325.819641113281 -329.1597804078894
2020.29296875 -328.949981689453 -330.4843476660037
2020.325805664062 -330.984252929688 -331.91028090209176
2020.358642578125 -332.638488769531 -333.5922985736231
2020.391479492188 -333.336486816406 -335.37515885390746
2020.42431640625 -335.804748535156 -337.24566724302855
2020.457275390625 -337.518859863281 -339.28699915260586
2020.490112304688 -341.534729003906 -341.4922024290834
2020.52294921875 -344.009918212891 -343.7576433210548
2020.555786132812 -345.562957763672 -346.03234158119636
2020.572265625 -342.315979003906 -347.14610042483963
2020.588623046875 -349.667144775391 -348.2230003474879
2020.605102539062 -349.783905029297 -349.37037308291826
2020.621459960938 -351.824554443359 -350.4083825883191
2020.654296875 -353.619384765625 -352.5038417994361
2020.687255859375 -355.550598144531 -354.45735606208206
2020.70361328125 -356.747314453125 -355.44255566585105
2020.720092773438 -356.942077636719 -356.205230017199
2020.7529296875 -358.366149902344 -357.7914186082948
2020.785766601562 -360.761627197266 -359.2599420748765
2020.818603515625 -361.398498535156 -360.64699013319944
2020.851440429688 -363.170806884766 -361.9704600225415
2020.917236328125 -364.396484375 -364.47088924908127
2020.950073242188 -365.471343994141 -365.6524936833675
2020.98291015625 -366.849456787109 -366.83452544170086
2021.013671875 -367.291839599609 -367.93722937994926
2021.046508789062 -368.831604003906 -369.1607939755966
2021.079345703125 -370.098602294922 -370.5531865217729
2021.1123046875 -371.064147949219 -372.00184176830487
2021.145141601562 -372.912414550781 -373.5306157229792
2021.177978515625 -373.829498291016 -375.126082470843
2021.210815429688 -375.138549804688 -376.76716893398043
2021.24365234375 -376.133972167969 -378.34639905951144
2021.276489257812 -378.006652832031 -380.09731091925363
2021.309326171875 -382.364105224609 -381.90340596246233
2021.34228515625 -384.679382324219 -383.7583767323048
2021.358642578125 -385.386169433594 -384.6565968062184
2021.391479492188 -387.102661132812 -386.44084337757783
2021.407958984375 -387.351959228516 -387.2658341210138
2021.440795898438 -389.323303222656 -388.95375421234854
2021.4736328125 -392.569915771484 -390.4921644992492
2021.506469726562 -397.908203125 -391.82644653639034
2021.539306640625 -398.928863525391 -393.0032069127018
2021.572265625 -395.361236572266 -393.9428261052215
2021.605102539062 -401.638397216797 -395.1038537260841
2021.637939453125 -398.364593505859 -396.23056619144165
2021.670776367188 -399.001708984375 -397.30814106018363
2021.736450195312 -405.276672363281 -399.12207191818084
2021.769287109375 -399.038757324219 -400.0156862937128
2021.80224609375 -401.53125 -400.75913818908
2021.835083007812 -400.350738525391 -401.4849796736093
2021.867919921875 -404.492706298828 -402.145792806464
2021.966430664062 -405.180389404297 -404.1622470975587
2022.0 -403.546356201172 -404.86780840349235
2022.065673828125 -405.931701660156 -406.22065614021733
2022.098510742188 -404.514617919922 -406.9255349095193
2022.197143554688 -408.717224121094 -409.083974578001
2022.22998046875 -411.236114501953 -409.8290069932445
2022.262817382812 -409.767730712891 -410.5940544214549
2022.295654296875 -410.303619384766 -411.3797271289452
2022.328491210938 -412.659484863281 -412.1850420962259
2022.394287109375 -413.319458007812 -413.825730900234
2022.558471679688 -418.325653076172 -417.9459535358243
2022.591430664062 -426.558135986328 -418.7819366599829
2022.68994140625 -417.8642578125 -421.3020539696115
2022.722778320312 -423.250793457031 -422.15458288159124
2022.821411132812 -424.700561523438 -424.6869653561732
2022.854248046875 -424.849334716797 -425.5497131336692
2022.887084960938 -426.707977294922 -426.43240879954004
2022.919921875 -426.252685546875 -427.31247371771354
2022.952758789062 -427.875823974609 -428.21783842042
2022.985595703125 -428.856628417969 -429.1986438742735
2023.019165039062 -430.077087402344 -430.24484974602024
2023.052001953125 -430.642791748047 -431.2483473964224
2023.084838867188 -432.004669189453 -432.3546474607269
2023.11767578125 -433.433502197266 -433.5566465397376
2023.150634765625 -434.111877441406 -434.7284382853707
2023.183471679688 -435.849304199219 -435.9562919174383
2023.21630859375 -435.661682128906 -437.2012928645212
2023.249145507812 -437.045959472656 -438.4609241278917
2023.281982421875 -439.496429443359 -439.7311424075765
2023.314819335938 -442.331451416016 -441.00952083732386
2023.34765625 -442.115783691406 -442.294670295805
2023.380615234375 -442.946105957031 -443.59035138437315
2023.413452148438 -445.690399169922 -444.88650187969995
2023.4462890625 -445.991607666016 -446.1879510902803
2023.57763671875 -454.995880126953 -451.4480718790644
