2014.804931640625 -0.0 -4.721241233501024
2014.837768554688 -16.583856582642 -5.51528867238143
2014.903442382812 -8.542386054993 -7.093023535664084
2014.96923828125 -8.293552398682 -8.660044788737789
2015.03564453125 13.194390296936 -10.227687947177026
2015.101318359375 -20.132123947144 -11.764254991728828
2015.265625 28.85308265686 -15.546361230386836
2015.331298828125 -40.271053314209 -17.03096876616867
2015.39697265625 -49.45068359375 -18.498933627921556
2016.021850585938 -9.302611351013 -43.039541003145786
2016.1533203125 -40.310352325439 -42.06619227234462
2016.350463867188 -48.96227645874 -37.98679451237567
2016.416137695312 -59.813636779785 -36.69416662620822
2016.547607421875 -38.440078735352 -34.216618588776846
2016.744750976562 -21.01290512085 -29.990826402864112
2016.777587890625 -27.152725219727 -29.24072051293529
2016.810424804688 -30.9319190979 -28.512468372775615
2016.84326171875 -23.298288345337 -27.830451816937583
2016.876098632812 -29.058177947998 -27.327630291622576
2016.908935546875 -26.402153015137 -26.973900032275505
2016.941772460938 -25.282800674438 -26.645296595880914
2016.974731445312 -25.03431892395 -26.570109240517922
2017.005493164062 -25.112379074097 -26.614367619884092
2017.038330078125 -24.439651489258 -26.62688666028012
2017.071166992188 -26.404401779175 -26.630640626462654
2017.10400390625 -25.862791061401 -26.831003082456434
2017.136840820312 -27.588329315186 -27.232775524663122
2017.169799804688 -29.190006256104 -27.77973570363755
2017.20263671875 -28.590005874634 -28.454040524663863
2017.235473632812 -26.138319015503 -29.233142041852243
2017.268310546875 -26.535367965698 -30.091775502682836
2017.301147460938 -27.540327072144 -30.996830136358803
2017.333984375 -23.121517181396 -31.90865174050452
2017.366821289062 -37.664180755615 -32.807106339003546
2017.399780273438 -36.260684967041 -33.65945250138239
2017.4326171875 -34.911125183105 -34.45141860163255
2017.498291015625 -45.686008453369 -35.88950642630396
2017.531127929688 -34.962356567383 -36.526658231639296
2017.56396484375 -44.105827331543 -37.04709033838966
2017.596801757812 -40.075107574463 -37.38734852928708
2017.629760742188 -38.4541015625 -37.52739100748866
2017.66259765625 -43.080211639404 -37.48601865365418
2017.695434570312 -34.827808380127 -37.30724077807929
2017.728271484375 -37.896907806396 -36.97218439678182
2017.761108398438 -36.513557434082 -36.46841098315001
2017.7939453125 -35.068294525146 -35.842269223077544
2017.826782226562 -35.494361877441 -35.15745352865311
2017.859741210938 -36.674892425537 -34.4352129134549
2017.892578125 -33.923923492432 -33.70329417249978
2017.925415039062 -33.751735687256 -32.99375347293645
2017.958251953125 -32.132972717285 -32.31228161556342
2017.991088867188 -30.454545974731 -31.6616534444105
2018.024658203125 -30.044069290161 -31.04047879112636
2018.057495117188 -29.633062362671 -30.491450886803573
2018.09033203125 -28.737668991089 -30.09300278754177
2018.123168945312 -28.998580932617 -29.93930729839932
2018.156005859375 -26.61633682251 -30.079491912605274
2018.18896484375 -30.350280761719 -30.51192263816646
2018.221801757812 -26.449398040771 -31.198434015343302
2018.254638671875 -28.083484649658 -32.09283342146985
2018.287475585938 -27.503923416138 -33.184574751226
2018.3203125 -30.753316879272 -34.446850633372435
2018.353149414062 -26.887615203857 -35.87188524401786
2018.385986328125 -38.677658081055 -37.43992253653227
2018.4189453125 -37.955410003662 -39.109667247909634
2018.451782226562 -40.788841247559 -40.81710465671201
2018.484619140625 -48.022891998291 -42.53205119894292
2018.517456054688 -44.049415588379 -44.23542123206584
2018.55029296875 -55.010368347168 -45.84792794721376
2018.583129882812 -49.880130767822 -47.273552425652255
2018.615966796875 -67.390907287598 -48.47722219656166
2018.64892578125 -50.349521636963 -49.471007923764894
2018.681762695312 -55.088207244873 -50.28857836838428
2018.714599609375 -51.863624572754 -50.96494263254939
2018.747436523438 -54.854400634766 -51.470357911584884
2018.7802734375 -51.524147033691 -51.792142621103196
2018.813110351562 -60.132129669189 -51.91656066060539
2018.845947265625 -49.566326141357 -51.93949812699698
2018.87890625 -51.504150390625 -51.816446847765725
2018.911743164062 -52.361705780029 -51.60699165195788
2018.944580078125 -51.298469543457 -51.371133915768944
2018.977416992188 -51.23726272583 -51.11335077899867
2019.010986328125 -50.229721069336 -50.90364168836778
2019.043823242188 -50.496776580811 -50.720378934374494
2019.109497070312 -50.958168029785 -50.49502961224832
2019.1259765625 -50.106067657471 -50.411383031198675
2019.142333984375 -48.504505157471 -50.396822679325616
2019.175170898438 -50.400009155273 -50.40223206609306
2019.191650390625 -49.212734222412 -50.485949280531756
2019.208129882812 -52.216968536377 -50.63027200681176
2019.224487304688 -50.988441467285 -50.76085384692864
2019.240966796875 -49.280281066895 -51.03169320615937
2019.25732421875 -50.524440765381 -51.359576002636175
2019.273803710938 -50.047733306885 -51.6400141629923
2019.290161132812 -51.378814697266 -51.965546645444036
2019.306640625 -53.649642944336 -52.43771906461902
2019.323120117188 -49.647830963135 -52.9471381968889
2019.339477539062 -52.047538757324 -53.4933157206081
2019.35595703125 -54.508350372314 -54.08064491708533
2019.372314453125 -55.1787109375 -54.68290041405001
2019.388793945312 -55.631889343262 -55.30635181137653
2019.405151367188 -59.684043884277 -55.92965127645403
2019.421630859375 -53.520568847656 -56.605964744377225
2019.438110351562 -57.451278686523 -57.31126015021149
2019.454467773438 -58.145092010498 -58.0152846356292
2019.470947265625 -58.563293457031 -58.69818719800554
2019.4873046875 -66.300621032715 -59.30744525354825
2019.503784179688 -56.252281188965 -59.74372446173789
2019.520141601562 -54.829120635986 -60.22029338135358
2019.53662109375 -62.739807128906 -60.67116317224739
2019.569458007812 -66.172088623047 -61.56412029421403
2019.602294921875 -71.70703125 -62.33332569851332
2019.618774414062 -55.714962005615 -62.675500007010186
2019.635131835938 -76.088455200195 -62.963535787534255
2019.651611328125 -62.936393737793 -63.02196241716203
2019.668090820312 -64.225471496582 -63.20209676694934
2019.71728515625 -65.401763916016 -63.276549039400805
2019.733764648438 -65.833206176758 -63.24155180531071
2019.750122070312 -71.334121704102 -63.006259205405826
2019.7666015625 -62.644493103027 -62.856731965027805
2019.799438476562 -58.854946136475 -62.32188211167364
2019.832275390625 -62.72163772583 -61.76613438827569
2019.865112304688 -61.536190032959 -61.213412347500515
2019.898071289062 -61.363567352295 -60.70195954159491
2019.930908203125 -58.947597503662 -60.27992261599301
2019.963745117188 -57.017929077148 -60.04543880708867
2019.99658203125 -59.202259063721 -59.92032825705509
2020.030151367188 -56.793674468994 -59.702323867788735
2020.06298828125 -58.564186096191 -59.94149461378983
2020.095825195312 -59.951641082764 -60.25271812041853
2020.128662109375 -59.806182861328 -60.733250206946046
2020.161499023438 -61.835945129395 -61.39014246221801
2020.177978515625 -60.073528289795 -61.86552905646431
2020.1943359375 -57.566413879395 -62.200821291794455
2020.227294921875 -60.982391357422 -63.13615438597177
2020.260131835938 -65.279792785645 -64.13159737322773
2020.29296875 -65.803955078125 -65.15603952917097
2020.325805664062 -71.53874206543 -66.24225789636952
2020.358642578125 -65.220611572266 -67.36547116020398
2020.391479492188 -68.794479370117 -68.54402339199557
2020.42431640625 -68.361793518066 -69.74932881078148
2020.457275390625 -71.285621643066 -70.93062395290063
2020.490112304688 -75.330589294434 -72.05025014125587
2020.52294921875 -67.347770690918 -73.14371406104519
2020.555786132812 -71.351982116699 -74.21137874299318
2020.572265625 -90.344451904297 -74.66339470294251
2020.588623046875 -82.967834472656 -75.04607377220921
2020.605102539062 -74.227401733398 -75.56013432954641
2020.621459960938 -84.001335144043 -75.87968539926031
2020.654296875 -77.903137207031 -76.59840282083556
2020.687255859375 -66.881736755371 -77.15397836984673
2020.70361328125 -80.713806152344 -77.48569577483362
2020.720092773438 -78.721870422363 -77.48627386853536
2020.7529296875 -81.724266052246 -77.62822434776703
2020.785766601562 -80.593147277832 -77.59433024181567
2020.818603515625 -74.004417419434 -77.39811319289471
2020.851440429688 -78.321212768555 -77.04688245822706
2020.917236328125 -76.226463317871 -76.1381726668831
2020.950073242188 -75.697601318359 -75.73403689696647
2020.98291015625 -75.435966491699 -75.42597588753392
2021.013671875 -74.37141418457 -75.07567435759104
2021.046508789062 -70.702903747559 -74.94365932771836
2021.079345703125 -73.970703125 -75.17281697741973
2021.1123046875 -71.335586547852 -75.46994009406166
2021.145141601562 -75.385749816895 -75.96315060184142
2021.177978515625 -74.667358398438 -76.64707567709267
2021.210815429688 -75.019111633301 -77.51041760410992
2021.24365234375 -73.32984161377 -78.23666302737668
2021.276489257812 -78.476943969727 -79.47527854415206
2021.309326171875 -81.333869934082 -80.87606820501554
2021.34228515625 -81.314186096191 -82.40061465292672
2021.358642578125 -84.905487060547 -83.16003937619409
2021.391479492188 -76.501800537109 -84.56892683651459
2021.407958984375 -86.264350891113 -85.12434097357153
2021.440795898438 -89.228828430176 -86.28964532289304
2021.4736328125 -91.176902770996 -87.27964046577871
2021.506469726562 -90.394264221191 -88.07654275899314
2021.539306640625 -91.775375366211 -88.71877998446685
2021.572265625 -102.492004394531 -88.97202075311542
2021.605102539062 -100.895439147949 -89.50995555719562
2021.637939453125 -91.67911529541 -89.91704629350431
2021.670776367188 -85.191474914551 -90.14333238347162
2021.736450195312 -95.121490478516 -89.90454085012324
2021.769287109375 -92.119956970215 -89.804925543045
2021.80224609375 -89.319938659668 -89.61131182755413
2021.835083007812 -89.402687072754 -89.4054335734016
2021.867919921875 -91.326133728027 -89.10544374133978
2021.966430664062 -84.180465698242 -87.99059887795174
2022.0 -83.927337646484 -87.69633204175159
2022.065673828125 -88.912803649902 -87.13956224136469
2022.098510742188 -90.62931060791 -87.08041756255957
2022.197143554688 -79.639434814453 -87.2018544805203
2022.22998046875 -84.285026550293 -87.3442989222841
2022.262817382812 -79.571784973145 -87.5855994813103
2022.295654296875 -83.375343322754 -87.94785591810276
2022.328491210938 -84.904884338379 -88.39986706826195
2022.394287109375 -97.041397094727 -89.11043005173846
2022.558471679688 -98.006958007812 -89.81015766234299
2022.591430664062 -78.497329711914 -90.35030049281738
2022.68994140625 -127.01407623291 -92.59529590480734
2022.722778320312 -119.784469604492 -93.36867976216756
2022.821411132812 -92.407157897949 -93.36242676347453
2022.854248046875 -100.031494140625 -92.57290316046408
2022.887084960938 -88.612106323242 -91.64776197763601
2022.919921875 -94.211868286133 -90.7850151325524
2022.952758789062 -89.458396911621 -89.85553728026943
2022.985595703125 -90.670455932617 -88.90820764206363
2023.019165039062 -83.782470703125 -88.11421229873166
2023.052001953125 -84.877098083496 -87.33116884347908
2023.084838867188 -82.778442382812 -86.87062223713843
2023.11767578125 -86.267997741699 -86.80702573820163
2023.150634765625 -84.395736694336 -86.5979955631909
2023.183471679688 -85.411041259766 -86.64235879364661
2023.21630859375 -78.17643737793 -86.69207761690942
2023.249145507812 -77.220100402832 -86.75317366643864
2023.281982421875 -80.619659423828 -86.83219021580592
2023.314819335938 -88.629928588867 -86.93596571905323
2023.34765625 -87.495376586914 -87.07189642822652
2023.380615234375 -95.412124633789 -87.24572926939523
2023.413452148438 -92.771362304688 -87.45894730125069
2023.4462890625 -73.95384979248 -87.71109243408452
2023.57763671875 -107.427833557129 -89.02004837576585
