2014.804931640625 0.0 11.079513494027319
2014.837768554688 10.290721893311 10.649096467867952
2014.903442382812 12.055185317993 9.79127318083635
2014.96923828125 6.916820049286 8.936140939316713
2015.03564453125 10.323804855347 8.077476190358373
2015.101318359375 -4.366349697113 7.23287486133603
2015.265625 17.187135696411 5.139103658088209
2015.331298828125 2.45903468132 4.3090330450199685
2015.39697265625 -19.818761825562 3.4820458695829997
2016.021850585938 -2.357448101044 -4.509987789715304
2016.1533203125 -16.626546859741 -5.940345821608232
2016.350463867188 -8.451932907104 -7.793153382753176
2016.416137695312 -33.738380432129 -8.328651954106723
2016.547607421875 -3.335758209229 -9.489679580903175
2016.744750976562 -8.577211380005 -10.405845045258005
2016.777587890625 -9.990550994873 -10.590376859391633
2016.810424804688 -14.459792137146 -10.785726111737933
2016.84326171875 -12.131120681763 -10.984563824793861
2016.876098632812 -12.779900550842 -11.149848498278526
2016.908935546875 -10.937560081482 -11.332456903096501
2016.941772460938 -10.359346389771 -11.54527134417473
2016.974731445312 -10.167989730835 -11.748759020966059
2017.005493164062 -11.891111373901 -12.002331901873141
2017.038330078125 -12.083601951599 -12.223878059466731
2017.071166992188 -11.576044082642 -12.425621988007986
2017.10400390625 -12.210406303406 -12.823261123258236
2017.136840820312 -11.595940589905 -13.363431942123363
2017.169799804688 -12.301331520081 -14.009389570364377
2017.20263671875 -13.748727798462 -14.77298462539748
2017.235473632812 -12.993704795837 -15.668314857249634
2017.268310546875 -15.628080368042 -16.687614202893048
2017.301147460938 -17.443752288818 -17.766040568129597
2017.333984375 -18.3616771698 -18.821190147866204
2017.366821289062 -18.472951889038 -19.81799985287353
2017.399780273438 -22.361867904663 -20.785976935388824
2017.4326171875 -26.510551452637 -21.75084562149536
2017.498291015625 -31.357242584229 -23.601658464182872
2017.531127929688 -30.674516677856 -24.415796706696785
2017.56396484375 -26.024011611938 -25.126000619299887
2017.596801757812 -25.025733947754 -25.720073271516775
2017.629760742188 -26.680740356445 -26.176943576564437
2017.66259765625 -26.707052230835 -26.42843470406321
2017.695434570312 -28.120775222778 -26.430228041009123
2017.728271484375 -30.532564163208 -26.193684653341407
2017.761108398438 -27.521427154541 -25.81351061705356
2017.7939453125 -26.395128250122 -25.373405079295598
2017.826782226562 -24.908470153809 -24.9065649699933
2017.859741210938 -24.257236480713 -24.410129133434417
2017.892578125 -23.667524337769 -23.866992092593687
2017.925415039062 -23.787240982056 -23.26798133817417
2017.958251953125 -22.497463226318 -22.641343603561044
2017.991088867188 -21.275150299072 -22.039708553533913
2018.024658203125 -19.953830718994 -21.507911689315243
2018.057495117188 -20.569223403931 -21.104860092443417
2018.09033203125 -20.55711555481 -20.876176194434116
2018.123168945312 -19.930471420288 -20.871645759874454
2018.156005859375 -16.617799758911 -21.109255383103218
2018.18896484375 -19.346570968628 -21.58211906546507
2018.221801757812 -18.3443775177 -22.270900135627066
2018.254638671875 -20.157293319702 -23.142478266499964
2018.287475585938 -20.246782302856 -24.217984341591166
2018.3203125 -23.20131111145 -25.512562662071282
2018.353149414062 -20.386474609375 -27.02647404930945
2018.385986328125 -28.169443130493 -28.725452813786973
2018.4189453125 -28.977031707764 -30.54661474721699
2018.451782226562 -31.576114654541 -32.39286457494787
2018.484619140625 -38.853626251221 -34.211814595589885
2018.517456054688 -36.489700317383 -35.978238829966
2018.55029296875 -46.264511108398 -37.66819021391953
2018.583129882812 -43.107139587402 -39.214965199696984
2018.615966796875 -45.061634063721 -40.57242527404153
2018.64892578125 -45.429470062256 -41.73122749867945
2018.681762695312 -46.584022521973 -42.69541442579533
2018.714599609375 -38.821632385254 -43.47276997815721
2018.747436523438 -45.732818603516 -44.00946729335726
2018.7802734375 -47.23889541626 -44.29909416962052
2018.813110351562 -48.441047668457 -44.34401852698321
2018.845947265625 -47.669296264648 -44.28380562615246
2018.87890625 -43.426700592041 -44.097625913409296
2018.911743164062 -42.384826660156 -43.87423980901081
2018.944580078125 -43.538734436035 -43.634349111415005
2018.977416992188 -41.038867950439 -43.33776388014696
2019.010986328125 -41.702259063721 -43.08526713918671
2019.043823242188 -42.141872406006 -42.809619139391025
2019.109497070312 -43.145435333252 -43.03048730064893
2019.1259765625 -42.316223144531 -43.117500838764
2019.142333984375 -41.915451049805 -43.38186342160215
2019.175170898438 -42.543979644775 -43.993940698722284
2019.191650390625 -43.457286834717 -44.495559419226204
2019.208129882812 -41.109622955322 -45.11134621791769
2019.224487304688 -44.816478729248 -45.6897923512743
2019.240966796875 -46.940761566162 -46.55538275173832
2019.25732421875 -45.615737915039 -47.5456843968417
2019.273803710938 -46.617702484131 -48.43788316611409
2019.290161132812 -49.341426849365 -49.442641287474835
2019.306640625 -49.316284179688 -50.84964689312154
2019.323120117188 -50.090957641602 -52.42088751920437
2019.339477539062 -54.727947235107 -54.11323278283802
2019.35595703125 -52.951419830322 -55.942219736629916
2019.372314453125 -56.45495223999 -57.84623823010966
2019.388793945312 -58.038383483887 -59.83601969192462
2019.405151367188 -58.348796844482 -61.995614631016544
2019.421630859375 -63.857913970947 -64.08876345934644
2019.438110351562 -68.794242858887 -66.21513343469674
2019.454467773438 -68.114250183105 -68.32610440622452
2019.470947265625 -72.384094238281 -70.42527229409416
2019.4873046875 -75.853172302246 -72.46442229363223
2019.503784179688 -74.284515380859 -74.37027532327713
2019.520141601562 -74.930297851562 -76.35135188220617
2019.53662109375 -82.941604614258 -78.25376947231406
2019.569458007812 -83.422416687012 -81.54271735859803
2019.602294921875 -79.650550842285 -83.87012577222458
2019.618774414062 -89.902496337891 -85.0485995559334
2019.635131835938 -89.856101989746 -86.1602725223168
2019.651611328125 -90.118515014648 -86.96975812797831
2019.668090820312 -95.027542114258 -87.9494572986136
2019.71728515625 -92.357955932617 -89.88771456088446
2019.733764648438 -91.123107910156 -90.39193769169532
2019.750122070312 -96.356407165527 -90.5098408893352
2019.7666015625 -89.840057373047 -90.81170055529083
2019.799438476562 -91.705505371094 -90.92480833892357
2019.832275390625 -96.931297302246 -90.95309839709785
2019.865112304688 -91.801513671875 -90.76145155230505
2019.898071289062 -90.912254333496 -90.38363595720755
2019.930908203125 -90.342765808105 -89.87706576484871
2019.963745117188 -89.435035705566 -89.27446850814734
2019.99658203125 -89.309921264648 -88.64002654806134
2020.030151367188 -87.19367980957 -88.00769946335144
2020.06298828125 -87.178382873535 -87.36929400581988
2020.095825195312 -86.196334838867 -86.85530395512738
2020.128662109375 -86.494956970215 -86.56597337432363
2020.161499023438 -83.654083251953 -86.53237624927833
2020.177978515625 -85.479225158691 -86.77774567275861
2020.1943359375 -85.119415283203 -86.71318713659218
2020.227294921875 -82.238052368164 -87.13996682360658
2020.260131835938 -81.006935119629 -87.87975079853773
2020.29296875 -85.119926452637 -88.72178572165413
2020.325805664062 -86.823677062988 -89.88738520143454
2020.358642578125 -89.913536071777 -91.71809372651126
2020.391479492188 -92.02661895752 -93.76783402943924
2020.42431640625 -94.623275756836 -96.05829266836366
2020.457275390625 -93.025680541992 -98.77599567752847
2020.490112304688 -98.723091125488 -101.84745132445705
2020.52294921875 -104.764671325684 -104.9585350623606
2020.555786132812 -107.430755615234 -107.99490063006277
2020.572265625 -110.901031494141 -109.38554229953404
2020.588623046875 -115.905395507812 -110.68989432510399
2020.605102539062 -113.46378326416 -112.19726211705516
2020.621459960938 -118.122200012207 -113.39607091422454
2020.654296875 -119.470039367676 -115.83055926159744
2020.687255859375 -122.81421661377 -117.84456672388755
2020.70361328125 -122.793739318848 -118.89742063486646
2020.720092773438 -121.296417236328 -119.29271387608925
2020.7529296875 -122.181732177734 -120.31446969494039
2020.785766601562 -124.223785400391 -121.05141257544042
2020.818603515625 -124.255928039551 -121.58339115420155
2020.851440429688 -125.521537780762 -121.9086500015922
2020.917236328125 -123.104560852051 -121.87803799108453
2020.950073242188 -120.862602233887 -121.64188773935663
2020.98291015625 -121.927047729492 -121.40804104249885
2021.013671875 -120.181663513184 -121.18280146942399
2021.046508789062 -119.650901794434 -120.95074324634548
2021.079345703125 -120.055252075195 -120.91045715810773
2021.1123046875 -118.012504577637 -120.93694984661586
2021.145141601562 -120.03564453125 -121.09417890696011
2021.177978515625 -119.84449005127 -121.36390680280826
2021.210815429688 -122.10221862793 -121.72538781546281
2021.24365234375 -115.550483703613 -122.03481601563307
2021.276489257812 -120.112915039062 -122.67168764644047
2021.309326171875 -124.413139343262 -123.54219827323355
2021.34228515625 -120.81485748291 -124.65990330223126
2021.358642578125 -127.282493591309 -125.45918694677567
2021.391479492188 -124.522895812988 -126.94218503201563
2021.407958984375 -126.499977111816 -127.85636009701196
2021.440795898438 -125.122840881348 -129.4848166652573
2021.4736328125 -127.465171813965 -131.12718066995495
2021.506469726562 -152.852905273438 -132.71620757418833
2021.539306640625 -140.507125854492 -134.22187410130317
2021.572265625 -137.04118347168 -135.49464648032185
2021.605102539062 -151.622375488281 -136.93543896573132
2021.637939453125 -142.707641601562 -138.33433419790896
2021.670776367188 -141.911544799805 -139.65561665568123
2021.736450195312 -144.931015014648 -141.5136584434675
2021.769287109375 -144.04621887207 -142.37349032156868
2021.80224609375 -144.417221069336 -142.88723484350314
2021.835083007812 -143.614532470703 -143.3599521826473
2021.867919921875 -145.057388305664 -143.62395843310154
2021.966430664062 -143.246124267578 -144.26227230537893
2022.0 -143.427352905273 -144.48300013425768
2022.065673828125 -144.986175537109 -144.8975711801489
2022.098510742188 -143.650100708008 -145.23716740886758
2022.197143554688 -145.063079833984 -146.72954348372213
2022.22998046875 -146.977157592773 -147.40421082314037
2022.262817382812 -142.415649414062 -148.15756024508215
2022.295654296875 -143.843673706055 -148.97122901790817
2022.328491210938 -148.728164672852 -149.84197195920305
2022.394287109375 -149.064682006836 -151.66548545242532
2022.558471679688 -159.443893432617 -156.29264042635782
2022.591430664062 -165.501037597656 -157.3479234885688
2022.68994140625 -159.825286865234 -160.82321568791093
2022.722778320312 -162.834365844727 -161.97036110405415
2022.821411132812 -165.037048339844 -164.97675362410212
2022.854248046875 -167.317077636719 -165.88345725114618
2022.887084960938 -165.466201782227 -166.79570666413693
2022.919921875 -167.379379272461 -167.6983096108483
2022.952758789062 -168.206298828125 -168.64088829880816
2022.985595703125 -168.231872558594 -169.6954783217172
2023.019165039062 -170.152877807617 -170.84650121510015
2023.052001953125 -171.422149658203 -171.92243415123687
2023.084838867188 -172.966491699219 -173.2077845338995
2023.11767578125 -174.336929321289 -174.75750780624782
2023.150634765625 -173.96208190918 -176.22871331048273
2023.183471679688 -177.187622070312 -177.86215034572282
2023.21630859375 -175.977279663086 -179.49803837829327
2023.249145507812 -174.529647827148 -181.13808063749713
2023.281982421875 -181.479232788086 -182.78522325359555
2023.314819335938 -186.654144287109 -184.44258488083406
2023.34765625 -183.436264038086 -186.11293707011612
2023.380615234375 -187.076690673828 -187.80423926453747
2023.413452148438 -192.081359863281 -189.5061648614105
2023.4462890625 -195.185089111328 -191.22699048927075
2023.57763671875 -216.346832275391 -198.28063795620324
