2014.804931640625 0.0 4.193006062135766
2014.837768554688 7.687609672546 2.5664636503852196
2014.903442382812 6.448568820953 -0.6827318509494626
2014.96923828125 -3.757258415222 -3.932661853300522
2015.03564453125 -6.484702587128 -7.207299404496649
2015.101318359375 -14.209651947021 -10.440469050193007
2015.265625 -11.326248168945 -18.50640306850478
2015.331298828125 -21.086624145508 -21.720636526226397
2015.39697265625 -28.090663909912 -24.92886879466381
2016.021850585938 -55.89733505249 -54.33276354936543
2016.1533203125 -61.966663360596 -60.18725724070421
2016.350463867188 -91.952735900879 -68.04511129196105
2016.416137695312 -59.838573455811 -70.14349498547459
2016.547607421875 -79.980354309082 -74.84831937637827
2016.744750976562 -85.753463745117 -83.30919656441418
2016.777587890625 -87.627685546875 -83.43777203961672
2016.810424804688 -85.251541137695 -83.58417804685878
2016.84326171875 -83.634002685547 -83.73895057630192
2016.876098632812 -82.592132568359 -83.86087606568022
2016.908935546875 -81.782371520996 -84.0500592803707
2016.941772460938 -82.753929138184 -84.28912755105891
2016.974731445312 -82.557754516602 -84.53574637906323
2017.005493164062 -84.348915100098 -84.90132603209337
2017.038330078125 -87.021255493164 -85.22402852347324
2017.071166992188 -82.814849853516 -85.5963250951354
2017.10400390625 -85.212089538574 -86.25818287206921
2017.136840820312 -85.600212097168 -87.05312857956753
2017.169799804688 -86.239456176758 -87.93243159532302
2017.20263671875 -87.754180908203 -88.90364634579234
2017.235473632812 -88.13191986084 -89.97125296134674
2017.268310546875 -91.799865722656 -91.13649608791881
2017.301147460938 -91.450317382812 -92.39398227295764
2017.333984375 -93.687568664551 -93.73180629695504
2017.366821289062 -93.881385803223 -95.12626088782505
2017.399780273438 -96.786819458008 -96.53512155232036
2017.4326171875 -98.034507751465 -97.90694728076495
2017.498291015625 -101.174438476562 -100.52237902396087
2017.531127929688 -103.848556518555 -101.75916351742039
2017.56396484375 -103.827606201172 -102.9469258707383
2017.596801757812 -105.092864990234 -104.07608503658236
2017.629760742188 -107.264167785645 -105.13624313890148
2017.66259765625 -107.732460021973 -106.09364155158471
2017.695434570312 -105.701187133789 -106.94245332487081
2017.728271484375 -107.468536376953 -107.67560456093553
2017.761108398438 -109.238334655762 -108.31552024019325
2017.7939453125 -110.495666503906 -108.89786562305196
2017.826782226562 -109.403686523438 -109.45024596804903
2017.859741210938 -111.376831054688 -109.97763867287196
2017.892578125 -109.729232788086 -110.4824671790771
2017.925415039062 -110.637802124023 -110.9795938144714
2017.958251953125 -111.459197998047 -111.49209235923618
2017.991088867188 -111.589790344238 -112.03594215261191
2018.024658203125 -111.779693603516 -112.62377325777
2018.057495117188 -112.894599914551 -113.22735548780064
2018.09033203125 -113.882545471191 -113.88172332063816
2018.123168945312 -114.095863342285 -114.60911717809601
2018.156005859375 -113.114723205566 -115.4095242049839
2018.18896484375 -115.217674255371 -116.2772323352857
2018.221801757812 -116.103843688965 -117.20230902554822
2018.254638671875 -119.410270690918 -118.16956380816549
2018.287475585938 -119.024467468262 -119.16065613057296
2018.3203125 -119.430923461914 -120.16352979746785
2018.353149414062 -118.677703857422 -121.18443364626518
2018.385986328125 -124.860816955566 -122.2301548838357
2018.4189453125 -124.501831054688 -123.29530737147962
2018.451782226562 -124.108451843262 -124.34775023933695
2018.484619140625 -130.618728637695 -125.37943623645727
2018.517456054688 -127.134178161621 -126.39607710514471
2018.55029296875 -126.217216491699 -127.40167298046495
2018.583129882812 -127.554237365723 -128.37682521481514
2018.615966796875 -124.280815124512 -129.3002110330312
2018.64892578125 -133.522430419922 -130.16028692337247
2018.681762695312 -132.919799804688 -130.95275290023858
2018.714599609375 -126.570526123047 -131.69745854224047
2018.747436523438 -132.075988769531 -132.4155522984501
2018.7802734375 -134.631912231445 -133.11543468911577
2018.813110351562 -135.962326049805 -133.7847933672207
2018.845947265625 -136.712585449219 -134.47435353090276
2018.87890625 -134.606170654297 -135.0639097269781
2018.911743164062 -134.426254272461 -135.57417591868023
2018.944580078125 -136.064056396484 -136.0714553106464
2018.977416992188 -135.653228759766 -136.56463734955125
2019.010986328125 -136.021911621094 -137.06858440977263
2019.043823242188 -137.382797241211 -137.51882957959265
2019.109497070312 -138.971481323242 -138.73348823926912
2019.1259765625 -138.82975769043 -139.07194006934634
2019.142333984375 -139.984405517578 -139.44191432962714
2019.175170898438 -139.951599121094 -140.21677647295044
2019.191650390625 -140.308212280273 -140.64813342511607
2019.208129882812 -140.065002441406 -141.1052830170211
2019.224487304688 -141.108215332031 -141.54250440821386
2019.240966796875 -142.062164306641 -142.05046652058348
2019.25732421875 -142.097534179688 -142.56992252666203
2019.273803710938 -142.233093261719 -143.0701047086047
2019.290161132812 -142.949661254883 -143.59524738667173
2019.306640625 -144.046493530273 -144.15499450190813
2019.323120117188 -144.936126708984 -144.6935324093846
2019.339477539062 -145.837951660156 -145.19319159435608
2019.35595703125 -146.343017578125 -145.65228599494986
2019.372314453125 -148.358383178711 -146.0467751156598
2019.388793945312 -147.194396972656 -146.37837342617715
2019.405151367188 -147.645782470703 -146.6188810609644
2019.421630859375 -147.657318115234 -146.9542809622826
2019.438110351562 -147.381393432617 -147.29917162948144
2019.454467773438 -148.137939453125 -147.66093259436707
2019.470947265625 -143.180297851562 -148.06876801027192
2019.4873046875 -144.474548339844 -148.5221788817472
2019.503784179688 -143.135848999023 -149.12929296462895
2019.520141601562 -145.366958618164 -149.5909271377045
2019.53662109375 -149.665939331055 -150.07971698675104
2019.569458007812 -153.903854370117 -151.19261793898204
2019.602294921875 -150.597946166992 -152.57216296483483
2019.618774414062 -151.052322387695 -153.25200903743612
2019.635131835938 -156.291580200195 -153.9819649293204
2019.651611328125 -157.306457519531 -154.76988955315275
2019.668090820312 -153.13720703125 -155.54667461951513
2019.71728515625 -160.042327880859 -157.68518446826027
2019.733764648438 -158.320983886719 -158.3395217712997
2019.750122070312 -159.810546875 -158.88055828130024
2019.7666015625 -159.059631347656 -159.46404910049466
2019.799438476562 -161.996597290039 -160.4476381387241
2019.832275390625 -167.12548828125 -161.38917865971413
2019.865112304688 -163.088882446289 -162.22282506468207
2019.898071289062 -163.582946777344 -162.93946608389376
2019.930908203125 -164.521408081055 -163.52728072369297
2019.963745117188 -164.976577758789 -163.96860892507337
2019.99658203125 -164.848861694336 -164.36143421997255
2020.030151367188 -165.27326965332 -164.81708390569494
2020.06298828125 -164.7841796875 -165.06393769297122
2020.095825195312 -165.015045166016 -165.33154867037513
2020.128662109375 -166.038986206055 -165.67821969224357
2020.161499023438 -165.660400390625 -166.16589119757057
2020.177978515625 -165.574905395508 -166.598874740225
2020.1943359375 -166.292633056641 -166.83015850070746
2020.227294921875 -164.520568847656 -167.67890846608805
2020.260131835938 -162.901412963867 -168.6877074184799
2020.29296875 -166.988250732422 -169.68934433416987
2020.325805664062 -166.285690307617 -170.82152783567767
2020.358642578125 -171.595123291016 -172.23282914643562
2020.391479492188 -171.500778198242 -173.73162558215517
2020.42431640625 -173.94189453125 -175.37325418344565
2020.457275390625 -178.718841552734 -177.28999656125694
2020.490112304688 -178.856170654297 -179.35311953347176
2020.52294921875 -182.267242431641 -181.3093731710334
2020.555786132812 -182.273315429688 -183.1045394475997
2020.572265625 -187.379806518555 -183.81604935282812
2020.588623046875 -192.160766601562 -184.47717000096296
2020.605102539062 -186.992416381836 -185.37234217735997
2020.621459960938 -191.399200439453 -185.96883643983728
2020.654296875 -195.706283569336 -187.28316120543073
2020.687255859375 -193.581390380859 -188.38407420719324
2020.70361328125 -191.926223754883 -189.0010543292987
2020.720092773438 -190.113632202148 -189.2145112972691
2020.7529296875 -191.445251464844 -189.85136477516969
2020.785766601562 -192.106079101562 -190.32697443995252
2020.818603515625 -191.974807739258 -190.6301035255764
2020.851440429688 -191.590667724609 -190.74670725916334
2020.917236328125 -188.996353149414 -190.67010560799773
2020.950073242188 -189.858261108398 -190.70027574610387
2020.98291015625 -190.751342773438 -190.87501003393152
2021.013671875 -189.669631958008 -191.0209660409163
2021.046508789062 -188.684631347656 -191.52891866680972
2021.079345703125 -190.876754760742 -192.5335402718682
2021.1123046875 -189.512939453125 -193.57051323371059
2021.145141601562 -192.538848876953 -194.78184957548652
2021.177978515625 -192.758666992188 -196.14110936089006
2021.210815429688 -194.165786743164 -197.61159507187156
2021.24365234375 -193.340896606445 -198.91580002673442
2021.276489257812 -199.038223266602 -200.6756881697729
2021.309326171875 -202.781860351562 -202.57619940234855
2021.34228515625 -203.424621582031 -204.5253568562897
2021.358642578125 -208.247146606445 -205.3547815784409
2021.391479492188 -208.993286132812 -206.9993020715744
2021.407958984375 -209.275466918945 -207.6178677572958
2021.440795898438 -212.143051147461 -209.0253555036069
2021.4736328125 -215.554458618164 -210.20965766101455
2021.506469726562 -224.665496826172 -211.12195721871967
2021.539306640625 -216.539321899414 -211.80914765462015
2021.572265625 -213.982788085938 -212.01571751880638
2021.605102539062 -218.472946166992 -212.58612990621697
2021.637939453125 -215.487731933594 -213.09669126673768
2021.670776367188 -213.654434204102 -213.50423707219417
2021.736450195312 -218.690826416016 -213.77856798931612
2021.769287109375 -212.818054199219 -213.8467257188304
2021.80224609375 -212.977081298828 -213.78824121122366
2021.835083007812 -211.684265136719 -213.7070719813078
2021.867919921875 -214.424270629883 -213.63824446338344
2021.966430664062 -214.193511962891 -213.57818050916345
2022.0 -212.973892211914 -213.64024332673398
2022.065673828125 -213.213470458984 -213.70544752937423
2022.098510742188 -212.301116943359 -213.824465227214
2022.197143554688 -213.12663269043 -214.32726203558352
2022.22998046875 -215.189147949219 -214.62645176543634
2022.262817382812 -214.060409545898 -215.0301362557772
2022.295654296875 -214.006561279297 -215.56005770003753
2022.328491210938 -213.69287109375 -216.21329858098656
2022.394287109375 -216.787353515625 -217.6436309999884
2022.558471679688 -226.252044677734 -221.04256686420126
2022.591430664062 -228.215179443359 -221.7495776560817
2022.68994140625 -216.322860717773 -224.1168589889402
2022.722778320312 -224.915802001953 -224.91671446346
2022.821411132812 -227.453216552734 -227.17492454487916
2022.854248046875 -227.018981933594 -228.10979946718854
2022.887084960938 -228.321655273438 -229.18942697145306
2022.919921875 -228.483642578125 -230.31509334753284
2022.952758789062 -230.494812011719 -231.500823033831
2022.985595703125 -232.061401367188 -232.81257008666384
2023.019165039062 -234.153045654297 -234.20200738809652
2023.052001953125 -235.184692382812 -235.5391696251492
2023.084838867188 -236.640335083008 -236.98081632497696
2023.11767578125 -237.842407226562 -238.46290301954068
2023.150634765625 -240.145553588867 -239.9392237561001
2023.183471679688 -241.837799072266 -241.41998806891075
2023.21630859375 -242.851531982422 -242.9010901153388
2023.249145507812 -244.585876464844 -244.3857785234236
2023.281982421875 -246.213226318359 -245.8739400622212
2023.314819335938 -249.399185180664 -247.36441005390216
2023.34765625 -249.047088623047 -248.855814423968
2023.380615234375 -247.159881591797 -250.35193789586003
2023.413452148438 -261.026153564453 -251.84042249550686
2023.4462890625 -245.322570800781 -253.32673609786525
2023.57763671875 -259.295532226562 -259.2543840809563
