2014.804931640625 -0.0 -2.7217336240810726
2014.837768554688 -4.824407100677 -3.430097170747029
2014.903442382812 -5.64066028595 -4.847305102106845
2014.96923828125 -5.718961238861 -6.267910739288104
2015.03564453125 -8.27906036377 -7.70250015349874
2015.101318359375 -1.832965016365 -9.122132398241634
2015.265625 -18.293760299683 -12.677383353050592
2015.331298828125 -13.688418388367 -14.0995511127233
2015.39697265625 -6.927719116211 -15.522089999902924
2016.021850585938 -28.729272842407 -28.961418005929083
2016.1533203125 -31.588254928589 -31.907923292034784
2016.350463867188 -37.577026367188 -35.84917616455167
2016.416137695312 -32.48978805542 -37.05012279024045
2016.547607421875 -41.094673156738 -39.660507252179755
2016.744750976562 -46.035102844238 -43.549806944858645
2016.777587890625 -44.3850440979 -43.92429243379141
2016.810424804688 -45.114551544189 -44.259351306053915
2016.84326171875 -45.52502822876 -44.4909255314616
2016.876098632812 -44.676147460938 -44.6446399585505
2016.908935546875 -44.90140914917 -44.79146643250692
2016.941772460938 -43.96110534668 -44.94390188987158
2016.974731445312 -44.118148803711 -45.05445913623008
2017.005493164062 -44.731239318848 -45.18593854716941
2017.038330078125 -45.237651824951 -45.3019351618052
2017.071166992188 -44.781539916992 -45.42301310786433
2017.10400390625 -45.579166412354 -45.6372592504923
2017.136840820312 -44.959518432617 -45.90437070198742
2017.169799804688 -46.303829193115 -46.20706418232665
2017.20263671875 -46.115009307861 -46.53260672491384
2017.235473632812 -46.839729309082 -46.85865298441707
2017.268310546875 -47.129108428955 -47.17163461835422
2017.301147460938 -46.926918029785 -47.46863797257167
2017.333984375 -48.37451171875 -47.747137658281176
2017.366821289062 -48.922443389893 -48.00545488889223
2017.399780273438 -49.46524810791 -48.23703361375002
2017.4326171875 -49.553611755371 -48.43228984678172
2017.498291015625 -48.04585647583 -48.70459293866824
2017.531127929688 -48.647945404053 -48.790672171723344
2017.56396484375 -49.813617706299 -48.85235622690488
2017.596801757812 -50.255584716797 -48.88717495545081
2017.629760742188 -48.809558868408 -48.89299228049586
2017.66259765625 -49.293830871582 -48.87426121277574
2017.695434570312 -47.524757385254 -48.843273844875014
2017.728271484375 -46.51607131958 -48.805461651578185
2017.761108398438 -48.996208190918 -48.76314724501525
2017.7939453125 -48.853206634521 -48.71182369232676
2017.826782226562 -49.179256439209 -48.646648186763215
2017.859741210938 -50.474342346191 -48.57242658044894
2017.892578125 -47.877620697021 -48.50045900860143
2017.925415039062 -48.283828735352 -48.433162096476416
2017.958251953125 -48.20955657959 -48.36198716611439
2017.991088867188 -48.939746856689 -48.27661858634202
2018.024658203125 -48.089042663574 -48.174923384536946
2018.057495117188 -48.954898834229 -48.07421410837664
2018.09033203125 -47.285598754883 -47.99918448806427
2018.123168945312 -46.934139251709 -47.971832794223914
2018.156005859375 -48.186195373535 -48.001650643280264
2018.18896484375 -47.846328735352 -48.08691231906065
2018.221801757812 -47.174938201904 -48.21947172649765
2018.254638671875 -46.796741485596 -48.394064926506495
2018.287475585938 -47.177249908447 -48.61526774262189
2018.3203125 -47.853256225586 -48.88466749142585
2018.353149414062 -48.339878082275 -49.20105092891263
2018.385986328125 -50.288398742676 -49.55618752353251
2018.4189453125 -49.983417510986 -49.94022784703923
2018.451782226562 -50.51753616333 -50.330480855641255
2018.484619140625 -50.641605377197 -50.71401174967955
2018.517456054688 -51.508197784424 -51.081541982618376
2018.55029296875 -52.552845001221 -51.413587707650734
2018.583129882812 -53.725444793701 -51.69123570346481
2018.615966796875 -51.783191680908 -51.90983721925716
2018.64892578125 -53.057922363281 -52.073905295529435
2018.681762695312 -52.941898345947 -52.190724380698555
2018.714599609375 -53.156211853027 -52.26401871802639
2018.747436523438 -52.245746612549 -52.29193594007261
2018.7802734375 -51.959930419922 -52.27516883109155
2018.813110351562 -53.554332733154 -52.21462347655828
2018.845947265625 -51.875213623047 -52.13291231075915
2018.87890625 -51.372436523438 -52.0320701080949
2018.911743164062 -51.911209106445 -51.94015988293686
2018.944580078125 -52.042484283447 -51.83832011062821
2018.977416992188 -52.100101470947 -51.748339807319034
2019.010986328125 -51.108871459961 -51.6804770226453
2019.043823242188 -50.717151641846 -51.60555028969175
2019.109497070312 -51.63597869873 -51.485580023121166
2019.1259765625 -51.502384185791 -51.451660028970295
2019.142333984375 -52.704319000244 -51.42171998276547
2019.175170898438 -51.42790222168 -51.392817140427816
2019.191650390625 -50.403991699219 -51.384614880170304
2019.208129882812 -51.942943572998 -51.37705177404249
2019.224487304688 -51.429843902588 -51.36350756635052
2019.240966796875 -51.496753692627 -51.34759958613681
2019.25732421875 -51.192920684814 -51.33535281749005
2019.273803710938 -51.131492614746 -51.3086456722253
2019.290161132812 -50.710029602051 -51.2912521511768
2019.306640625 -50.055995941162 -51.29916266201061
2019.323120117188 -50.917495727539 -51.30397728145772
2019.339477539062 -51.528968811035 -51.302071280396355
2019.35595703125 -52.082210540771 -51.29395180589119
2019.372314453125 -53.404594421387 -51.279680787229424
2019.388793945312 -51.816989898682 -51.26013944382616
2019.405151367188 -50.338394165039 -51.18627160179893
2019.421630859375 -51.830131530762 -51.13658645377416
2019.438110351562 -50.864368438721 -51.068198829136016
2019.454467773438 -51.680896759033 -50.970879450162364
2019.470947265625 -50.91109085083 -50.84600254874825
2019.4873046875 -51.220767974854 -50.71147706155467
2019.503784179688 -50.672565460205 -50.58677966519015
2019.520141601562 -50.116443634033 -50.45911470926174
2019.53662109375 -49.56615447998 -50.3485066367595
2019.569458007812 -49.867511749268 -50.23750651861266
2019.602294921875 -54.242023468018 -50.31356803889725
2019.618774414062 -49.234043121338 -50.33891582096131
2019.635131835938 -49.648338317871 -50.37477711334278
2019.651611328125 -50.436786651611 -50.489941878691724
2019.668090820312 -47.719635009766 -50.54942948688942
2019.71728515625 -51.173656463623 -50.87398678795636
2019.733764648438 -51.455272674561 -51.00150057322447
2019.750122070312 -48.819000244141 -51.15921347673605
2019.7666015625 -51.682907104492 -51.30547545650662
2019.799438476562 -52.491088867188 -51.60606653503305
2019.832275390625 -51.535327911377 -51.905217764061774
2019.865112304688 -52.53483581543 -52.19090698842076
2019.898071289062 -52.504787445068 -52.45987623357632
2019.930908203125 -52.977252960205 -52.70744452426397
2019.963745117188 -53.137363433838 -52.933026840931674
2019.99658203125 -53.07043838501 -53.13880289521182
2020.030151367188 -53.298244476318 -53.35346904832098
2020.06298828125 -53.415000915527 -53.52337759587404
2020.095825195312 -53.73462677002 -53.69098799124763
2020.128662109375 -54.119277954102 -53.854559556056444
2020.161499023438 -54.784843444824 -54.01319113603216
2020.177978515625 -54.001880645752 -54.086110221494295
2020.1943359375 -54.127170562744 -54.16493775462256
2020.227294921875 -54.480434417725 -54.31063060329182
2020.260131835938 -52.662342071533 -54.4488799649931
2020.29296875 -54.908893585205 -54.581291420488476
2020.325805664062 -55.081104278564 -54.702214778409704
2020.358642578125 -54.593463897705 -54.81941033179148
2020.391479492188 -55.486553192139 -54.927718026914604
2020.42431640625 -55.238243103027 -55.02910208986063
2020.457275390625 -54.102493286133 -55.085183178917966
2020.490112304688 -55.960208892822 -55.05303611236182
2020.52294921875 -55.312065124512 -54.937689648552364
2020.555786132812 -55.686710357666 -54.75399845259522
2020.572265625 -68.003234863281 -54.57954252266297
2020.588623046875 -59.416084289551 -54.39775082171535
2020.605102539062 -56.077102661133 -54.31419452662911
2020.621459960938 -54.256996154785 -54.11625891785
2020.654296875 -56.589057922363 -53.79147670704471
2020.687255859375 -54.654415130615 -53.42327153798963
2020.70361328125 -52.723762512207 -53.23624402036317
2020.720092773438 -52.418365478516 -53.0142944007254
2020.7529296875 -51.695571899414 -52.56874778994735
2020.785766601562 -52.142021179199 -52.09163637130677
2020.818603515625 -49.68196105957 -51.60663511942896
2020.851440429688 -51.205852508545 -51.14363203261622
2020.917236328125 -51.609703063965 -50.369374709104136
2020.950073242188 -49.167346954346 -50.15123344322054
2020.98291015625 -49.759243011475 -50.005050312578064
2021.013671875 -48.511199951172 -49.80121883745599
2021.046508789062 -46.62483215332 -49.7106344365787
2021.079345703125 -48.433650970459 -49.7478974701789
2021.1123046875 -49.250324249268 -49.79005602086561
2021.145141601562 -48.311832427979 -49.89044607138863
2021.177978515625 -49.33784866333 -50.040392675874024
2021.210815429688 -50.652847290039 -50.240667155969454
2021.24365234375 -50.882843017578 -50.44804342592606
2021.276489257812 -49.856037139893 -50.76942539322339
2021.309326171875 -51.425670623779 -51.10514755608534
2021.34228515625 -51.588932037354 -51.42061017184026
2021.358642578125 -51.974224090576 -51.536541030877444
2021.391479492188 -53.144226074219 -51.77995607604982
2021.407958984375 -52.342350006104 -51.8663222353759
2021.440795898438 -50.689754486084 -52.03600649889085
2021.4736328125 -52.740791320801 -52.1109827966866
2021.506469726562 -53.365089416504 -52.08041366942179
2021.539306640625 -56.237266540527 -51.97751016606582
2021.572265625 -49.546810150146 -51.743371836091235
2021.605102539062 -55.112674713135 -51.63235702758043
2021.637939453125 -52.590347290039 -51.50980756187721
2021.670776367188 -55.297668457031 -51.36966025691897
2021.736450195312 -52.949951171875 -51.018443441831586
2021.769287109375 -49.977165222168 -50.84851038115066
2021.80224609375 -50.366619110107 -50.65338049058985
2021.835083007812 -49.456275939941 -50.46199943320321
2021.867919921875 -50.26163482666 -50.28804914178497
2021.966430664062 -50.016765594482 -49.880544568551244
2022.0 -48.166938781738 -49.79671372429822
2022.065673828125 -50.116943359375 -49.583531630319406
2022.098510742188 -46.771034240723 -49.52005007099439
2022.197143554688 -49.058898925781 -49.331473713052326
2022.22998046875 -49.554576873779 -49.28855189934513
2022.262817382812 -47.931571960449 -49.253695065917825
2022.295654296875 -49.645347595215 -49.19642297320989
2022.328491210938 -49.598934173584 -49.04974545068786
2022.394287109375 -49.614505767822 -48.407167680471886
2022.558471679688 -50.995540618896 -46.759327473671135
2022.591430664062 -38.390804290771 -46.51575693124305
2022.68994140625 -52.469352722168 -45.76544278026658
2022.722778320312 -48.342960357666 -45.52045933439963
2022.821411132812 -45.301254272461 -44.44187797156691
2022.854248046875 -42.313709259033 -43.90935530002695
2022.887084960938 -43.481502532959 -43.372083201135105
2022.919921875 -41.966136932373 -42.87097792968539
2022.952758789062 -41.71272277832 -42.37373498028645
2022.985595703125 -42.865436553955 -41.90901340353163
2023.019165039062 -41.435531616211 -41.46867833680932
2023.052001953125 -41.004440307617 -41.035409437207484
2023.084838867188 -39.657581329346 -40.66235461445226
2023.11767578125 -40.397327423096 -40.340406356540015
2023.150634765625 -39.023178100586 -39.999156784209745
2023.183471679688 -39.259677886963 -39.69681483741833
2023.21630859375 -38.65686416626 -39.418986393743666
2023.249145507812 -40.020652770996 -39.15863946974345
2023.281982421875 -38.582042694092 -38.908034042019
2023.314819335938 -38.751239776611 -38.66281742962183
2023.34765625 -37.436996459961 -38.4209537830651
2023.380615234375 -37.876956939697 -38.18074240845411
2023.413452148438 -39.587608337402 -37.94401373412096
2023.4462890625 -36.724758148193 -37.71019720287224
2023.57763671875 -38.209358215332 -36.80926542385912
