2014.804931640625 0.0 8.231205141090854
2014.837768554688 11.381143569946 6.214670247186467
2014.903442382812 4.05936050415 2.1830669062745574
2014.96923828125 -1.419855594635 -1.854035852456923
2015.03564453125 -7.382566452026 -5.926848542344094
2015.101318359375 -12.980561256409 -9.953431275811827
2015.265625 -17.092254638672 -20.02154573682323
2015.331298828125 -23.614055633545 -24.042563110331688
2015.39697265625 -28.660787582397 -28.061283342054118
2016.021850585938 -68.1845703125 -66.09436462048416
2016.1533203125 -73.326553344727 -74.17714954123429
2016.350463867188 -92.896865844727 -86.06069110232711
2016.416137695312 -90.222801208496 -89.84044499040606
2016.547607421875 -94.367782592773 -97.43354697734117
2016.744750976562 -113.380180358887 -109.06601537337119
2016.777587890625 -111.254577636719 -110.93426801337164
2016.810424804688 -114.075706481934 -112.83212397828655
2016.84326171875 -116.436614990234 -114.72299683212744
2016.876098632812 -116.577499389648 -116.45448387543468
2016.908935546875 -118.100547790527 -118.14451754148607
2016.941772460938 -118.941505432129 -119.85143106562438
2016.974731445312 -120.268569946289 -121.52748217321103
2017.005493164062 -123.05931854248 -123.13620351969243
2017.038330078125 -124.780136108398 -124.82505027305498
2017.071166992188 -125.438278198242 -126.51635093725459
2017.10400390625 -128.079055786133 -128.3342903942251
2017.136840820312 -129.19775390625 -130.22318566073292
2017.169799804688 -130.990356445312 -132.16557527890768
2017.20263671875 -133.757064819336 -134.14860110448802
2017.235473632812 -135.460800170898 -136.17154178360795
2017.268310546875 -138.420349121094 -138.23360573869198
2017.301147460938 -139.868988037109 -140.336728458333
2017.333984375 -143.086502075195 -142.47902128117303
2017.366821289062 -144.570892333984 -144.65282322794164
2017.399780273438 -146.876998901367 -146.84638737081727
2017.4326171875 -149.498718261719 -149.0212557750822
2017.498291015625 -152.116912841797 -153.32201283982477
2017.531127929688 -155.167663574219 -155.45006269316437
2017.56396484375 -158.521926879883 -157.5697808126914
2017.596801757812 -161.390121459961 -159.67736006330483
2017.629760742188 -161.950820922852 -161.7719177590682
2017.66259765625 -164.371765136719 -163.8227896172022
2017.695434570312 -162.289413452148 -165.82884807383172
2017.728271484375 -165.855651855469 -167.77774294096528
2017.761108398438 -171.250579833984 -169.6682746250801
2017.7939453125 -173.065399169922 -171.50927161489523
2017.826782226562 -173.974319458008 -173.3064290158914
2017.859741210938 -177.096160888672 -175.0623590115629
2017.892578125 -177.286422729492 -176.7593300375779
2017.925415039062 -179.069046020508 -178.40477272371018
2017.958251953125 -179.933044433594 -179.988055609698
2017.991088867188 -181.566909790039 -181.50159146516495
2018.024658203125 -182.983993530273 -182.9923258232899
2018.057495117188 -184.868316650391 -184.42288645711497
2018.09033203125 -186.373596191406 -185.86907696116742
2018.123168945312 -187.427917480469 -187.3780850945542
2018.156005859375 -187.27522277832 -188.96965110965013
2018.18896484375 -190.009063720703 -190.64893510566523
2018.221801757812 -190.475646972656 -192.39421619760245
2018.254638671875 -193.312545776367 -194.19636014442167
2018.287475585938 -193.882736206055 -196.04740335736068
2018.3203125 -196.470611572266 -197.9409556615338
2018.353149414062 -197.093658447266 -199.88876868255332
2018.385986328125 -203.382141113281 -201.90564940193153
2018.4189453125 -204.258453369141 -204.00872631941132
2018.451782226562 -205.662872314453 -206.17443651473863
2018.484619140625 -210.522918701172 -208.38894156670153
2018.517456054688 -210.013122558594 -210.6282233226247
2018.55029296875 -212.124755859375 -212.8690262145873
2018.583129882812 -215.177230834961 -215.07190582067534
2018.615966796875 -216.078353881836 -217.20384979175802
2018.64892578125 -220.690963745117 -219.25913992927298
2018.681762695312 -223.157592773438 -221.23174189025053
2018.714599609375 -216.926177978516 -223.14636228212782
2018.747436523438 -225.564376831055 -225.0193354171359
2018.7802734375 -228.640670776367 -226.86817280267954
2018.813110351562 -230.606994628906 -228.67629909484705
2018.845947265625 -233.003326416016 -230.51514114576463
2018.87890625 -232.089141845703 -232.26724203468692
2018.911743164062 -233.541641235352 -233.86084176309697
2018.944580078125 -235.343597412109 -235.38945463931796
2018.977416992188 -236.068572998047 -236.87803473662498
2019.010986328125 -237.625503540039 -238.41949547828654
2019.043823242188 -239.775161743164 -239.90731017948482
2019.109497070312 -243.536499023438 -243.1344323077326
2019.1259765625 -243.885757446289 -243.95820830918706
2019.142333984375 -244.014114379883 -244.83256472077755
2019.175170898438 -246.350997924805 -246.61852490681053
2019.191650390625 -247.155151367188 -247.57077365839584
2019.208129882812 -247.326644897461 -248.5580168550359
2019.224487304688 -249.233673095703 -249.52443763117813
2019.240966796875 -250.999862670898 -250.58735360968427
2019.25732421875 -251.054946899414 -251.6723540755361
2019.273803710938 -251.907516479492 -252.74315277910722
2019.290161132812 -253.534881591797 -253.8469687389552
2019.306640625 -254.792251586914 -255.0038965751874
2019.323120117188 -255.966278076172 -256.1410597817726
2019.339477539062 -257.534759521484 -257.2498191865459
2019.35595703125 -258.506134033203 -258.34385712755164
2019.372314453125 -262.612335205078 -259.4023404487399
2019.388793945312 -261.60986328125 -260.44827976846875
2019.405151367188 -262.538024902344 -261.4244907250847
2019.421630859375 -262.11083984375 -262.45453313876345
2019.438110351562 -264.722290039062 -263.4580199801251
2019.454467773438 -263.832489013672 -264.4136062586341
2019.470947265625 -264.426727294922 -265.34584174155094
2019.4873046875 -267.624145507812 -266.259002706716
2019.503784179688 -265.038696289062 -267.173712927882
2019.520141601562 -265.803680419922 -268.0682197406396
2019.53662109375 -271.415069580078 -268.9613120449021
2019.569458007812 -272.237518310547 -270.7353440506135
2019.602294921875 -269.596588134766 -272.4820383649745
2019.618774414062 -273.020324707031 -273.3593655811778
2019.635131835938 -275.335113525391 -274.23229778193496
2019.651611328125 -276.989044189453 -275.0794777782208
2019.668090820312 -274.915557861328 -275.94725281842824
2019.71728515625 -279.355621337891 -278.35237637287884
2019.733764648438 -278.764892578125 -279.11326764785
2019.750122070312 -281.27734375 -279.7929265083173
2019.7666015625 -279.866943359375 -280.49619310833253
2019.799438476562 -282.049407958984 -281.7527234829891
2019.832275390625 -285.530548095703 -282.9610537074182
2019.865112304688 -285.106140136719 -284.08467768929427
2019.898071289062 -285.185699462891 -285.12803501836066
2019.930908203125 -287.323089599609 -286.0735262244004
2019.963745117188 -287.745361328125 -286.90121356493637
2019.99658203125 -288.161590576172 -287.68860898401016
2020.030151367188 -288.648010253906 -288.5406560287737
2020.06298828125 -289.174621582031 -289.2115772456412
2020.095825195312 -289.53662109375 -289.8822412606123
2020.128662109375 -290.855926513672 -290.56533410881343
2020.161499023438 -291.073944091797 -291.2916895370068
2020.177978515625 -291.575622558594 -291.72038117612544
2020.1943359375 -292.091949462891 -292.07643868933616
2020.227294921875 -291.475280761719 -292.9563767206367
2020.260131835938 -290.516754150391 -293.9541371284566
2020.29296875 -293.755767822266 -294.97882284162375
2020.325805664062 -294.891296386719 -296.10930771195183
2020.358642578125 -296.895843505859 -297.4946701738024
2020.391479492188 -297.468658447266 -298.985279021188
2020.42431640625 -299.200042724609 -300.5725840766149
2020.457275390625 -300.352783203125 -302.3244097507484
2020.490112304688 -303.880065917969 -304.2131008682118
2020.52294921875 -306.284362792969 -306.14466934123595
2020.555786132812 -308.204223632812 -308.09278189209493
2020.572265625 -304.294799804688 -309.06279947750767
2020.588623046875 -311.256500244141 -310.01006497515624
2020.605102539062 -311.864715576172 -311.0044661210354
2020.621459960938 -314.679138183594 -311.9293375118211
2020.654296875 -313.689270019531 -313.79110155362474
2020.687255859375 -316.235778808594 -315.5379829447825
2020.70361328125 -317.095642089844 -316.4149149420708
2020.720092773438 -316.939727783203 -317.09766243424593
2020.7529296875 -319.314086914062 -318.49951103815204
2020.785766601562 -321.847717285156 -319.7849324771581
2020.818603515625 -321.912078857422 -320.9896407458918
2020.851440429688 -323.55517578125 -322.1352733763376
2020.917236328125 -325.042755126953 -324.31203608981934
2020.950073242188 -325.036804199219 -325.3265831676288
2020.98291015625 -326.40771484375 -326.32485801530794
2021.013671875 -326.405364990234 -327.25964101728823
2021.046508789062 -328.136627197266 -328.23677708862914
2021.079345703125 -328.809020996094 -329.3304326819711
2021.1123046875 -329.635986328125 -330.47598384553953
2021.145141601562 -331.502258300781 -331.6865619908643
2021.177978515625 -331.949829101562 -332.94977830275013
2021.210815429688 -333.529235839844 -334.2484841773885
2021.24365234375 -332.918823242188 -335.5095520823451
2021.276489257812 -334.483734130859 -336.88752626329585
2021.309326171875 -338.650634765625 -338.28687405887564
2021.34228515625 -340.678680419922 -339.6996439821022
2021.358642578125 -341.291839599609 -340.37247194844684
2021.391479492188 -342.992980957031 -341.73713034825636
2021.407958984375 -342.691680908203 -342.38242162373393
2021.440795898438 -343.160614013672 -343.7068850328472
2021.4736328125 -346.349884033203 -344.94598016445485
2021.506469726562 -353.902923583984 -346.0536256607573
2021.539306640625 -352.244384765625 -347.0423671918056
2021.572265625 -347.70068359375 -347.847053400801
2021.605102539062 -355.616760253906 -348.78977594734874
2021.637939453125 -351.468963623047 -349.7066321617626
2021.670776367188 -352.24365234375 -350.5953777810669
2021.736450195312 -356.372619628906 -352.1724672292749
2021.769287109375 -352.575439453125 -352.94354341745037
2021.80224609375 -353.347564697266 -353.614999150645
2021.835083007812 -352.929779052734 -354.27841478948295
2021.867919921875 -356.575103759766 -354.8812032199082
2021.966430664062 -357.682647705078 -356.6324567666242
2022.0 -357.316162109375 -357.2067305373106
2022.065673828125 -357.897674560547 -358.33903280745227
2022.098510742188 -357.428009033203 -358.92035759306077
2022.197143554688 -360.774261474609 -360.7625919532925
2022.22998046875 -363.258544921875 -361.4054404755138
2022.262817382812 -361.804107666016 -362.0670316990778
2022.295654296875 -360.986206054688 -362.74962067281325
2022.328491210938 -362.061859130859 -363.45273406850885
2022.394287109375 -364.310333251953 -364.8833126391439
2022.558471679688 -370.208465576172 -368.5001159474262
2022.591430664062 -376.590850830078 -369.23470240843636
2022.68994140625 -364.65283203125 -371.5693252926783
2022.722778320312 -371.805053710938 -372.38167522860215
2022.821411132812 -374.838531494141 -374.71520991516815
2022.854248046875 -374.631378173828 -375.53269791251154
2022.887084960938 -375.756378173828 -376.4023465342399
2022.919921875 -376.460388183594 -377.2707335914644
2022.952758789062 -377.755065917969 -378.21415980183684
2022.985595703125 -379.153228759766 -379.28091395667605
2023.019165039062 -380.244537353516 -380.42233380131904
2023.052001953125 -380.936920166016 -381.52299189443926
2023.084838867188 -382.56982421875 -382.7279908362534
2023.11767578125 -383.861999511719 -384.0348771132617
2023.150634765625 -384.684020996094 -385.30935231372854
2023.183471679688 -386.664611816406 -386.63616108213574
2023.21630859375 -386.016754150391 -387.96209252505525
2023.249145507812 -386.900909423828 -389.2890171886879
2023.281982421875 -390.434509277344 -390.6187417015916
2023.314819335938 -393.886138916016 -391.95298322307457
2023.34765625 -393.368865966797 -393.2928792976621
2023.380615234375 -393.982604980469 -394.64364634047774
2023.413452148438 -397.138702392578 -395.99525696160856
2023.4462890625 -397.738647460938 -397.35276808005585
2023.57763671875 -411.501037597656 -402.83018584845195
