2014.804931640625 -0.0 -4.815043288007325
2014.837768554688 -1.767724394798 -6.068896010110295
2014.903442382812 -9.437517166138 -8.572359620380485
2014.96923828125 -11.959693908691 -11.075590400760628
2015.03564453125 -15.71842956543 -13.598000445110396
2015.101318359375 -21.069425582886 -16.08935242443701
2015.265625 -22.303276062012 -22.309969525422243
2015.331298828125 -22.646942138672 -24.790973934087262
2015.39697265625 -29.519592285156 -27.268374530866964
2016.021850585938 -50.411785125732 -50.24183199524554
2016.1533203125 -57.301342010498 -55.18812465325804
2016.350463867188 -63.583251953125 -61.885366251234494
2016.416137695312 -58.965930938721 -63.67504101384239
2016.547607421875 -71.097473144531 -67.42073580037534
2016.744750976562 -74.538200378418 -72.58134324278707
2016.777587890625 -75.029502868652 -73.39997410854316
2016.810424804688 -78.913185119629 -74.23584772034214
2016.84326171875 -77.069000244141 -74.79112610657124
2016.876098632812 -75.271194458008 -74.93847338882038
2016.908935546875 -73.779113769531 -74.9951076163038
2016.941772460938 -74.594383239746 -75.05058231258164
2016.974731445312 -73.204856872559 -75.04187921968841
2017.005493164062 -75.177139282227 -75.06787342986743
2017.038330078125 -75.825225830078 -75.05712838855844
2017.071166992188 -73.33504486084 -75.04138505937563
2017.10400390625 -74.612640380859 -75.17448137307743
2017.136840820312 -74.182861328125 -75.40226327243755
2017.169799804688 -75.095695495605 -75.70720244965908
2017.20263671875 -75.814758300781 -76.1240753551897
2017.235473632812 -74.628311157227 -76.68743366241351
2017.268310546875 -77.784942626953 -77.39645442709578
2017.301147460938 -76.108413696289 -78.21103629134575
2017.333984375 -78.621383666992 -79.10550221203553
2017.366821289062 -77.061981201172 -80.06928965644477
2017.399780273438 -80.461067199707 -81.0811398861843
2017.4326171875 -89.324111938477 -82.10834241049216
2017.498291015625 -84.368728637695 -84.22583266905369
2017.531127929688 -87.390594482422 -85.31330468053794
2017.56396484375 -85.805168151855 -86.40639006819944
2017.596801757812 -86.062721252441 -87.47390009040848
2017.629760742188 -91.27579498291 -88.48313927845557
2017.66259765625 -91.412879943848 -89.38223285937272
2017.695434570312 -90.10481262207 -90.16167552623055
2017.728271484375 -89.764678955078 -90.8292046551505
2017.761108398438 -93.186485290527 -91.42124340967744
2017.7939453125 -94.064231872559 -91.97077468654552
2017.826782226562 -93.02685546875 -92.4793628807091
2017.859741210938 -95.033340454102 -92.93470203299358
2017.892578125 -92.391693115234 -93.3217504757639
2017.925415039062 -92.182655334473 -93.64300536468316
2017.958251953125 -94.51180267334 -93.92642748402682
2017.991088867188 -94.655220031738 -94.20444847952429
2018.024658203125 -94.509170532227 -94.47900819632622
2018.057495117188 -94.736694335938 -94.7319718274017
2018.09033203125 -95.391235351562 -94.98995060959422
2018.123168945312 -95.452690124512 -95.27124838388346
2018.156005859375 -93.957824707031 -95.57149262289737
2018.18896484375 -95.57283782959 -95.87636148559763
2018.221801757812 -94.39892578125 -96.16661136918322
2018.254638671875 -98.464431762695 -96.42928997681068
2018.287475585938 -99.978927612305 -96.6704261448209
2018.3203125 -94.957443237305 -96.90732181662999
2018.353149414062 -95.405654907227 -97.16605748319458
2018.385986328125 -100.857536315918 -97.4747521672466
2018.4189453125 -98.346603393555 -97.84440956130275
2018.451782226562 -98.045959472656 -98.27089911720242
2018.484619140625 -98.31184387207 -98.74676719384544
2018.517456054688 -97.310920715332 -99.25805363929118
2018.55029296875 -96.915634155273 -99.80087365664684
2018.583129882812 -98.023536682129 -100.36799234084316
2018.615966796875 -93.571220397949 -100.94296584385262
2018.64892578125 -104.53263092041 -101.50515439284989
2018.681762695312 -104.803070068359 -102.03562030954913
2018.714599609375 -100.542877197266 -102.5469797417501
2018.747436523438 -103.964866638184 -103.05450293387572
2018.7802734375 -107.303833007812 -103.55719974244091
2018.813110351562 -104.211051940918 -103.9871081699505
2018.845947265625 -107.973587036133 -104.38566394867601
2018.87890625 -105.362411499023 -104.60143399992816
2018.911743164062 -104.379386901855 -104.65277230498225
2018.944580078125 -104.977813720703 -104.70043956925124
2018.977416992188 -104.012260437012 -104.6923349109521
2019.010986328125 -103.951248168945 -104.56629194421002
2019.043823242188 -104.702323913574 -104.39066036044017
2019.109497070312 -104.083488464355 -104.09387335020755
2019.1259765625 -103.841148376465 -104.05024164834836
2019.142333984375 -104.835037231445 -104.00750937422345
2019.175170898438 -104.380996704102 -103.94073952080332
2019.191650390625 -103.955711364746 -103.92537953224078
2019.208129882812 -102.750312805176 -103.93401468285006
2019.224487304688 -103.616302490234 -103.92422121330144
2019.240966796875 -104.339775085449 -103.99007424876018
2019.25732421875 -103.786224365234 -104.08526402078341
2019.273803710938 -101.818672180176 -104.14007099500957
2019.290161132812 -103.666458129883 -104.2124187359655
2019.306640625 -102.084770202637 -104.39047046374628
2019.323120117188 -104.925109863281 -104.59275170885472
2019.339477539062 -105.870185852051 -104.7924676464331
2019.35595703125 -104.981567382812 -104.97466117810332
2019.372314453125 -107.152893066406 -105.12083336320995
2019.388793945312 -106.336853027344 -105.23373777076624
2019.405151367188 -103.713890075684 -105.28076787797596
2019.421630859375 -106.450531005859 -105.42557183166464
2019.438110351562 -106.46329498291 -105.61830519429337
2019.454467773438 -109.133483886719 -105.86998612120779
2019.470947265625 -99.283592224121 -106.19885810704565
2019.4873046875 -103.129356384277 -106.59263198459054
2019.503784179688 -102.985076904297 -107.1603102279501
2019.520141601562 -100.968719482422 -107.54941149706185
2019.53662109375 -107.175033569336 -107.96029983907239
2019.569458007812 -108.972274780273 -108.85992309566107
2019.602294921875 -113.705238342285 -109.89150962352153
2019.618774414062 -107.575881958008 -110.43146887440444
2019.635131835938 -113.897613525391 -111.02446291806142
2019.651611328125 -115.064445495605 -111.67000355737224
2019.668090820312 -109.41185760498 -112.33465513998541
2019.71728515625 -115.844604492188 -114.22275831591503
2019.733764648438 -114.604103088379 -114.80054295677228
2019.750122070312 -112.278503417969 -115.28855310500379
2019.7666015625 -114.901695251465 -115.78756062221437
2019.799438476562 -118.237228393555 -116.61553276883618
2019.832275390625 -123.004898071289 -117.37252907318252
2019.865112304688 -119.630935668945 -118.02114505617241
2019.898071289062 -119.072235107422 -118.57167334754435
2019.930908203125 -120.642875671387 -118.97324617899422
2019.963745117188 -120.652923583984 -119.13232971712264
2019.99658203125 -119.946571350098 -119.20305764211861
2020.030151367188 -120.585098266602 -119.3823919868942
2020.06298828125 -119.588996887207 -119.1331150565462
2020.095825195312 -118.474624633789 -118.8321533106594
2020.128662109375 -119.591636657715 -118.47910863834342
2020.161499023438 -118.504302978516 -118.11526265333983
2020.177978515625 -117.586006164551 -117.96538226796501
2020.1943359375 -118.200759887695 -117.78439896441402
2020.227294921875 -118.782493591309 -117.52917916806415
2020.260131835938 -113.534912109375 -117.39375998775033
2020.29296875 -114.751426696777 -117.29027518742195
2020.325805664062 -113.755851745605 -117.30152782490563
2020.358642578125 -119.028877258301 -117.62547828577063
2020.391479492188 -115.208267211914 -118.06434735619172
2020.42431640625 -111.388076782227 -118.58283488135046
2020.457275390625 -120.7392578125 -119.2500903384142
2020.490112304688 -116.055778503418 -120.06466505598294
2020.52294921875 -120.229469299316 -120.91791990208496
2020.555786132812 -119.551177978516 -121.72323018198935
2020.572265625 -126.095146179199 -122.03157432342319
2020.588623046875 -128.066543579102 -122.2989378030928
2020.605102539062 -124.220642089844 -122.69618341657745
2020.621459960938 -125.210800170898 -122.90699548335124
2020.654296875 -130.395050048828 -123.37078807269451
2020.687255859375 -126.104202270508 -123.63528809584868
2020.70361328125 -123.176727294922 -123.78713417043198
2020.720092773438 -124.619148254395 -123.64401484440955
2020.7529296875 -124.693717956543 -123.4610521061484
2020.785766601562 -124.409141540527 -123.12474527877112
2020.818603515625 -123.68962097168 -122.66985437494317
2020.851440429688 -123.113845825195 -122.12193904900232
2020.917236328125 -120.099868774414 -120.90887792667141
2020.950073242188 -119.611038208008 -120.33526653218173
2020.98291015625 -119.791709899902 -119.88869363784553
2021.013671875 -118.556907653809 -119.46763790950693
2021.046508789062 -116.950042724609 -119.3425651353016
2021.079345703125 -118.255088806152 -119.78077809884519
2021.1123046875 -115.904319763184 -120.33423452520246
2021.145141601562 -118.385719299316 -121.12789644246297
2021.177978515625 -117.972053527832 -122.11488518397451
2021.210815429688 -117.563903808594 -123.23360526299892
2021.24365234375 -117.724449157715 -124.08207894207949
2021.276489257812 -123.294082641602 -125.5423315108971
2021.309326171875 -126.15950012207 -127.25134541364015
2021.34228515625 -125.029197692871 -129.21537545360758
2021.358642578125 -131.663909912109 -130.22059395068968
2021.391479492188 -134.754272460938 -132.1382288359879
2021.407958984375 -133.265777587891 -132.92863377795828
2021.440795898438 -137.310974121094 -134.50533018493422
2021.4736328125 -139.525772094727 -135.5915702999181
2021.506469726562 -150.423400878906 -136.16078773818214
2021.539306640625 -148.714096069336 -136.42771411463656
2021.572265625 -143.123916625977 -136.00124978696738
2021.605102539062 -145.371551513672 -136.30415744607876
2021.637939453125 -140.988800048828 -136.5499078454476
2021.670776367188 -142.813018798828 -136.69629436643078
2021.736450195312 -142.190658569336 -136.14322373193392
2021.769287109375 -135.186065673828 -135.8692246649056
2021.80224609375 -134.962173461914 -135.17034537666686
2021.835083007812 -132.977676391602 -134.3892213633756
2021.867919921875 -133.146835327148 -133.44613617004512
2021.966430664062 -128.825988769531 -130.9077976018924
2022.0 -130.619827270508 -130.2676090950688
2022.065673828125 -127.862693786621 -128.93483682265315
2022.098510742188 -122.787330627441 -128.67923885042848
2022.197143554688 -126.330932617188 -128.51151326221625
2022.22998046875 -124.494606018066 -128.55304858824712
2022.262817382812 -122.043212890625 -128.68744958125973
2022.295654296875 -120.641441345215 -128.98000342654805
2022.328491210938 -128.183380126953 -129.52812494661683
2022.394287109375 -124.696784973145 -131.19250901564877
2022.558471679688 -136.472900390625 -134.79150034536747
2022.591430664062 -150.080856323242 -135.66364600862983
2022.68994140625 -125.545852661133 -138.69921230394826
2022.722778320312 -152.050079345703 -139.73084681745246
2022.821411132812 -148.626586914062 -142.47953620942778
2022.854248046875 -141.69970703125 -143.25284786420312
2022.887084960938 -144.052276611328 -143.98979991561342
2022.919921875 -141.684265136719 -144.72047950346143
2022.952758789062 -146.162948608398 -145.42292270544945
2022.985595703125 -147.1455078125 -146.09701790438623
2023.019165039062 -147.646530151367 -146.78726569771635
2023.052001953125 -147.600936889648 -147.46601952973433
2023.084838867188 -147.986755371094 -148.16735125960338
2023.11767578125 -148.665023803711 -148.9085664281285
2023.150634765625 -148.654968261719 -149.654335155009
2023.183471679688 -150.841415405273 -150.4374833238213
2023.21630859375 -150.876266479492 -151.25342216961846
2023.249145507812 -151.885284423828 -152.0862102468603
2023.281982421875 -151.862411499023 -152.92396059591766
2023.314819335938 -152.301361083984 -153.76244999030035
2023.34765625 -154.133193969727 -154.6012852386288
2023.380615234375 -154.6240234375 -155.4448448591144
2023.413452148438 -159.731567382812 -156.2886043387387
2023.4462890625 -141.647247314453 -157.13733443466822
2023.57763671875 -161.45246887207 -160.5894374201012
