2014.804931640625 0.0 2.074542470433401
2014.837768554688 6.44408416748 2.0305742167999528
2014.903442382812 9.412894248962 1.941504693736848
2014.96923828125 3.269176483154 1.8513580945394967
2015.03564453125 3.186701059341 1.7601882574679537
2015.101318359375 -0.647327125072 1.670280645918643
2015.265625 2.435745000839 1.4481556576625225
2015.331298828125 -10.517608642578 1.361743767526459
2015.39697265625 -10.988222122192 1.277178725360932
2016.021850585938 -0.573654413223 0.26762344306939745
2016.1533203125 -7.529237747192 -0.23453147436061456
2016.350463867188 3.178814172745 -0.13065379495254825
2016.416137695312 0.630915343761 -0.022612489603825697
2016.547607421875 -2.826272726059 0.14019943907731033
2016.744750976562 0.861753821373 0.5025180195665233
2016.777587890625 0.299612343311 0.5800216928286682
2016.810424804688 -0.256908982992 0.6622146138155299
2016.84326171875 0.829842150211 0.7779739483960468
2016.876098632812 0.833791017532 0.9476370456470113
2016.908935546875 1.116854786873 1.1124429689781974
2016.941772460938 1.749535322189 1.2688595429202072
2016.974731445312 2.02041721344 1.41048955907099
2017.005493164062 1.580899953842 1.5189183413228677
2017.038330078125 1.731613755226 1.650572514337258
2017.071166992188 2.101399183273 1.7854551800455851
2017.10400390625 1.9555580616 1.869264842340813
2017.136840820312 2.232248306274 1.9196916999585212
2017.169799804688 2.249851942062 1.9461884744312985
2017.20263671875 2.383996486664 1.9484883989028656
2017.235473632812 2.26383972168 1.9323905104833679
2017.268310546875 1.271528482437 1.9146005551625531
2017.301147460938 2.204674482346 1.914835388829961
2017.333984375 1.917269587517 1.945980030431356
2017.366821289062 2.2769510746 2.007363443126547
2017.399780273438 -0.217883110046 2.0894912497018474
2017.4326171875 1.560123801231 2.173380257644643
2017.498291015625 1.5627348423 2.305599500655892
2017.531127929688 -0.621832549572 2.361526837156217
2017.56396484375 3.673393011093 2.4221221930294496
2017.596801757812 2.723218679428 2.4931832710315063
2017.629760742188 3.275508642197 2.574736470496162
2017.66259765625 3.401505231857 2.66249055405919
2017.695434570312 4.262708187103 2.7436317680699784
2017.728271484375 2.089121580124 2.8008179725573314
2017.761108398438 2.011818170547 2.823637917912583
2017.7939453125 2.23967051506 2.814107437722752
2017.826782226562 3.332696437836 2.780134691479032
2017.859741210938 2.766968250275 2.731136889791792
2017.892578125 3.244919061661 2.6798786094865763
2017.925415039062 2.577658653259 2.632309583116885
2017.958251953125 2.524744510651 2.583417312837806
2017.991088867188 2.676222324371 2.525096266028522
2018.024658203125 2.898029565811 2.4354133830932208
2018.057495117188 2.213794708252 2.3050400233036115
2018.09033203125 2.143285512924 2.1199331215605306
2018.123168945312 1.917868733406 1.8691892782655417
2018.156005859375 3.504390478134 1.5543230608714154
2018.18896484375 2.166291236877 1.185993054723371
2018.221801757812 2.211084127426 0.7693513093047583
2018.254638671875 0.922822475433 0.28504722004083777
2018.287475585938 1.469181418419 -0.2882135229438851
2018.3203125 -1.748682141304 -0.9487968633012169
2018.353149414062 0.286025524139 -1.6822975798394466
2018.385986328125 -1.277695775032 -2.4737828340569976
2018.4189453125 -3.246070623398 -3.3218215141823433
2018.451782226562 -3.577983379364 -4.210767558138795
2018.484619140625 -7.550446510315 -5.126027045100551
2018.517456054688 -3.62239408493 -6.053533075974061
2018.55029296875 -8.341064453125 -6.9872992789743815
2018.583129882812 -8.657435417175 -7.905225252754609
2018.615966796875 -8.526453971863 -8.778337644024417
2018.64892578125 -9.86088180542 -9.592247033498028
2018.681762695312 -11.387398719788 -10.339030810762951
2018.714599609375 -3.262766599655 -11.015395278352383
2018.747436523438 -12.059764862061 -11.618591271758186
2018.7802734375 -13.369312286377 -12.16430219883689
2018.813110351562 -14.463081359863 -12.651117390442487
2018.845947265625 -15.681127548218 -13.149113073675506
2018.87890625 -13.891079902649 -13.620539380677004
2018.911743164062 -13.610756874084 -13.986072957352611
2018.944580078125 -14.49095916748 -14.301958015146809
2018.977416992188 -14.344631195068 -14.544326777703121
2019.010986328125 -14.370069503784 -14.774194000737447
2019.043823242188 -14.947737693787 -14.979310223282463
2019.109497070312 -15.62498664856 -15.499322891763414
2019.1259765625 -15.301330566406 -15.636826000470156
2019.142333984375 -15.56338596344 -15.789913324813298
2019.175170898438 -16.175346374512 -16.110875712037725
2019.191650390625 -16.361772537231 -16.299680451915446
2019.208129882812 -16.302248001099 -16.507915057372855
2019.224487304688 -16.446676254272 -16.709299059066858
2019.240966796875 -17.134738922119 -16.9551677621615
2019.25732421875 -16.482576370239 -17.213434656285497
2019.273803710938 -16.95973777771 -17.460122507759802
2019.290161132812 -18.184917449951 -17.71756646437752
2019.306640625 -16.294078826904 -18.00789231609545
2019.323120117188 -18.663068771362 -18.296570916316547
2019.339477539062 -17.704355239868 -18.573083664670957
2019.35595703125 -19.879671096802 -18.842312339169403
2019.372314453125 -21.094139099121 -19.102244465104675
2019.388793945312 -19.216144561768 -19.35363176525499
2019.405151367188 -20.77094078064 -19.57308074872017
2019.421630859375 -18.542001724243 -19.821473325110215
2019.438110351562 -21.328899383545 -20.080610024217663
2019.454467773438 -20.850158691406 -20.363951946315794
2019.470947265625 -17.714319229126 -20.65964473435619
2019.4873046875 -19.561199188232 -20.925525093387026
2019.503784179688 -17.739419937134 -21.156655522111482
2019.520141601562 -16.879739761353 -21.368838519985587
2019.53662109375 -25.827753067017 -21.563148389167768
2019.569458007812 -23.45093536377 -21.869486509797298
2019.602294921875 -23.028974533081 -22.04275360975541
2019.618774414062 -23.449195861816 -22.188517039880157
2019.635131835938 -23.436561584473 -22.33809527974507
2019.651611328125 -21.960721969604 -22.355400896217727
2019.668090820312 -18.622713088989 -22.444347215578677
2019.71728515625 -23.023891448975 -22.36628210446868
2019.733764648438 -20.300928115845 -22.294724057447667
2019.750122070312 -22.620216369629 -22.217143579291722
2019.7666015625 -22.012897491455 -22.136178594339132
2019.799438476562 -21.719631195068 -21.977034169590343
2019.832275390625 -22.716688156128 -21.8086785625636
2019.865112304688 -21.009387969971 -21.63543860569347
2019.898071289062 -21.408306121826 -21.454071454390807
2019.930908203125 -21.652530670166 -21.255393086900344
2019.963745117188 -21.632738113403 -21.02383495636801
2019.99658203125 -20.826070785522 -20.772773138023577
2020.030151367188 -20.709119796753 -20.53615124975386
2020.06298828125 -20.362546920776 -20.245233875581423
2020.095825195312 -19.95435333252 -19.964207907755895
2020.128662109375 -19.958644866943 -19.690296517818293
2020.161499023438 -19.359312057495 -19.430136628776715
2020.177978515625 -19.216203689575 -19.31984623761228
2020.1943359375 -19.267951965332 -19.183013342964674
2020.227294921875 -18.417673110962 -18.96425599432819
2020.260131835938 -17.391410827637 -18.797689965281602
2020.29296875 -17.766895294189 -18.6547592679336
2020.325805664062 -18.215147018433 -18.56631781138019
2020.358642578125 -18.816272735596 -18.59694391843596
2020.391479492188 -18.388336181641 -18.676016123370708
2020.42431640625 -18.090799331665 -18.79473579738521
2020.457275390625 -15.562185287476 -18.981735089064152
2020.490112304688 -18.49924659729 -19.22831371215654
2020.52294921875 -19.285633087158 -19.48656245487336
2020.555786132812 -20.181360244751 -19.737328325449738
2020.572265625 -19.40647315979 -19.85080546689058
2020.588623046875 -23.615287780762 -19.948183214432614
2020.605102539062 -20.649549484253 -20.070571612863034
2020.621459960938 -22.595722198486 -20.153822415857015
2020.654296875 -18.290056228638 -20.330995882075985
2020.687255859375 -22.289985656738 -20.454398008194662
2020.70361328125 -21.385583877563 -20.528140449393053
2020.720092773438 -21.482492446899 -20.496652423223694
2020.7529296875 -20.269256591797 -20.473405317343367
2020.785766601562 -21.606840133667 -20.404204781194867
2020.818603515625 -19.962316513062 -20.296764832742834
2020.851440429688 -20.690753936768 -20.154864681618175
2020.917236328125 -19.745088577271 -19.79678298679792
2020.950073242188 -19.112266540527 -19.640954664217656
2020.98291015625 -19.503862380981 -19.514260302973177
2021.013671875 -18.349130630493 -19.371649964636877
2021.046508789062 -18.908685684204 -19.310547497028413
2021.079345703125 -18.830532073975 -19.39897657652554
2021.1123046875 -19.183053970337 -19.51296421381957
2021.145141601562 -18.774293899536 -19.689019379307183
2021.177978515625 -18.385219573975 -19.914262243954912
2021.210815429688 -19.775756835938 -20.173791156671395
2021.24365234375 -19.631008148193 -20.4219417960208
2021.276489257812 -18.567359924316 -20.76497643753019
2021.309326171875 -21.838914871216 -21.16510553742958
2021.34228515625 -23.076665878296 -21.63600209897888
2021.358642578125 -22.787139892578 -21.92544925093364
2021.391479492188 -22.039896011353 -22.503474341138205
2021.407958984375 -20.306089401245 -22.827253850347297
2021.440795898438 -21.867345809937 -23.427490365693693
2021.4736328125 -23.066984176636 -23.955789642389473
2021.506469726562 -30.113584518433 -24.354936899886162
2021.539306640625 -30.153451919556 -24.651357618425564
2021.572265625 -26.826234817505 -24.760801392471382
2021.605102539062 -34.484027862549 -25.03143006336285
2021.637939453125 -27.251634597778 -25.29491760947893
2021.670776367188 -28.440561294556 -25.557683592579384
2021.736450195312 -29.806056976318 -25.90517374074599
2021.769287109375 -26.31244468689 -26.093519889361737
2021.80224609375 -25.968563079834 -26.141081492396072
2021.835083007812 -24.156888961792 -26.175297248942996
2021.867919921875 -26.129484176636 -26.14774488119607
2021.966430664062 -26.264492034912 -26.115317458206807
2022.0 -26.003555297852 -26.1651619002268
2022.065673828125 -25.378170013428 -26.215024552404405
2022.098510742188 -24.818696975708 -26.292691882421146
2022.197143554688 -26.3463306427 -26.578085833890977
2022.22998046875 -28.147867202759 -26.711964752830973
2022.262817382812 -24.869401931763 -26.86532861121217
2022.295654296875 -25.396324157715 -27.032624102746198
2022.328491210938 -28.019454956055 -27.20545107518777
2022.394287109375 -27.14684677124 -27.519792157437063
2022.558471679688 -31.347501754761 -28.219852311392223
2022.591430664062 -34.879112243652 -28.391470082581442
2022.68994140625 -28.745899200439 -28.90158804013202
2022.722778320312 -32.360534667969 -29.08598979238374
2022.821411132812 -29.319797515869 -29.42569163355129
2022.854248046875 -30.035558700562 -29.447731350557763
2022.887084960938 -29.128559112549 -29.457383547166746
2022.919921875 -29.003120422363 -29.467926360550795
2022.952758789062 -29.399005889893 -29.489158971240705
2022.985595703125 -29.677909851074 -29.522124943774177
2023.019165039062 -29.578687667847 -29.549844223901005
2023.052001953125 -29.437211990356 -29.574514240193025
2023.084838867188 -29.312189102173 -29.583667679114974
2023.11767578125 -29.612489700317 -29.566347571917134
2023.150634765625 -29.552396774292 -29.556919293345437
2023.183471679688 -29.669570922852 -29.53077321243945
2023.21630859375 -31.239694595337 -29.50569271546288
2023.249145507812 -30.794881820679 -29.48168428115213
2023.281982421875 -29.525440216064 -29.457709548416986
2023.314819335938 -29.820734024048 -29.43216599957407
2023.34765625 -28.765550613403 -29.403483621740932
2023.380615234375 -28.463739395142 -29.370113748524886
2023.413452148438 -32.282539367676 -29.331718608110098
2023.4462890625 -24.817893981934 -29.288524868796458
2023.57763671875 -19.272392272949 -29.07695478952843
