2014.804931640625 0.0 15.997794948848833
2014.837768554688 14.349557876587 13.879962376280242
2014.903442382812 11.190048217773 9.647231598206101
2014.96923828125 3.94880437851 5.410744525156703
2015.03564453125 1.048458814621 1.1391977552491086
2015.101318359375 -12.723652839661 -3.0807351786377972
2015.265625 -4.243685722351 -13.61560910625605
2015.331298828125 -17.867853164673 -17.815780855783405
2015.39697265625 -39.631576538086 -22.008883142056163
2016.021850585938 -53.497234344482 -61.97381099906105
2016.1533203125 -73.553787231445 -71.0015408435029
2016.350463867188 -81.839836120605 -82.18039506500779
2016.416137695312 -110.625160217285 -85.34255919876354
2016.547607421875 -83.354606628418 -91.63331910966339
2016.744750976562 -99.379264831543 -100.8950940947823
2016.777587890625 -100.412223815918 -102.47182597324253
2016.810424804688 -106.838623046875 -104.090002034357
2016.84326171875 -106.653091430664 -105.87458917012721
2016.876098632812 -109.141960144043 -107.7139194641825
2016.908935546875 -109.047737121582 -109.57156810455461
2016.941772460938 -110.410942077637 -111.45046698863369
2016.974731445312 -111.840202331543 -113.33975313180586
2017.005493164062 -116.001930236816 -115.13464688664996
2017.038330078125 -116.815734863281 -117.0262280042532
2017.071166992188 -118.294067382812 -118.9024460833058
2017.10400390625 -120.450904846191 -120.87891996236701
2017.136840820312 -121.840728759766 -122.92215565388558
2017.169799804688 -124.839546203613 -125.02429190812441
2017.20263671875 -126.466125488281 -127.19150241849663
2017.235473632812 -128.197662353516 -129.44551621900854
2017.268310546875 -130.866226196289 -131.79863757266932
2017.301147460938 -134.105453491211 -134.2400608206382
2017.333984375 -136.347274780273 -136.7260489256339
2017.366821289062 -138.061721801758 -139.21595138816497
2017.399780273438 -142.696975708008 -141.6992592969562
2017.4326171875 -141.359390258789 -144.16626584988063
2017.498291015625 -151.737228393555 -149.09071758864448
2017.531127929688 -155.948501586914 -151.5336736590105
2017.56396484375 -155.214691162109 -153.94757546796686
2017.596801757812 -157.309692382812 -156.31876164138276
2017.629760742188 -157.198532104492 -158.63883666252343
2017.66259765625 -160.997970581055 -160.85716671156715
2017.695434570312 -162.586395263672 -162.95518456272575
2017.728271484375 -167.109115600586 -164.91893347035173
2017.761108398438 -168.242401123047 -166.77747132220034
2017.7939453125 -169.462982177734 -168.5773799667207
2017.826782226562 -170.41911315918 -170.3574664721785
2017.859741210938 -172.832214355469 -172.13285682331258
2017.892578125 -174.117706298828 -173.88716035322986
2017.925415039062 -175.833145141602 -175.62511387840243
2017.958251953125 -176.988922119141 -177.36439336493498
2017.991088867188 -178.5595703125 -179.12653899400252
2018.024658203125 -179.24626159668 -180.98980167693443
2018.057495117188 -182.13688659668 -182.9094859728667
2018.09033203125 -184.911499023438 -184.98674791262079
2018.123168945312 -185.263198852539 -187.26353318330126
2018.156005859375 -186.152725219727 -189.7369278727261
2018.18896484375 -190.962692260742 -192.38979121921778
2018.221801757812 -191.185745239258 -195.1888466693561
2018.254638671875 -197.216293334961 -198.12150708774786
2018.287475585938 -196.794372558594 -201.19137089049042
2018.3203125 -202.03971862793 -204.38558434382853
2018.353149414062 -203.60954284668 -207.6835122903511
2018.385986328125 -212.647384643555 -211.0713310690433
2018.4189453125 -214.152267456055 -214.5590208598411
2018.451782226562 -218.303787231445 -218.08638522471247
2018.484619140625 -225.744934082031 -221.61483637255952
2018.517456054688 -225.940063476562 -225.10790176573417
2018.55029296875 -234.861022949219 -228.5345768312461
2018.583129882812 -232.194732666016 -231.81065434839468
2018.615966796875 -236.101837158203 -234.8714220667799
2018.64892578125 -239.200485229492 -237.72119886094004
2018.681762695312 -243.296585083008 -240.38016867902567
2018.714599609375 -236.952651977539 -242.89908697965734
2018.747436523438 -247.297637939453 -245.28658160435495
2018.7802734375 -250.887283325195 -247.55901372739763
2018.813110351562 -252.961730957031 -249.7088337376699
2018.845947265625 -257.366638183594 -251.8600842226451
2018.87890625 -253.050186157227 -253.93182257344176
2018.911743164062 -255.519561767578 -255.81809361115037
2018.944580078125 -257.08203125 -257.60536070649505
2018.977416992188 -258.257110595703 -259.2921135797156
2019.010986328125 -260.582794189453 -261.06603582907786
2019.043823242188 -262.595733642578 -262.8203840783093
2019.109497070312 -266.629852294922 -266.7901098851041
2019.1259765625 -267.211303710938 -267.78830919379936
2019.142333984375 -268.661651611328 -268.8744673727437
2019.175170898438 -269.971832275391 -271.0902501612837
2019.191650390625 -270.398223876953 -272.3093785407605
2019.208129882812 -273.048919677734 -273.59294450850905
2019.224487304688 -274.775421142578 -274.85328396661987
2019.240966796875 -276.207611083984 -276.2663033079966
2019.25732421875 -276.517669677734 -277.7183364517232
2019.273803710938 -278.054779052734 -279.14179785879185
2019.290161132812 -279.940795898438 -280.6122807521731
2019.306640625 -283.363250732422 -282.2242978185028
2019.323120117188 -282.689636230469 -283.88248136772535
2019.339477539062 -286.439361572266 -285.5618220522342
2019.35595703125 -285.745941162109 -287.277812637401
2019.372314453125 -289.4921875 -288.9960497059027
2019.388793945312 -291.686920166016 -290.74681874236825
2019.405151367188 -289.8759765625 -292.5193969604151
2019.421630859375 -293.4501953125 -294.3027090898768
2019.438110351562 -297.707763671875 -296.0860906831812
2019.454467773438 -297.210754394531 -297.85846229339006
2019.470947265625 -300.527496337891 -299.656601756857
2019.4873046875 -302.537200927734 -301.4610699974179
2019.503784179688 -301.884826660156 -303.30986929174344
2019.520141601562 -299.618499755859 -305.1345786771534
2019.53662109375 -312.427001953125 -306.96256181776744
2019.569458007812 -311.119445800781 -310.4662511562868
2019.602294921875 -310.347930908203 -313.56530138132547
2019.618774414062 -319.348999023438 -315.1194514167557
2019.635131835938 -318.14013671875 -316.6400766507802
2019.651611328125 -320.167755126953 -317.99801508305035
2019.668090820312 -321.742095947266 -319.4537093782549
2019.71728515625 -326.148315429688 -323.1519620898606
2019.733764648438 -322.643402099609 -324.25982601250803
2019.750122070312 -329.359436035156 -325.1276280858589
2019.7666015625 -325.408416748047 -326.0828306504268
2019.799438476562 -328.734313964844 -327.684717731502
2019.832275390625 -333.619903564453 -329.25601851118523
2019.865112304688 -331.556121826172 -330.70684536734996
2019.898071289062 -332.83447265625 -332.05253249964665
2019.930908203125 -334.149017333984 -333.29445918765043
2019.963745117188 -333.994293212891 -334.4432733690071
2019.99658203125 -335.460479736328 -335.5662308627669
2020.030151367188 -336.077697753906 -336.71980269282346
2020.06298828125 -337.400207519531 -337.80508188298955
2020.095825195312 -339.471374511719 -338.9211401099788
2020.128662109375 -339.878784179688 -340.1185843964039
2020.161499023438 -339.873565673828 -341.4206775095115
2020.177978515625 -342.340484619141 -342.1740797778495
2020.1943359375 -341.880187988281 -342.81626980662827
2020.227294921875 -343.110778808594 -344.32627454544684
2020.260131835938 -344.13818359375 -346.0021505001081
2020.29296875 -346.329254150391 -347.77362438565785
2020.325805664062 -348.309326171875 -349.7572544616927
2020.358642578125 -351.278625488281 -352.1982664818651
2020.391479492188 -353.563873291016 -354.8227026029917
2020.42431640625 -355.865905761719 -357.52725397265266
2020.457275390625 -354.634338378906 -360.38364459840636
2020.490112304688 -359.156494140625 -363.40002153996386
2020.52294921875 -366.349578857422 -366.5108934678872
2020.555786132812 -370.269256591797 -369.69985280787586
2020.572265625 -365.377380371094 -371.35626654012003
2020.588623046875 -374.906311035156 -372.9921867424129
2020.605102539062 -374.268737792969 -374.6225719015947
2020.621459960938 -378.357116699219 -376.25257873911863
2020.654296875 -377.830169677734 -379.47258864963607
2020.687255859375 -383.708251953125 -382.51357550449853
2020.70361328125 -386.502471923828 -384.03486995138024
2020.720092773438 -387.024688720703 -385.2156792524473
2020.7529296875 -387.688781738281 -387.6472032759656
2020.785766601562 -393.357025146484 -389.90989779064535
2020.818603515625 -394.558471679688 -392.0662877241503
2020.851440429688 -398.385955810547 -394.13569946867165
2020.917236328125 -399.384796142578 -398.02018747145297
2020.950073242188 -399.863739013672 -399.7511856838573
2020.98291015625 -400.963409423828 -401.4277379650617
2021.013671875 -402.990203857422 -403.0108402353752
2021.046508789062 -404.438873291016 -404.57046438433815
2021.079345703125 -405.162170410156 -406.1401781107044
2021.1123046875 -406.794799804688 -407.7256281235191
2021.145141601562 -409.386352539062 -409.3453436050527
2021.177978515625 -412.016235351562 -411.0135111517055
2021.210815429688 -412.679901123047 -412.7286377789168
2021.24365234375 -411.902404785156 -414.43224398383234
2021.276489257812 -414.648651123047 -416.2634650108259
2021.309326171875 -419.009887695312 -418.17623079760034
2021.34228515625 -419.218994140625 -420.18702056589586
2021.358642578125 -422.860900878906 -421.3013410586339
2021.391479492188 -421.785949707031 -423.518130790458
2021.407958984375 -422.585510253906 -424.7412070184787
2021.440795898438 -423.255859375 -427.083992997366
2021.4736328125 -429.212280273438 -429.45280869632694
2021.506469726562 -445.632843017578 -431.80062562701755
2021.539306640625 -437.968719482422 -434.1030959728658
2021.572265625 -433.226837158203 -436.2680297790766
2021.605102539062 -448.631378173828 -438.4980690524412
2021.637939453125 -444.047485351562 -440.69173832253915
2021.670776367188 -444.421417236328 -442.8332796847519
2021.736450195312 -449.337799072266 -446.6383470361642
2021.769287109375 -449.745208740234 -448.5089520160867
2021.80224609375 -451.602081298828 -450.1489096086904
2021.835083007812 -453.246368408203 -451.7612113590228
2021.867919921875 -453.092407226562 -453.2141799852664
2021.966430664062 -456.913635253906 -457.42538565203574
2022.0 -458.141510009766 -458.8590072793305
2022.065673828125 -462.248321533203 -461.6506543021003
2022.098510742188 -460.191955566406 -463.09249318940743
2022.197143554688 -466.889068603516 -467.5094434071481
2022.22998046875 -470.176788330078 -469.0461726847705
2022.262817382812 -466.634613037109 -470.61729509867394
2022.295654296875 -468.215545654297 -472.2092941153488
2022.328491210938 -474.450317382812 -473.8154039232007
2022.394287109375 -477.650939941406 -477.02586247422977
2022.558471679688 -484.885284423828 -485.00409037521223
2022.591430664062 -496.019287109375 -486.6705152196182
2022.68994140625 -493.589111328125 -491.65103466792715
2022.722778320312 -494.476013183594 -493.28328943038116
2022.821411132812 -495.649597167969 -498.11397028836774
2022.854248046875 -500.381652832031 -499.78958515325326
2022.887084960938 -499.324340820312 -501.5380568120714
2022.919921875 -501.863342285156 -503.26205693739945
2022.952758789062 -503.7744140625 -505.02026773422637
2022.985595703125 -504.597137451172 -507.1142519643093
2023.019165039062 -508.663848876953 -509.5006237749302
2023.052001953125 -509.662689208984 -511.78042871640565
2023.084838867188 -512.652160644531 -514.6348836352638
2023.11767578125 -515.323425292969 -518.015536645173
2023.150634765625 -517.26806640625 -521.2018996250791
2023.183471679688 -522.40185546875 -524.6483063671908
2023.21630859375 -520.39208984375 -528.0715436457543
2023.249145507812 -521.514953613281 -531.4909482115046
2023.281982421875 -530.916259765625 -534.9176293949032
2023.314819335938 -539.230041503906 -538.3580031391597
2023.34765625 -538.857727050781 -541.8168073838092
2023.380615234375 -540.147888183594 -545.3101673700845
2023.413452148438 -552.047607421875 -548.8155903979492
2023.4462890625 -557.228088378906 -552.3485856742193
2023.57763671875 -592.561218261719 -566.7166382110462
