2014.804931640625 -0.0 -13.269677207986723
2014.837768554688 -15.688870429993 -14.006758106091699
2014.903442382812 -15.12958240509 -15.481101173313162
2014.96923828125 -15.925802230835 -16.958025305003158
2015.03564453125 -17.601909637451 -18.448033278887007
2015.101318359375 -10.710551261902 -19.920759271741407
2015.265625 -39.852275848389 -23.601633763542104
2015.331298828125 -30.414579391479 -25.07169312195068
2015.39697265625 -25.223999023438 -26.541297344492897
2016.021850585938 -40.860321044922 -40.58857865311528
2016.1533203125 -44.025733947754 -43.44311917369687
2016.350463867188 -48.788036346436 -47.55478157799289
2016.416137695312 -44.195720672607 -48.78126625638593
2016.547607421875 -64.885208129883 -51.281708642745095
2016.744750976562 -56.175399780273 -55.111660517173476
2016.777587890625 -63.782398223877 -55.83958063759212
2016.810424804688 -62.645030975342 -56.644289248106645
2016.84326171875 -58.453990936279 -57.21263927323136
2016.876098632812 -54.994289398193 -57.41950026108023
2016.908935546875 -57.377445220947 -57.627882861199495
2016.941772460938 -57.020359039307 -57.89255553421071
2016.974731445312 -57.66446685791 -58.16970300271438
2017.005493164062 -57.729244232178 -58.514063592116614
2017.038330078125 -58.45467376709 -58.843922879802754
2017.071166992188 -57.131443023682 -59.20560098001799
2017.10400390625 -59.239631652832 -59.79319175257936
2017.136840820312 -59.391777038574 -60.49551391887067
2017.169799804688 -60.798156738281 -61.27966641526447
2017.20263671875 -59.996650695801 -62.172983575947995
2017.235473632812 -60.60376739502 -63.18713163738095
2017.268310546875 -65.157012939453 -64.29542320489023
2017.301147460938 -68.927513122559 -65.46628426786046
2017.333984375 -62.120811462402 -66.67889662077171
2017.366821289062 -65.710502624512 -67.88078168790432
2017.399780273438 -69.718292236328 -69.03175958489209
2017.4326171875 -77.305671691895 -70.10333000625178
2017.498291015625 -75.895706176758 -72.06747969503432
2017.531127929688 -74.043647766113 -72.97910722139352
2017.56396484375 -73.822731018066 -73.83798171360532
2017.596801757812 -80.383712768555 -74.63854030441954
2017.629760742188 -81.374176025391 -75.3779029775426
2017.66259765625 -74.813858032227 -76.03671679634387
2017.695434570312 -77.491798400879 -76.62387779497152
2017.728271484375 -75.953712463379 -77.19709703596206
2017.761108398438 -77.215599060059 -77.84119268887648
2017.7939453125 -76.954643249512 -78.5931554792232
2017.826782226562 -78.200065612793 -79.46278275934726
2017.859741210938 -77.368034362793 -80.46530411379105
2017.892578125 -78.742736816406 -81.62112429676279
2017.925415039062 -80.265899658203 -82.92912072466554
2017.958251953125 -84.355514526367 -84.37324327623492
2017.991088867188 -84.699844360352 -85.94725730851793
2018.024658203125 -86.616584777832 -87.70403688944126
2018.057495117188 -89.049034118652 -89.5610302037667
2018.09033203125 -90.340538024902 -91.5273050891204
2018.123168945312 -93.673149108887 -93.57691428042833
2018.156005859375 -94.207252502441 -95.66942384585312
2018.18896484375 -97.403022766113 -97.77871851208161
2018.221801757812 -101.417251586914 -99.88062024316842
2018.254638671875 -102.135520935059 -102.01304558996839
2018.287475585938 -108.782974243164 -104.20781893358213
2018.3203125 -105.858276367188 -106.45048084231892
2018.353149414062 -107.659477233887 -108.63918333268506
2018.385986328125 -122.36238861084 -110.69687036704559
2018.4189453125 -105.821334838867 -112.66640602007242
2018.451782226562 -113.354148864746 -114.59770934888837
2018.484619140625 -127.128677368164 -116.5214129516616
2018.517456054688 -109.788627624512 -118.42463245825655
2018.55029296875 -124.771774291992 -120.28299928739537
2018.583129882812 -128.667984008789 -122.11812138755576
2018.615966796875 -131.705932617188 -123.95644999740588
2018.64892578125 -123.356430053711 -125.7583576469826
2018.681762695312 -127.768829345703 -127.31928469179678
2018.714599609375 -130.294921875 -128.56348047736535
2018.747436523438 -131.933609008789 -129.56367585418607
2018.7802734375 -133.438049316406 -130.34803955945497
2018.813110351562 -137.469116210938 -130.9240196097025
2018.845947265625 -131.173950195312 -131.4507494989228
2018.87890625 -131.955520629883 -131.90872090908564
2018.911743164062 -133.059600830078 -132.20262948043936
2018.944580078125 -132.742767333984 -132.47217344199115
2018.977416992188 -133.578552246094 -132.5732425562409
2019.010986328125 -131.466812133789 -132.5869380302352
2019.043823242188 -133.734069824219 -132.60271357332462
2019.109497070312 -131.952453613281 -132.5840552688213
2019.1259765625 -132.637283325195 -132.5552846439053
2019.142333984375 -132.657989501953 -132.5137374133694
2019.175170898438 -131.679977416992 -132.4341213091767
2019.191650390625 -133.317474365234 -132.39221119090513
2019.208129882812 -134.042282104492 -132.35397202695555
2019.224487304688 -131.339538574219 -132.3095631811583
2019.240966796875 -132.348022460938 -132.285081624055
2019.25732421875 -132.457382202148 -132.2704433913872
2019.273803710938 -131.709060668945 -132.248085566099
2019.290161132812 -131.091354370117 -132.21560609350735
2019.306640625 -131.68342590332 -132.196109413992
2019.323120117188 -131.753860473633 -132.1705708852855
2019.339477539062 -134.330383300781 -132.13567680689385
2019.35595703125 -129.191421508789 -132.09133715593447
2019.372314453125 -135.825057983398 -132.04456154042623
2019.388793945312 -132.680679321289 -131.99791887754705
2019.405151367188 -130.16227722168 -131.9375743352208
2019.421630859375 -135.887084960938 -131.93553428949042
2019.438110351562 -130.314575195312 -131.98030334629541
2019.454467773438 -133.253662109375 -132.08850736429005
2019.470947265625 -130.717651367188 -132.27878757168605
2019.4873046875 -131.659469604492 -132.53740619445674
2019.503784179688 -129.222900390625 -132.89603394742716
2019.520141601562 -131.487167358398 -133.13256389356803
2019.53662109375 -125.553833007812 -133.3582060233468
2019.569458007812 -137.837814331055 -133.74947823572543
2019.602294921875 -138.871002197266 -134.07834206331725
2019.618774414062 -132.209671020508 -134.31444345094067
2019.635131835938 -137.907897949219 -134.59002198578878
2019.651611328125 -139.394607543945 -134.8664673837517
2019.668090820312 -130.695510864258 -135.18951910864314
2019.71728515625 -133.999145507812 -136.1136717569104
2019.733764648438 -136.732391357422 -136.40275912534534
2019.750122070312 -134.486373901367 -136.7216860954361
2019.7666015625 -135.845993041992 -137.00733779218814
2019.799438476562 -137.394515991211 -137.6314864677923
2019.832275390625 -142.446563720703 -138.24820081160766
2019.865112304688 -138.135162353516 -138.91368612617654
2019.898071289062 -139.98600769043 -139.62768300173448
2019.930908203125 -141.07356262207 -140.37133445064794
2019.963745117188 -141.228164672852 -141.10330006448717
2019.99658203125 -141.437927246094 -141.8207840990218
2020.030151367188 -142.910919189453 -142.5480639323883
2020.06298828125 -142.37614440918 -143.1899261715487
2020.095825195312 -143.54377746582 -143.81804306518688
2020.128662109375 -144.488388061523 -144.45486796379654
2020.161499023438 -146.113754272461 -145.11454782523197
2020.177978515625 -145.491195678711 -145.46700757950333
2020.1943359375 -145.522369384766 -145.79848739866043
2020.227294921875 -148.310180664062 -146.51706449256588
2020.260131835938 -144.238388061523 -147.27211912544686
2020.29296875 -148.062210083008 -148.03891230037058
2020.325805664062 -146.907516479492 -148.83661489594792
2020.358642578125 -150.137557983398 -149.71413300773338
2020.391479492188 -150.344512939453 -150.58830529929133
2020.42431640625 -150.835830688477 -151.46337734797558
2020.457275390625 -152.389892578125 -152.36563482962052
2020.490112304688 -152.851348876953 -153.2728442299191
2020.52294921875 -155.130966186523 -154.1469193956236
2020.555786132812 -156.03547668457 -154.9466840890062
2020.572265625 -158.882171630859 -155.2460007351523
2020.588623046875 -158.785278320312 -155.51614286106948
2020.605102539062 -154.701629638672 -155.90156107166735
2020.621459960938 -155.134033203125 -156.12915737160682
2020.654296875 -157.237548828125 -156.64350729775427
2020.687255859375 -158.929489135742 -157.06662829067386
2020.70361328125 -157.720092773438 -157.26818210820366
2020.720092773438 -158.392730712891 -157.40548748699734
2020.7529296875 -156.829818725586 -157.70077687962973
2020.785766601562 -157.700729370117 -157.9783327594804
2020.818603515625 -157.170379638672 -158.2546596557514
2020.851440429688 -158.463119506836 -158.54140048030277
2020.917236328125 -159.436676025391 -159.24377903200275
2020.950073242188 -158.560119628906 -159.7096474978571
2020.98291015625 -160.09016418457 -160.23965277798516
2021.013671875 -159.732528686523 -160.71491945450353
2021.046508789062 -160.495071411133 -161.46617996676287
2021.079345703125 -161.559097290039 -162.56239482626023
2021.1123046875 -160.420501708984 -163.7303624784594
2021.145141601562 -164.59831237793 -165.05215455430644
2021.177978515625 -164.694366455078 -166.51039663106806
2021.210815429688 -164.184036254883 -168.0706666418773
2021.24365234375 -164.888153076172 -169.50578772511983
2021.276489257812 -168.63557434082 -171.29280808985826
2021.309326171875 -174.245483398438 -173.2024095062414
2021.34228515625 -174.464874267578 -175.22132612588146
2021.358642578125 -177.325347900391 -176.215990281852
2021.391479492188 -182.358367919922 -178.19552253196804
2021.407958984375 -177.258590698242 -179.09501847198814
2021.440795898438 -182.792633056641 -180.8154635976455
2021.4736328125 -183.9521484375 -182.16125516741155
2021.506469726562 -189.886444091797 -183.1408452865323
2021.539306640625 -197.923736572266 -183.91246662246047
2021.572265625 -188.106658935547 -184.26755756803303
2021.605102539062 -193.713775634766 -185.0634845539667
2021.637939453125 -188.795776367188 -185.78665762115747
2021.670776367188 -195.555679321289 -186.3994511456027
2021.736450195312 -189.603591918945 -186.96640812587532
2021.769287109375 -184.642639160156 -187.2440876090099
2021.80224609375 -188.868789672852 -187.30859818198047
2021.835083007812 -185.640975952148 -187.36468584195737
2021.867919921875 -189.677322387695 -187.3191724199348
2021.966430664062 -186.429168701172 -187.24204689541926
2022.0 -185.026473999023 -187.29983656744756
2022.065673828125 -185.997467041016 -187.3709492536653
2022.098510742188 -187.580657958984 -187.47004339619232
2022.197143554688 -188.281494140625 -188.11522140843954
2022.22998046875 -186.551300048828 -188.59421268391543
2022.262817382812 -179.741577148438 -189.21612871460283
2022.295654296875 -178.298858642578 -189.98733059647586
2022.328491210938 -190.129837036133 -190.85751763206596
2022.394287109375 -180.189758300781 -192.51796758688837
2022.558471679688 -189.708633422852 -195.6326499521849
2022.591430664062 -212.539489746094 -196.3523242679932
2022.68994140625 -201.879608154297 -199.1140931293746
2022.722778320312 -208.08528137207 -200.0830866574733
2022.821411132812 -204.593612670898 -201.83555989685942
2022.854248046875 -200.450500488281 -202.04829393259544
2022.887084960938 -205.94548034668 -202.19476385392323
2022.919921875 -201.653686523438 -202.3528265381531
2022.952758789062 -201.13444519043 -202.42010362063607
2022.985595703125 -203.359634399414 -202.4065952438521
2023.019165039062 -202.000473022461 -202.43317028404232
2023.052001953125 -201.938095092773 -202.44560237006306
2023.084838867188 -202.094192504883 -202.5727408127871
2023.11767578125 -203.328262329102 -202.8126826017203
2023.150634765625 -200.973999023438 -202.99984679014761
2023.183471679688 -203.415817260742 -203.2376641045697
2023.21630859375 -198.804229736328 -203.467921052317
2023.249145507812 -201.096176147461 -203.69703506789395
2023.281982421875 -202.433837890625 -203.93006525306438
2023.314819335938 -206.392196655273 -204.1714772906143
2023.34765625 -206.996078491211 -204.42472713339782
2023.380615234375 -208.050415039062 -204.69180594666147
2023.413452148438 -203.197158813477 -204.96913070032946
2023.4462890625 -199.53532409668 -205.2543063593628
2023.57763671875 -228.498199462891 -206.44007211714836
