2014.804931640625 0.0 -0.27271399574917343
2014.837768554688 4.358552455902 -0.6523894787766241
2014.903442382812 3.497481584549 -1.410642256999026
2014.96923828125 -0.370447546244 -2.1688429893918943
2015.03564453125 -3.541629552841 -2.932688902863853
2015.101318359375 -5.936500549316 -3.687143649447241
2015.265625 -9.325403213501 -5.572186760699346
2015.331298828125 -10.668676376343 -6.324871493919493
2015.39697265625 -11.900323867798 -7.0773006047443445
2016.021850585938 -14.294176101685 -14.883332086578378
2016.1533203125 -15.823745727539 -15.951508402585421
2016.350463867188 -18.345249176025 -17.219692549414496
2016.416137695312 -13.93458366394 -17.658824107726904
2016.547607421875 -19.879188537598 -18.597931056811092
2016.744750976562 -20.949590682983 -19.697703202883453
2016.777587890625 -19.663227081299 -19.82736223999795
2016.810424804688 -19.173358917236 -19.970584479817106
2016.84326171875 -19.425205230713 -20.176860263724848
2016.876098632812 -19.038068771362 -20.464013223525924
2016.908935546875 -20.251956939697 -20.809905214016553
2016.941772460938 -20.199947357178 -21.157699393258103
2016.974731445312 -20.873706817627 -21.580850489050956
2017.005493164062 -21.780712127686 -22.040523080674557
2017.038330078125 -22.360330581665 -22.503649770949668
2017.071166992188 -22.36803817749 -22.991413292102983
2017.10400390625 -23.569705963135 -23.55689106866945
2017.136840820312 -24.262361526489 -24.14311699727177
2017.169799804688 -25.046110153198 -24.738589258053423
2017.20263671875 -25.124696731567 -25.326212825548488
2017.235473632812 -26.515796661377 -25.89186304244719
2017.268310546875 -27.135210037231 -26.425455243769502
2017.301147460938 -27.377546310425 -26.92463869056056
2017.333984375 -27.059913635254 -27.39833089708454
2017.366821289062 -27.739532470703 -27.848608386065152
2017.399780273438 -29.400623321533 -28.275749748909135
2017.4326171875 -29.102487564087 -28.680309394721444
2017.498291015625 -29.791044235229 -29.47371636587102
2017.531127929688 -28.615156173706 -29.87866651767679
2017.56396484375 -30.408782958984 -30.291669354113466
2017.596801757812 -29.791095733643 -30.714406447319377
2017.629760742188 -32.55549621582 -31.147507419407678
2017.66259765625 -30.669843673706 -31.588394522361078
2017.695434570312 -31.061452865601 -32.0410230674062
2017.728271484375 -31.775178909302 -32.51384321758484
2017.761108398438 -33.610744476318 -33.0074844709419
2017.7939453125 -33.840682983398 -33.51202343867691
2017.826782226562 -34.473346710205 -34.015907516696075
2017.859741210938 -34.529006958008 -34.51188038621448
2017.892578125 -35.09587097168 -34.98374735387209
2017.925415039062 -35.600921630859 -35.42705850244197
2017.958251953125 -35.869762420654 -35.837555790404735
2017.991088867188 -36.775966644287 -36.212520667259135
2018.024658203125 -37.272537231445 -36.55238373356803
2018.057495117188 -37.580322265625 -36.84178961612426
2018.09033203125 -37.574371337891 -37.092542221975
2018.123168945312 -37.880744934082 -37.309572385037924
2018.156005859375 -37.476322174072 -37.495165056462724
2018.18896484375 -37.77645111084 -37.654859249198296
2018.221801757812 -37.762233734131 -37.790917370172124
2018.254638671875 -38.460926055908 -37.90887861181281
2018.287475585938 -38.096801757812 -38.01667484330674
2018.3203125 -38.129829406738 -38.12227380715436
2018.353149414062 -36.364128112793 -38.24368850223955
2018.385986328125 -38.086212158203 -38.39539045744429
2018.4189453125 -38.622989654541 -38.58110942436155
2018.451782226562 -38.18168258667 -38.80467684910486
2018.484619140625 -39.170867919922 -39.0727286325638
2018.517456054688 -38.749237060547 -39.38842459394299
2018.55029296875 -38.583263397217 -39.746978662548784
2018.583129882812 -39.773418426514 -40.13735609459848
2018.615966796875 -38.481357574463 -40.548385673982146
2018.64892578125 -41.918125152588 -40.97394502500832
2018.681762695312 -42.312873840332 -41.405646104829444
2018.714599609375 -38.780395507812 -41.842453545741826
2018.747436523438 -41.930629730225 -42.28790936869008
2018.7802734375 -42.969543457031 -42.743097691220186
2018.813110351562 -44.085296630859 -43.20038217285991
2018.845947265625 -44.236297607422 -43.66477384187972
2018.87890625 -43.628063201904 -44.10259434688779
2018.911743164062 -44.175769805908 -44.52074398833966
2018.944580078125 -45.00114440918 -44.93527547550115
2018.977416992188 -45.203163146973 -45.362222107230714
2019.010986328125 -45.610683441162 -45.807656117010886
2019.043823242188 -45.912014007568 -46.22541504017974
2019.109497070312 -47.309982299805 -47.14494682547083
2019.1259765625 -47.344390869141 -47.38378843524519
2019.142333984375 -47.433296203613 -47.61785316543855
2019.175170898438 -48.14542388916 -48.09527641040838
2019.191650390625 -48.338592529297 -48.32726241387123
2019.208129882812 -49.553321838379 -48.5502913898963
2019.224487304688 -48.693050384521 -48.77495699156061
2019.240966796875 -49.057640075684 -48.972064279327185
2019.25732421875 -49.233058929443 -49.14714122417047
2019.273803710938 -49.579456329346 -49.33854455479517
2019.290161132812 -49.32396697998 -49.51569195826778
2019.306640625 -49.658645629883 -49.619641557927196
2019.323120117188 -50.003154754639 -49.68359577100134
2019.339477539062 -50.02522277832 -49.71020616193858
2019.35595703125 -50.329982757568 -49.69832178837669
2019.372314453125 -51.461227416992 -49.65214743894933
2019.388793945312 -49.617534637451 -49.58201572515194
2019.405151367188 -51.043594360352 -49.481479824478754
2019.421630859375 -49.064254760742 -49.424131485204285
2019.438110351562 -49.760444641113 -49.366047506868625
2019.454467773438 -49.103103637695 -49.312782690067
2019.470947265625 -46.71800994873 -49.28163969487863
2019.4873046875 -48.372234344482 -49.28041391793601
2019.503784179688 -46.969081878662 -49.345796703472686
2019.520141601562 -46.544860839844 -49.34448023144059
2019.53662109375 -50.127933502197 -49.358518056518626
2019.569458007812 -50.424793243408 -49.453026016322426
2019.602294921875 -45.746578216553 -49.653414019049606
2019.618774414062 -48.538345336914 -49.76193896061985
2019.635131835938 -50.664554595947 -49.894991524707066
2019.651611328125 -50.590293884277 -50.07091197026581
2019.668090820312 -47.85705947876 -50.242441121099695
2019.71728515625 -51.028854370117 -50.85714709683515
2019.733764648438 -50.24751663208 -51.07338169565924
2019.750122070312 -50.539897918701 -51.327696622845366
2019.7666015625 -51.049575805664 -51.55970816670979
2019.799438476562 -51.812911987305 -52.05578358834168
2019.832275390625 -53.659290313721 -52.54545268262967
2019.865112304688 -53.136631011963 -53.035366657112256
2019.898071289062 -53.682613372803 -53.51207245617395
2019.930908203125 -54.477813720703 -53.95399405018945
2019.963745117188 -54.95779800415 -54.31497799030767
2019.99658203125 -54.928596496582 -54.6320973120415
2020.030151367188 -55.46711730957 -55.00513687859014
2020.06298828125 -55.740940093994 -55.195676260932
2020.095825195312 -55.586978912354 -55.34786060041432
2020.128662109375 -55.934490203857 -55.42824850831541
2020.161499023438 -56.21475982666 -55.437133713792726
2020.177978515625 -55.799522399902 -55.36453560543356
2020.1943359375 -55.968444824219 -55.37082437985007
2020.227294921875 -55.950313568115 -55.23363240156621
2020.260131835938 -55.415447235107 -55.04524552628595
2020.29296875 -55.271068572998 -54.83742870536344
2020.325805664062 -54.793537139893 -54.5853202847513
2020.358642578125 -54.067195892334 -54.33970257654283
2020.391479492188 -54.171901702881 -54.14448917308393
2020.42431640625 -52.957691192627 -53.99222783726617
2020.457275390625 -52.306186676025 -53.91509360893294
2020.490112304688 -52.919952392578 -53.92578109900313
2020.52294921875 -53.513347625732 -54.01118293677672
2020.555786132812 -53.176578521729 -54.177760693425206
2020.572265625 -51.343059539795 -54.3644801107174
2020.588623046875 -52.500507354736 -54.558141089025696
2020.605102539062 -54.307544708252 -54.65063128400667
2020.621459960938 -55.77405166626 -54.87104481697196
2020.654296875 -53.923767089844 -55.268811081846394
2020.687255859375 -56.736968994141 -55.73612891117953
2020.70361328125 -56.30965423584 -55.983791120909444
2020.720092773438 -55.838489532471 -56.24695909698315
2020.7529296875 -56.81916809082 -56.77467577924477
2020.785766601562 -57.702777862549 -57.310131409622514
2020.818603515625 -57.502689361572 -57.84985478913766
2020.851440429688 -58.476554870605 -58.38669018090362
2020.917236328125 -59.136436462402 -59.39943513914079
2020.950073242188 -60.038429260254 -59.858516798382105
2020.98291015625 -60.481559753418 -60.27626677127725
2021.013671875 -60.946922302246 -60.67919663016934
2021.046508789062 -61.759876251221 -61.02720792739616
2021.079345703125 -62.052345275879 -61.2621577596327
2021.1123046875 -62.833827972412 -61.479643681775755
2021.145141601562 -62.05281829834 -61.63534860279044
2021.177978515625 -61.901546478271 -61.72567248813551
2021.210815429688 -63.623321533203 -61.746780805780766
2021.24365234375 -63.614295959473 -61.78387667629876
2021.276489257812 -60.370338439941 -61.64803059808368
2021.309326171875 -62.377277374268 -61.45771215009593
2021.34228515625 -62.316390991211 -61.31257113183129
2021.358642578125 -61.736133575439 -61.36015312092144
2021.391479492188 -57.799911499023 -61.399540978669044
2021.407958984375 -59.460372924805 -61.49352455740571
2021.440795898438 -57.768669128418 -61.58066727648661
2021.4736328125 -58.493629455566 -61.713451639805406
2021.506469726562 -59.706939697266 -61.89006354337791
2021.539306640625 -58.795055389404 -62.0966034467727
2021.572265625 -58.176689147949 -62.488425005000316
2021.605102539062 -63.082160949707 -62.74630463611469
2021.637939453125 -62.372303009033 -63.049991793244295
2021.670776367188 -62.61266708374 -63.436912275460195
2021.736450195312 -65.765022277832 -64.58278808817303
2021.769287109375 -64.59407043457 -65.20326701730544
2021.80224609375 -65.768585205078 -65.84592379623595
2021.835083007812 -65.054512023926 -66.48586817047945
2021.867919921875 -67.858924865723 -67.1217095053062
2021.966430664062 -69.755828857422 -68.98849505216288
2022.0 -69.938583374023 -69.57951059293538
2022.065673828125 -70.732551574707 -70.75438151248407
2022.098510742188 -71.148536682129 -71.26781710523852
2022.197143554688 -73.584121704102 -72.45222743109619
2022.22998046875 -75.261093139648 -72.7352206003342
2022.262817382812 -74.484519958496 -72.97513771242954
2022.295654296875 -74.79296875 -73.1794912888213
2022.328491210938 -75.146324157715 -73.34187892905125
2022.394287109375 -74.765274047852 -73.57070874875251
2022.558471679688 -76.485984802246 -74.02859191617765
2022.591430664062 -72.983711242676 -74.0633790918666
2022.68994140625 -74.644515991211 -73.8830882978474
2022.722778320312 -73.238212585449 -73.80369597755866
2022.821411132812 -73.310539245605 -73.68149663326977
2022.854248046875 -72.844284057617 -73.6910220064345
2022.887084960938 -73.527900695801 -73.71493809320287
2022.919921875 -73.140037536621 -73.72987994297044
2022.952758789062 -73.533882141113 -73.7554951922628
2022.985595703125 -73.789085388184 -73.79506346786978
2023.019165039062 -74.236465454102 -73.8126448894243
2023.052001953125 -74.34317779541 -73.85676104439753
2023.084838867188 -74.202751159668 -73.83319587709013
2023.11767578125 -74.140823364258 -73.73286726453588
2023.150634765625 -74.582160949707 -73.67017004546852
2023.183471679688 -74.382125854492 -73.56220403051702
2023.21630859375 -76.61328125 -73.45526706100524
2023.249145507812 -77.251167297363 -73.34587783565478
2023.281982421875 -73.746536254883 -73.23175717000647
2023.314819335938 -73.666534423828 -73.11130760161383
2023.34765625 -71.934814453125 -72.98297501155969
2023.380615234375 -70.822937011719 -72.84483411487189
2023.413452148438 -75.296691894531 -72.69789760282247
2023.4462890625 -63.866966247559 -72.54305145552028
2023.57763671875 -57.88843536377 -71.86549682208977
