2014.804931640625 -0.0 -0.024438028116400258
2014.837768554688 -0.591628611088 -1.1471861964192216
2014.903442382812 -3.892753839493 -3.392174441877274
2014.96923828125 -5.711909294128 -5.640736040231935
2015.03564453125 -12.274457931519 -7.909577893301959
2015.101318359375 -4.952822685242 -10.152819498960167
2015.265625 -21.545886993408 -15.762539069699947
2015.331298828125 -13.805552482605 -18.003750546654807
2015.39697265625 -6.732241153717 -20.244444397123736
2016.021850585938 -42.869159698486 -42.807920919336105
2016.1533203125 -42.133415222168 -47.13815438168856
2016.350463867188 -52.454708099365 -53.25260885376217
2016.416137695312 -54.995269775391 -55.175740719611916
2016.547607421875 -59.906169891357 -59.01024907439176
2016.744750976562 -66.290557861328 -64.63996837622842
2016.777587890625 -66.564453125 -65.61948323384304
2016.810424804688 -66.212898254395 -66.61666239338302
2016.84326171875 -67.807594299316 -67.51973355647749
2016.876098632812 -68.079193115234 -68.2537874774907
2016.908935546875 -69.27953338623 -68.90886514822205
2016.941772460938 -69.972862243652 -69.54053981247719
2016.974731445312 -70.666244506836 -70.11942763513598
2017.005493164062 -70.892669677734 -70.59302170797353
2017.038330078125 -71.757606506348 -71.1288601629409
2017.071166992188 -71.798690795898 -71.6612563894135
2017.10400390625 -72.574226379395 -72.08452677911056
2017.136840820312 -73.123069763184 -72.46173302601021
2017.169799804688 -74.287963867188 -72.81593095178829
2017.20263671875 -73.551895141602 -73.1386577096889
2017.235473632812 -74.322715759277 -73.42959696955558
2017.268310546875 -73.198776245117 -73.69289329420235
2017.301147460938 -73.429832458496 -73.94745028166243
2017.333984375 -73.627777099609 -74.21753436118068
2017.366821289062 -74.175819396973 -74.5245620271069
2017.399780273438 -74.905212402344 -74.87248437647892
2017.4326171875 -75.08039855957 -75.25015992461739
2017.498291015625 -73.515937805176 -76.11972216081304
2017.531127929688 -73.859230041504 -76.62283740775443
2017.56396484375 -75.987686157227 -77.17025779285416
2017.596801757812 -77.575073242188 -77.75463359908403
2017.629760742188 -77.355339050293 -78.37014626694776
2017.66259765625 -79.136322021484 -79.02076320218659
2017.695434570312 -79.630210876465 -79.72585589199994
2017.728271484375 -79.421417236328 -80.49766431939214
2017.761108398438 -81.194534301758 -81.30669388191644
2017.7939453125 -82.313621520996 -82.10724580911969
2017.826782226562 -83.558578491211 -82.87469956714187
2017.859741210938 -84.778579711914 -83.60820950082393
2017.892578125 -85.094734191895 -84.2971188963001
2017.925415039062 -85.616828918457 -84.93606695594409
2017.958251953125 -85.699867248535 -85.51260853155036
2017.991088867188 -86.788421630859 -86.01849631682039
2018.024658203125 -87.40544128418 -86.45901180538878
2018.057495117188 -87.44059753418 -86.81304705534453
2018.09033203125 -87.655433654785 -87.09481735037234
2018.123168945312 -88.383148193359 -87.3122854636558
2018.156005859375 -87.979476928711 -87.47869940692486
2018.18896484375 -88.445976257324 -87.60878339534904
2018.221801757812 -87.862815856934 -87.71049710635826
2018.254638671875 -87.130241394043 -87.78562642023
2018.287475585938 -87.890853881836 -87.83754916639832
2018.3203125 -87.938591003418 -87.87544195405361
2018.353149414062 -86.274070739746 -87.92213947848582
2018.385986328125 -88.324554443359 -87.99962445959332
2018.4189453125 -87.744079589844 -88.12124510464932
2018.451782226562 -87.955192565918 -88.2990464390552
2018.484619140625 -88.016036987305 -88.5390535733057
2018.517456054688 -88.500617980957 -88.84010717745147
2018.55029296875 -87.644592285156 -89.19649017423143
2018.583129882812 -88.811378479004 -89.60192552218513
2018.615966796875 -87.34952545166 -90.04809426796047
2018.64892578125 -90.343849182129 -90.53164919244325
2018.681762695312 -90.816268920898 -91.04185984096341
2018.714599609375 -90.125968933105 -91.57474878766676
2018.747436523438 -92.819137573242 -92.13421624022483
2018.7802734375 -92.635162353516 -92.71578638397403
2018.813110351562 -93.657829284668 -93.29941601373513
2018.845947265625 -94.699249267578 -93.88922210109399
2018.87890625 -94.749290466309 -94.453958683009
2018.911743164062 -95.000549316406 -94.92210419824808
2018.944580078125 -95.482109069824 -95.38221915320791
2018.977416992188 -96.80908203125 -95.782230930477
2019.010986328125 -96.627304077148 -96.06371031122065
2019.043823242188 -97.023971557617 -96.33784148169879
2019.109497070312 -96.736450195312 -96.63036679277455
2019.1259765625 -97.291954040527 -96.7104266067733
2019.142333984375 -97.747146606445 -96.6910437460513
2019.175170898438 -96.62865447998 -96.60240428329274
2019.191650390625 -97.019889831543 -96.48070996311192
2019.208129882812 -97.139999389648 -96.32756042714206
2019.224487304688 -96.596382141113 -96.17478683666477
2019.240966796875 -96.048675537109 -95.96942256914399
2019.25732421875 -95.694023132324 -95.76175409954276
2019.273803710938 -95.684883117676 -95.55018380770623
2019.290161132812 -94.846725463867 -95.31951491798675
2019.306640625 -94.820343017578 -95.1098240593292
2019.323120117188 -94.59553527832 -94.92549286868295
2019.339477539062 -94.110389709473 -94.76656383365005
2019.35595703125 -94.206871032715 -94.62855590436612
2019.372314453125 -94.659080505371 -94.50720052038382
2019.388793945312 -94.123916625977 -94.39248696370065
2019.405151367188 -93.071792602539 -94.27925992787434
2019.421630859375 -94.755752563477 -94.15598994167125
2019.438110351562 -94.073112487793 -94.03780069205847
2019.454467773438 -94.768821716309 -93.9237428240761
2019.470947265625 -94.581382751465 -93.81322511971804
2019.4873046875 -94.760520935059 -93.7113195168788
2019.503784179688 -93.410865783691 -93.61194560589311
2019.520141601562 -93.102638244629 -93.51444670926847
2019.53662109375 -92.401878356934 -93.41954196762298
2019.569458007812 -92.36368560791 -93.26570452193592
2019.602294921875 -95.926406860352 -93.2797992823387
2019.618774414062 -92.614517211914 -93.29654651821203
2019.635131835938 -92.863258361816 -93.33303503053688
2019.651611328125 -93.219619750977 -93.47618009297064
2019.668090820312 -91.197944641113 -93.55674043270342
2019.71728515625 -93.521514892578 -94.02134079775011
2019.733764648438 -93.420974731445 -94.21058183477588
2019.750122070312 -91.86156463623 -94.47352734106452
2019.7666015625 -95.300537109375 -94.70696233984334
2019.799438476562 -95.63533782959 -95.24418034489705
2019.832275390625 -94.862014770508 -95.77454348822995
2019.865112304688 -96.503936767578 -96.30105558922489
2019.898071289062 -96.398323059082 -96.81996827643727
2019.930908203125 -98.439331054688 -97.30564327899909
2019.963745117188 -98.498069763184 -97.71082419138774
2019.99658203125 -98.667961120605 -98.06553627250855
2020.030151367188 -98.942710876465 -98.47103818868618
2020.06298828125 -99.405136108398 -98.70327647561678
2020.095825195312 -98.866798400879 -98.91073555991672
2020.128662109375 -99.847900390625 -99.04305099931767
2020.161499023438 -100.029724121094 -99.10526147241185
2020.177978515625 -99.473388671875 -99.08749067172869
2020.1943359375 -99.577590942383 -99.11435016616818
2020.227294921875 -99.742233276367 -99.08457072074289
2020.260131835938 -98.320854187012 -99.03053581167104
2020.29296875 -99.171463012695 -98.95882781741275
2020.325805664062 -98.525833129883 -98.868472322873
2020.358642578125 -97.867614746094 -98.8112887756055
2020.391479492188 -98.200256347656 -98.77877975261546
2020.42431640625 -99.642280578613 -98.76825280531273
2020.457275390625 -95.607521057129 -98.79221792409324
2020.490112304688 -98.436225891113 -98.84511164846506
2020.52294921875 -98.208343505859 -98.91094184273557
2020.555786132812 -98.563034057617 -98.97852507073932
2020.572265625 -104.319366455078 -99.00037985585617
2020.588623046875 -99.859748840332 -99.01370786054035
2020.605102539062 -99.525215148926 -99.04933573028326
2020.621459960938 -98.892555236816 -99.0537298265716
2020.654296875 -100.015464782715 -99.07752217509861
2020.687255859375 -100.047966003418 -99.08345944572434
2020.70361328125 -99.34024810791 -99.08891061235792
2020.720092773438 -98.146034240723 -99.07167873545747
2020.7529296875 -99.111328125 -99.04461390185902
2020.785766601562 -99.25325012207 -99.00376121302799
2020.818603515625 -97.910461425781 -98.95283421258604
2020.851440429688 -98.976341247559 -98.89627750148198
2020.917236328125 -99.238342285156 -98.78479026363019
2020.950073242188 -98.577018737793 -98.747216774687
2020.98291015625 -98.507995605469 -98.70339942429297
2021.013671875 -98.553749084473 -98.66246727910836
2021.046508789062 -98.586280822754 -98.6029324388213
2021.079345703125 -98.810890197754 -98.50293420894891
2021.1123046875 -99.012222290039 -98.39595817393791
2021.145141601562 -98.213935852051 -98.26977564513327
2021.177978515625 -98.449562072754 -98.12369203715076
2021.210815429688 -98.911750793457 -97.96359928329967
2021.24365234375 -98.446571350098 -97.82116743152147
2021.276489257812 -95.776908874512 -97.63821126110162
2021.309326171875 -97.503799438477 -97.46445349872091
2021.34228515625 -97.167427062988 -97.34544749487769
2021.358642578125 -97.244697570801 -97.37350152313702
2021.391479492188 -97.456451416016 -97.372962249092
2021.407958984375 -96.156578063965 -97.4352345266591
2021.440795898438 -94.870254516602 -97.50438172157203
2021.4736328125 -95.083694458008 -97.6135622171027
2021.506469726562 -95.239677429199 -97.73992121981205
2021.539306640625 -98.636108398438 -97.8710695509044
2021.572265625 -91.90096282959 -98.03443370474092
2021.605102539062 -98.838012695312 -98.18798609420335
2021.637939453125 -98.525733947754 -98.35869051094724
2021.670776367188 -101.197395324707 -98.53318898741531
2021.736450195312 -100.05403137207 -98.77870236103425
2021.769287109375 -98.151390075684 -98.87307245281755
2021.80224609375 -99.087852478027 -98.8926911932506
2021.835083007812 -99.43244934082 -98.91031408711868
2021.867919921875 -99.944046020508 -98.87948412924591
2021.966430664062 -100.49641418457 -98.79187558352538
2022.0 -97.635955810547 -98.73216436842911
2022.065673828125 -98.486373901367 -98.61774458231844
2022.098510742188 -97.715187072754 -98.52341282958488
2022.197143554688 -98.281242370605 -98.18781397527819
2022.22998046875 -98.705574035645 -98.05213050853968
2022.262817382812 -98.497467041016 -97.90157391653872
2022.295654296875 -98.680404663086 -97.73911680233164
2022.328491210938 -98.125061035156 -97.56734124912018
2022.394287109375 -96.848487854004 -97.21616365610515
2022.558471679688 -95.884574890137 -96.41893783979246
2022.591430664062 -102.221221923828 -96.22679553603656
2022.68994140625 -89.840087890625 -95.60795789015368
2022.722778320312 -94.277702331543 -95.40308915870958
2022.821411132812 -96.784713745117 -94.95307404236645
2022.854248046875 -92.044761657715 -94.85286274068605
2022.887084960938 -94.718421936035 -94.76281842963131
2022.919921875 -94.265480041504 -94.6745895438142
2022.952758789062 -94.670394897461 -94.59601813487485
2022.985595703125 -97.387535095215 -94.50631758611209
2023.019165039062 -95.090225219727 -94.39855969800674
2023.052001953125 -94.217956542969 -94.29228897812177
2023.084838867188 -94.120887756348 -94.14736601882638
2023.11767578125 -93.577529907227 -93.961059301216
2023.150634765625 -94.705345153809 -93.77722763081775
2023.183471679688 -93.28874206543 -93.5656054506375
2023.21630859375 -93.721817016602 -93.34652744340681
2023.249145507812 -95.038215637207 -93.12175062357294
2023.281982421875 -93.21647644043 -92.89280014691819
2023.314819335938 -92.2255859375 -92.6603690383726
2023.34765625 -92.919525146484 -92.42468775477049
2023.380615234375 -92.847724914551 -92.18496312593433
2023.413452148438 -90.536628723145 -91.94267856617424
2023.4462890625 -91.535980224609 -91.69643159220288
2023.57763671875 -87.341529846191 -90.67341712250634
