2014.804931640625 0.0 0.42109139644663096
2014.837768554688 1.025270819664 0.40612677848314416
2014.903442382812 -2.805758714676 0.3712163789417969
2014.96923828125 -1.943424463272 0.32923938022036203
2015.03564453125 12.454976081848 0.27987118887617835
2015.101318359375 8.913799285889 0.22485174474093853
2015.265625 21.677015304565 0.06691815256002961
2015.331298828125 5.265332698822 -0.0010036276286747889
2015.39697265625 -20.233369827271 -0.0689330017348785
2016.021850585938 0.686954379082 -0.08704633103595165
2016.1533203125 -1.640301465988 -1.045700351169354
2016.350463867188 -4.684144496918 -2.848459984563015
2016.416137695312 -17.583034515381 -3.5360498298854353
2016.547607421875 0.397574812174 -4.844007302784677
2016.744750976562 0.686291992664 -6.2380768373897615
2016.777587890625 -1.451400518417 -6.4808053702926784
2016.810424804688 -8.855573654175 -6.8311582142366465
2016.84326171875 -8.39331817627 -7.532022590892602
2016.876098632812 -10.443837165833 -8.35241912234296
2016.908935546875 -9.047051429749 -9.125320613386018
2016.941772460938 -11.577869415283 -9.881373556060696
2016.974731445312 -10.19392490387 -10.599906829977655
2017.005493164062 -9.547193527222 -11.192820112360737
2017.038330078125 -11.958827018738 -11.84355215629502
2017.071166992188 -14.214659690857 -12.448448875327239
2017.10400390625 -14.070574760437 -12.930936853713067
2017.136840820312 -13.927979469299 -13.335836059944082
2017.169799804688 -15.205945968628 -13.691408267880972
2017.20263671875 -12.328623771667 -13.988597475643713
2017.235473632812 -14.990100860596 -14.226661751547198
2017.268310546875 -14.426177024841 -14.400017412416526
2017.301147460938 -17.910078048706 -14.507285053765965
2017.333984375 -15.471989631653 -14.540440174186132
2017.366821289062 -16.176773071289 -14.5017514692934
2017.399780273438 -13.530265808105 -14.405914255362338
2017.4326171875 -10.912090301514 -14.267858942449779
2017.498291015625 -15.567790985107 -13.937044279271332
2017.531127929688 -16.007364273071 -13.782080186527223
2017.56396484375 -13.578918457031 -13.648276173382472
2017.596801757812 -13.384185791016 -13.55513015119979
2017.629760742188 -11.269624710083 -13.516422975180456
2017.66259765625 -11.879503250122 -13.52946482701896
2017.695434570312 -11.962826728821 -13.565573137139888
2017.728271484375 -11.962960243225 -13.599488433875413
2017.761108398438 -14.026119232178 -13.6135780908126
2017.7939453125 -14.992713928223 -13.61679819746151
2017.826782226562 -14.574564933777 -13.629141684906743
2017.859741210938 -14.307390213013 -13.661638466926428
2017.892578125 -15.127223014832 -13.698158921442355
2017.925415039062 -15.920636177063 -13.711219690626155
2017.958251953125 -13.216034889221 -13.679151702259983
2017.991088867188 -13.068460464478 -13.59469664000745
2018.024658203125 -13.154581069946 -13.481743081200028
2018.057495117188 -12.953772544861 -13.396218795382692
2018.09033203125 -13.834538459778 -13.369138683689252
2018.123168945312 -12.592308044434 -13.436863870674898
2018.156005859375 -12.446572303772 -13.633203269070522
2018.18896484375 -12.76789188385 -13.978307841505782
2018.221801757812 -10.606945037842 -14.469356992098536
2018.254638671875 -12.348125457764 -15.098159760221337
2018.287475585938 -12.357039451599 -15.851418988376048
2018.3203125 -15.335830688477 -16.70946710160757
2018.353149414062 -19.59947013855 -17.678305626326985
2018.385986328125 -14.894549369812 -18.762208069064275
2018.4189453125 -18.754060745239 -19.95693567987503
2018.451782226562 -22.052555084229 -21.22121405429269
2018.484619140625 -24.867109298706 -22.52386517337486
2018.517456054688 -22.629005432129 -23.839561074191604
2018.55029296875 -25.664129257202 -25.121090266624723
2018.583129882812 -29.100057601929 -26.317156158043833
2018.615966796875 -42.313346862793 -27.400737707159717
2018.64892578125 -27.714569091797 -28.367116008958728
2018.681762695312 -30.610214233398 -29.207712708492785
2018.714599609375 -33.149585723877 -29.921872865330474
2018.747436523438 -31.320009231567 -30.503632141865523
2018.7802734375 -32.420009613037 -30.981386260850737
2018.813110351562 -37.537273406982 -31.332370894949655
2018.845947265625 -32.591037750244 -31.638193889150074
2018.87890625 -31.946008682251 -31.784448177810916
2018.911743164062 -31.773380279541 -31.852637186312652
2018.944580078125 -33.069633483887 -31.90727333777053
2018.977416992188 -29.753974914551 -31.90558134721862
2019.010986328125 -29.951503753662 -32.02027927201756
2019.043823242188 -30.621278762817 -32.09316013381788
2019.109497070312 -31.83051109314 -32.74285664074006
2019.1259765625 -32.79634475708 -32.89668590828708
2019.142333984375 -30.907688140869 -33.25627749962194
2019.175170898438 -34.73900604248 -34.105779217329854
2019.191650390625 -32.590507507324 -34.68377484629905
2019.208129882812 -34.625881195068 -35.31180402873513
2019.224487304688 -34.62438583374 -35.93508603013471
2019.240966796875 -36.695594787598 -36.649217984265654
2019.25732421875 -37.960559844971 -37.38760372403344
2019.273803710938 -37.658046722412 -38.123074054141036
2019.290161132812 -41.149929046631 -38.8929330763326
2019.306640625 -39.246143341064 -39.7220012104881
2019.323120117188 -41.790023803711 -40.5577160187812
2019.339477539062 -39.376991271973 -41.38998393492606
2019.35595703125 -42.386310577393 -42.21366050363349
2019.372314453125 -42.034770965576 -43.00696379135127
2019.388793945312 -43.253723144531 -43.792797241901134
2019.405151367188 -44.553150177002 -44.587157609981155
2019.421630859375 -46.241535186768 -45.38410708700582
2019.438110351562 -48.876937866211 -46.19770875933228
2019.454467773438 -45.320320129395 -47.02252612486276
2019.470947265625 -46.744514465332 -47.84905658648513
2019.4873046875 -51.508220672607 -48.63551270453503
2019.503784179688 -46.186862945557 -49.30588616821442
2019.520141601562 -50.383567810059 -50.00955761408601
2019.53662109375 -52.394805908203 -50.681463765785004
2019.569458007812 -52.325286865234 -51.85606248298086
2019.602294921875 -55.581733703613 -52.74991505498741
2019.618774414062 -55.137031555176 -53.2029363194092
2019.635131835938 -54.296821594238 -53.617473276603164
2019.651611328125 -52.941917419434 -53.87276274015242
2019.668090820312 -54.822341918945 -54.19327872736222
2019.71728515625 -56.183441162109 -54.73600243255738
2019.733764648438 -52.387962341309 -54.85207089273012
2019.750122070312 -58.787891387939 -54.85328816544587
2019.7666015625 -55.722793579102 -54.90027762358116
2019.799438476562 -55.084812164307 -54.810854302098285
2019.832275390625 -55.001953125 -54.61444252738325
2019.865112304688 -54.457977294922 -54.27411673886568
2019.898071289062 -55.531337738037 -53.82450786999488
2019.930908203125 -54.897159576416 -53.30644247904201
2019.963745117188 -52.462940216064 -52.80948819350543
2019.99658203125 -56.030521392822 -52.41085425883138
2020.030151367188 -48.768611907959 -51.975138423558185
2020.06298828125 -49.164215087891 -51.679619677982956
2020.095825195312 -48.100532531738 -51.371157069929346
2020.128662109375 -50.443504333496 -51.08937246545253
2020.161499023438 -47.9977684021 -50.82843382183328
2020.177978515625 -51.42943572998 -50.73278518572448
2020.1943359375 -50.569225311279 -50.58941185496933
2020.227294921875 -50.931190490723 -50.38715284841909
2020.260131835938 -52.510681152344 -50.190734007456875
2020.29296875 -51.538829803467 -50.037063953434725
2020.325805664062 -54.176837921143 -49.82488923877429
2020.358642578125 -49.459156036377 -49.410370424304766
2020.391479492188 -49.941066741943 -48.92917423027829
2020.42431640625 -46.686931610107 -48.37431414962902
2020.457275390625 -46.78723526001 -47.720788582447696
2020.490112304688 -52.419704437256 -47.01952999863215
2020.52294921875 -42.994785308838 -46.37798436519625
2020.555786132812 -43.666351318359 -45.87923780586382
2020.572265625 -49.918434143066 -45.818625353811655
2020.588623046875 -44.801956176758 -45.80902913822361
2020.605102539062 -40.231945037842 -45.59759580968161
2020.621459960938 -44.937622070312 -45.66471228453619
2020.654296875 -41.889499664307 -45.71091951877866
2020.687255859375 -42.445690155029 -45.962864746089465
2020.70361328125 -45.505790710449 -46.08419206315382
2020.720092773438 -43.457695007324 -46.42927469740342
2020.7529296875 -50.09952545166 -46.99900642920312
2020.785766601562 -48.624496459961 -47.57553908182097
2020.818603515625 -46.07600402832 -48.10829593751706
2020.851440429688 -49.63330078125 -48.603210082830195
2020.917236328125 -53.040622711182 -49.64858813498426
2020.950073242188 -52.028968811035 -50.16895825727304
2020.98291015625 -52.90364074707 -50.71359161818537
2021.013671875 -49.951049804688 -51.23500430753721
2021.046508789062 -47.37085723877 -51.758392539023944
2021.079345703125 -49.786521911621 -52.32886838465191
2021.1123046875 -50.372577667236 -52.85458991573193
2021.145141601562 -55.314197540283 -53.351037975543136
2021.177978515625 -52.685882568359 -53.846201625199946
2021.210815429688 -57.323577880859 -54.39206214430445
2021.24365234375 -52.745071411133 -54.98959834961128
2021.276489257812 -55.726612091064 -55.72359339880257
2021.309326171875 -60.574085235596 -56.50396469084079
2021.34228515625 -61.436740875244 -57.29197747592333
2021.358642578125 -57.062122344971 -57.668432957018034
2021.391479492188 -54.668869018555 -58.388083519016284
2021.407958984375 -54.926433563232 -58.716644309693514
2021.440795898438 -52.547416687012 -59.34316992928133
2021.4736328125 -61.554302215576 -59.91650908188061
2021.506469726562 -65.533905029297 -60.45817117731358
2021.539306640625 -63.694412231445 -61.001395353143856
2021.572265625 -59.678089141846 -61.52231526744679
2021.605102539062 -66.5849609375 -62.08320605650238
2021.637939453125 -61.639377593994 -62.655665727564845
2021.670776367188 -54.655303955078 -63.23003549403196
2021.736450195312 -63.484745025635 -64.22660568930895
2021.769287109375 -64.999046325684 -64.65857006417461
2021.80224609375 -63.800319671631 -65.00901588488493
2021.835083007812 -69.001838684082 -65.34506782556822
2021.867919921875 -64.418327331543 -65.69608692651252
2021.966430664062 -73.378814697266 -67.03520465137392
2022.0 -66.41707611084 -67.52062074211838
2022.065673828125 -68.059959411621 -68.4214751380966
2022.098510742188 -63.167922973633 -68.76440007171146
2022.197143554688 -68.179420471191 -69.44878881194549
2022.22998046875 -77.145965576172 -69.6196355854381
2022.262817382812 -75.254043579102 -69.76258021909256
2022.295654296875 -73.035263061523 -69.85328747884905
2022.328491210938 -70.226097106934 -69.8678271425753
2022.394287109375 -83.993713378906 -69.5723822661762
2022.558471679688 -68.061790466309 -68.09085948128444
2022.591430664062 -52.984363555908 -67.8234901757606
2022.68994140625 -70.782661437988 -66.48060319541142
2022.722778320312 -72.40047454834 -65.99673041352591
2022.821411132812 -60.801620483398 -63.95658482657067
2022.854248046875 -72.172035217285 -63.168476282979015
2022.887084960938 -62.026256561279 -62.40159313593929
2022.919921875 -61.552333831787 -61.62464139257231
2022.952758789062 -64.727607727051 -60.77692535979791
2022.985595703125 -56.500198364258 -60.06502793118009
2023.019165039062 -55.951084136963 -59.477676680763174
2023.052001953125 -57.7629737854 -58.85777415413643
2023.084838867188 -46.468002319336 -58.595770011668826
2023.11767578125 -51.565910339355 -58.644342345791394
2023.150634765625 -60.912643432617 -58.58465350195553
2023.183471679688 -55.579971313477 -58.725876512221745
2023.21630859375 -55.438873291016 -58.874440156771804
2023.249145507812 -53.270637512207 -59.03228728186255
2023.281982421875 -57.487266540527 -59.202910300005875
2023.314819335938 -58.879943847656 -59.390330442481414
2023.34765625 -58.296573638916 -59.59844802314127
2023.380615234375 -62.253589630127 -59.83158367853091
2023.413452148438 -64.845138549805 -60.09089386500584
2023.4462890625 -62.066543579102 -60.37797691902196
2023.57763671875 -86.645668029785 -61.75904161956791
