2014.804931640625 0.0 0.7452320272646704
2014.837768554688 6.767010688782 -1.5862440563121254
2014.903442382812 0.019333153963 -6.2495343127280645
2014.96923828125 -11.055389404297 -10.92154630517071
2015.03564453125 -14.037099838257 -15.63638124325449
2015.101318359375 -38.365653991699 -20.298088134573433
2015.265625 -25.710639953613 -31.954115138210053
2015.331298828125 -44.053718566895 -36.60967675063113
2015.39697265625 -59.620452880859 -41.26297052016372
2016.021850585938 -101.686531066895 -86.60122337460119
2016.1533203125 -96.503707885742 -95.27086611788346
2016.350463867188 -105.676124572754 -108.72175850366034
2016.416137695312 -114.479202270508 -113.33685994117074
2016.547607421875 -118.133567810059 -122.52206611104013
2016.744750976562 -134.717788696289 -136.27037810333076
2016.777587890625 -138.001892089844 -138.64626033134275
2016.810424804688 -140.684066772461 -140.98473562104905
2016.84326171875 -143.850021362305 -143.4550897821396
2016.876098632812 -146.848693847656 -146.22934101845928
2016.908935546875 -148.568267822266 -149.13454546920275
2016.941772460938 -151.110733032227 -152.08008107687377
2016.974731445312 -153.701095581055 -155.0544336334495
2017.005493164062 -157.171142578125 -157.92442388912465
2017.038330078125 -160.665725708008 -160.9299132357305
2017.071166992188 -163.177810668945 -163.94269201730836
2017.10400390625 -166.12858581543 -167.15673137958308
2017.136840820312 -169.301895141602 -170.46719608990912
2017.169799804688 -173.310623168945 -173.85149088532583
2017.20263671875 -176.106094360352 -177.2963118099437
2017.235473632812 -179.331802368164 -180.80940604531435
2017.268310546875 -183.204391479492 -184.37485082278204
2017.301147460938 -189.187072753906 -187.94871578829407
2017.333984375 -191.74772644043 -191.4628922290712
2017.366821289062 -196.078125 -194.9038952584758
2017.399780273438 -198.812728881836 -198.3322634504267
2017.4326171875 -206.582458496094 -201.74657473505303
2017.498291015625 -214.35791015625 -208.45821658430611
2017.531127929688 -217.858825683594 -211.69519398861718
2017.56396484375 -216.067794799805 -214.8416783079583
2017.596801757812 -219.631210327148 -217.9152338884596
2017.629760742188 -220.493392944336 -220.9388338228556
2017.66259765625 -224.134323120117 -223.83802191652805
2017.695434570312 -228.497207641602 -226.52423720579534
2017.728271484375 -232.245620727539 -228.9596549425916
2017.761108398438 -232.565475463867 -231.23367720013923
2017.7939453125 -234.157501220703 -233.44761302354362
2017.826782226562 -235.859497070312 -235.63370609443217
2017.859741210938 -237.997039794922 -237.80505791434237
2017.892578125 -240.079956054688 -239.93837764252612
2017.925415039062 -241.913909912109 -242.04839736133303
2017.958251953125 -244.268112182617 -244.19196948610085
2017.991088867188 -244.793594360352 -246.44154460242726
2018.024658203125 -247.276473999023 -248.90886869471566
2018.057495117188 -250.459548950195 -251.49723686072016
2018.09033203125 -252.477584838867 -254.2254392264273
2018.123168945312 -254.496185302734 -257.10612621615553
2018.156005859375 -256.406433105469 -260.141910925188
2018.18896484375 -260.681274414062 -263.32696793982984
2018.221801757812 -262.801147460938 -266.625795688346
2018.254638671875 -269.057098388672 -270.04126341234297
2018.287475585938 -271.728912353516 -273.5703237726627
2018.3203125 -275.648620605469 -277.1904325810298
2018.353149414062 -282.122406005859 -280.87543866414137
2018.385986328125 -289.005004882812 -284.61573060888344
2018.4189453125 -289.181304931641 -288.40513020590714
2018.451782226562 -292.646148681641 -292.15506816016057
2018.484619140625 -299.055511474609 -295.8310087572792
2018.517456054688 -299.072357177734 -299.40985952963456
2018.55029296875 -306.099365234375 -302.89101774514546
2018.583129882812 -308.198303222656 -306.2581203940885
2018.615966796875 -309.706481933594 -309.4908697715532
2018.64892578125 -313.099243164062 -312.59948607952145
2018.681762695312 -316.795989990234 -315.5791413734758
2018.714599609375 -311.516906738281 -318.46569386225514
2018.747436523438 -321.596740722656 -321.2745387080683
2018.7802734375 -325.838928222656 -324.0144708921201
2018.813110351562 -327.257263183594 -326.6934281329154
2018.845947265625 -331.766387939453 -329.36261758570487
2018.87890625 -331.033386230469 -332.0065101181574
2018.911743164062 -333.227752685547 -334.61274365158437
2018.944580078125 -338.098907470703 -337.1819220318914
2018.977416992188 -338.720825195312 -339.73340657626323
2019.010986328125 -341.38232421875 -342.40852381231036
2019.043823242188 -344.567413330078 -345.0148695747338
2019.109497070312 -350.92236328125 -350.5865320216549
2019.1259765625 -351.628051757812 -351.9928346548708
2019.142333984375 -352.950988769531 -353.46677217706645
2019.175170898438 -355.765533447266 -356.4755892159905
2019.191650390625 -356.666473388672 -358.0722469818743
2019.208129882812 -359.172485351562 -359.71121867420334
2019.224487304688 -360.817352294922 -361.3230923649326
2019.240966796875 -363.587371826172 -363.05034567928675
2019.25732421875 -363.734100341797 -364.8071512797313
2019.273803710938 -366.200469970703 -366.54412347966024
2019.290161132812 -368.144958496094 -368.3194421303245
2019.306640625 -370.07958984375 -370.21675145985375
2019.323120117188 -371.608001708984 -372.14305857222075
2019.339477539062 -374.3447265625 -374.0732856014578
2019.35595703125 -375.250518798828 -376.0253111579361
2019.372314453125 -377.55029296875 -377.9556637842476
2019.388793945312 -380.169036865234 -379.89206800137504
2019.405151367188 -382.046356201172 -381.78730739168185
2019.421630859375 -383.676727294922 -383.7120993112447
2019.438110351562 -387.110931396484 -385.61701698516566
2019.454467773438 -387.286987304688 -387.4740479191648
2019.470947265625 -390.1884765625 -389.30212916363655
2019.4873046875 -393.587432861328 -391.06741304600627
2019.503784179688 -391.908874511719 -392.75057932954144
2019.520141601562 -393.090362548828 -394.4769147869925
2019.53662109375 -403.065612792969 -396.1825995570176
2019.569458007812 -402.2568359375 -399.42602081909206
2019.602294921875 -399.558715820312 -402.33338973300533
2019.618774414062 -407.137054443359 -403.7842926761823
2019.635131835938 -407.019836425781 -405.1984797697978
2019.651611328125 -406.859100341797 -406.4540445475278
2019.668090820312 -409.7294921875 -407.8016980072911
2019.71728515625 -412.97216796875 -411.21567604822656
2019.733764648438 -412.545654296875 -412.24105346989023
2019.750122070312 -417.60107421875 -413.046640809881
2019.7666015625 -414.221405029297 -413.9330460154292
2019.799438476562 -415.912841796875 -415.4248992877584
2019.832275390625 -419.926727294922 -416.86471349408197
2019.865112304688 -419.224212646484 -418.1935708273343
2019.898071289062 -419.530059814453 -419.40775942622594
2019.930908203125 -421.227416992188 -420.4752135613247
2019.963745117188 -422.130737304688 -421.38331347475594
2019.99658203125 -422.668762207031 -422.2364576862334
2020.030151367188 -423.353698730469 -423.15018920555235
2020.06298828125 -424.286407470703 -423.8954168815406
2020.095825195312 -424.521667480469 -424.6281709106216
2020.128662109375 -425.585296630859 -425.3301928840496
2020.161499023438 -425.880279541016 -426.0148640652009
2020.177978515625 -426.118621826172 -426.34816730128176
2020.1943359375 -427.491668701172 -426.68537737375317
2020.227294921875 -426.251586914062 -427.366088336686
2020.260131835938 -428.084320068359 -428.0874754324169
2020.29296875 -428.692230224609 -428.8300617391084
2020.325805664062 -430.299926757812 -429.62654140232087
2020.358642578125 -429.947479248047 -430.56421044694423
2020.391479492188 -428.763488769531 -431.55669992167634
2020.42431640625 -431.739685058594 -432.5815468325525
2020.457275390625 -427.922576904297 -433.6819355865623
2020.490112304688 -434.078094482422 -434.8570728870415
2020.52294921875 -436.343597412109 -436.0770029693161
2020.555786132812 -435.783843994141 -437.3505761081859
2020.572265625 -435.772125244141 -438.0334372720234
2020.588623046875 -440.192687988281 -438.7055506972188
2020.605102539062 -441.217895507812 -439.36820328498544
2020.621459960938 -444.725738525391 -440.0398746235104
2020.654296875 -439.916778564453 -441.37225169815815
2020.687255859375 -444.715454101562 -442.63370237856657
2020.70361328125 -444.826507568359 -443.2710600196805
2020.720092773438 -443.653137207031 -443.7607221153229
2020.7529296875 -445.133392333984 -444.77231016732696
2020.785766601562 -446.268310546875 -445.69855392151766
2020.818603515625 -447.872222900391 -446.55302660963986
2020.851440429688 -449.252075195312 -447.3341615943874
2020.917236328125 -449.020721435547 -448.69226269149664
2020.950073242188 -448.987548828125 -449.27895587691563
2020.98291015625 -450.142120361328 -449.8403573377451
2021.013671875 -450.255889892578 -450.3809512939448
2021.046508789062 -451.045806884766 -450.906788473972
2021.079345703125 -451.180755615234 -451.44008625157034
2021.1123046875 -451.291107177734 -451.9749682984932
2021.145141601562 -452.988189697266 -452.5147845708158
2021.177978515625 -452.816467285156 -453.0625812781401
2021.210815429688 -453.887176513672 -453.6161466691158
2021.24365234375 -450.969818115234 -454.17134209596264
2021.276489257812 -454.651062011719 -454.75159211201066
2021.309326171875 -456.414093017578 -455.39019336818694
2021.34228515625 -455.394927978516 -456.0994472406902
2021.358642578125 -458.6513671875 -456.5218964071973
2021.391479492188 -456.58154296875 -457.33671033037547
2021.407958984375 -456.369110107422 -457.80409228236664
2021.440795898438 -455.838653564453 -458.66880402589123
2021.4736328125 -457.91357421875 -459.56506509002656
2021.506469726562 -472.029083251953 -460.48758302252025
2021.539306640625 -461.488189697266 -461.410029117409
2021.572265625 -463.859558105469 -462.3254310922497
2021.605102539062 -468.737365722656 -463.23087014677276
2021.637939453125 -463.420227050781 -464.12664059829456
2021.670776367188 -467.152282714844 -465.0124953169246
2021.736450195312 -462.976806640625 -466.63643424475987
2021.769287109375 -469.459167480469 -467.4426293730061
2021.80224609375 -469.452514648438 -468.16697945639436
2021.835083007812 -468.499664306641 -468.8961639364778
2021.867919921875 -470.305328369141 -469.59079231119495
2021.966430664062 -470.257476806641 -471.762405374667
2022.0 -472.851470947266 -472.5063227028915
2022.065673828125 -473.400543212891 -473.9171156220777
2022.098510742188 -471.499816894531 -474.64110505663564
2022.197143554688 -476.566040039062 -476.80751853878866
2022.22998046875 -478.488098144531 -477.5182292522241
2022.262817382812 -477.860504150391 -478.2228336688124
2022.295654296875 -479.996917724609 -478.91052790031904
2022.328491210938 -480.071563720703 -479.5592678575203
2022.394287109375 -480.725769042969 -480.7087533633703
2022.558471679688 -487.023712158203 -483.39509794847424
2022.591430664062 -494.274353027344 -483.9695228712426
2022.68994140625 -484.183776855469 -485.608306498047
2022.722778320312 -491.820648193359 -486.129448692908
2022.821411132812 -488.691009521484 -487.4532478789664
2022.854248046875 -488.022033691406 -487.8896588111487
2022.887084960938 -487.542388916016 -488.38595864824697
2022.919921875 -487.505920410156 -488.9128891395795
2022.952758789062 -488.134796142578 -489.52238039737233
2022.985595703125 -489.787780761719 -490.31370846192664
2023.019165039062 -490.067138671875 -491.27248361850894
2023.052001953125 -491.385681152344 -492.1604577292166
2023.084838867188 -491.260406494141 -493.35013237721023
2023.11767578125 -493.971374511719 -494.78279289579984
2023.150634765625 -491.765502929688 -496.0779065834578
2023.183471679688 -496.766906738281 -497.5151183258397
2023.21630859375 -494.154693603516 -498.9481152355312
2023.249145507812 -494.585479736328 -500.3851699726923
2023.281982421875 -500.395843505859 -501.83004753044776
2023.314819335938 -501.412292480469 -503.2847857444031
2023.34765625 -505.083435058594 -504.7513935053679
2023.380615234375 -507.037170410156 -506.23756774306344
2023.413452148438 -510.509460449219 -507.7337091480128
2023.4462890625 -516.4228515625 -509.2453349506179
2023.57763671875 -532.293518066406 -515.4113120628252
