2014.804931640625 -0.0 -7.638769268468797
2014.837768554688 -27.022560119629 -8.48927891530039
2014.903442382812 -16.161554336548 -10.186874421997164
2014.96923828125 -14.129021644592 -11.884746711257376
2015.03564453125 5.956817626953 -13.596645776072055
2015.101318359375 -16.739088058472 -15.28828810551041
2015.265625 18.107727050781 -19.511710210154096
2015.331298828125 -19.353582382202 -21.192640341511723
2015.39697265625 -52.037300109863 -22.86628189357993
2016.021850585938 -14.572238922119 -37.53413295483287
2016.1533203125 -60.020641326904 -42.37661682025755
2016.350463867188 -85.481048583984 -52.00923330615529
2016.416137695312 -69.207023620605 -52.38237540364539
2016.547607421875 -53.847511291504 -53.165901086155245
2016.744750976562 -69.202919006348 -54.38923164624632
2016.777587890625 -53.541110992432 -54.62944102069195
2016.810424804688 -53.52320098877 -54.86487489485383
2016.84326171875 -55.038288116455 -55.09686144339161
2016.876098632812 -58.581027984619 -55.366704724234836
2016.908935546875 -56.060886383057 -55.67469202427268
2016.941772460938 -55.871898651123 -56.003692997396776
2016.974731445312 -53.781066894531 -56.411791149345675
2017.005493164062 -55.827182769775 -56.87099407665292
2017.038330078125 -56.916828155518 -57.33422504671394
2017.071166992188 -56.837093353271 -57.79274008646623
2017.10400390625 -57.850517272949 -58.47883774003494
2017.136840820312 -59.304164886475 -59.34715173127585
2017.169799804688 -60.21257019043 -60.326631193893505
2017.20263671875 -60.014953613281 -61.42350155861178
2017.235473632812 -58.037273406982 -62.643064507362034
2017.268310546875 -57.197650909424 -63.95900684464263
2017.301147460938 -62.353359222412 -65.31359472951189
2017.333984375 -67.152473449707 -66.66834905772146
2017.366821289062 -71.029014587402 -68.01788427922799
2017.399780273438 -71.200424194336 -69.37191292487859
2017.4326171875 -72.341575622559 -70.67435575040467
2017.498291015625 -91.046478271484 -72.95022132387518
2017.531127929688 -75.919647216797 -73.84646182294931
2017.56396484375 -78.333923339844 -74.55436804118332
2017.596801757812 -75.637550354004 -75.07515625880372
2017.629760742188 -79.368377685547 -75.41830494238162
2017.66259765625 -78.348091125488 -75.54991548236698
2017.695434570312 -81.445472717285 -75.45196533042514
2017.728271484375 -72.620330810547 -75.10250444876993
2017.761108398438 -75.138084411621 -74.5370326792543
2017.7939453125 -74.16283416748 -73.85381464420252
2017.826782226562 -74.170776367188 -73.1346881398515
2017.859741210938 -73.718032836914 -72.3879367138877
2017.892578125 -69.715858459473 -71.62131031912126
2017.925415039062 -70.214584350586 -70.85876154681037
2017.958251953125 -70.478904724121 -70.13348907398033
2017.991088867188 -68.081565856934 -69.48613794481055
2018.024658203125 -67.050331115723 -68.93926441419177
2018.057495117188 -67.712356567383 -68.55786921856296
2018.09033203125 -68.241775512695 -68.41020819339884
2018.123168945312 -67.310775756836 -68.56439664719439
2018.156005859375 -63.307693481445 -69.01482592633016
2018.18896484375 -67.926795959473 -69.74033383841804
2018.221801757812 -65.470069885254 -70.72215929018938
2018.254638671875 -66.811241149902 -71.94579575566442
2018.287475585938 -68.447425842285 -73.41516944686363
2018.3203125 -70.970077514648 -75.11896288257188
2018.353149414062 -72.217735290527 -77.08827523272382
2018.385986328125 -79.601715087891 -79.35568033183432
2018.4189453125 -81.513160705566 -81.91192887643625
2018.451782226562 -81.579246520996 -84.58879345232211
2018.484619140625 -85.844398498535 -87.22248689488242
2018.517456054688 -91.861145019531 -89.76009826552963
2018.55029296875 -98.035987854004 -92.16029846388523
2018.583129882812 -99.018966674805 -94.36513586851116
2018.615966796875 -108.323394775391 -96.36482678481659
2018.64892578125 -104.094856262207 -98.16865015379348
2018.681762695312 -106.302696228027 -99.79081815424371
2018.714599609375 -105.281784057617 -101.24253625594987
2018.747436523438 -103.771133422852 -102.48487883193064
2018.7802734375 -101.193031311035 -103.47937699050043
2018.813110351562 -112.890724182129 -104.08766438623657
2018.845947265625 -106.322792053223 -104.43397902387542
2018.87890625 -105.236465454102 -104.42941470881097
2018.911743164062 -106.520637512207 -104.21282310818702
2018.944580078125 -103.666191101074 -104.01500001453441
2018.977416992188 -104.979133605957 -103.80464299652957
2019.010986328125 -102.598701477051 -103.46295202276131
2019.043823242188 -102.888954162598 -103.02461091852965
2019.109497070312 -101.650329589844 -102.08429485527175
2019.1259765625 -101.508796691895 -101.834092812721
2019.142333984375 -101.483955383301 -101.66730041149164
2019.175170898438 -100.893707275391 -101.36310159230538
2019.191650390625 -99.235084533691 -101.31324294867204
2019.208129882812 -102.229804992676 -101.32957150515756
2019.224487304688 -101.069686889648 -101.33136839603007
2019.240966796875 -99.981636047363 -101.46937923100643
2019.25732421875 -101.004417419434 -101.66421225798948
2019.273803710938 -100.556381225586 -101.80921986280757
2019.290161132812 -100.999229431152 -102.00147554019614
2019.306640625 -102.22834777832 -102.3871411678115
2019.323120117188 -104.635864257812 -102.86755908996707
2019.339477539062 -99.990715026855 -103.42692507498313
2019.35595703125 -103.637130737305 -104.04843461791074
2019.372314453125 -104.349380493164 -104.69600754233257
2019.388793945312 -105.059722900391 -105.3828435136655
2019.405151367188 -104.20174407959 -106.11883834756092
2019.421630859375 -105.255798339844 -106.8387210785983
2019.438110351562 -114.999061584473 -107.57302281790876
2019.454467773438 -109.010482788086 -108.30140482075662
2019.470947265625 -109.486320495605 -109.03357176570555
2019.4873046875 -113.297332763672 -109.74951820265848
2019.503784179688 -107.483985900879 -110.36379028923444
2019.520141601562 -103.515991210938 -111.01857418969153
2019.53662109375 -115.79224395752 -111.66323895120554
2019.569458007812 -112.688011169434 -112.96568876745036
2019.602294921875 -125.417060852051 -114.32494454658656
2019.618774414062 -112.467216491699 -114.9707855313829
2019.635131835938 -119.024841308594 -115.6008607977164
2019.651611328125 -115.948875427246 -116.2631844403806
2019.668090820312 -111.683326721191 -116.88747608180805
2019.71728515625 -119.131034851074 -118.56551074468612
2019.733764648438 -121.711647033691 -119.05231215966019
2019.750122070312 -120.934707641602 -119.36205699624439
2019.7666015625 -120.81640625 -119.73366230564793
2019.799438476562 -120.601005554199 -120.21400764701633
2019.832275390625 -126.038635253906 -120.68812941498415
2019.865112304688 -121.882675170898 -121.09637691805591
2019.898071289062 -122.004165649414 -121.45394671556556
2019.930908203125 -121.177459716797 -121.7558054767871
2019.963745117188 -119.54419708252 -122.06254684344434
2019.99658203125 -122.100326538086 -122.40922911582884
2020.030151367188 -120.410781860352 -122.67507815345103
2020.06298828125 -122.54320526123 -123.22179905900322
2020.095825195312 -123.747245788574 -123.8226421714273
2020.128662109375 -123.681663513184 -124.56175268851155
2020.161499023438 -123.50617980957 -125.43656471118578
2020.177978515625 -125.618392944336 -125.99877479453721
2020.1943359375 -124.618354797363 -126.44423134931155
2020.227294921875 -125.824798583984 -127.5833014415767
2020.260131835938 -128.798553466797 -128.8130550550017
2020.29296875 -132.30598449707 -130.0918746031029
2020.325805664062 -132.156509399414 -131.46868972853105
2020.358642578125 -131.50830078125 -132.89349088338798
2020.391479492188 -132.368774414062 -134.28408968712606
2020.42431640625 -134.355865478516 -135.6284370770083
2020.457275390625 -139.962326049805 -136.81373684834597
2020.490112304688 -145.479187011719 -137.81246174446213
2020.52294921875 -135.132476806641 -138.69726788419703
2020.555786132812 -144.003082275391 -139.4634777305177
2020.572265625 -152.704788208008 -139.60195982322065
2020.588623046875 -151.177810668945 -139.68120245998222
2020.605102539062 -138.018112182617 -140.12123202091854
2020.621459960938 -146.803802490234 -140.10654946207882
2020.654296875 -148.013870239258 -140.30370495628642
2020.687255859375 -133.502029418945 -140.2464410935244
2020.70361328125 -140.913421630859 -140.21859261630945
2020.720092773438 -143.487762451172 -139.92591121040994
2020.7529296875 -143.597198486328 -139.4578783957479
2020.785766601562 -138.325241088867 -138.90564399238457
2020.818603515625 -137.128723144531 -138.2953842702447
2020.851440429688 -131.462066650391 -137.63959814510574
2020.917236328125 -134.994049072266 -136.44158800627633
2020.950073242188 -137.042999267578 -136.05983659200308
2020.98291015625 -135.235076904297 -135.75836573132446
2021.013671875 -134.466445922852 -135.37962840359805
2021.046508789062 -131.201385498047 -135.3000623293976
2021.079345703125 -134.995239257812 -135.64500284323765
2021.1123046875 -133.768692016602 -136.11967571292374
2021.145141601562 -136.61604309082 -136.78321536687645
2021.177978515625 -136.128005981445 -137.58678828642297
2021.210815429688 -135.985336303711 -138.49916066631712
2021.24365234375 -134.285568237305 -139.27326016338515
2021.276489257812 -135.989273071289 -140.504824617325
2021.309326171875 -143.936630249023 -141.9205074657739
2021.34228515625 -143.403457641602 -143.5124506274992
2021.358642578125 -144.562301635742 -144.42104245364393
2021.391479492188 -146.012130737305 -146.129799055782
2021.407958984375 -146.174423217773 -146.98233716683103
2021.440795898438 -145.49235534668 -148.5674554679609
2021.4736328125 -151.23388671875 -149.93494386361516
2021.506469726562 -153.894866943359 -151.03815506863018
2021.539306640625 -159.274993896484 -151.94616913247327
2021.572265625 -158.906188964844 -152.47920834839485
2021.605102539062 -162.999084472656 -153.3449329748242
2021.637939453125 -156.985580444336 -154.12145092651377
2021.670776367188 -158.174438476562 -154.76672688565537
2021.736450195312 -154.207458496094 -155.4107755581128
2021.769287109375 -155.289993286133 -155.69358961739766
2021.80224609375 -153.431793212891 -155.8090725594139
2021.835083007812 -155.746078491211 -155.87477647864435
2021.867919921875 -161.713134765625 -155.87629341893938
2021.966430664062 -153.978744506836 -156.43668356058757
2022.0 -151.064117431641 -156.8895077385094
2022.065673828125 -163.37223815918 -157.56395761390283
2022.098510742188 -154.980712890625 -158.03679281426577
2022.197143554688 -146.815628051758 -159.5674028968345
2022.22998046875 -155.163452148438 -160.13168992459242
2022.262817382812 -146.60676574707 -160.76282425902366
2022.295654296875 -158.695419311523 -161.58282529549612
2022.328491210938 -166.066940307617 -162.69398065685397
2022.394287109375 -184.334075927734 -165.29329300940373
2022.558471679688 -184.281311035156 -170.87270248917793
2022.591430664062 -167.707489013672 -172.0674278422065
2022.68994140625 -196.399642944336 -175.8032605945623
2022.722778320312 -200.321273803711 -177.2021751263226
2022.821411132812 -181.940673828125 -180.9049647127595
2022.854248046875 -184.491348266602 -181.67502719716745
2022.887084960938 -181.110763549805 -182.280481029105
2022.919921875 -185.859603881836 -182.88139789923926
2022.952758789062 -186.545501708984 -183.28197463450317
2022.985595703125 -183.782730102539 -183.2979739150391
2023.019165039062 -181.837219238281 -183.23640655315495
2023.052001953125 -182.172561645508 -183.16841698183742
2023.084838867188 -182.05810546875 -183.17103097913932
2023.11767578125 -184.033096313477 -183.29983609622536
2023.150634765625 -184.124664306641 -183.38657522531534
2023.183471679688 -183.291259765625 -183.54825670402582
2023.21630859375 -177.810089111328 -183.7061398944504
2023.249145507812 -177.338531494141 -183.86172614788845
2023.281982421875 -181.575775146484 -184.0183845427273
2023.314819335938 -185.182495117188 -184.18048924983742
2023.34765625 -182.469512939453 -184.35258121184773
2023.380615234375 -188.73161315918 -184.5388862106648
2023.413452148438 -186.121627807617 -184.7409187621853
2023.4462890625 -200.965347290039 -184.9591809702018
2023.57763671875 -215.127746582031 -185.9609617468449
