2014.804931640625 -0.0 0.11651434025206235
2014.837768554688 -4.836522579193 -0.08931706171774118
2014.903442382812 3.323026657104 -0.5076817265345385
2014.96923828125 -6.207287788391 -0.9359833587952612
2015.03564453125 -0.347118794918 -1.378185512983269
2015.101318359375 -3.316072225571 -1.8257585252249473
2015.265625 25.770376205444 -2.992638915595901
2015.331298828125 2.627326250076 -3.478116144661564
2015.39697265625 -16.805898666382 -3.9743486131222125
2016.021850585938 -4.231714725494 -8.240069320574278
2016.1533203125 -13.713924407959 -9.946024716456831
2016.350463867188 5.273756027222 -13.31190031120122
2016.416137695312 -30.712163925171 -14.47177437099773
2016.547607421875 -2.946684122086 -17.199819396114215
2016.744750976562 -24.443067550659 -20.553848616482554
2016.777587890625 -20.066617965698 -20.695993829798425
2016.810424804688 -18.842042922974 -20.84803874046953
2016.84326171875 -20.388935089111 -21.007572094998594
2016.876098632812 -23.025316238403 -21.1870982799666
2016.908935546875 -22.366262435913 -21.387121441493253
2016.941772460938 -19.23784828186 -21.575853877665498
2016.974731445312 -22.297353744507 -21.766607359749504
2017.005493164062 -20.053287506104 -21.930746900416587
2017.038330078125 -16.420164108276 -22.109619101558888
2017.071166992188 -24.910938262939 -22.298648971319967
2017.10400390625 -23.568830490112 -22.448170681568033
2017.136840820312 -22.45178604126 -22.57711814132139
2017.169799804688 -25.946460723877 -22.701798844408344
2017.20263671875 -23.424547195435 -22.82639920430305
2017.235473632812 -24.574569702148 -22.94038872742002
2017.268310546875 -22.656003952026 -23.030384339723227
2017.301147460938 -19.36897277832 -23.119318670990562
2017.333984375 -23.243036270142 -23.25258186145657
2017.366821289062 -21.641225814819 -23.45182469730825
2017.399780273438 -26.354536056519 -23.722602204686957
2017.4326171875 -20.403400421143 -24.0461978916834
2017.498291015625 -23.816186904907 -24.825810832444184
2017.531127929688 -17.892606735229 -25.29511457328323
2017.56396484375 -24.476568222046 -25.81093113005767
2017.596801757812 -32.139568328857 -26.375474437559486
2017.629760742188 -32.575325012207 -26.984965175309586
2017.66259765625 -24.652242660522 -27.627486109768764
2017.695434570312 -28.214742660522 -28.313005047159308
2017.728271484375 -27.497783660889 -29.027196014205096
2017.761108398438 -30.087219238281 -29.73527881179097
2017.7939453125 -31.494840621948 -30.402090924701817
2017.826782226562 -31.276550292969 -31.029269590307404
2017.859741210938 -29.68642616272 -31.624904156436894
2017.892578125 -33.805042266846 -32.19162989204101
2017.925415039062 -35.413677215576 -32.75155166636643
2017.958251953125 -32.218067169189 -33.32007910066927
2017.991088867188 -35.48755645752 -33.88392788545626
2018.024658203125 -34.009288787842 -34.44901764518392
2018.057495117188 -33.688426971436 -34.99911140569848
2018.09033203125 -36.280532836914 -35.56519535971454
2018.123168945312 -35.693531036377 -36.17415184006134
2018.156005859375 -36.145317077637 -36.8452542813669
2018.18896484375 -35.422325134277 -37.60675629464192
2018.221801757812 -37.200958251953 -38.48718053621089
2018.254638671875 -39.970794677734 -39.49178356882318
2018.287475585938 -36.510643005371 -40.60904611562009
2018.3203125 -42.076431274414 -41.82586074685799
2018.353149414062 -39.541309356689 -43.123718508021646
2018.385986328125 -51.53010559082 -44.456697666514955
2018.4189453125 -44.06978225708 -45.79196472520092
2018.451782226562 -45.000064849854 -47.09617524806306
2018.484619140625 -54.361133575439 -48.3531246308049
2018.517456054688 -52.333587646484 -49.56239138716866
2018.55029296875 -49.086116790771 -50.712004216713105
2018.583129882812 -56.892230987549 -51.77614746513983
2018.615966796875 -57.646503448486 -52.721831792507615
2018.64892578125 -55.348457336426 -53.51683601532598
2018.681762695312 -55.161712646484 -54.1473339489706
2018.714599609375 -48.476413726807 -54.63000179386594
2018.747436523438 -57.070575714111 -54.98631603998969
2018.7802734375 -55.564315795898 -55.22569338942559
2018.813110351562 -58.928546905518 -55.38339724445302
2018.845947265625 -56.207466125488 -55.52373318828603
2018.87890625 -55.806221008301 -55.60945940698077
2018.911743164062 -52.970020294189 -55.76538711138451
2018.944580078125 -54.33772277832 -55.924824354079526
2018.977416992188 -54.474788665771 -56.076397002642075
2019.010986328125 -56.298191070557 -56.32165018791708
2019.043823242188 -55.9677734375 -56.55238607901914
2019.109497070312 -56.956104278564 -57.7032083483557
2019.1259765625 -58.433391571045 -58.057045594840304
2019.142333984375 -58.181835174561 -58.50769337530398
2019.175170898438 -58.556133270264 -59.418580509379055
2019.191650390625 -56.585140228271 -60.00379899615866
2019.208129882812 -59.069496154785 -60.66940405592095
2019.224487304688 -61.899841308594 -61.31100371339587
2019.240966796875 -62.047176361084 -62.143989098514055
2019.25732421875 -58.497955322266 -63.04381987413508
2019.273803710938 -63.322650909424 -63.87705055812082
2019.290161132812 -66.236915588379 -64.77976774450606
2019.306640625 -64.580986022949 -65.92883326983294
2019.323120117188 -67.837211608887 -67.1498003120851
2019.339477539062 -67.461982727051 -68.39040377401334
2019.35595703125 -68.187202453613 -69.6420737312364
2019.372314453125 -70.637916564941 -70.87377297731372
2019.388793945312 -71.244728088379 -72.11567663319953
2019.405151367188 -73.263763427734 -73.34205049268192
2019.421630859375 -76.115386962891 -74.59683739953255
2019.438110351562 -78.998458862305 -75.8356433495795
2019.454467773438 -76.89567565918 -77.02252861813787
2019.470947265625 -79.716537475586 -78.11494391957908
2019.4873046875 -79.203422546387 -79.02429227297624
2019.503784179688 -77.659797668457 -79.53468447557282
2019.520141601562 -81.629676818848 -80.2089682084568
2019.53662109375 -88.615409851074 -80.76820557703051
2019.569458007812 -87.013305664062 -81.40947367715708
2019.602294921875 -84.042991638184 -81.4729039865825
2019.618774414062 -89.76407623291 -81.6320831155066
2019.635131835938 -84.105674743652 -81.78131238609858
2019.651611328125 -77.677520751953 -81.76164040216423
2019.668090820312 -85.172966003418 -81.85698935482918
2019.71728515625 -78.498085021973 -81.67113780215682
2019.733764648438 -79.851631164551 -81.51302942019713
2019.750122070312 -80.526153564453 -81.2916102035178
2019.7666015625 -82.289764404297 -81.06204204048824
2019.799438476562 -81.022193908691 -80.56886686051035
2019.832275390625 -83.710067749023 -80.08278340248937
2019.865112304688 -78.150329589844 -79.64125281489457
2019.898071289062 -79.789413452148 -79.22617185366626
2019.930908203125 -79.409568786621 -78.81827929088553
2019.963745117188 -77.539489746094 -78.3803103921974
2019.99658203125 -76.941123962402 -77.93163731054109
2020.030151367188 -77.834251403809 -77.44300133268845
2020.06298828125 -76.144577026367 -76.99494082049054
2020.095825195312 -77.987274169922 -76.56505300154447
2020.128662109375 -75.077430725098 -76.18093939928958
2020.161499023438 -76.510711669922 -75.84272350905813
2020.177978515625 -75.344245910645 -75.70450446302534
2020.1943359375 -74.021881103516 -75.5339628051203
2020.227294921875 -75.727638244629 -75.25723545246768
2020.260131835938 -73.906707763672 -75.02356810070437
2020.29296875 -74.531044006348 -74.80097890929693
2020.325805664062 -76.323455810547 -74.62015498601924
2020.358642578125 -72.731071472168 -74.48276302828636
2020.391479492188 -73.726425170898 -74.32903060109795
2020.42431640625 -75.673675537109 -74.151873846438
2020.457275390625 -72.429237365723 -73.94429724581745
2020.490112304688 -74.057144165039 -73.69007325920651
2020.52294921875 -78.656349182129 -73.4042388570195
2020.555786132812 -73.152008056641 -73.11304841109175
2020.572265625 -79.563941955566 -72.96195228461674
2020.588623046875 -66.880599975586 -72.83439081810069
2020.605102539062 -70.97021484375 -72.70901781013495
2020.621459960938 -75.07991027832 -72.58976567270037
2020.654296875 -71.328552246094 -72.3261745742646
2020.687255859375 -73.012924194336 -72.01423732027753
2020.70361328125 -69.051307678223 -71.84703608613123
2020.720092773438 -70.609169006348 -71.63905912256584
2020.7529296875 -69.380241394043 -71.2056856631209
2020.785766601562 -75.167655944824 -70.76250855717683
2020.818603515625 -72.426856994629 -70.34792162225756
2020.851440429688 -71.607177734375 -69.9583508036377
2020.917236328125 -67.850273132324 -69.17937264075127
2020.950073242188 -69.01734161377 -68.67225657245184
2020.98291015625 -66.561485290527 -68.06149124312023
2021.013671875 -66.486854553223 -67.51962104313996
2021.046508789062 -70.390068054199 -66.77751465727323
2021.079345703125 -67.372406005859 -65.95264021212407
2021.1123046875 -64.921501159668 -65.13009961711185
2021.145141601562 -66.529518127441 -64.31750123726754
2021.177978515625 -65.948791503906 -63.538780945529
2021.210815429688 -59.676963806152 -62.828120885386234
2021.24365234375 -61.030559539795 -62.05269348246405
2021.276489257812 -58.208236694336 -61.428963501548914
2021.309326171875 -68.291244506836 -60.898868562117244
2021.34228515625 -58.936302185059 -60.48202744052789
2021.358642578125 -58.472831726074 -60.45021631978796
2021.391479492188 -53.621826171875 -60.182064571796666
2021.407958984375 -58.757083892822 -60.18262290491709
2021.440795898438 -54.738796234131 -60.04875328827027
2021.4736328125 -60.80224609375 -60.02613263223688
2021.506469726562 -62.392276763916 -60.113681168010636
2021.539306640625 -64.034515380859 -60.284189403163055
2021.572265625 -57.759044647217 -60.471223248188366
2021.605102539062 -65.26741027832 -60.661452028844394
2021.637939453125 -57.409736633301 -60.85414182771507
2021.670776367188 -61.557945251465 -61.03895203635953
2021.736450195312 -61.666210174561 -61.19675056650594
2021.769287109375 -51.681121826172 -61.199364290906544
2021.80224609375 -61.339778900146 -61.100526167679874
2021.835083007812 -68.379623413086 -60.97682008597642
2021.867919921875 -60.223438262939 -60.743754197285995
2021.966430664062 -62.551025390625 -59.7057511964663
2022.0 -63.571002960205 -59.206657312495516
2022.065673828125 -56.489513397217 -58.465040955525524
2022.098510742188 -60.602161407471 -57.94227508297965
2022.197143554688 -53.266094207764 -56.234078333454775
2022.22998046875 -62.085704803467 -55.51024766455721
2022.262817382812 -63.059997558594 -54.68850845484513
2022.295654296875 -52.034622192383 -53.75282408163575
2022.328491210938 -54.507080078125 -52.71251948429672
2022.394287109375 -53.409282684326 -50.51129152472403
2022.558471679688 -36.939342498779 -45.16936408900794
2022.591430664062 -33.813667297363 -44.14540561607302
2022.68994140625 -50.593734741211 -40.76884193105514
2022.722778320312 -40.870052337646 -39.50671435580498
2022.821411132812 -31.740030288696 -35.526809727261686
2022.854248046875 -37.244338989258 -34.566680919416385
2022.887084960938 -35.847835540771 -33.79027886571649
2022.919921875 -29.889970779419 -33.10777549491279
2022.952758789062 -28.452980041504 -32.42289066112879
2022.985595703125 -29.151416778564 -31.873692533765794
2023.019165039062 -29.884620666504 -31.44398165839104
2023.052001953125 -29.97780418396 -30.965722911118014
2023.084838867188 -31.279529571533 -30.79970173344218
2023.11767578125 -31.875194549561 -30.927154590010662
2023.150634765625 -26.895460128784 -30.978622257404744
2023.183471679688 -31.092388153076 -31.25479048240779
2023.21630859375 -26.978609085083 -31.633291579787446
2023.249145507812 -27.035070419312 -32.07096917144312
2023.281982421875 -31.763940811157 -32.535825741419224
2023.314819335938 -32.007541656494 -33.01545179245546
2023.34765625 -34.53625869751 -33.506279801234214
2023.380615234375 -32.797973632812 -34.01017749731858
2023.413452148438 -46.249362945557 -34.52441305849223
2023.4462890625 -36.385257720947 -35.05265725194643
2023.57763671875 -41.478771209717 -37.332982999601036
