2014.804931640625 -0.0 -3.8685527049024437
2014.837768554688 -4.337184906006 -4.625300271993008
2014.903442382812 -1.635447025299 -6.130212021590843
2014.96923828125 -7.758442401886 -7.626698010804929
2015.03564453125 -9.769492149353 -9.126524053406024
2015.101318359375 -14.239356994629 -10.600497325767858
2015.265625 -20.848909378052 -14.254187577471388
2015.331298828125 -32.610408782959 -15.703023545199867
2015.39697265625 -32.872528076172 -17.145934605936066
2016.021850585938 -29.97728729248 -32.17325563777876
2016.1533203125 -36.076553344727 -34.44642693508746
2016.350463867188 -52.171974182129 -35.2991571507043
2016.416137695312 -40.996032714844 -35.4891588934752
2016.547607421875 -37.50394821167 -36.24034850879017
2016.744750976562 -36.996131896973 -36.0891271696215
2016.777587890625 -34.667407989502 -35.70481818227934
2016.810424804688 -38.338779449463 -35.32719111272489
2016.84326171875 -31.562059402466 -34.97068003305898
2016.876098632812 -35.839160919189 -34.65857342020581
2016.908935546875 -35.306266784668 -34.39536411540526
2016.941772460938 -29.898645401001 -34.134782214692045
2016.974731445312 -34.04468536377 -33.8942909012686
2017.005493164062 -34.172595977783 -33.74282916481436
2017.038330078125 -33.475143432617 -33.53918667889991
2017.071166992188 -32.220767974854 -33.35210859001397
2017.10400390625 -31.691417694092 -33.295902129232175
2017.136840820312 -26.51914024353 -33.32497601158594
2017.169799804688 -34.775196075439 -33.42382952155302
2017.20263671875 -33.041751861572 -33.613635889266426
2017.235473632812 -36.149238586426 -33.91017594017067
2017.268310546875 -35.131355285645 -34.308846962963706
2017.301147460938 -30.000709533691 -34.782628582483206
2017.333984375 -32.068519592285 -35.32189219034376
2017.366821289062 -34.245269775391 -35.901790578554824
2017.399780273438 -36.577205657959 -36.463531509565286
2017.4326171875 -38.621257781982 -36.95590826411225
2017.498291015625 -39.859287261963 -37.7420629995006
2017.531127929688 -38.264072418213 -38.08065407053773
2017.56396484375 -41.653461456299 -38.39311573373914
2017.596801757812 -39.88756942749 -38.66129102133973
2017.629760742188 -47.725170135498 -38.851314688532035
2017.66259765625 -41.153003692627 -38.944280095025725
2017.695434570312 -34.57933807373 -38.95073010576176
2017.728271484375 -37.659706115723 -38.88406847187483
2017.761108398438 -40.826656341553 -38.78456732260175
2017.7939453125 -37.633785247803 -38.695833596125986
2017.826782226562 -38.83907699585 -38.643206692090736
2017.859741210938 -37.137920379639 -38.630443693711605
2017.892578125 -36.53450012207 -38.67895399651978
2017.925415039062 -36.841735839844 -38.81264528593356
2017.958251953125 -42.206882476807 -39.02938290097993
2017.991088867188 -38.694122314453 -39.33058026116102
2018.024658203125 -37.743007659912 -39.71596624653816
2018.057495117188 -39.243858337402 -40.17932759510863
2018.09033203125 -40.644203186035 -40.76047900313866
2018.123168945312 -42.434635162354 -41.45842990430192
2018.156005859375 -38.666625976562 -42.238481977105415
2018.18896484375 -39.941467285156 -43.06362515966448
2018.221801757812 -47.547672271729 -43.912090374150196
2018.254638671875 -39.831676483154 -44.78878233543414
2018.287475585938 -47.526035308838 -45.68759742148202
2018.3203125 -42.484775543213 -46.58122936918168
2018.353149414062 -53.185779571533 -47.43885495370957
2018.385986328125 -53.594997406006 -48.26680778259198
2018.4189453125 -47.956447601318 -49.07157845196991
2018.451782226562 -50.434268951416 -49.81616964618523
2018.484619140625 -49.952751159668 -50.47275852889845
2018.517456054688 -53.811462402344 -51.01669369491638
2018.55029296875 -53.972553253174 -51.43621656993733
2018.583129882812 -53.425575256348 -51.711010367786606
2018.615966796875 -47.754264831543 -51.82089105809026
2018.64892578125 -51.20149230957 -51.7899317789391
2018.681762695312 -55.651126861572 -51.675771168042466
2018.714599609375 -55.512176513672 -51.54186924162465
2018.747436523438 -49.859951019287 -51.41517537532722
2018.7802734375 -54.053913116455 -51.28898293725113
2018.813110351562 -53.122077941895 -51.215254290242044
2018.845947265625 -46.742782592773 -51.15725949994413
2018.87890625 -46.594486236572 -51.15522389810803
2018.911743164062 -48.606292724609 -51.28993115935174
2018.944580078125 -49.814220428467 -51.3073483445653
2018.977416992188 -50.823577880859 -51.40102282012904
2019.010986328125 -49.819660186768 -51.73363662537959
2019.043823242188 -57.661628723145 -52.16648123355428
2019.109497070312 -52.188041687012 -53.61497738084795
2019.1259765625 -57.254608154297 -54.006764691323255
2019.142333984375 -56.469158172607 -54.33184599868331
2019.175170898438 -51.090431213379 -54.942318265214716
2019.191650390625 -52.476844787598 -55.16623968696827
2019.208129882812 -53.038726806641 -55.34912722861472
2019.224487304688 -58.238166809082 -55.491680221405474
2019.240966796875 -57.585670471191 -55.64074656211079
2019.25732421875 -57.231269836426 -55.77409365462019
2019.273803710938 -57.476707458496 -55.942614233823804
2019.290161132812 -54.690509796143 -56.13166595244109
2019.306640625 -55.199253082275 -56.222262237147305
2019.323120117188 -59.143901824951 -56.25370577636832
2019.339477539062 -55.76114654541 -56.22829019446943
2019.35595703125 -55.707492828369 -56.147130032545896
2019.372314453125 -60.135913848877 -56.03576059309933
2019.388793945312 -57.150447845459 -55.92863240659099
2019.405151367188 -51.755760192871 -55.87617138035063
2019.421630859375 -53.942153930664 -55.8185094444442
2019.438110351562 -56.201854705811 -55.77313991205124
2019.454467773438 -56.598114013672 -55.740977129756125
2019.470947265625 -52.936851501465 -55.733347489885965
2019.4873046875 -56.41414642334 -55.761111608073875
2019.503784179688 -55.15408706665 -55.89270557242616
2019.520141601562 -54.903163909912 -55.97612566842972
2019.53662109375 -57.316623687744 -56.109197145853784
2019.569458007812 -57.127281188965 -56.53567611186873
2019.602294921875 -54.649551391602 -57.0049371192618
2019.618774414062 -56.267791748047 -57.224114617314555
2019.635131835938 -58.676933288574 -57.4470206787541
2019.651611328125 -58.962291717529 -57.696880261889476
2019.668090820312 -48.346229553223 -57.93538264627095
2019.71728515625 -59.889209747314 -58.54907772054625
2019.733764648438 -62.110782623291 -58.743161228807914
2019.750122070312 -56.519176483154 -58.886964328163245
2019.7666015625 -49.827686309814 -59.057073965409614
2019.799438476562 -60.459232330322 -59.379188166339794
2019.832275390625 -62.114147186279 -59.72259315173853
2019.865112304688 -59.716831207275 -60.063557728245115
2019.898071289062 -57.704067230225 -60.38294872584358
2019.930908203125 -62.732067108154 -60.680965327616605
2019.963745117188 -58.944877624512 -60.95525901320002
2019.99658203125 -60.429237365723 -61.21894730143047
2020.030151367188 -66.724349975586 -61.492083015002315
2020.06298828125 -58.298984527588 -61.76145425111714
2020.095825195312 -64.718811035156 -62.055586705391455
2020.128662109375 -62.629676818848 -62.39799488588752
2020.161499023438 -60.941192626953 -62.78232996724326
2020.177978515625 -65.470809936523 -62.994474867890276
2020.1943359375 -58.044216156006 -63.1757904192402
2020.227294921875 -64.6728515625 -63.58159205199239
2020.260131835938 -63.00626373291 -64.04345688660653
2020.29296875 -63.032535552979 -64.52719452738818
2020.325805664062 -64.372703552246 -65.1062231401109
2020.358642578125 -67.637001037598 -65.87244749772849
2020.391479492188 -65.194541931152 -66.74480284269116
2020.42431640625 -67.75813293457 -67.69820038352739
2020.457275390625 -64.886962890625 -68.73610332449381
2020.490112304688 -67.556503295898 -69.83426951493604
2020.52294921875 -74.168395996094 -70.93955138159569
2020.555786132812 -72.728485107422 -71.97701428095593
2020.572265625 -68.558952331543 -72.3596233322313
2020.588623046875 -75.692764282227 -72.65623618580499
2020.605102539062 -72.51522064209 -73.13420707805133
2020.621459960938 -76.993087768555 -73.34091620961223
2020.654296875 -78.651107788086 -73.8684642852217
2020.687255859375 -76.094230651855 -74.23063978441402
2020.70361328125 -81.967979431152 -74.43455703181313
2020.720092773438 -77.861236572266 -74.39487221930091
2020.7529296875 -74.789085388184 -74.42807766045297
2020.785766601562 -72.111709594727 -74.38527122430739
2020.818603515625 -74.120422363281 -74.31993683633316
2020.851440429688 -71.461898803711 -74.24280832347631
2020.917236328125 -73.96785736084 -74.17515794858691
2020.950073242188 -74.172775268555 -74.4462370727179
2020.98291015625 -71.375686645508 -74.81582243862452
2021.013671875 -73.017372131348 -75.04539500175572
2021.046508789062 -73.249122619629 -75.6145867160601
2021.079345703125 -77.090118408203 -76.47922477555933
2021.1123046875 -73.46947479248 -77.38258401215454
2021.145141601562 -81.028762817383 -78.39650447991177
2021.177978515625 -79.313095092773 -79.50016706849284
2021.210815429688 -79.089340209961 -80.66595551533052
2021.24365234375 -79.717781066895 -81.8455008391462
2021.276489257812 -81.106513977051 -83.13497343732433
2021.309326171875 -87.682312011719 -84.44444597640805
2021.34228515625 -87.09659576416 -85.77156002495074
2021.358642578125 -88.081680297852 -86.41078368394875
2021.391479492188 -87.849166870117 -87.67769032105777
2021.407958984375 -85.724212646484 -88.2579480081351
2021.440795898438 -89.792030334473 -89.38829994556501
2021.4736328125 -89.738655090332 -90.31380916494977
2021.506469726562 -94.478363037109 -90.95594258920276
2021.539306640625 -94.47632598877 -91.31360351774828
2021.572265625 -95.25186920166 -91.11974410193794
2021.605102539062 -96.358390808105 -91.2509932552176
2021.637939453125 -91.893341064453 -91.31694090076803
2021.670776367188 -98.374313354492 -91.31641916161242
2021.736450195312 -93.530364990234 -91.10233796896192
2021.769287109375 -87.636627197266 -91.04697035191116
2021.80224609375 -87.009574890137 -90.98395693485689
2021.835083007812 -85.525833129883 -90.89321473926042
2021.867919921875 -90.552474975586 -90.8814155290713
2021.966430664062 -91.855354309082 -90.90902875651825
2022.0 -84.866371154785 -91.04894221891963
2022.065673828125 -91.242576599121 -91.18089348589965
2022.098510742188 -93.395233154297 -91.40705575617204
2022.197143554688 -93.210266113281 -92.31533556611102
2022.22998046875 -91.667816162109 -92.65980455077411
2022.262817382812 -81.137237548828 -93.009052358962
2022.295654296875 -90.487083435059 -93.33474737046733
2022.328491210938 -98.60668182373 -93.61245023124026
2022.394287109375 -88.586463928223 -93.99652567292381
2022.558471679688 -98.456001281738 -94.34711247755106
2022.591430664062 -97.766044616699 -94.53625121146057
2022.68994140625 -110.716751098633 -95.04312718185277
2022.722778320312 -96.655914306641 -95.06839984313787
2022.821411132812 -93.128547668457 -94.31992169713526
2022.854248046875 -94.98649597168 -93.79585958193739
2022.887084960938 -97.986442565918 -93.18475135503071
2022.919921875 -91.054275512695 -92.59063930728522
2022.952758789062 -91.476531982422 -91.9658538331903
2022.985595703125 -90.125625610352 -91.20807002657621
2023.019165039062 -91.086441040039 -90.36119630770003
2023.052001953125 -92.578826904297 -89.54958898066049
2023.084838867188 -89.43741607666 -88.59746166621021
2023.11767578125 -87.706665039062 -87.4280459586353
2023.150634765625 -87.122344970703 -86.30753949696332
2023.183471679688 -85.310668945312 -85.01605996833783
2023.21630859375 -83.822341918945 -83.65550156004068
2023.249145507812 -87.821166992188 -82.2567677663234
2023.281982421875 -83.516174316406 -80.84089932341784
2023.314819335938 -81.427291870117 -79.41520568716572
2023.34765625 -78.841911315918 -77.98074979300038
2023.380615234375 -76.705497741699 -76.53072372577418
2023.413452148438 -73.184135437012 -75.07368323364145
2023.4462890625 -71.95671081543 -73.60224629585187
2023.57763671875 -64.654853820801 -67.55981135455579
