2014.804931640625 0.0 2.595505606152379
2014.837768554688 1.344666719437 2.0385937822317666
2014.903442382812 3.920577764511 0.9277508412045827
2014.96923828125 1.66998898983 -0.180008942599054
2015.03564453125 10.957230567932 -1.2918527040945587
2015.101318359375 -7.978154182434 -2.3847692230626003
2015.265625 19.826547622681 -5.085628724567324
2015.331298828125 -2.297588825226 -6.148800151117405
2015.39697265625 -12.048170089722 -7.200778595278978
2016.021850585938 -0.368512243032 -16.465661335662663
2016.1533203125 -23.817090988159 -18.995057381542118
2016.350463867188 -35.536487579346 -21.9346143981987
2016.416137695312 -49.805927276611 -22.00180504916275
2016.547607421875 -19.47092628479 -21.943361665552704
2016.744750976562 -11.447432518005 -21.74143525496394
2016.777587890625 -15.899878501892 -22.1566153923404
2016.810424804688 -26.743785858154 -22.56581770372927
2016.84326171875 -21.269077301025 -22.970645347070683
2016.876098632812 -25.303253173828 -23.355700644901965
2016.908935546875 -21.60676574707 -23.764093320121326
2016.941772460938 -26.211090087891 -24.221602453981635
2016.974731445312 -27.300039291382 -24.726383682942505
2017.005493164062 -23.020963668823 -25.285858369190933
2017.038330078125 -27.57607460022 -25.8672744629524
2017.071166992188 -24.965522766113 -26.445666488370872
2017.10400390625 -22.572645187378 -27.236084740193977
2017.136840820312 -23.697183609009 -28.160453892360355
2017.169799804688 -26.83874130249 -29.168580176821614
2017.20263671875 -28.793153762817 -30.284273129851965
2017.235473632812 -32.415561676025 -31.535786055008288
2017.268310546875 -30.1725025177 -32.91986560948197
2017.301147460938 -32.124900817871 -34.44150445259354
2017.333984375 -36.017845153809 -36.08382299124907
2017.366821289062 -40.138328552246 -37.802170542511384
2017.399780273438 -39.455318450928 -39.568781483864655
2017.4326171875 -42.910625457764 -41.31176315040112
2017.498291015625 -43.583232879639 -44.531596519723884
2017.531127929688 -49.999702453613 -45.99928270769372
2017.56396484375 -42.316249847412 -47.391442039093654
2017.596801757812 -54.697555541992 -48.67936737253732
2017.629760742188 -52.364414215088 -49.834061419312604
2017.66259765625 -51.557327270508 -50.830152695709806
2017.695434570312 -56.499050140381 -51.67420413108066
2017.728271484375 -54.325485229492 -52.34626585983316
2017.761108398438 -50.71968460083 -52.83097081351161
2017.7939453125 -53.902759552002 -53.14699310417952
2017.826782226562 -55.646926879883 -53.31628982972484
2017.859741210938 -58.564853668213 -53.34249959606344
2017.892578125 -53.18293762207 -53.25778918051163
2017.925415039062 -53.166103363037 -53.108065494814966
2017.958251953125 -53.521827697754 -52.932793651256155
2017.991088867188 -51.857444763184 -52.75497051237187
2018.024658203125 -52.730014801025 -52.617383853196245
2018.057495117188 -51.71142578125 -52.57319994854942
2018.09033203125 -51.823528289795 -52.62781872729788
2018.123168945312 -49.970752716064 -52.79534357169057
2018.156005859375 -48.365833282471 -53.11024858931784
2018.18896484375 -53.985343933105 -53.58931975248048
2018.221801757812 -51.236591339111 -54.22618477856986
2018.254638671875 -51.296298980713 -55.02738606739891
2018.287475585938 -53.436943054199 -56.014609543649854
2018.3203125 -57.605514526367 -57.19927916207871
2018.353149414062 -58.644668579102 -58.572786271003714
2018.385986328125 -57.802715301514 -60.10489620597355
2018.4189453125 -59.297004699707 -61.75414632293507
2018.451782226562 -63.292419433594 -63.44783324764701
2018.484619140625 -64.765762329102 -65.1285113018078
2018.517456054688 -65.224617004395 -66.75433928043732
2018.55029296875 -71.997619628906 -68.3060921825552
2018.583129882812 -74.494346618652 -69.75600157188664
2018.615966796875 -73.907661437988 -71.08559297175672
2018.64892578125 -73.354598999023 -72.300636401267
2018.681762695312 -75.52808380127 -73.37197653773919
2018.714599609375 -76.875610351562 -74.25218524284496
2018.747436523438 -77.538284301758 -74.89657756858644
2018.7802734375 -75.646217346191 -75.32176985458284
2018.813110351562 -76.668792724609 -75.4876096267536
2018.845947265625 -77.252853393555 -75.54303335679961
2018.87890625 -77.455032348633 -75.4300261838703
2018.911743164062 -72.867523193359 -75.19571356163536
2018.944580078125 -79.617218017578 -74.96323039623462
2018.977416992188 -76.089752197266 -74.6950130081664
2019.010986328125 -70.636253356934 -74.5333472742937
2019.043823242188 -71.212738037109 -74.29949358469825
2019.109497070312 -72.241722106934 -74.08024165416678
2019.1259765625 -71.821357727051 -73.97746647722062
2019.142333984375 -74.671119689941 -74.11000035999177
2019.175170898438 -72.172180175781 -74.54615245737665
2019.191650390625 -75.314140319824 -75.012786054888
2019.208129882812 -75.013954162598 -75.55595571390349
2019.224487304688 -74.948196411133 -76.10654874335039
2019.240966796875 -78.138427734375 -76.71960258277583
2019.25732421875 -77.275756835938 -77.3495391994669
2019.273803710938 -78.24641418457 -77.97772920344181
2019.290161132812 -79.417022705078 -78.62291217299514
2019.306640625 -77.988906860352 -79.31489263631791
2019.323120117188 -80.713226318359 -80.01638564320132
2019.339477539062 -78.750305175781 -80.70157092121093
2019.35595703125 -81.4736328125 -81.36510384911384
2019.372314453125 -83.012519836426 -82.00628234549582
2019.388793945312 -83.018112182617 -82.65732448553551
2019.405151367188 -81.584373474121 -83.35601231042052
2019.421630859375 -85.33024597168 -84.07762204415062
2019.438110351562 -85.649208068848 -84.83826412705127
2019.454467773438 -85.511131286621 -85.62244827998369
2019.470947265625 -86.158592224121 -86.41126549557207
2019.4873046875 -86.34912109375 -87.16258366159283
2019.503784179688 -84.097923278809 -87.84258298016825
2019.520141601562 -87.725219726562 -88.52671057018189
2019.53662109375 -93.339576721191 -89.1948757639591
2019.569458007812 -92.421569824219 -90.48899800401759
2019.602294921875 -93.471298217773 -91.75179908300198
2019.618774414062 -93.153343200684 -92.38392664280971
2019.635131835938 -92.23893737793 -92.99149601171463
2019.651611328125 -92.398727416992 -93.48961872914592
2019.668090820312 -94.28303527832 -94.01027618312989
2019.71728515625 -94.289985656738 -95.12312341774393
2019.733764648438 -97.781311035156 -95.40276234101782
2019.750122070312 -96.604019165039 -95.52565265755828
2019.7666015625 -100.74861907959 -95.70932029878777
2019.799438476562 -94.505393981934 -95.91630204431047
2019.832275390625 -99.644340515137 -96.17118705832476
2019.865112304688 -94.74144744873 -96.41471692932522
2019.898071289062 -98.91618347168 -96.63730458587507
2019.930908203125 -94.927276611328 -96.84662767650586
2019.963745117188 -94.942420959473 -97.1611090128041
2019.99658203125 -96.36939239502 -97.57007811728705
2020.030151367188 -96.797500610352 -97.84855742909663
2020.06298828125 -98.312858581543 -98.45046581774811
2020.095825195312 -96.569473266602 -99.12582176344473
2020.128662109375 -99.788291931152 -99.97236553619967
2020.161499023438 -98.735137939453 -100.97053185125517
2020.177978515625 -101.531005859375 -101.56291293045426
2020.1943359375 -100.918731689453 -102.06718856214627
2020.227294921875 -103.241500854492 -103.2074476019234
2020.260131835938 -106.451919555664 -104.34013048710156
2020.29296875 -100.711067199707 -105.49028652296886
2020.325805664062 -114.418533325195 -106.65274025684099
2020.358642578125 -108.925743103027 -107.76571665593862
2020.391479492188 -113.872116088867 -108.90964761082986
2020.42431640625 -105.343612670898 -110.06107572716242
2020.457275390625 -112.481178283691 -111.12516482195744
2020.490112304688 -110.874038696289 -112.03371461765487
2020.52294921875 -112.848831176758 -112.76465529208879
2020.555786132812 -113.791450500488 -113.30404728333936
2020.572265625 -113.174346923828 -113.43527623068027
2020.588623046875 -116.171089172363 -113.53922981250822
2020.605102539062 -114.738739013672 -113.75524437703461
2020.621459960938 -119.379669189453 -113.82912565968137
2020.654296875 -119.445755004883 -114.06237863265707
2020.687255859375 -107.676612854004 -114.2201363808317
2020.70361328125 -115.511016845703 -114.29182679398969
2020.720092773438 -114.155807495117 -114.2384435624659
2020.7529296875 -112.399963378906 -114.08920879825317
2020.785766601562 -115.465560913086 -113.77162840595507
2020.818603515625 -111.354637145996 -113.30401157759948
2020.851440429688 -115.195335388184 -112.72255426580043
2020.917236328125 -116.384468078613 -111.52043003239864
2020.950073242188 -113.294586181641 -111.09576474970626
2020.98291015625 -109.945251464844 -110.80687920001165
2021.013671875 -109.153312683105 -110.48402128235458
2021.046508789062 -105.492729187012 -110.19124776618197
2021.079345703125 -105.093414306641 -110.0651779614089
2021.1123046875 -103.512222290039 -109.96090326807662
2021.145141601562 -110.017425537109 -110.01268895302407
2021.177978515625 -109.45231628418 -110.25055163695637
2021.210815429688 -110.277435302734 -110.67751481987733
2021.24365234375 -111.009963989258 -111.02966298019378
2021.276489257812 -109.87907409668 -111.93719915819099
2021.309326171875 -110.289421081543 -113.05606638164029
2021.34228515625 -109.613265991211 -114.31808885196617
2021.358642578125 -117.611282348633 -115.02249395044798
2021.391479492188 -114.009719848633 -116.34672691296386
2021.407958984375 -116.966621398926 -117.05224545550503
2021.440795898438 -117.687255859375 -118.36850358802816
2021.4736328125 -121.286659240723 -119.6742307391953
2021.506469726562 -130.965805053711 -120.98025359074664
2021.539306640625 -124.30549621582 -122.25136331141132
2021.572265625 -123.739883422852 -123.26381496951689
2021.605102539062 -127.449806213379 -124.37618380058409
2021.637939453125 -124.989974975586 -125.41616201279564
2021.670776367188 -129.480758666992 -126.3627659629904
2021.736450195312 -124.628227233887 -127.86658985122878
2021.769287109375 -131.189956665039 -128.55275612053097
2021.80224609375 -134.290557861328 -129.10500565234895
2021.835083007812 -122.399772644043 -129.64599538942204
2021.867919921875 -129.1982421875 -130.1061679536053
2021.966430664062 -134.466995239258 -131.45816254497907
2022.0 -132.507186889648 -131.98430131633845
2022.065673828125 -133.769180297852 -133.02537163405623
2022.098510742188 -128.083419799805 -133.63920414156516
2022.197143554688 -133.587600708008 -135.63467084483338
2022.22998046875 -138.339889526367 -136.3210413028969
2022.262817382812 -130.534255981445 -137.01814988208807
2022.295654296875 -133.134719848633 -137.70662748937534
2022.328491210938 -138.637771606445 -138.3703402229871
2022.394287109375 -143.011215209961 -139.5693269451736
2022.558471679688 -145.648330688477 -142.31690673720422
2022.591430664062 -145.49609375 -143.04330462619208
2022.68994140625 -145.834030151367 -144.89966063225853
2022.722778320312 -148.967056274414 -145.30415678775918
2022.821411132812 -140.127349853516 -145.63651016260968
2022.854248046875 -145.430633544922 -145.58788845093397
2022.887084960938 -144.719390869141 -145.52142335848015
2022.919921875 -148.261093139648 -145.453970200689
2022.952758789062 -147.454010009766 -145.3720528393948
2022.985595703125 -146.633850097656 -145.29795036349861
2023.019165039062 -143.602874755859 -145.24687315158027
2023.052001953125 -145.668731689453 -145.20054427284794
2023.084838867188 -140.019165039062 -145.23110543556564
2023.11767578125 -143.204971313477 -145.34881573118642
2023.150634765625 -146.917114257812 -145.44387632612796
2023.183471679688 -144.34326171875 -145.62832801076507
2023.21630859375 -147.245254516602 -145.89883402635093
2023.249145507812 -145.743560791016 -146.2190420602061
2023.281982421875 -141.164169311523 -146.55846863962256
2023.314819335938 -146.760650634766 -146.90510779785572
2023.34765625 -140.361724853516 -147.25662663985634
2023.380615234375 -151.086791992188 -147.61543186598556
2023.413452148438 -151.868621826172 -147.98165753476948
2023.4462890625 -139.500961303711 -148.35806642112325
2023.57763671875 -152.96891784668 -149.9757393973361
