2014.804931640625 -0.0 6.933071344769999
2014.837768554688 -2.116456270218 5.505066689363466
2014.903442382812 -1.338040828705 2.645777021335232
2014.96923828125 -1.487243533134 -0.22313901607501208
2015.03564453125 -1.963965535164 -3.1224708757427666
2015.101318359375 -1.751249909401 -5.992464862892951
2015.265625 -0.523039340973 -13.178048686130346
2015.331298828125 -8.783299446106 -16.049764105529835
2015.39697265625 -17.667325973511 -18.919518185636665
2016.021850585938 -39.747913360596 -45.920205807399675
2016.1533203125 -54.252414703369 -51.946915331717875
2016.350463867188 -61.011322021484 -60.39320829268952
2016.416137695312 -80.227256774902 -62.73286415777304
2016.547607421875 -61.523811340332 -67.3816578877725
2016.744750976562 -68.764266967773 -73.63971064966775
2016.777587890625 -72.899520874023 -74.41035599717449
2016.810424804688 -70.511421203613 -75.19937614738933
2016.84326171875 -75.845672607422 -76.83434112999802
2016.876098632812 -79.238304138184 -78.87495207934006
2016.908935546875 -80.808036804199 -80.85338698644482
2016.941772460938 -82.418174743652 -82.73485328664266
2016.974731445312 -85.596336364746 -84.60628879460029
2017.005493164062 -86.905296325684 -86.26976803966168
2017.038330078125 -88.603614807129 -88.06419805174467
2017.071166992188 -91.193946838379 -89.83895848699305
2017.10400390625 -92.009796142578 -91.42596018400428
2017.136840820312 -94.32096862793 -92.91821676814766
2017.169799804688 -97.127883911133 -94.35515359489655
2017.20263671875 -97.083198547363 -95.68410617352266
2017.235473632812 -98.822341918945 -96.88998671328918
2017.268310546875 -97.437644958496 -97.98142973499296
2017.301147460938 -100.092460632324 -98.99267272382082
2017.333984375 -98.369438171387 -99.94784015483586
2017.366821289062 -102.826766967773 -100.85877572028421
2017.399780273438 -103.255935668945 -101.75201202596149
2017.4326171875 -99.507904052734 -102.65699377163456
2017.498291015625 -103.72834777832 -104.61330158969393
2017.531127929688 -104.083801269531 -105.68280329690037
2017.56396484375 -105.996154785156 -106.80764812326957
2017.596801757812 -107.544624328613 -107.9927638775694
2017.629760742188 -106.441879272461 -109.2636989280979
2017.66259765625 -109.052268981934 -110.64318868825819
2017.695434570312 -110.752922058105 -112.13724552294228
2017.728271484375 -114.093139648438 -113.73736485778703
2017.761108398438 -115.554016113281 -115.40172775504178
2017.7939453125 -116.62858581543 -117.08741763526325
2017.826782226562 -118.931129455566 -118.78151035356363
2017.859741210938 -120.277946472168 -120.48757078935813
2017.892578125 -122.927467346191 -122.17970379896722
2017.925415039062 -125.045059204102 -123.84837816621456
2017.958251953125 -125.563133239746 -125.47969492273845
2017.991088867188 -127.650428771973 -127.061769729181
2018.024658203125 -129.327606201172 -128.6247576616872
2018.057495117188 -130.823928833008 -130.1004075685853
2018.09033203125 -131.672027587891 -131.52789639372847
2018.123168945312 -133.47624206543 -132.90053923291376
2018.156005859375 -134.143264770508 -134.21847948418628
2018.18896484375 -136.514770507812 -135.5018832834366
2018.221801757812 -136.647811889648 -136.75439278230374
2018.254638671875 -139.031600952148 -137.99675086025275
2018.287475585938 -138.623687744141 -139.2352795565417
2018.3203125 -140.696258544922 -140.47543656580766
2018.353149414062 -139.40852355957 -141.71485539813526
2018.385986328125 -144.546813964844 -142.95001619474405
2018.4189453125 -142.656051635742 -144.18617384700738
2018.451782226562 -144.45654296875 -145.41997775130247
2018.484619140625 -148.453552246094 -146.66845695530495
2018.517456054688 -146.74169921875 -147.94042647260693
2018.55029296875 -152.073669433594 -149.2433689511476
2018.583129882812 -149.67561340332 -150.57526122344092
2018.615966796875 -153.697998046875 -151.93012104319303
2018.64892578125 -151.490737915039 -153.3075144447369
2018.681762695312 -154.110885620117 -154.69268757878996
2018.714599609375 -148.161804199219 -156.08712995160673
2018.747436523438 -156.987503051758 -157.49518008733668
2018.7802734375 -159.179763793945 -158.9118397460999
2018.813110351562 -159.534866333008 -160.35451354272556
2018.845947265625 -162.646270751953 -161.81151416965326
2018.87890625 -162.764465332031 -163.3164930635213
2018.911743164062 -164.39306640625 -164.8624411653868
2018.944580078125 -166.66716003418 -166.4192675173503
2018.977416992188 -168.109115600586 -167.97044735626645
2019.010986328125 -169.186584472656 -169.5461942624257
2019.043823242188 -171.346099853516 -171.0877874677873
2019.109497070312 -174.382766723633 -174.1364543089382
2019.1259765625 -174.995269775391 -174.91033185493265
2019.142333984375 -175.898330688477 -175.63610008222403
2019.175170898438 -177.759887695312 -177.08497563478528
2019.191650390625 -178.146026611328 -177.7581647544217
2019.208129882812 -178.764282226562 -178.3916298003965
2019.224487304688 -179.028198242188 -179.02372747228534
2019.240966796875 -179.586303710938 -179.57915733318683
2019.25732421875 -180.829345703125 -180.103165632138
2019.273803710938 -181.312591552734 -180.656784587296
2019.290161132812 -181.811904907227 -181.17809844257738
2019.306640625 -181.316421508789 -181.6300805618135
2019.323120117188 -182.239532470703 -182.0556132159471
2019.339477539062 -183.423675537109 -182.44989097842628
2019.35595703125 -182.862274169922 -182.81095019149828
2019.372314453125 -182.036849975586 -183.13291073909727
2019.388793945312 -184.064880371094 -183.4321608141962
2019.405151367188 -183.536209106445 -183.7172307507567
2019.421630859375 -184.934494018555 -184.03279133243856
2019.438110351562 -185.373382568359 -184.35736511318893
2019.454467773438 -184.965209960938 -184.69222672131957
2019.470947265625 -183.463821411133 -185.02989193968415
2019.4873046875 -184.469451904297 -185.34101856578786
2019.503784179688 -182.251541137695 -185.59574613920728
2019.520141601562 -185.684356689453 -185.8539762127011
2019.53662109375 -189.435638427734 -186.09826373254458
2019.569458007812 -188.996566772461 -186.51905342934265
2019.602294921875 -186.721054077148 -186.78918398502174
2019.618774414062 -189.888961791992 -186.93398700690778
2019.635131835938 -187.858413696289 -187.06569337062174
2019.651611328125 -186.658493041992 -187.06932330043247
2019.668090820312 -187.672470092773 -187.13624343111124
2019.71728515625 -187.908020019531 -186.9254720959807
2019.733764648438 -186.557144165039 -186.7852456776934
2019.750122070312 -188.973999023438 -186.566318037891
2019.7666015625 -186.430755615234 -186.374386010493
2019.799438476562 -185.432876586914 -185.91027830462448
2019.832275390625 -186.948043823242 -185.43797471682296
2019.865112304688 -184.367706298828 -184.93866517635814
2019.898071289062 -184.316192626953 -184.40076308172294
2019.930908203125 -183.923843383789 -183.8234986395671
2019.963745117188 -183.419097900391 -183.20620798031595
2019.99658203125 -182.577575683594 -182.57645175728044
2020.030151367188 -182.035079956055 -181.94409802875373
2020.06298828125 -181.580154418945 -181.30152017926335
2020.095825195312 -180.787979125977 -180.65285973153414
2020.128662109375 -180.091247558594 -179.98576929246127
2020.161499023438 -179.590484619141 -179.29449319091296
2020.177978515625 -178.969833374023 -178.91508744033234
2020.1943359375 -178.549377441406 -178.5678150232963
2020.227294921875 -177.267700195312 -177.80805999359086
2020.260131835938 -178.291900634766 -177.0517222574315
2020.29296875 -176.291809082031 -176.31276543372473
2020.325805664062 -176.078674316406 -175.60501257696285
2020.358642578125 -174.487823486328 -175.0186556595464
2020.391479492188 -174.101486206055 -174.47565723020497
2020.42431640625 -172.000640869141 -173.95013232757935
2020.457275390625 -170.425720214844 -173.48345113021827
2020.490112304688 -171.323623657227 -173.107104915171
2020.52294921875 -173.357025146484 -172.83422147065812
2020.555786132812 -171.930953979492 -172.69794922809334
2020.572265625 -172.771347045898 -172.77546893299345
2020.588623046875 -171.218811035156 -172.8825464044138
2020.605102539062 -172.935821533203 -172.8556723891908
2020.621459960938 -176.906112670898 -173.01308611142665
2020.654296875 -169.027969360352 -173.2736146364285
2020.687255859375 -172.815765380859 -173.61818407360386
2020.70361328125 -172.87077331543 -173.79436643809885
2020.720092773438 -171.67724609375 -173.98463455016494
2020.7529296875 -174.610137939453 -174.3214991695746
2020.785766601562 -175.622833251953 -174.61278883848343
2020.818603515625 -175.768585205078 -174.86779029026638
2020.851440429688 -176.809799194336 -175.09867890172774
2020.917236328125 -176.555480957031 -175.43929521368892
2020.950073242188 -176.333267211914 -175.4435085217295
2020.98291015625 -176.041488647461 -175.33839545917084
2021.013671875 -176.308410644531 -175.30886470348537
2021.046508789062 -174.965805053711 -175.03065794804047
2021.079345703125 -175.196243286133 -174.56144088893106
2021.1123046875 -174.669570922852 -174.07120532405534
2021.145141601562 -175.447082519531 -173.5117988733447
2021.177978515625 -173.822677612305 -172.9050191064814
2021.210815429688 -174.096038818359 -172.28510205124317
2021.24365234375 -169.606903076172 -171.65256829461924
2021.276489257812 -169.88346862793 -171.06470878493337
2021.309326171875 -170.577499389648 -170.6466706246804
2021.34228515625 -167.600173950195 -170.41043904665406
2021.358642578125 -170.256988525391 -170.47021703598364
2021.391479492188 -168.133087158203 -170.34661646625338
2021.407958984375 -166.039352416992 -170.39757004904985
2021.440795898438 -162.029037475586 -170.32227254657607
2021.4736328125 -165.582321166992 -170.31575735929454
2021.506469726562 -173.749053955078 -170.37976042449444
2021.539306640625 -168.873031616211 -170.50855179115976
2021.572265625 -171.405090332031 -170.737108467206
2021.605102539062 -172.730773925781 -170.93299588347605
2021.637939453125 -169.751190185547 -171.15805656083444
2021.670776367188 -172.736267089844 -171.40225980674566
2021.736450195312 -170.234680175781 -171.8372176350726
2021.769287109375 -172.968887329102 -172.03280907812587
2021.80224609375 -171.853179931641 -172.2050339875126
2021.835083007812 -173.50993347168 -172.39236105824588
2021.867919921875 -172.838516235352 -172.62135076785353
2021.966430664062 -173.003219604492 -173.44221458012524
2022.0 -172.47216796875 -173.75483614711447
2022.065673828125 -174.008804321289 -174.3070532619401
2022.098510742188 -172.683502197266 -174.57096102450072
2022.197143554688 -175.821853637695 -175.11762749485362
2022.22998046875 -177.184555053711 -175.21984080081836
2022.262817382812 -176.070465087891 -175.28912552886993
2022.295654296875 -176.031723022461 -175.32648616962575
2022.328491210938 -177.422439575195 -175.32478346102525
2022.394287109375 -178.366912841797 -175.23471493225216
2022.558471679688 -172.967468261719 -174.93649262649873
2022.591430664062 -179.315124511719 -174.83782403930525
2022.68994140625 -174.28059387207 -174.3031624867493
2022.722778320312 -175.464172363281 -174.07062264118358
2022.821411132812 -172.352005004883 -173.68930576255855
2022.854248046875 -172.799133300781 -173.70853385324355
2022.887084960938 -172.830490112305 -173.77456605211296
2022.919921875 -173.010787963867 -173.82634386410555
2022.952758789062 -172.631439208984 -173.88209530399962
2022.985595703125 -173.292663574219 -174.07055429891912
2023.019165039062 -173.904983520508 -174.35144445121657
2023.052001953125 -174.355163574219 -174.60158216326457
2023.084838867188 -175.056442260742 -175.06518067617586
2023.11767578125 -175.978164672852 -175.6609613777888
2023.150634765625 -174.159210205078 -176.20890798313727
2023.183471679688 -176.509887695312 -176.81862868836674
2023.21630859375 -174.845657348633 -177.42595558588675
2023.249145507812 -173.251770019531 -178.03431334775996
2023.281982421875 -178.186264038086 -178.64613912420998
2023.314819335938 -180.230514526367 -179.2630318804504
2023.34765625 -179.456527709961 -179.88606110312577
2023.380615234375 -181.319793701172 -180.51798837222265
2023.413452148438 -181.271560668945 -181.15436046763665
2023.4462890625 -182.548706054688 -181.79729162541088
2023.57763671875 -202.683013916016 -184.42249140024882
