2014.804931640625 0.0 14.383023248299411
2014.837768554688 5.109360218048 13.274756180815805
2014.903442382812 16.081954956055 11.06267611131546
2014.96923828125 8.437280654907 8.852936040954393
2015.03564453125 13.51459980011 6.629597503553129
2015.101318359375 8.247051239014 4.438074101314329
2015.265625 13.429614067078 -1.0123817714637142
2015.331298828125 -5.459711551666 -3.179745800425479
2015.39697265625 -13.069606781006 -5.342266227238184
2016.021850585938 -26.816478729248 -26.137760648648058
2016.1533203125 -32.487339019775 -29.937360661981305
2016.350463867188 -35.924369812012 -33.82178530648096
2016.416137695312 -47.198745727539 -34.921626618737356
2016.547607421875 -34.584255218506 -37.17083952366844
2016.744750976562 -30.53311920166 -39.85051694716369
2016.777587890625 -36.430442810059 -40.25289650324079
2016.810424804688 -47.148525238037 -40.71031258394057
2016.84326171875 -41.851238250732 -41.3569862825959
2016.876098632812 -44.035591125488 -42.05961709195013
2016.908935546875 -42.323680877686 -42.73931840138559
2016.941772460938 -43.827297210693 -43.42510328597996
2016.974731445312 -44.156627655029 -44.074678911940964
2017.005493164062 -44.991905212402 -44.659584601040855
2017.038330078125 -45.487808227539 -45.291544026240594
2017.071166992188 -45.970428466797 -45.90665943862382
2017.10400390625 -45.929691314697 -46.56869157135905
2017.136840820312 -46.246780395508 -47.31036744756797
2017.169799804688 -46.88060760498 -48.12807802493579
2017.20263671875 -48.819053649902 -49.05508189154255
2017.235473632812 -49.893466949463 -50.119670838731295
2017.268310546875 -48.019580841064 -51.30762777821735
2017.301147460938 -49.094520568848 -52.57908173177762
2017.333984375 -51.594844818115 -53.910859413288506
2017.366821289062 -56.101612091064 -55.27675551638933
2017.399780273438 -53.869956970215 -56.65979780354171
2017.4326171875 -61.148040771484 -58.04218892788276
2017.498291015625 -62.197708129883 -60.781304628141406
2017.531127929688 -63.925968170166 -62.13261290355011
2017.56396484375 -64.661224365234 -63.441011261220105
2017.596801757812 -71.466575622559 -64.66226103513429
2017.629760742188 -66.352592468262 -65.7689278449577
2017.66259765625 -67.720008850098 -66.72708259616051
2017.695434570312 -68.071533203125 -67.53694316192004
2017.728271484375 -70.755226135254 -68.20515599438313
2017.761108398438 -66.72631072998 -68.76345641655581
2017.7939453125 -71.146850585938 -69.24937711721158
2017.826782226562 -71.766220092773 -69.67442206048528
2017.859741210938 -70.425926208496 -70.03366852980474
2017.892578125 -70.072174072266 -70.32735455323466
2017.925415039062 -72.029663085938 -70.56995878794334
2017.958251953125 -68.44970703125 -70.76652526970943
2017.991088867188 -71.338745117188 -70.91484301401483
2018.024658203125 -71.945838928223 -71.04608752730559
2018.057495117188 -71.526168823242 -71.19556218272936
2018.09033203125 -71.26131439209 -71.39613559412142
2018.123168945312 -71.510391235352 -71.66841973486231
2018.156005859375 -70.434036254883 -72.0448516757007
2018.18896484375 -72.68970489502 -72.5489175212177
2018.221801757812 -69.55184173584 -73.17090668150404
2018.254638671875 -70.289138793945 -73.89653910015132
2018.287475585938 -70.919891357422 -74.71462849880346
2018.3203125 -75.32706451416 -75.61067001301389
2018.353149414062 -74.869674682617 -76.6147744229048
2018.385986328125 -75.778747558594 -77.73433027082731
2018.4189453125 -84.033393859863 -78.96424848993466
2018.451782226562 -78.98072052002 -80.2686456117534
2018.484619140625 -82.408554077148 -81.63378266526908
2018.517456054688 -82.080894470215 -83.0384568659831
2018.55029296875 -89.086227416992 -84.45466883191733
2018.583129882812 -85.634216308594 -85.84406377544938
2018.615966796875 -95.758071899414 -87.18429707291264
2018.64892578125 -90.45531463623 -88.4645160808646
2018.681762695312 -89.297142028809 -89.66314108352884
2018.714599609375 -92.592559814453 -90.76507516413339
2018.747436523438 -90.075630187988 -91.76897300779461
2018.7802734375 -94.845390319824 -92.69186836073885
2018.813110351562 -95.274482727051 -93.4813420935427
2018.845947265625 -96.207855224609 -94.20743699427027
2018.87890625 -95.779411315918 -94.82247250994918
2018.911743164062 -96.263824462891 -95.31077319386726
2018.944580078125 -95.533317565918 -95.81724533314156
2018.977416992188 -96.892150878906 -96.25255084157173
2019.010986328125 -94.269180297852 -96.62181276282867
2019.043823242188 -96.772300720215 -96.89797882598607
2019.109497070312 -96.715354919434 -97.53849801011545
2019.1259765625 -97.136375427246 -97.70839302947498
2019.142333984375 -98.78441619873 -97.93397360768392
2019.175170898438 -98.131729125977 -98.43397554523074
2019.191650390625 -98.950973510742 -98.72775431039783
2019.208129882812 -98.727592468262 -99.040149679951
2019.224487304688 -100.48518371582 -99.34421339505033
2019.240966796875 -99.114517211914 -99.68630882668629
2019.25732421875 -99.829223632812 -100.05132849135013
2019.273803710938 -99.618255615234 -100.39658792996457
2019.290161132812 -98.748466491699 -100.73918645998128
2019.306640625 -101.363265991211 -101.17966964257887
2019.323120117188 -102.591011047363 -101.68857553100617
2019.339477539062 -102.494468688965 -102.25387451790127
2019.35595703125 -98.986961364746 -102.8663614117743
2019.372314453125 -101.527976989746 -103.49955326957861
2019.388793945312 -106.050262451172 -104.15958775182044
2019.405151367188 -103.820983886719 -104.87058628213643
2019.421630859375 -103.772827148438 -105.57566361521904
2019.438110351562 -105.803970336914 -106.30460468925506
2019.454467773438 -109.637802124023 -107.04163764755434
2019.470947265625 -110.228698730469 -107.79787989314238
2019.4873046875 -109.320167541504 -108.56399193205948
2019.503784179688 -106.595962524414 -109.31103393333164
2019.520141601562 -108.381660461426 -110.05804960393688
2019.53662109375 -111.723625183105 -110.80219509079093
2019.569458007812 -113.44172668457 -112.25378456941154
2019.602294921875 -114.074012756348 -113.75690228851344
2019.618774414062 -110.925765991211 -114.51430481260948
2019.635131835938 -120.771240234375 -115.25663541498241
2019.651611328125 -117.291938781738 -116.0056625710051
2019.668090820312 -113.90015411377 -116.738282921218
2019.71728515625 -119.831802368164 -118.8880127672808
2019.733764648438 -118.38956451416 -119.59487739050583
2019.750122070312 -120.451110839844 -120.24569364046351
2019.7666015625 -124.103675842285 -120.91693719912564
2019.799438476562 -123.233276367188 -122.14986158234397
2019.832275390625 -122.0322265625 -123.35464062237469
2019.865112304688 -126.141899108887 -124.49746144937512
2019.898071289062 -126.027366638184 -125.57394924046189
2019.930908203125 -127.001960754395 -126.56919709527152
2019.963745117188 -128.221267700195 -127.474593101622
2019.99658203125 -128.265274047852 -128.36080722545918
2020.030151367188 -129.095031738281 -129.28877176599036
2020.06298828125 -130.321395874023 -130.13687165515572
2020.095825195312 -131.02360534668 -130.9856797588597
2020.128662109375 -131.863021850586 -131.82496003596796
2020.161499023438 -132.117858886719 -132.6443998282764
2020.177978515625 -132.897796630859 -133.0374103431738
2020.1943359375 -133.216842651367 -133.43944728511704
2020.227294921875 -134.508666992188 -134.2150660111194
2020.260131835938 -135.123107910156 -134.9693501243734
2020.29296875 -136.010131835938 -135.71715888953153
2020.325805664062 -138.294189453125 -136.43666577069314
2020.358642578125 -136.715133666992 -137.11160880316191
2020.391479492188 -139.621383666992 -137.7796610232866
2020.42431640625 -137.394119262695 -138.44498889606479
2020.457275390625 -137.224700927734 -139.10049282482967
2020.490112304688 -141.043441772461 -139.75314153950907
2020.52294921875 -133.318695068359 -140.42208532796303
2020.555786132812 -138.428695678711 -141.09948377559652
2020.572265625 -150.809936523438 -141.43636628289326
2020.588623046875 -142.029693603516 -141.7331312037697
2020.605102539062 -145.869247436523 -142.04855088138044
2020.621459960938 -138.793731689453 -142.31628239319744
2020.654296875 -143.701614379883 -142.85094371203346
2020.687255859375 -143.01203918457 -143.29281543520315
2020.70361328125 -149.340805053711 -143.55150498332256
2020.720092773438 -147.918334960938 -143.56656062285813
2020.7529296875 -145.826202392578 -143.6629866772031
2020.785766601562 -146.137191772461 -143.6065415901156
2020.818603515625 -143.078491210938 -143.44315758230377
2020.851440429688 -144.972686767578 -143.205884753681
2020.917236328125 -143.648056030273 -142.48209319909967
2020.950073242188 -141.749359130859 -142.02450991878544
2020.98291015625 -141.062561035156 -141.6019293581604
2021.013671875 -140.234634399414 -141.1553101931119
2021.046508789062 -137.715225219727 -140.75463337396718
2021.079345703125 -139.751617431641 -140.5142822185553
2021.1123046875 -139.72248840332 -140.32249041991545
2021.145141601562 -139.265747070312 -140.24514863278077
2021.177978515625 -138.94873046875 -140.27206687979657
2021.210815429688 -139.636245727539 -140.39489134111483
2021.24365234375 -139.776321411133 -140.48298664043878
2021.276489257812 -140.101181030273 -140.8208585482935
2021.309326171875 -140.576187133789 -141.2592498998655
2021.34228515625 -135.370040893555 -141.80120629391882
2021.358642578125 -144.350708007812 -142.18533847273852
2021.391479492188 -141.10676574707 -142.91156122977947
2021.407958984375 -141.794235229492 -143.3736984032546
2021.440795898438 -142.881591796875 -144.24491451588588
2021.4736328125 -143.30305480957 -145.17534014167126
2021.506469726562 -144.528289794922 -146.08739336202066
2021.539306640625 -149.63720703125 -146.94108214090357
2021.572265625 -155.17268371582 -147.66458488329351
2021.605102539062 -154.600784301758 -148.4553429999956
2021.637939453125 -151.2705078125 -149.22149233134803
2021.670776367188 -157.288711547852 -149.94213397973797
2021.736450195312 -152.547775268555 -151.08838743545948
2021.769287109375 -154.822677612305 -151.71945869375617
2021.80224609375 -151.939468383789 -152.20169225129817
2021.835083007812 -154.147888183594 -152.64408924679117
2021.867919921875 -152.0693359375 -152.8439429414662
2021.966430664062 -152.776672363281 -153.193817039659
2022.0 -153.384872436523 -153.3265865782867
2022.065673828125 -155.068740844727 -153.5794959276861
2022.098510742188 -144.864318847656 -153.76314987381008
2022.197143554688 -151.332183837891 -154.3149209289628
2022.22998046875 -151.077728271484 -154.4828307685689
2022.262817382812 -152.888107299805 -154.64554004768564
2022.295654296875 -155.971969604492 -154.80607037721398
2022.328491210938 -156.087921142578 -154.97383806752364
2022.394287109375 -161.284561157227 -155.36208100550093
2022.558471679688 -161.977890014648 -156.53691997766185
2022.591430664062 -155.603973388672 -156.85417900281865
2022.68994140625 -155.691940307617 -157.65588374496085
2022.722778320312 -170.126434326172 -157.80361967152504
2022.821411132812 -157.375366210938 -158.15203458149855
2022.854248046875 -163.971878051758 -158.264160683609
2022.887084960938 -159.340591430664 -158.3720756708948
2022.919921875 -159.699768066406 -158.51271883824558
2022.952758789062 -157.910079956055 -158.68227636458533
2022.985595703125 -160.673965454102 -158.74748539649542
2023.019165039062 -158.411758422852 -158.75746660420975
2023.052001953125 -158.615905761719 -158.7515547576831
2023.084838867188 -158.154663085938 -158.70182186866583
2023.11767578125 -158.671737670898 -158.6929985068733
2023.150634765625 -158.977691650391 -158.67652084965275
2023.183471679688 -157.67741394043 -158.6922633655333
2023.21630859375 -157.370132446289 -158.71065591489335
2023.249145507812 -158.894317626953 -158.72877613838386
2023.281982421875 -158.606964111328 -158.74710527783213
2023.314819335938 -158.613342285156 -158.76678470528648
2023.34765625 -156.187713623047 -158.7887820653279
2023.380615234375 -161.487899780273 -158.81407500083748
2023.413452148438 -160.59228515625 -158.84349438865485
2023.4462890625 -158.371459960938 -158.87717240051236
2023.57763671875 -158.978439331055 -159.04210657608004
