2014.804931640625 -0.0 1.1392713360401243
2014.837768554688 -13.795629501343 -0.26817767831949074
2014.903442382812 -3.611558675766 -3.085942287837752
2014.96923828125 -5.358118534088 -5.912179700666076
2015.03564453125 12.137757301331 -8.766965500380126
2015.101318359375 -11.743855476379 -11.591507063767164
2015.265625 17.481241226196 -18.65450948286933
2015.331298828125 -18.724636077881 -21.471377162218236
2015.39697265625 -44.100772857666 -24.281244119131706
2016.021850585938 -34.388622283936 -50.42390566060963
2016.1533203125 -59.107177734375 -58.01372192715554
2016.350463867188 -70.962615966797 -65.38347021620599
2016.416137695312 -80.300254821777 -66.52458223528082
2016.547607421875 -81.850120544434 -69.06582132177267
2016.744750976562 -71.019386291504 -73.26122730979203
2016.777587890625 -74.404418945312 -73.33066978376303
2016.810424804688 -75.924842834473 -73.3511348936953
2016.84326171875 -73.18733215332 -73.29859261499307
2016.876098632812 -74.98445892334 -73.22603518433442
2016.908935546875 -72.844635009766 -73.19857168929963
2016.941772460938 -71.438247680664 -73.2041807369031
2016.974731445312 -72.732765197754 -73.22167807630609
2017.005493164062 -72.017715454102 -73.35740100251965
2017.038330078125 -72.976051330566 -73.43500600514191
2017.071166992188 -71.981948852539 -73.53199849619969
2017.10400390625 -72.672317504883 -74.08457502238807
2017.136840820312 -71.963226318359 -74.9428552676262
2017.169799804688 -73.981994628906 -75.94491313289599
2017.20263671875 -76.504180908203 -77.0981325029136
2017.235473632812 -73.045738220215 -78.47807614085617
2017.268310546875 -70.229179382324 -80.1164828835156
2017.301147460938 -77.68815612793 -81.9969184520144
2017.333984375 -77.350028991699 -84.084116515292
2017.366821289062 -87.907089233398 -86.28311767651596
2017.399780273438 -89.426780700684 -88.46659319114072
2017.4326171875 -83.695701599121 -90.52472387570135
2017.498291015625 -107.256500244141 -94.22114504337841
2017.531127929688 -99.473564147949 -95.90208537824248
2017.56396484375 -104.361785888672 -97.4522302464581
2017.596801757812 -107.306900024414 -98.8725662146938
2017.629760742188 -104.984809875488 -100.21359127607546
2017.66259765625 -107.326522827148 -101.3686042713874
2017.695434570312 -104.618476867676 -102.18378630438346
2017.728271484375 -105.572853088379 -102.38004633852182
2017.761108398438 -101.488891601562 -102.0122945540696
2017.7939453125 -101.792152404785 -101.37633347215137
2017.826782226562 -100.892646789551 -100.61748532017315
2017.859741210938 -100.781242370605 -99.75474411334332
2017.892578125 -98.078010559082 -98.82953245609836
2017.925415039062 -96.582183837891 -97.91402542286401
2017.958251953125 -97.618705749512 -97.0484484883986
2017.991088867188 -95.378387451172 -96.27801463721136
2018.024658203125 -94.31224822998 -95.63931814532947
2018.057495117188 -93.86450958252 -95.1778815600809
2018.09033203125 -95.11678314209 -94.88594141424265
2018.123168945312 -90.482131958008 -94.76441556551734
2018.156005859375 -90.401252746582 -94.80427076035012
2018.18896484375 -93.931205749512 -95.01223238724728
2018.221801757812 -91.650024414062 -95.39701816087502
2018.254638671875 -91.860473632812 -95.95204158896445
2018.287475585938 -95.546348571777 -96.68133251878129
2018.3203125 -97.846710205078 -97.59122550042854
2018.353149414062 -96.227523803711 -98.69417535192572
2018.385986328125 -99.511054992676 -99.97692279139655
2018.4189453125 -101.576049804688 -101.40136794660226
2018.451782226562 -99.972145080566 -102.86016490591331
2018.484619140625 -104.772705078125 -104.27012371131907
2018.517456054688 -107.902496337891 -105.61816309661961
2018.55029296875 -106.015357971191 -106.88543486069412
2018.583129882812 -110.924537658691 -108.04632000113926
2018.615966796875 -117.144561767578 -109.09683303780018
2018.64892578125 -115.914161682129 -110.03825024002393
2018.681762695312 -111.071403503418 -110.86649317127096
2018.714599609375 -116.144790649414 -111.57242213862229
2018.747436523438 -112.371002197266 -112.14548023841883
2018.7802734375 -112.032257080078 -112.59227243323045
2018.813110351562 -122.750175476074 -112.85400567335705
2018.845947265625 -114.051551818848 -113.0221453125493
2018.87890625 -114.829399108887 -112.96799879284433
2018.911743164062 -114.226692199707 -112.77924610717905
2018.944580078125 -112.434593200684 -112.6324627421345
2018.977416992188 -113.380249023438 -112.46954107743369
2019.010986328125 -111.22639465332 -112.25849475494526
2019.043823242188 -111.003692626953 -111.98118617545362
2019.109497070312 -110.876930236816 -111.42724185900437
2019.1259765625 -110.178153991699 -111.2762509215761
2019.142333984375 -111.198173522949 -111.22809480487578
2019.175170898438 -110.425880432129 -111.1757071222709
2019.191650390625 -110.111358642578 -111.24798929748297
2019.208129882812 -112.058906555176 -111.37192665484318
2019.224487304688 -111.609748840332 -111.49737326110234
2019.240966796875 -111.882308959961 -111.70991648384287
2019.25732421875 -111.788314819336 -111.9711530646029
2019.273803710938 -110.931159973145 -112.20060393337697
2019.290161132812 -111.057830810547 -112.45517076280795
2019.306640625 -114.547569274902 -112.87258467770994
2019.323120117188 -112.067398071289 -113.39207633140086
2019.339477539062 -112.036262512207 -114.00071632222381
2019.35595703125 -113.582794189453 -114.68813283094447
2019.372314453125 -113.407157897949 -115.41744302274975
2019.388793945312 -115.727272033691 -116.18993385910217
2019.405151367188 -116.16325378418 -117.02184511958924
2019.421630859375 -115.761474609375 -117.85324415287984
2019.438110351562 -119.237838745117 -118.7414298040475
2019.454467773438 -122.175575256348 -119.66300231119082
2019.470947265625 -125.472862243652 -120.61457075280299
2019.4873046875 -124.340942382812 -121.54228850543365
2019.503784179688 -118.200500488281 -122.35030136643519
2019.520141601562 -118.674278259277 -123.1898386380452
2019.53662109375 -133.337661743164 -123.97057432517296
2019.569458007812 -126.699127197266 -125.34229576508727
2019.602294921875 -132.685180664062 -126.63714581545241
2019.618774414062 -126.108131408691 -127.31022974833641
2019.635131835938 -134.102630615234 -127.95160428007628
2019.651611328125 -126.947227478027 -128.53483721546957
2019.668090820312 -121.187469482422 -129.12582902974214
2019.71728515625 -129.71662902832 -130.61684423045782
2019.733764648438 -131.474060058594 -131.0513165208925
2019.750122070312 -132.676010131836 -131.3371299112012
2019.7666015625 -135.511932373047 -131.67483320652696
2019.799438476562 -133.241851806641 -132.1659823166177
2019.832275390625 -132.671859741211 -132.62889140576615
2019.865112304688 -133.464859008789 -133.0312178326265
2019.898071289062 -134.111068725586 -133.3843121986323
2019.930908203125 -133.426879882812 -133.70290218371284
2019.963745117188 -132.966201782227 -134.05788295221242
2019.99658203125 -134.686370849609 -134.4616638547258
2020.030151367188 -133.132171630859 -134.80022147017982
2020.06298828125 -134.396514892578 -135.34488605562868
2020.095825195312 -134.839538574219 -135.9428680074551
2020.128662109375 -136.304672241211 -136.6496306014736
2020.161499023438 -136.080459594727 -137.4729998008484
2020.177978515625 -137.085083007812 -138.00953325349008
2020.1943359375 -137.53645324707 -138.4165095182435
2020.227294921875 -139.219940185547 -139.47563903085862
2020.260131835938 -139.169067382812 -140.6075495435019
2020.29296875 -141.259063720703 -141.78087832457652
2020.325805664062 -144.845397949219 -143.03470370120988
2020.358642578125 -144.1826171875 -144.39574219200654
2020.391479492188 -144.38883972168 -145.84469447841988
2020.42431640625 -147.602310180664 -147.3393819346968
2020.457275390625 -148.623199462891 -148.77807731784912
2020.490112304688 -150.979782104492 -150.07443766936473
2020.52294921875 -148.255477905273 -151.2205416191788
2020.555786132812 -144.330459594727 -152.2379864121023
2020.572265625 -157.870132446289 -152.56125764570982
2020.588623046875 -158.629333496094 -152.8244238667673
2020.605102539062 -156.007354736328 -153.358773520331
2020.621459960938 -161.629653930664 -153.54253095451517
2020.654296875 -158.708267211914 -154.0823410729855
2020.687255859375 -154.632354736328 -154.4068560605
2020.70361328125 -157.04069519043 -154.61896394876575
2020.720092773438 -156.242858886719 -154.42258463176012
2020.7529296875 -152.543609619141 -154.15075388862383
2020.785766601562 -157.015090942383 -153.60758014583442
2020.818603515625 -153.928695678711 -152.85672225858752
2020.851440429688 -150.694808959961 -151.98860082243615
2020.917236328125 -149.530746459961 -150.26320754290393
2020.950073242188 -152.099807739258 -149.56371722299718
2020.98291015625 -148.100219726562 -149.0238402124975
2021.013671875 -146.412658691406 -148.42612885653335
2021.046508789062 -143.70556640625 -148.04157603834793
2021.079345703125 -145.625793457031 -147.99418740154115
2021.1123046875 -144.83349609375 -147.95593004074055
2021.145141601562 -146.600158691406 -148.07417094120046
2021.177978515625 -146.590423583984 -148.3378755369696
2021.210815429688 -146.126541137695 -148.72558069439194
2021.24365234375 -147.934936523438 -149.06374694017174
2021.276489257812 -151.753311157227 -149.78921531774438
2021.309326171875 -152.303924560547 -150.65318197588405
2021.34228515625 -149.714935302734 -151.59517087568145
2021.358642578125 -155.833938598633 -152.024692677049
2021.391479492188 -151.619659423828 -152.7908439378435
2021.407958984375 -149.788986206055 -153.027773941012
2021.440795898438 -153.621734619141 -153.56194012282148
2021.4736328125 -156.788986206055 -153.95500526851154
2021.506469726562 -156.879684448242 -154.2105963353974
2021.539306640625 -161.177856445312 -154.37355708513732
2021.572265625 -170.282180786133 -154.26203380000783
2021.605102539062 -164.905288696289 -154.31937979541848
2021.637939453125 -154.776779174805 -154.31154249966514
2021.670776367188 -154.198776245117 -154.19837498874875
2021.736450195312 -157.631546020508 -153.46577482765184
2021.769287109375 -154.252578735352 -153.07951061623868
2021.80224609375 -151.013641357422 -152.627282755604
2021.835083007812 -141.824783325195 -152.17442736037728
2021.867919921875 -152.310882568359 -151.82546552975828
2021.966430664062 -141.634506225586 -151.21072494091024
2022.0 -143.400405883789 -151.12045903257282
2022.065673828125 -151.564315795898 -150.74203646845555
2022.098510742188 -138.134002685547 -150.93560818163303
2022.197143554688 -138.232757568359 -151.95175769472
2022.22998046875 -149.766952514648 -152.27347023330086
2022.262817382812 -134.197174072266 -152.6247846164684
2022.295654296875 -142.998306274414 -152.99921763738692
2022.328491210938 -151.396301269531 -153.4114586256833
2022.394287109375 -163.39697265625 -154.24570547453695
2022.558471679688 -157.423370361328 -156.23751623571926
2022.591430664062 -163.073989868164 -156.8511492407063
2022.68994140625 -165.268707275391 -158.7133535693885
2022.722778320312 -177.211013793945 -159.0855251417664
2022.821411132812 -155.915298461914 -159.02686004672165
2022.854248046875 -161.970703125 -158.737335315019
2022.887084960938 -159.867721557617 -158.42345139946354
2022.919921875 -158.007217407227 -158.1745469538891
2022.952758789062 -158.669281005859 -157.81566842519035
2022.985595703125 -158.03044128418 -157.4230789413942
2023.019165039062 -155.954833984375 -157.2029792748843
2023.052001953125 -154.859085083008 -156.97447835132175
2023.084838867188 -153.121368408203 -157.03061972938698
2023.11767578125 -156.350326538086 -157.32413806050047
2023.150634765625 -153.767837524414 -157.47202010930533
2023.183471679688 -154.591735839844 -157.76287463245797
2023.21630859375 -151.945602416992 -158.04906847360036
2023.249145507812 -154.284515380859 -158.34451884695864
2023.281982421875 -161.843933105469 -158.657474705757
2023.314819335938 -161.732025146484 -158.9930602874504
2023.34765625 -160.587677001953 -159.3527016120086
2023.380615234375 -162.034088134766 -159.7366907942911
2023.413452148438 -156.024536132812 -160.13961936528239
2023.4462890625 -162.488143920898 -160.55960859200877
2023.57763671875 -184.526504516602 -162.36775006832715
