2014.804931640625 -0.0 0.2440243798635246
2014.837768554688 -10.097273826599 -1.015491308110445
2014.903442382812 -5.236336708069 -3.5341041766783294
2014.96923828125 -3.860376834869 -6.056334571617595
2015.03564453125 3.329432487488 -8.599961600512126
2015.101318359375 4.539587497711 -11.112918132186309
2015.265625 -5.635361194611 -17.384664145215666
2015.331298828125 -22.147005081177 -19.883653409333412
2015.39697265625 -20.187419891357 -22.37695199665266
2016.021850585938 -27.071517944336 -45.2920310735514
2016.1533203125 -55.235179901123 -50.43682974071422
2016.350463867188 -94.507270812988 -60.54410148876569
2016.416137695312 -52.647682189941 -62.04334932846881
2016.547607421875 -60.104549407959 -65.15185623859506
2016.744750976562 -72.441078186035 -69.69668097462328
2016.777587890625 -71.673782348633 -70.1040077410918
2016.810424804688 -75.686561584473 -70.52636218646883
2016.84326171875 -71.323188781738 -70.94749586853122
2016.876098632812 -70.404579162598 -71.26380610726534
2016.908935546875 -70.994819641113 -71.55221108579306
2016.941772460938 -70.726943969727 -71.83551912082794
2016.974731445312 -70.615913391113 -72.0153450313977
2017.005493164062 -71.554000854492 -72.23268578844193
2017.038330078125 -70.996490478516 -72.41337910037345
2017.071166992188 -71.662292480469 -72.61871205657363
2017.10400390625 -72.394065856934 -73.02798865847264
2017.136840820312 -73.991424560547 -73.55046025770775
2017.169799804688 -74.19416809082 -74.14887880996524
2017.20263671875 -74.568069458008 -74.81389481962816
2017.235473632812 -75.077171325684 -75.5425918470459
2017.268310546875 -74.086738586426 -76.35732614430005
2017.301147460938 -76.708038330078 -77.28945568791916
2017.333984375 -73.529724121094 -78.39475317857679
2017.366821289062 -81.355178833008 -79.769633183192
2017.399780273438 -80.273933410645 -81.28823412042634
2017.4326171875 -70.598106384277 -82.72003797291705
2017.498291015625 -114.35107421875 -85.15942359359927
2017.531127929688 -81.645286560059 -86.31190589547047
2017.56396484375 -95.676071166992 -87.4936510088518
2017.596801757812 -97.789352416992 -88.72718474475344
2017.629760742188 -100.967239379883 -90.018419905942
2017.66259765625 -94.829048156738 -91.30517121816371
2017.695434570312 -91.297958374023 -92.43293698904259
2017.728271484375 -95.636505126953 -93.15594089624796
2017.761108398438 -92.220520019531 -93.56594236231261
2017.7939453125 -92.784767150879 -93.9032027279637
2017.826782226562 -94.822952270508 -94.241910937006
2017.859741210938 -94.281051635742 -94.60300293050089
2017.892578125 -94.152221679688 -95.01448907726726
2017.925415039062 -94.101890563965 -95.50213674256018
2017.958251953125 -95.411514282227 -96.07257768942308
2017.991088867188 -95.967628479004 -96.73845727320445
2018.024658203125 -95.84407043457 -97.5316540791749
2018.057495117188 -97.791488647461 -98.41380588625628
2018.09033203125 -99.163612365723 -99.39049604956921
2018.123168945312 -99.402763366699 -100.45850374931116
2018.156005859375 -98.869194030762 -101.62704161816096
2018.18896484375 -103.232192993164 -102.88666233339727
2018.221801757812 -102.123825073242 -104.19889061609324
2018.254638671875 -105.042213439941 -105.51218239917277
2018.287475585938 -108.617134094238 -106.78251499820423
2018.3203125 -107.776588439941 -108.00348169248004
2018.353149414062 -110.528213500977 -109.17325439225084
2018.385986328125 -118.412132263184 -110.31355335718689
2018.4189453125 -119.222450256348 -111.4522025724599
2018.451782226562 -114.352226257324 -112.57993875769276
2018.484619140625 -113.375480651855 -113.6671822137774
2018.517456054688 -119.849166870117 -114.67917532355105
2018.55029296875 -113.308296203613 -115.60272797070041
2018.583129882812 -112.547645568848 -116.42722067758925
2018.615966796875 -119.061767578125 -117.1599516681989
2018.64892578125 -116.01301574707 -117.82630130008654
2018.681762695312 -120.153419494629 -118.4546255947485
2018.714599609375 -121.958152770996 -119.0848099708071
2018.747436523438 -122.373123168945 -119.72933565437684
2018.7802734375 -119.228256225586 -120.37867175618614
2018.813110351562 -116.806968688965 -121.00322951113333
2018.845947265625 -121.096168518066 -121.61754936301134
2018.87890625 -123.430809020996 -122.17112404110286
2018.911743164062 -122.259918212891 -122.65825851973592
2018.944580078125 -123.307136535645 -123.11672825150853
2018.977416992188 -125.85343170166 -123.59289661361957
2019.010986328125 -123.678314208984 -124.09513062987907
2019.043823242188 -124.331253051758 -124.61928356260773
2019.109497070312 -124.535781860352 -125.28506216894544
2019.1259765625 -125.807769775391 -125.44422767982738
2019.142333984375 -128.727935791016 -125.53821646817431
2019.175170898438 -127.20841217041 -125.72324312902818
2019.191650390625 -124.582458496094 -125.78312746909626
2019.208129882812 -126.736480712891 -125.82662844678332
2019.224487304688 -125.933082580566 -125.86491198870002
2019.240966796875 -125.395286560059 -125.86612371742987
2019.25732421875 -125.996025085449 -125.89393809564375
2019.273803710938 -125.074264526367 -125.88109284158172
2019.290161132812 -124.658561706543 -125.85813274878711
2019.306640625 -126.706245422363 -126.02896082011239
2019.323120117188 -124.390090942383 -126.33322343921029
2019.339477539062 -124.983024597168 -126.75374092935188
2019.35595703125 -125.179878234863 -127.2837963598122
2019.372314453125 -129.070541381836 -127.91815881656316
2019.388793945312 -125.119194030762 -128.6951610122256
2019.405151367188 -125.993881225586 -129.7498779159647
2019.421630859375 -128.870590209961 -130.72604352371442
2019.438110351562 -132.158889770508 -131.79297892467127
2019.454467773438 -131.274871826172 -132.94216987969068
2019.470947265625 -135.901718139648 -134.1923962464956
2019.4873046875 -138.560256958008 -135.53080485459154
2019.503784179688 -116.705024719238 -136.96885533639687
2019.520141601562 -125.138153076172 -138.4031924597947
2019.53662109375 -139.509429931641 -139.8866340769007
2019.569458007812 -139.857894897461 -142.80661689566955
2019.602294921875 -152.120025634766 -145.5266436391897
2019.618774414062 -135.238586425781 -146.86922750917668
2019.635131835938 -160.113540649414 -148.177512746313
2019.651611328125 -150.094818115234 -149.46291894013305
2019.668090820312 -141.466659545898 -150.77091903570624
2019.71728515625 -158.107803344727 -154.61285256277404
2019.733764648438 -156.145736694336 -155.90155269666616
2019.750122070312 -156.507598876953 -157.06517141538004
2019.7666015625 -159.283569335938 -158.28711552381685
2019.799438476562 -158.682983398438 -160.51305674442946
2019.832275390625 -164.619857788086 -162.65173563616185
2019.865112304688 -164.79524230957 -164.69265819731487
2019.898071289062 -166.868942260742 -166.72767142921012
2019.930908203125 -169.564849853516 -168.75542441559
2019.963745117188 -169.714935302734 -170.7786436458457
2019.99658203125 -172.878936767578 -172.78298629337573
2020.030151367188 -174.297317504883 -174.8348791318169
2020.06298828125 -176.789642333984 -176.7800268140413
2020.095825195312 -179.272750854492 -178.692616460694
2020.128662109375 -181.148330688477 -180.5740646219928
2020.161499023438 -182.972427368164 -182.43943099598278
2020.177978515625 -184.02458190918 -183.33175717176306
2020.1943359375 -184.31103515625 -184.26961599148862
2020.227294921875 -187.421875 -186.0426633371592
2020.260131835938 -186.91796875 -187.72004379377645
2020.29296875 -190.881484985352 -189.3571290593583
2020.325805664062 -190.427719116211 -190.91823230478195
2020.358642578125 -191.967971801758 -192.44865430193258
2020.391479492188 -195.437576293945 -194.03634702455457
2020.42431640625 -197.898071289062 -195.6567666560712
2020.457275390625 -195.09016418457 -197.24285741637206
2020.490112304688 -192.788696289062 -198.72360042836863
2020.52294921875 -197.562377929688 -200.11852338423867
2020.555786132812 -203.176330566406 -201.4563613167575
2020.572265625 -211.127700805664 -202.0694028988225
2020.588623046875 -208.123123168945 -202.66904600979282
2020.605102539062 -203.2255859375 -203.3625351402217
2020.621459960938 -207.975006103516 -203.9506005661369
2020.654296875 -213.160461425781 -205.2016045800784
2020.687255859375 -206.952911376953 -206.42040061478806
2020.70361328125 -205.354019165039 -207.04236989742375
2020.720092773438 -206.78190612793 -207.5696830715961
2020.7529296875 -208.529266357422 -208.63996257813693
2020.785766601562 -210.462097167969 -209.62102714070363
2020.818603515625 -210.275253295898 -210.53783557643536
2020.851440429688 -210.331268310547 -211.42683151636223
2020.917236328125 -214.541320800781 -213.25917240113574
2020.950073242188 -214.968185424805 -214.19736855193952
2020.98291015625 -215.323944091797 -215.10496219894236
2021.013671875 -216.534408569336 -215.97735990064842
2021.046508789062 -215.036987304688 -216.84690312483065
2021.079345703125 -217.674682617188 -217.67066235577977
2021.1123046875 -219.076354980469 -218.4975367732205
2021.145141601562 -220.059188842773 -219.308709651383
2021.177978515625 -220.245254516602 -220.11594574026276
2021.210815429688 -222.923263549805 -220.96713231925563
2021.24365234375 -219.627731323242 -221.8084293747065
2021.276489257812 -217.348159790039 -222.83396604802493
2021.309326171875 -226.744522094727 -223.99947007407698
2021.34228515625 -221.429992675781 -225.29587430072056
2021.358642578125 -225.728958129883 -226.0846013753544
2021.391479492188 -225.197204589844 -227.53602726968035
2021.407958984375 -225.734359741211 -228.42132109014833
2021.440795898438 -219.716461181641 -230.08781722414716
2021.4736328125 -222.935150146484 -231.90513417783905
2021.506469726562 -233.330780029297 -233.78500221876652
2021.539306640625 -236.64567565918 -235.61786091571028
2021.572265625 -245.055908203125 -237.3203552799899
2021.605102539062 -237.65576171875 -239.09047122087733
2021.637939453125 -250.940124511719 -240.81827975684135
2021.670776367188 -246.657958984375 -242.45237484742123
2021.736450195312 -248.602111816406 -245.11936142595175
2021.769287109375 -251.315933227539 -246.4095009223429
2021.80224609375 -248.907760620117 -247.45018740480938
2021.835083007812 -246.237823486328 -248.4631273977219
2021.867919921875 -253.562225341797 -249.21020044182305
2021.966430664062 -252.826370239258 -251.12107051479754
2022.0 -250.150100708008 -251.60709616411808
2022.065673828125 -257.094818115234 -252.65760258057543
2022.098510742188 -251.577606201172 -253.1026031508166
2022.197143554688 -252.815460205078 -254.41898096748525
2022.22998046875 -256.485626220703 -254.84529854658328
2022.262817382812 -251.884811401367 -255.27883582656665
2022.295654296875 -254.334121704102 -255.76268439697336
2022.328491210938 -259.884460449219 -256.343938650823
2022.394287109375 -257.092346191406 -257.6880575375833
2022.558471679688 -276.777252197266 -260.91420842681856
2022.591430664062 -247.953323364258 -261.56889097568035
2022.68994140625 -250.870071411133 -263.5661833820809
2022.722778320312 -280.721160888672 -264.2166056815791
2022.821411132812 -268.634796142578 -266.183158794954
2022.854248046875 -263.970092773438 -266.855453345672
2022.887084960938 -264.002777099609 -267.45744619164674
2022.919921875 -269.064819335938 -268.0723080413817
2022.952758789062 -271.159698486328 -268.68770324655964
2022.985595703125 -271.046356201172 -269.31992415321577
2023.019165039062 -269.242828369141 -270.02727911688294
2023.052001953125 -269.600372314453 -270.7273030646005
2023.084838867188 -270.023681640625 -271.53345813811006
2023.11767578125 -272.193420410156 -272.49386428074564
2023.150634765625 -272.995971679688 -273.42495562368805
2023.183471679688 -273.982849121094 -274.46815546824496
2023.21630859375 -270.656799316406 -275.5206400652217
2023.249145507812 -270.938354492188 -276.57825192133856
2023.281982421875 -275.157623291016 -277.6415488773884
2023.314819335938 -280.769134521484 -278.7134453600938
2023.34765625 -277.253784179688 -279.79780468963344
2023.380615234375 -282.855102539062 -280.90142526437023
2023.413452148438 -275.573333740234 -282.0189916973247
2023.4462890625 -291.660675048828 -283.15589028262843
2023.57763671875 -319.718841552734 -287.88331107509134
