2014.804931640625 -0.0 2.1406936377913026
2014.837768554688 -1.004770517349 2.168368475930418
2014.903442382812 2.769653320312 2.2181556333612917
2014.96923828125 7.544779777527 2.2612596327910204
2015.03564453125 19.367988586426 2.298559543113362
2015.101318359375 -1.827854990959 2.3291560458301332
2015.265625 41.084747314453 2.3778363701257064
2015.331298828125 14.294148445129 2.387769886012826
2015.39697265625 -18.262838363647 2.393883591113828
2016.021850585938 9.771202087402 3.4462717834212926
2016.1533203125 -2.829222202301 2.5964644680497098
2016.350463867188 0.228575929999 1.5796789228309713
2016.416137695312 -33.782112121582 1.2367097025480258
2016.547607421875 15.271750450134 0.4155052996071779
2016.744750976562 11.419074058533 0.5389089918842503
2016.777587890625 -2.690165042877 0.5792853316639023
2016.810424804688 1.268757224083 0.5855400392893675
2016.84326171875 1.785564899445 0.4406322113971793
2016.876098632812 1.251970887184 0.2660071793574562
2016.908935546875 1.917022943497 0.09781729610662492
2016.941772460938 -3.302285194397 -0.09570500441695967
2016.974731445312 -1.881152629852 -0.29612722692398347
2017.005493164062 -2.627627849579 -0.53254052300308
2017.038330078125 -3.231992959976 -0.7759475868480387
2017.071166992188 3.879808187485 -1.02934570527215
2017.10400390625 2.761316776276 -1.4031765767900666
2017.136840820312 0.487397164106 -1.825521438540308
2017.169799804688 -4.107535839081 -2.251121200962642
2017.20263671875 -1.483236908913 -2.7072390112007274
2017.235473632812 -1.19770526886 -3.2270142632017427
2017.268310546875 -2.735982656479 -3.8250954305536062
2017.301147460938 -4.347864627838 -4.467335366434597
2017.333984375 -5.800601482391 -5.103838117188339
2017.366821289062 -8.60521697998 -5.706717474352549
2017.399780273438 -9.995137214661 -6.2746277228480976
2017.4326171875 -2.330719947815 -6.80019759450143
2017.498291015625 -11.662974357605 -7.766424282014467
2017.531127929688 -9.074917793274 -8.23274210444866
2017.56396484375 -11.562841415405 -8.67177826377958
2017.596801757812 -4.301853179932 -9.070576888330189
2017.629760742188 -7.205024719238 -9.43193712810188
2017.66259765625 -8.763251304626 -9.74980161903353
2017.695434570312 -11.365691184998 -10.004843742720821
2017.728271484375 -10.732592582703 -10.155056528416509
2017.761108398438 -9.703608512878 -10.154411734911363
2017.7939453125 -11.63591003418 -10.000574363216002
2017.826782226562 -12.685764312744 -9.737296425938844
2017.859741210938 -13.475098609924 -9.400784608089396
2017.892578125 -12.160242080688 -9.00556700222733
2017.925415039062 -14.047487258911 -8.584604188043528
2017.958251953125 -8.158263206482 -8.140591572359728
2017.991088867188 -6.458433151245 -7.679572113017303
2018.024658203125 -1.287982821465 -7.220697071261279
2018.057495117188 -3.542663574219 -6.807658478324093
2018.09033203125 -4.978809833527 -6.449140539023553
2018.123168945312 -2.591946125031 -6.206827099927226
2018.156005859375 -2.134743213654 -6.158417782497809
2018.18896484375 -7.164618015289 -6.3685342542721965
2018.221801757812 -6.627675056458 -6.882920351687604
2018.254638671875 -4.892054080963 -7.700002137629369
2018.287475585938 -4.773946285248 -8.767531431888752
2018.3203125 -10.427116394043 -10.014138100213364
2018.353149414062 -9.124507904053 -11.353012332641509
2018.385986328125 -7.771931648254 -12.699963936452018
2018.4189453125 -13.466848373413 -14.017669519595183
2018.451782226562 -15.673038482666 -15.28063122335875
2018.484619140625 -23.621162414551 -16.483704198197426
2018.517456054688 -20.94952583313 -17.647412912027146
2018.55029296875 -23.85860824585 -18.802108925056125
2018.583129882812 -19.540439605713 -19.93854090559365
2018.615966796875 -28.165981292725 -21.024870223872757
2018.64892578125 -20.574151992798 -22.015426132099783
2018.681762695312 -22.102739334106 -22.842940960384954
2018.714599609375 -15.439237594604 -23.464092040778826
2018.747436523438 -25.549766540527 -23.880275606611182
2018.7802734375 -22.824445724487 -24.15438883296112
2018.813110351562 -25.678358078003 -24.31179993960569
2018.845947265625 -28.343544006348 -24.487479696640282
2018.87890625 -29.057445526123 -24.65118264649126
2018.911743164062 -28.893047332764 -24.75390111604373
2018.944580078125 -25.518573760986 -24.973223889565457
2018.977416992188 -21.467325210571 -25.143049566541197
2019.010986328125 -15.2961769104 -25.346073863356022
2019.043823242188 -24.280626296997 -25.310168845843418
2019.109497070312 -21.867866516113 -25.46617063505544
2019.1259765625 -23.210613250732 -25.519613201485363
2019.142333984375 -26.200166702271 -25.92025267273654
2019.175170898438 -23.648750305176 -26.990101366085565
2019.191650390625 -28.702102661133 -27.658130811363346
2019.208129882812 -30.021467208862 -28.340621017036064
2019.224487304688 -31.534168243408 -29.033175808998532
2019.240966796875 -32.007900238037 -29.7674509423384
2019.25732421875 -29.552452087402 -30.53210147191956
2019.273803710938 -31.610494613647 -31.32129449978789
2019.290161132812 -32.25638961792 -32.066275475569746
2019.306640625 -30.887563705444 -32.83640048215047
2019.323120117188 -33.332454681396 -33.6376030926582
2019.339477539062 -32.735034942627 -34.460157583716345
2019.35595703125 -31.472768783569 -35.30567352023785
2019.372314453125 -36.537940979004 -36.16279438109862
2019.388793945312 -37.159149169922 -37.06168512641533
2019.405151367188 -38.468734741211 -38.00349219723226
2019.421630859375 -38.686206817627 -38.947320383599084
2019.438110351562 -41.705593109131 -39.920749247976325
2019.454467773438 -41.836307525635 -40.88232016398225
2019.470947265625 -42.325736999512 -41.81891182671408
2019.4873046875 -47.215995788574 -42.66712998385061
2019.503784179688 -40.437412261963 -43.310092757224645
2019.520141601562 -40.867080688477 -44.02560175621106
2019.53662109375 -56.113399505615 -44.65083551568795
2019.569458007812 -46.42259979248 -45.59492840222232
2019.602294921875 -56.557621002197 -46.2753076083957
2019.618774414062 -45.637573242188 -46.63698803326327
2019.635131835938 -53.726024627686 -46.93699921754706
2019.651611328125 -42.215213775635 -46.98843541567343
2019.668090820312 -50.632350921631 -47.150496908537114
2019.71728515625 -43.774219512939 -47.02962608307937
2019.733764648438 -47.15735244751 -46.882531745174795
2019.750122070312 -56.23469543457 -46.54066432216811
2019.7666015625 -51.102870941162 -46.2826603897581
2019.799438476562 -45.72049331665 -45.577547723585624
2019.832275390625 -40.526954650879 -44.8233923915876
2019.865112304688 -46.827671051025 -43.966717216233
2019.898071289062 -44.208984375 -43.048417126638384
2019.930908203125 -40.657779693604 -42.09817462829085
2019.963745117188 -40.79167175293 -41.15523393434393
2019.99658203125 -41.618461608887 -40.297119351906495
2020.030151367188 -39.346267700195 -39.37568405994851
2020.06298828125 -35.662128448486 -38.734697171415505
2020.095825195312 -34.754711151123 -38.13664187697608
2020.128662109375 -38.080795288086 -37.60167249011287
2020.161499023438 -37.719230651855 -37.11541709537643
2020.177978515625 -35.861469268799 -36.93819355804428
2020.1943359375 -31.352863311768 -36.68773874947113
2020.227294921875 -36.66487121582 -36.33775338649344
2020.260131835938 -39.380237579346 -36.08205140342216
2020.29296875 -35.826187133789 -35.91099227868379
2020.325805664062 -37.345390319824 -35.83708796893618
2020.358642578125 -36.173202514648 -35.86532849434182
2020.391479492188 -33.967479705811 -35.956725315911605
2020.42431640625 -33.281467437744 -36.07103332808363
2020.457275390625 -31.828664779663 -36.20423050644258
2020.490112304688 -39.690437316895 -36.38548046332655
2020.52294921875 -36.440830230713 -36.71844262376528
2020.555786132812 -28.408622741699 -37.286191483670855
2020.572265625 -44.268100738525 -37.80177869717401
2020.588623046875 -33.337566375732 -38.368234482415076
2020.605102539062 -40.110237121582 -38.731549148005705
2020.621459960938 -37.04175567627 -39.37183465894872
2020.654296875 -38.536602020264 -40.52851126127602
2020.687255859375 -35.957366943359 -41.74400650791531
2020.70361328125 -44.684799194336 -42.35105776246647
2020.720092773438 -37.738502502441 -42.939874377174974
2020.7529296875 -46.961776733398 -44.061645010897216
2020.785766601562 -50.985969543457 -45.08271298960302
2020.818603515625 -47.90306854248 -46.00498499404582
2020.851440429688 -49.99144744873 -46.83392971155356
2020.917236328125 -49.883377075195 -48.33324954989549
2020.950073242188 -48.110015869141 -48.95090604843364
2020.98291015625 -53.783256530762 -49.57642532610628
2021.013671875 -49.451404571533 -50.14481374705295
2021.046508789062 -47.294910430908 -50.70101852304753
2021.079345703125 -46.500583648682 -51.394997032832975
2021.1123046875 -44.180633544922 -52.05732612507489
2021.145141601562 -54.935108184814 -52.771149269509536
2021.177978515625 -54.607803344727 -53.549875925344516
2021.210815429688 -55.303302764893 -54.40481087127173
2021.24365234375 -48.689750671387 -55.265869465080065
2021.276489257812 -58.058650970459 -56.311027414483014
2021.309326171875 -63.671447753906 -57.42079862861172
2021.34228515625 -59.153076171875 -58.54407422650874
2021.358642578125 -58.70320892334 -59.058272017253216
2021.391479492188 -50.034641265869 -60.08397903141247
2021.407958984375 -61.834171295166 -60.535334493828216
2021.440795898438 -57.466526031494 -61.442080067911974
2021.4736328125 -64.861633300781 -62.29212470626052
2021.506469726562 -66.799644470215 -63.09805967162599
2021.539306640625 -61.703113555908 -63.86751097254422
2021.572265625 -65.72412109375 -64.58809375847522
2021.605102539062 -69.032035827637 -65.35741561576864
2021.637939453125 -66.552825927734 -66.13316584600472
2021.670776367188 -62.938941955566 -66.89555596108059
2021.736450195312 -68.862991333008 -68.17987497501804
2021.769287109375 -69.735443115234 -68.77428967300796
2021.80224609375 -66.707061767578 -69.31162601973335
2021.835083007812 -70.942901611328 -69.8117010564765
2021.867919921875 -72.541954040527 -70.22573509581993
2021.966430664062 -78.427185058594 -71.26012995151267
2022.0 -63.736225128174 -71.54374080192899
2022.065673828125 -73.072998046875 -72.24251187351402
2022.098510742188 -76.097969055176 -72.48015291967059
2022.197143554688 -67.36247253418 -72.96940974016984
2022.22998046875 -80.215690612793 -73.01946826472928
2022.262817382812 -73.066520690918 -72.98221738448085
2022.295654296875 -76.038314819336 -72.83756336693175
2022.328491210938 -66.350761413574 -72.57313074751845
2022.394287109375 -78.702125549316 -71.85669251561988
2022.558471679688 -72.990058898926 -70.66948961421978
2022.591430664062 -59.862644195557 -70.4047787594287
2022.68994140625 -89.601402282715 -69.54353284895559
2022.722778320312 -61.878776550293 -69.1696098468395
2022.821411132812 -62.168327331543 -68.03473658007769
2022.854248046875 -93.58349609375 -67.84669997083944
2022.887084960938 -71.888961791992 -67.80433017851372
2022.919921875 -68.199974060059 -67.71203360357298
2022.952758789062 -72.53971862793 -67.8675785610301
2022.985595703125 -63.413967132568 -68.37707696144285
2023.019165039062 -67.056205749512 -68.9735675301708
2023.052001953125 -67.17748260498 -69.56023271458868
2023.084838867188 -69.16242980957 -70.23392136799458
2023.11767578125 -70.484710693359 -71.15386702964398
2023.150634765625 -70.168403625488 -72.03632170949331
2023.183471679688 -73.177963256836 -73.12471463540608
2023.21630859375 -72.604873657227 -74.25180173315096
2023.249145507812 -66.897392272949 -75.4072664125159
2023.281982421875 -74.561340332031 -76.58491066656454
2023.314819335938 -79.302558898926 -77.78271117551691
2023.34765625 -75.894599914551 -79.000833038035
2023.380615234375 -81.920059204102 -80.24460098782252
2023.413452148438 -80.685615539551 -81.50670889501849
2023.4462890625 -90.834930419922 -82.79323061106653
2023.57763671875 -103.862373352051 -88.17445013298116
