2014.804931640625 -0.0 7.2650560815489476
2014.837768554688 -1.927810072899 6.305148028221394
2014.903442382812 -1.814986586571 4.3842836227354045
2014.96923828125 -0.407964318991 2.4585017821712274
2015.03564453125 0.964310646057 0.5137355716617982
2015.101318359375 0.388333767653 -1.4098172285880608
2015.265625 11.873913764954 -6.218640336220234
2015.331298828125 1.939341306686 -8.138375771485022
2015.39697265625 -9.969838142395 -10.056326999355743
2016.021850585938 -21.036249160767 -28.341480354672143
2016.1533203125 -33.256042480469 -32.23303848247098
2016.350463867188 -37.612205505371 -37.73580492528728
2016.416137695312 -58.679206848145 -39.6487064928134
2016.547607421875 -38.697868347168 -43.40796954616975
2016.744750976562 -43.812690734863 -48.307104686139176
2016.777587890625 -47.826187133789 -49.014764572849785
2016.810424804688 -46.510089874268 -49.775835087905264
2016.84326171875 -50.446823120117 -51.22027828696778
2016.876098632812 -54.307727813721 -52.976779770063544
2016.908935546875 -55.037200927734 -54.694268631944404
2016.941772460938 -56.643474578857 -56.350443160608094
2016.974731445312 -58.558841705322 -58.00502770489407
2017.005493164062 -59.6926612854 -59.47532661002272
2017.038330078125 -61.230567932129 -61.06825410534593
2017.071166992188 -63.774185180664 -62.64061215567079
2017.10400390625 -64.326293945312 -64.0354588319546
2017.136840820312 -66.373916625977 -65.3283818920054
2017.169799804688 -69.270439147949 -66.56064878618908
2017.20263671875 -68.86262512207 -67.70546357126932
2017.235473632812 -70.30298614502 -68.75457494206883
2017.268310546875 -70.043785095215 -69.7004513093854
2017.301147460938 -71.84806060791 -70.55396030882656
2017.333984375 -69.846778869629 -71.33013393363552
2017.366821289062 -73.501434326172 -72.04692218167284
2017.399780273438 -74.558258056641 -72.73733695140976
2017.4326171875 -71.299240112305 -73.43242647048109
2017.498291015625 -75.38599395752 -74.94477072420813
2017.531127929688 -73.861991882324 -75.78537475541391
2017.56396484375 -75.619567871094 -76.67912490373664
2017.596801757812 -76.218643188477 -77.63122180852078
2017.629760742188 -76.333450317383 -78.66042969377365
2017.66259765625 -78.336387634277 -79.78112100929597
2017.695434570312 -80.023445129395 -80.99988063034759
2017.728271484375 -82.445983886719 -82.3161579296844
2017.761108398438 -84.201210021973 -83.69443461959926
2017.7939453125 -84.789451599121 -85.09397743842963
2017.826782226562 -86.685180664062 -86.49436334235872
2017.859741210938 -87.896186828613 -87.89022558330805
2017.892578125 -90.273361206055 -89.24612756954856
2017.925415039062 -92.390403747559 -90.55184215047937
2017.958251953125 -92.235816955566 -91.79725732190487
2017.991088867188 -93.677825927734 -92.97805953233193
2018.024658203125 -94.791160583496 -94.12107148163686
2018.057495117188 -96.081192016602 -95.17923404751475
2018.09033203125 -96.627456665039 -96.17891122271269
2018.123168945312 -97.496078491211 -97.11972771555216
2018.156005859375 -97.952033996582 -98.01467729406914
2018.18896484375 -99.52808380127 -98.89859343322438
2018.221801757812 -99.4140625 -99.79430347118623
2018.254638671875 -100.796371459961 -100.7244232618966
2018.287475585938 -100.498596191406 -101.69044607274202
2018.3203125 -102.705116271973 -102.69307225681726
2018.353149414062 -100.228981018066 -103.73935793289333
2018.385986328125 -104.043479919434 -104.82818591842911
2018.4189453125 -104.15535736084 -105.95736103094299
2018.451782226562 -106.211280822754 -107.12034705110061
2018.484619140625 -110.694114685059 -108.3244891542108
2018.517456054688 -109.028244018555 -109.57033484976641
2018.55029296875 -113.988319396973 -110.8546637064027
2018.583129882812 -110.344413757324 -112.1642368743803
2018.615966796875 -117.118560791016 -113.48317970330206
2018.64892578125 -114.095611572266 -114.80484412674123
2018.681762695312 -116.156066894531 -116.11052673763321
2018.714599609375 -111.03963470459 -117.39708922644138
2018.747436523438 -118.716186523438 -118.66668540567383
2018.7802734375 -120.20972442627 -119.92671623909945
2018.813110351562 -121.317825317383 -121.19598438980705
2018.845947265625 -123.403503417969 -122.479264271815
2018.87890625 -122.918045043945 -123.7814059077195
2018.911743164062 -124.132293701172 -125.09434165525828
2018.944580078125 -126.45671081543 -126.40315234544488
2018.977416992188 -127.404098510742 -127.71059396165155
2019.010986328125 -128.893325805664 -129.06893473028535
2019.043823242188 -130.780517578125 -130.39966343113326
2019.109497070312 -133.209091186523 -133.18817929740507
2019.1259765625 -133.828567504883 -133.900277022961
2019.142333984375 -134.437866210938 -134.59365877571935
2019.175170898438 -136.220932006836 -135.97647502081648
2019.191650390625 -136.843826293945 -136.6568622010096
2019.208129882812 -137.072113037109 -137.32185743441937
2019.224487304688 -137.854614257812 -137.98421755933026
2019.240966796875 -138.519424438477 -138.61786813808456
2019.25732421875 -139.966247558594 -139.22766818859932
2019.273803710938 -140.199447631836 -139.86380878975774
2019.290161132812 -141.376663208008 -140.48242692679256
2019.306640625 -140.725112915039 -141.03872823036707
2019.323120117188 -141.925598144531 -141.5654916924418
2019.339477539062 -143.327865600586 -142.05894024275423
2019.35595703125 -142.84912109375 -142.5174347710646
2019.372314453125 -141.884979248047 -142.92848507207543
2019.388793945312 -144.391891479492 -143.30733446862791
2019.405151367188 -142.767913818359 -143.64364780403392
2019.421630859375 -145.195343017578 -144.01135755395651
2019.438110351562 -145.343933105469 -144.3673004233348
2019.454467773438 -144.877243041992 -144.71311154055692
2019.470947265625 -144.200820922852 -145.04997836525973
2019.4873046875 -145.17057800293 -145.3621511747134
2019.503784179688 -141.988967895508 -145.6290978071113
2019.520141601562 -145.275955200195 -145.9048589332062
2019.53662109375 -148.481018066406 -146.17520276213355
2019.569458007812 -148.230743408203 -146.69492401581758
2019.602294921875 -145.853897094727 -147.174614770021
2019.618774414062 -149.761810302734 -147.4126589548055
2019.635131835938 -147.7900390625 -147.64318608221865
2019.651611328125 -146.93391418457 -147.8218858719172
2019.668090820312 -148.081954956055 -148.01974219041173
2019.71728515625 -149.325759887695 -148.3946279426445
2019.733764648438 -148.236801147461 -148.4825157888464
2019.750122070312 -150.331756591797 -148.51630128645502
2019.7666015625 -148.804580688477 -148.57045787804094
2019.799438476562 -148.314819335938 -148.6053832773031
2019.832275390625 -150.017395019531 -148.6305508188808
2019.865112304688 -148.051986694336 -148.6178798279164
2019.898071289062 -148.666168212891 -148.5525649011448
2019.930908203125 -148.743377685547 -148.41960889740858
2019.963745117188 -148.640029907227 -148.2019603338703
2019.99658203125 -148.105606079102 -147.95074170547935
2020.030151367188 -148.016891479492 -147.7276182627313
2020.06298828125 -148.10514831543 -147.40467092727363
2020.095825195312 -147.396453857422 -147.05292080569697
2020.128662109375 -147.068908691406 -146.63499076122866
2020.161499023438 -146.704299926758 -146.1449210634892
2020.177978515625 -146.226455688477 -145.8239356778263
2020.1943359375 -146.011245727539 -145.57890069528756
2020.227294921875 -144.598449707031 -144.9418628704607
2020.260131835938 -146.330490112305 -144.27375787273155
2020.29296875 -143.900329589844 -143.60726295756567
2020.325805664062 -143.520446777344 -142.94440092619524
2020.358642578125 -141.743011474609 -142.39573250563643
2020.391479492188 -140.655700683594 -141.9076225840942
2020.42431640625 -139.372131347656 -141.4483621461435
2020.457275390625 -136.767227172852 -141.0863325822406
2020.490112304688 -139.06672668457 -140.86690397941095
2020.52294921875 -140.193634033203 -140.7804790715965
2020.555786132812 -140.502243041992 -140.845508652604
2020.572265625 -139.329483032227 -141.05341723348576
2020.588623046875 -137.515518188477 -141.28560424643322
2020.605102539062 -141.982421875 -141.3525169955325
2020.621459960938 -145.181015014648 -141.6425359128589
2020.654296875 -135.591918945312 -142.17028030729108
2020.687255859375 -141.367965698242 -142.8206782770268
2020.70361328125 -142.82080078125 -143.15488254791356
2020.720092773438 -141.556579589844 -143.50710027146155
2020.7529296875 -144.025131225586 -144.15045626328273
2020.785766601562 -146.415740966797 -144.715697082745
2020.818603515625 -145.252059936523 -145.21502765040998
2020.851440429688 -148.411972045898 -145.6620390486586
2020.917236328125 -149.449432373047 -146.38567788328956
2020.950073242188 -147.943023681641 -146.56750810982493
2020.98291015625 -147.653930664062 -146.62956421081915
2021.013671875 -148.140579223633 -146.8156842269959
2021.046508789062 -146.072204589844 -146.6974371583945
2021.079345703125 -147.332489013672 -146.30401725689907
2021.1123046875 -146.701309204102 -145.86757788195933
2021.145141601562 -147.125061035156 -145.3120323829545
2021.177978515625 -145.754470825195 -144.67781891916553
2021.210815429688 -146.668197631836 -144.01248450845628
2021.24365234375 -142.189346313477 -143.34391858326288
2021.276489257812 -141.194976806641 -142.67996281213655
2021.309326171875 -142.022766113281 -142.27503881536944
2021.34228515625 -140.960159301758 -142.2375327945085
2021.358642578125 -140.506500244141 -142.52467254799708
2021.391479492188 -136.802474975586 -142.68476212498484
2021.407958984375 -139.075286865234 -142.9290205535186
2021.440795898438 -137.205947875977 -143.15013690685433
2021.4736328125 -138.378616333008 -143.49439294192746
2021.506469726562 -138.227523803711 -143.96557758355996
2021.539306640625 -141.486450195312 -144.5264387121975
2021.572265625 -146.515548706055 -145.29038808807917
2021.605102539062 -146.838088989258 -145.90757851200394
2021.637939453125 -144.16487121582 -146.5889795180945
2021.670776367188 -147.408889770508 -147.3431984034828
2021.736450195312 -151.192749023438 -148.8687008726521
2021.769287109375 -152.078216552734 -149.58341229171785
2021.80224609375 -150.293594360352 -150.21813691915872
2021.835083007812 -151.771606445312 -150.83584012585092
2021.867919921875 -150.860244750977 -151.36065128421887
2021.966430664062 -155.799377441406 -152.85787024610983
2022.0 -153.550674438477 -153.31996440862153
2022.065673828125 -154.265106201172 -154.2793169376865
2022.098510742188 -154.369705200195 -154.65704516108656
2022.197143554688 -155.345581054688 -155.55687001762237
2022.22998046875 -156.265167236328 -155.8023073873525
2022.262817382812 -157.191635131836 -156.02713762542123
2022.295654296875 -156.676666259766 -156.22733291508595
2022.328491210938 -158.009231567383 -156.38753157766746
2022.394287109375 -161.072631835938 -156.56570000151666
2022.558471679688 -155.089630126953 -156.66470523000294
2022.591430664062 -158.743728637695 -156.71951720921297
2022.68994140625 -158.404510498047 -156.69711266818115
2022.722778320312 -158.292282104492 -156.61018677824717
2022.821411132812 -154.529830932617 -156.40446436800818
2022.854248046875 -155.017807006836 -156.4101381741366
2022.887084960938 -154.772033691406 -156.4458008612803
2022.919921875 -155.546905517578 -156.42549422095723
2022.952758789062 -154.748657226562 -156.38679056189153
2022.985595703125 -155.092346191406 -156.53383825425013
2023.019165039062 -156.147537231445 -156.79055366354083
2023.052001953125 -157.007522583008 -157.03141816421197
2023.084838867188 -157.740249633789 -157.49268630780566
2023.11767578125 -159.123306274414 -158.06623183604697
2023.150634765625 -156.992462158203 -158.6107851614903
2023.183471679688 -159.432159423828 -159.20226852916724
2023.21630859375 -157.670745849609 -159.7923759218352
2023.249145507812 -155.792404174805 -160.3825683720984
2023.281982421875 -160.888076782227 -160.97439789618278
2023.314819335938 -162.385314941406 -161.56914636313192
2023.34765625 -161.260848999023 -162.1676520323136
2023.380615234375 -163.228179931641 -162.77253149020797
2023.413452148438 -164.478057861328 -163.37978062135622
2023.4462890625 -163.987686157227 -163.99172330449804
2023.57763671875 -186.565368652344 -166.47594951422585
