2014.804931640625 0.0 8.285510498091774
2014.837768554688 0.401447474957 7.753584201488905
2014.903442382812 5.617933273315 6.6925781294659865
2014.96923828125 7.48691368103 5.633940146990903
2015.03564453125 11.582896232605 4.570876310761196
2015.101318359375 -4.114901065826 3.5253004824795733
2015.265625 23.160184860229 0.9353052347425694
2015.331298828125 8.527766227722 -0.0897459780394869
2015.39697265625 -7.540627479553 -1.1095735067886108
2016.021850585938 -11.684289932251 -11.94747855734756
2016.1533203125 -24.826652526855 -13.044470925135442
2016.350463867188 -26.821571350098 -14.929950648461178
2016.416137695312 -23.440719604492 -15.615706075476258
2016.547607421875 -15.304571151733 -16.753214116241562
2016.744750976562 -14.242055892944 -18.796287609705672
2016.777587890625 -18.534490585327 -19.27373588404807
2016.810424804688 -17.909202575684 -19.764439131641478
2016.84326171875 -21.277784347534 -20.2930498966073
2016.876098632812 -22.77103805542 -20.88902972739347
2016.908935546875 -21.164127349854 -21.490724496161366
2016.941772460938 -22.966451644897 -22.082059449314805
2016.974731445312 -23.012393951416 -22.67484018617168
2017.005493164062 -23.209321975708 -23.181897170217514
2017.038330078125 -22.251300811768 -23.739745101539
2017.071166992188 -25.415170669556 -24.27480827875791
2017.10400390625 -24.46298789978 -24.71391040366136
2017.136840820312 -25.6432762146 -25.1148432111465
2017.169799804688 -27.151117324829 -25.506034507365698
2017.20263671875 -25.925653457642 -25.91240847430357
2017.235473632812 -28.202671051025 -26.356152355602898
2017.268310546875 -25.465599060059 -26.847137266330748
2017.301147460938 -26.315958023071 -27.38936280188793
2017.333984375 -26.276021957397 -27.992089145780106
2017.366821289062 -27.709405899048 -28.65012718490399
2017.399780273438 -28.927026748657 -29.351967639491477
2017.4326171875 -26.047515869141 -30.092369965857547
2017.498291015625 -32.427936553955 -31.73047281626362
2017.531127929688 -31.559680938721 -32.63740606669609
2017.56396484375 -32.993320465088 -33.588089509174004
2017.596801757812 -39.814418792725 -34.564544165528524
2017.629760742188 -36.88871383667 -35.545277934734365
2017.66259765625 -35.972026824951 -36.49765249461214
2017.695434570312 -36.318214416504 -37.39954360596061
2017.728271484375 -38.797775268555 -38.22628735074803
2017.761108398438 -41.221984863281 -38.96777852532307
2017.7939453125 -40.892795562744 -39.631580770150784
2017.826782226562 -41.48112487793 -40.226613636278564
2017.859741210938 -41.410247802734 -40.75050801178165
2017.892578125 -41.879016876221 -41.200691365033556
2017.925415039062 -42.456451416016 -41.612239977109446
2017.958251953125 -42.27583694458 -42.011662387765604
2017.991088867188 -42.066215515137 -42.407230475874854
2018.024658203125 -42.435543060303 -42.82575577015722
2018.057495117188 -42.462516784668 -43.275324024881634
2018.09033203125 -42.993762969971 -43.771063958581664
2018.123168945312 -42.203777313232 -44.30994503502806
2018.156005859375 -42.919399261475 -44.89186847144271
2018.18896484375 -45.129348754883 -45.53530625625273
2018.221801757812 -45.33309173584 -46.25655252270994
2018.254638671875 -46.401058197021 -47.073512906795074
2018.287475585938 -48.210884094238 -47.99544428371583
2018.3203125 -50.361305236816 -49.02307511650581
2018.353149414062 -51.855209350586 -50.148929896738146
2018.385986328125 -47.602783203125 -51.34936510486452
2018.4189453125 -49.19499206543 -52.5934290022781
2018.451782226562 -51.350276947021 -53.841716771875745
2018.484619140625 -54.808113098145 -55.08331703890169
2018.517456054688 -55.961090087891 -56.32408294590456
2018.55029296875 -57.803337097168 -57.57248764598293
2018.583129882812 -59.768478393555 -58.817762731490866
2018.615966796875 -62.519645690918 -60.0380497093018
2018.64892578125 -62.778182983398 -61.20701009243118
2018.681762695312 -63.107753753662 -62.28081276883571
2018.714599609375 -63.099216461182 -63.23613189670028
2018.747436523438 -65.368507385254 -64.06851078468647
2018.7802734375 -66.291564941406 -64.81047180735037
2018.813110351562 -68.230133056641 -65.45130285184635
2018.845947265625 -68.937873840332 -66.06139706359896
2018.87890625 -66.104545593262 -66.57548433439146
2018.911743164062 -66.279754638672 -67.0148013541648
2018.944580078125 -67.379928588867 -67.4417369351415
2018.977416992188 -66.82746887207 -67.80183922123918
2019.010986328125 -67.17212677002 -68.16298346445895
2019.043823242188 -68.293067932129 -68.48394655782258
2019.109497070312 -70.003074645996 -69.51223919912233
2019.1259765625 -68.665580749512 -69.79208793779011
2019.142333984375 -69.825386047363 -70.1434868756838
2019.175170898438 -70.595138549805 -70.88387048421926
2019.191650390625 -71.101005554199 -71.33194482381053
2019.208129882812 -70.783081054688 -71.81686313700011
2019.224487304688 -70.939414978027 -72.2876645176468
2019.240966796875 -73.041725158691 -72.84573439326107
2019.25732421875 -73.27946472168 -73.431635576968
2019.273803710938 -73.279731750488 -74.00106586551
2019.290161132812 -74.303497314453 -74.60173922243699
2019.306640625 -75.341506958008 -75.27968258448743
2019.323120117188 -77.330772399902 -75.97255241266713
2019.339477539062 -76.496788024902 -76.66926694177637
2019.35595703125 -78.110069274902 -77.37794492443865
2019.372314453125 -75.539360046387 -78.08267077985087
2019.388793945312 -78.846801757812 -78.79042092530418
2019.405151367188 -78.577354431152 -79.50464967441488
2019.421630859375 -81.647018432617 -80.22366130868954
2019.438110351562 -83.448692321777 -80.94399469774582
2019.454467773438 -79.416175842285 -81.65235623252451
2019.470947265625 -81.031478881836 -82.32618326116742
2019.4873046875 -84.122817993164 -82.92636601203179
2019.503784179688 -83.695594787598 -83.3595575350006
2019.520141601562 -84.344993591309 -83.8660923810046
2019.53662109375 -90.470794677734 -84.34564913703281
2019.569458007812 -87.190299987793 -85.19053458257727
2019.602294921875 -86.793159484863 -85.88645011696497
2019.618774414062 -90.543769836426 -86.25937773999988
2019.635131835938 -84.044082641602 -86.60523794444842
2019.651611328125 -83.110984802246 -86.84603816677523
2019.668090820312 -88.380325317383 -87.12715972600277
2019.71728515625 -88.456237792969 -87.69928145700885
2019.733764648438 -87.201248168945 -87.84593480734405
2019.750122070312 -89.888816833496 -87.93854479826092
2019.7666015625 -88.230262756348 -88.0444530427209
2019.799438476562 -89.911056518555 -88.16028084530903
2019.832275390625 -86.416915893555 -88.26058613896402
2019.865112304688 -89.503463745117 -88.32016026586497
2019.898071289062 -89.085350036621 -88.32495520561883
2019.930908203125 -88.102890014648 -88.26002143930054
2019.963745117188 -89.07300567627 -88.15005446894952
2019.99658203125 -87.259162902832 -88.06559656476603
2020.030151367188 -87.690963745117 -87.98362272954712
2020.06298828125 -88.306114196777 -87.93177748857877
2020.095825195312 -87.742263793945 -87.872288415623
2020.128662109375 -87.251441955566 -87.80224566452078
2020.161499023438 -86.191040039062 -87.69569423296325
2020.177978515625 -87.606231689453 -87.60288163063903
2020.1943359375 -87.629867553711 -87.54711164392204
2020.227294921875 -88.016693115234 -87.34560737098074
2020.260131835938 -89.863059997559 -87.08075945144586
2020.29296875 -87.58805847168 -86.80744302051359
2020.325805664062 -89.338966369629 -86.46640400431848
2020.358642578125 -85.118324279785 -85.96074480239616
2020.391479492188 -88.024726867676 -85.4248034218377
2020.42431640625 -82.284538269043 -84.85276132607382
2020.457275390625 -85.846435546875 -84.2230763754941
2020.490112304688 -84.105445861816 -83.58386376117191
2020.52294921875 -82.243492126465 -82.99609206548273
2020.555786132812 -79.269882202148 -82.49260128871236
2020.572265625 -78.116973876953 -82.34976428926487
2020.588623046875 -76.472793579102 -82.22859492028307
2020.605102539062 -82.006080627441 -81.98179505921523
2020.621459960938 -84.405158996582 -81.9060001383403
2020.654296875 -79.50749206543 -81.70238852746414
2020.687255859375 -78.931869506836 -81.60935620584685
2020.70361328125 -81.801582336426 -81.56614525896966
2020.720092773438 -81.534690856934 -81.60714575381226
2020.7529296875 -82.155479431152 -81.63296969501586
2020.785766601562 -84.42781829834 -81.65141972520938
2020.818603515625 -78.893363952637 -81.64220995003306
2020.851440429688 -83.108467102051 -81.5954989220251
2020.917236328125 -83.25910949707 -81.43489527648441
2020.950073242188 -82.32780456543 -81.33022101744443
2020.98291015625 -81.19409942627 -81.21219017453575
2021.013671875 -81.14916229248 -81.10232886237338
2021.046508789062 -79.232398986816 -80.89659602184543
2021.079345703125 -80.285690307617 -80.65850307805529
2021.1123046875 -80.01342010498 -80.4171395384702
2021.145141601562 -80.63215637207 -80.17415827908212
2021.177978515625 -79.848655700684 -79.94151755570101
2021.210815429688 -82.564407348633 -79.75907092982273
2021.24365234375 -79.841041564941 -79.60428683248057
2021.276489257812 -75.998992919922 -79.67833090526226
2021.309326171875 -77.840354919434 -80.02152522524496
2021.34228515625 -73.722259521484 -80.56642682718017
2021.358642578125 -84.606658935547 -81.02792158189487
2021.391479492188 -76.084945678711 -81.65569961888298
2021.407958984375 -77.041404724121 -82.1361880619083
2021.440795898438 -76.764839172363 -82.93513708484043
2021.4736328125 -77.90731048584 -83.82139336372339
2021.506469726562 -91.505393981934 -84.75716088787259
2021.539306640625 -85.184829711914 -85.74734532695035
2021.572265625 -84.166328430176 -86.93857903262823
2021.605102539062 -92.163581848145 -88.03793098835122
2021.637939453125 -96.235168457031 -89.13691375336525
2021.670776367188 -96.674476623535 -90.16876862781886
2021.736450195312 -94.011489868164 -91.74087033914218
2021.769287109375 -90.452239990234 -92.4336096459427
2021.80224609375 -97.798843383789 -92.83003486722835
2021.835083007812 -101.073844909668 -93.00556726078537
2021.867919921875 -98.382522583008 -92.73374090099807
2021.966430664062 -92.688842773438 -92.29946776770947
2022.0 -85.594741821289 -92.04801089283082
2022.065673828125 -114.909484863281 -91.76917952323161
2022.098510742188 -86.11808013916 -91.42750720690208
2022.197143554688 -88.187911987305 -90.25099744501978
2022.22998046875 -94.203414916992 -89.83269803850732
2022.262817382812 -90.425033569336 -89.40886105184083
2022.295654296875 -89.236022949219 -88.98591611037484
2022.328491210938 -88.438194274902 -88.57726412971354
2022.394287109375 -97.197914123535 -87.82727735352165
2022.558471679688 -81.29801940918 -86.13569405703248
2022.591430664062 -82.209510803223 -85.72052177716063
2022.68994140625 -92.546730041504 -84.2223111939055
2022.722778320312 -86.627624511719 -83.76972301880805
2022.821411132812 -81.494834899902 -83.10724932400267
2022.854248046875 -83.269226074219 -82.94682094036486
2022.887084960938 -81.589462280273 -82.77523443861573
2022.919921875 -86.517944335938 -82.62206987622874
2022.952758789062 -83.129264831543 -82.42299662941733
2022.985595703125 -82.550888061523 -82.20059344548656
2023.019165039062 -79.592018127441 -81.99803593290244
2023.052001953125 -80.959815979004 -81.79200841634932
2023.084838867188 -80.204299926758 -81.67197764421121
2023.11767578125 -82.001335144043 -81.64777408731283
2023.150634765625 -81.748596191406 -81.60137672614317
2023.183471679688 -81.112548828125 -81.63786764156056
2023.21630859375 -81.09245300293 -81.71896020954469
2023.249145507812 -79.623580932617 -81.82831616544992
2023.281982421875 -82.349517822266 -81.95244951916162
2023.314819335938 -81.195960998535 -82.08531715598117
2023.34765625 -80.347190856934 -82.22440941989815
2023.380615234375 -82.36328125 -82.36976558229902
2023.413452148438 -83.864685058594 -82.52103925913045
2023.4462890625 -82.751884460449 -82.67965651880547
2023.57763671875 -85.483879089355 -83.39616226513267
