2014.804931640625 -0.0 -13.347477411223018
2014.837768554688 -13.094404220581 -14.130858319902778
2014.903442382812 -14.660947799683 -15.689639689255037
2014.96923828125 -17.265314102173 -17.240890744664032
2015.03564453125 -17.268465042114 -18.796580622151115
2015.101318359375 -24.539491653442 -20.326196342261518
2015.265625 -26.576707839966 -24.1225656591341
2015.331298828125 -34.794609069824 -25.63087135822503
2015.39697265625 -41.003597259521 -27.134845752214563
2016.021850585938 -39.060977935791 -41.252580412467715
2016.1533203125 -55.627090454102 -43.30001468670994
2016.350463867188 -66.371452331543 -48.29065340647466
2016.416137695312 -37.948028564453 -50.02490979213565
2016.547607421875 -50.016052246094 -55.16099310113796
2016.744750976562 -67.603324890137 -60.48322697814467
2016.777587890625 -59.800212860107 -60.30277828887084
2016.810424804688 -63.222393035889 -60.13648523027613
2016.84326171875 -61.620601654053 -59.98278481731575
2016.876098632812 -59.512447357178 -59.80843357607912
2016.908935546875 -58.959270477295 -59.7146261805756
2016.941772460938 -58.792869567871 -59.68889791999884
2016.974731445312 -58.037055969238 -59.67619746597028
2017.005493164062 -58.820369720459 -59.736985987329305
2017.038330078125 -59.579299926758 -59.7650986560356
2017.071166992188 -57.882736206055 -59.799724473241966
2017.10400390625 -59.496700286865 -59.991391819532396
2017.136840820312 -59.21492767334 -60.26821083192469
2017.169799804688 -60.504257202148 -60.60307607720714
2017.20263671875 -60.248500823975 -60.98856645566144
2017.235473632812 -61.096984863281 -61.409413809880014
2017.268310546875 -65.274337768555 -61.856305373347
2017.301147460938 -62.143474578857 -62.327840618515076
2017.333984375 -61.968383789062 -62.82764967875768
2017.366821289062 -62.579906463623 -63.3480983067102
2017.399780273438 -64.47932434082 -63.86601865159849
2017.4326171875 -65.341941833496 -64.3572911947082
2017.498291015625 -63.805690765381 -65.2891445297594
2017.531127929688 -65.570350646973 -65.74790517914413
2017.56396484375 -66.488815307617 -66.21643187381288
2017.596801757812 -66.996871948242 -66.70104064252098
2017.629760742188 -69.988304138184 -67.20233865479466
2017.66259765625 -68.107978820801 -67.70970664266245
2017.695434570312 -65.286811828613 -68.22560188685523
2017.728271484375 -65.374931335449 -68.75580944394414
2017.761108398438 -70.283393859863 -69.30509058055723
2017.7939453125 -70.214096069336 -69.86962578497885
2017.826782226562 -69.795562744141 -70.43911710370823
2017.859741210938 -71.643699645996 -71.01117231249417
2017.892578125 -70.859725952148 -71.59525645806002
2017.925415039062 -71.450675964355 -72.2008141690701
2017.958251953125 -73.246490478516 -72.8333769872004
2017.991088867188 -74.361038208008 -73.49316954534054
2018.024658203125 -73.998306274414 -74.17608080958439
2018.057495117188 -75.050994873047 -74.84112360167637
2018.09033203125 -75.764923095703 -75.52321431803388
2018.123168945312 -76.211608886719 -76.24063767771787
2018.156005859375 -74.844573974609 -76.99808833971566
2018.18896484375 -77.02855682373 -77.80313861974865
2018.221801757812 -77.960006713867 -78.64474556220036
2018.254638671875 -79.736793518066 -79.52546976346908
2018.287475585938 -81.635917663574 -80.45431885115403
2018.3203125 -78.785697937012 -81.44289142676263
2018.353149414062 -78.228302001953 -82.49638861824826
2018.385986328125 -84.90274810791 -83.61649269854138
2018.4189453125 -83.892166137695 -84.7892193984602
2018.451782226562 -85.121856689453 -85.96609959546146
2018.484619140625 -89.170097351074 -87.12665895446499
2018.517456054688 -85.620880126953 -88.27716302075646
2018.55029296875 -89.501358032227 -89.42608318438221
2018.583129882812 -90.51106262207 -90.56701591046038
2018.615966796875 -95.568939208984 -91.68652209065262
2018.64892578125 -98.209510803223 -92.7708447879379
2018.681762695312 -98.445503234863 -93.7993733444161
2018.714599609375 -92.828544616699 -94.7796248508624
2018.747436523438 -94.638374328613 -95.71033065992154
2018.7802734375 -97.275909423828 -96.58829359551166
2018.813110351562 -100.423484802246 -97.38979206339222
2018.845947265625 -99.411338806152 -98.15686405537322
2018.87890625 -98.770240783691 -98.80092547518618
2018.911743164062 -99.479454040527 -99.37033266925292
2018.944580078125 -99.874855041504 -99.95601830861133
2018.977416992188 -100.499862670898 -100.52628774155018
2019.010986328125 -100.885887145996 -101.0090049843844
2019.043823242188 -101.131118774414 -101.42253764131448
2019.109497070312 -102.353302001953 -102.31676741566054
2019.1259765625 -102.576141357422 -102.55482319651342
2019.142333984375 -103.886375427246 -102.78972892544898
2019.175170898438 -103.222045898438 -103.27096441012874
2019.191650390625 -103.237915039062 -103.52281322910424
2019.208129882812 -103.256446838379 -103.77965810365626
2019.224487304688 -103.687477111816 -104.02737611118123
2019.240966796875 -104.658538818359 -104.27715811651699
2019.25732421875 -103.924987792969 -104.50675948869285
2019.273803710938 -104.183906555176 -104.73861236454867
2019.290161132812 -104.579048156738 -104.97169908670307
2019.306640625 -105.401000976562 -105.16137464459723
2019.323120117188 -105.766304016113 -105.3186669280499
2019.339477539062 -107.682708740234 -105.43547056685536
2019.35595703125 -106.718444824219 -105.50253387499181
2019.372314453125 -106.656494140625 -105.52786760279379
2019.388793945312 -107.243095397949 -105.5380878468488
2019.405151367188 -102.719360351562 -105.54255916764694
2019.421630859375 -105.730270385742 -105.59667091685648
2019.438110351562 -106.106048583984 -105.64507917411999
2019.454467773438 -105.923385620117 -105.68435594287355
2019.470947265625 -101.43522644043 -105.74045607816615
2019.4873046875 -101.378349304199 -105.83456846500997
2019.503784179688 -103.88892364502 -106.03831081428855
2019.520141601562 -105.993095397949 -106.17400162021235
2019.53662109375 -107.884452819824 -106.37055884583937
2019.569458007812 -109.182243347168 -107.00853683682583
2019.602294921875 -104.785018920898 -107.86805913367755
2019.618774414062 -103.418266296387 -108.29010782826944
2019.635131835938 -111.875999450684 -108.73464714690846
2019.651611328125 -108.485641479492 -109.24746792989572
2019.668090820312 -105.242980957031 -109.72993114739157
2019.71728515625 -113.96263885498 -111.25294308346818
2019.733764648438 -112.572692871094 -111.76505195879932
2019.750122070312 -110.215240478516 -112.30919465026669
2019.7666015625 -111.122886657715 -112.82748607660213
2019.799438476562 -116.32048034668 -113.84768587306269
2019.832275390625 -115.154579162598 -114.82991331073059
2019.865112304688 -115.841598510742 -115.73047145968417
2019.898071289062 -117.079612731934 -116.5220177414203
2019.930908203125 -119.015838623047 -117.18167951753834
2019.963745117188 -119.361038208008 -117.65243176128375
2019.99658203125 -118.765029907227 -118.04390316272307
2020.030151367188 -119.816017150879 -118.55196300926538
2020.06298828125 -119.38109588623 -118.72106410585755
2020.095825195312 -118.760063171387 -118.85485062537333
2020.128662109375 -119.57347869873 -118.91584254858272
2020.161499023438 -120.167831420898 -118.93383863964468
2020.177978515625 -118.840553283691 -118.97601202020513
2020.1943359375 -119.393905639648 -118.98024923892552
2020.227294921875 -118.663398742676 -119.11965388548505
2020.260131835938 -115.653343200684 -119.38774222066016
2020.29296875 -117.577690124512 -119.67397897476341
2020.325805664062 -114.866744995117 -120.06741943073388
2020.358642578125 -120.780120849609 -120.74710039960596
2020.391479492188 -118.441993713379 -121.46099873845208
2020.42431640625 -119.157180786133 -122.22477419032636
2020.457275390625 -123.439750671387 -123.17566175269945
2020.490112304688 -123.036437988281 -124.36310812447364
2020.52294921875 -126.443489074707 -125.66028038420944
2020.555786132812 -127.497245788574 -126.96220319044693
2020.572265625 -128.250122070312 -127.55564657653727
2020.588623046875 -128.993957519531 -128.099262977241
2020.605102539062 -129.013031005859 -128.72985479712978
2020.621459960938 -129.37548828125 -129.20902024202385
2020.654296875 -133.656967163086 -130.18842371179045
2020.687255859375 -133.753570556641 -131.00386353889743
2020.70361328125 -132.10139465332 -131.42094101495115
2020.720092773438 -132.080368041992 -131.61345977452768
2020.7529296875 -133.270660400391 -132.06708007322183
2020.785766601562 -133.769409179688 -132.40874365746782
2020.818603515625 -133.714416503906 -132.6761254917567
2020.851440429688 -132.823196411133 -132.88239379304488
2020.917236328125 -133.519485473633 -133.10482908729387
2020.950073242188 -133.118286132812 -133.19164905874845
2020.98291015625 -133.109115600586 -133.3451475285267
2021.013671875 -132.556015014648 -133.5065119262445
2021.046508789062 -132.194396972656 -133.93631508196054
2021.079345703125 -133.568252563477 -134.8353682162783
2021.1123046875 -131.94303894043 -135.8632531407656
2021.145141601562 -134.888977050781 -137.17078510568575
2021.177978515625 -135.059173583984 -138.7285337979839
2021.210815429688 -135.852264404297 -140.42613066509986
2021.24365234375 -135.689041137695 -141.8695901737175
2021.276489257812 -139.604827880859 -143.8473860273069
2021.309326171875 -145.309341430664 -145.96619035851646
2021.34228515625 -142.127883911133 -148.2313981526071
2021.358642578125 -152.405395507812 -149.44963096283107
2021.391479492188 -158.985931396484 -151.8414240179472
2021.407958984375 -149.575103759766 -153.03438893169385
2021.440795898438 -158.387649536133 -155.3242796504258
2021.4736328125 -159.213287353516 -157.23152593728886
2021.506469726562 -166.988800048828 -158.64023648754159
2021.539306640625 -166.279739379883 -159.77908267116422
2021.572265625 -163.749572753906 -160.447376511234
2021.605102539062 -168.562957763672 -161.632376820142
2021.637939453125 -171.99609375 -162.71829873021488
2021.670776367188 -169.162048339844 -163.64255345047815
2021.736450195312 -169.440734863281 -164.77664525648336
2021.769287109375 -162.765838623047 -165.3303156589841
2021.80224609375 -165.941223144531 -165.6828792409514
2021.835083007812 -163.703170776367 -166.014862217933
2021.867919921875 -170.448867797852 -166.19681270638148
2021.966430664062 -166.304748535156 -166.84294430566285
2022.0 -162.557708740234 -167.28326608236597
2022.065673828125 -170.137786865234 -168.14556709545863
2022.098510742188 -166.311508178711 -168.9409924652183
2022.197143554688 -167.241744995117 -171.64540171849387
2022.22998046875 -164.820465087891 -172.5676631587225
2022.262817382812 -166.116516113281 -173.49231768699246
2022.295654296875 -162.798004150391 -174.41301654280375
2022.328491210938 -177.988830566406 -175.3143437508332
2022.394287109375 -162.823272705078 -177.03806278989956
2022.558471679688 -182.328247070312 -181.7180129735281
2022.591430664062 -199.192047119141 -183.02688255326402
2022.68994140625 -187.229202270508 -185.82184407934307
2022.722778320312 -196.634353637695 -186.49572499370757
2022.821411132812 -189.998550415039 -188.16735731579283
2022.854248046875 -186.053512573242 -188.62285258155381
2022.887084960938 -191.329467773438 -189.04880762606876
2022.919921875 -188.828063964844 -189.5027662966951
2022.952758789062 -190.668640136719 -189.88033598028514
2022.985595703125 -190.724655151367 -190.13942215868767
2023.019165039062 -190.867950439453 -190.37895120462923
2023.052001953125 -190.786865234375 -190.61341648248256
2023.084838867188 -190.281799316406 -190.80169028629865
2023.11767578125 -190.670837402344 -190.9385966077039
2023.150634765625 -190.308822631836 -191.0813728200701
2023.183471679688 -191.129425048828 -191.18876514143864
2023.21630859375 -194.388122558594 -191.29466636243268
2023.249145507812 -194.03532409668 -191.40160155785063
2023.281982421875 -190.828048706055 -191.50901917804026
2023.314819335938 -192.065460205078 -191.61463588327834
2023.34765625 -191.551818847656 -191.71643426005647
2023.380615234375 -185.423721313477 -191.81274126243417
2023.413452148438 -198.883392333984 -191.90148280650166
2023.4462890625 -179.132965087891 -191.9833248171174
2023.57763671875 -178.432739257812 -192.25363527921488
