2014.804931640625 -0.0 -4.24953069291873
2014.837768554688 -3.949329614639 -6.047259569507045
2014.903442382812 -10.439472198486 -9.636958925947654
2014.96923828125 -13.56317615509 -13.2262965528527
2015.03564453125 -16.825744628906 -16.842613968839657
2015.101318359375 -23.153898239136 -20.41366312987416
2015.265625 -30.109066009521 -29.32976760655826
2015.331298828125 -43.369972229004 -32.88790194980269
2015.39697265625 -42.925170898438 -36.443606448701225
2016.021850585938 -65.79386138916 -69.95131319980521
2016.1533203125 -78.448432922363 -76.878862992569
2016.350463867188 -88.340644836426 -85.51843951308932
2016.416137695312 -93.019538879395 -88.16041086044623
2016.547607421875 -83.730758666992 -93.83425498839318
2016.744750976562 -107.490501403809 -101.536559445185
2016.777587890625 -101.918716430664 -102.6156549863575
2016.810424804688 -108.765815734863 -103.70520236967891
2016.84326171875 -106.007537841797 -104.41326771206455
2016.876098632812 -104.487648010254 -104.73637968611044
2016.908935546875 -104.186447143555 -105.10501788808158
2016.941772460938 -103.7890625 -105.5637684792192
2016.974731445312 -103.900909423828 -106.04742024103236
2017.005493164062 -106.088798522949 -106.64660859981481
2017.038330078125 -106.741981506348 -107.21735378759779
2017.071166992188 -105.516792297363 -107.82186129511726
2017.10400390625 -107.917472839355 -108.74403597871778
2017.136840820312 -107.882850646973 -109.85721478697671
2017.169799804688 -108.783508300781 -111.12593742695096
2017.20263671875 -110.931694030762 -112.59754263645819
2017.235473632812 -109.789520263672 -114.3031721306645
2017.268310546875 -117.000541687012 -116.23124805521705
2017.301147460938 -116.580627441406 -118.32499793912552
2017.333984375 -120.127456665039 -120.53511474658555
2017.366821289062 -117.334007263184 -122.82458585357207
2017.399780273438 -120.95531463623 -125.15504743752051
2017.4326171875 -130.266052246094 -127.47162975652195
2017.498291015625 -134.206298828125 -132.06372190368495
2017.531127929688 -138.80207824707 -134.3176838120599
2017.56396484375 -136.544891357422 -136.52490463562026
2017.596801757812 -139.42253112793 -138.65655140843106
2017.629760742188 -146.490859985352 -140.67125095893326
2017.66259765625 -143.382217407227 -142.47729776214865
2017.695434570312 -144.879272460938 -144.06254781946487
2017.728271484375 -145.052993774414 -145.4402177227963
2017.761108398438 -148.775787353516 -146.65903425009233
2017.7939453125 -149.280303955078 -147.77921828257294
2017.826782226562 -150.273376464844 -148.82931343309104
2017.859741210938 -151.026077270508 -149.80746114454044
2017.892578125 -150.917358398438 -150.69744437648356
2017.925415039062 -151.229141235352 -151.51451149221327
2017.958251953125 -152.189804077148 -152.3032440306155
2017.991088867188 -152.965316772461 -153.10282213723198
2018.024658203125 -153.04621887207 -153.92915023709512
2018.057495117188 -154.749038696289 -154.75237435975157
2018.09033203125 -156.155120849609 -155.6059815317248
2018.123168945312 -155.847763061523 -156.51785936017453
2018.156005859375 -154.676483154297 -157.5078083725567
2018.18896484375 -157.161712646484 -158.59105650167885
2018.221801757812 -157.835052490234 -159.76385609957342
2018.254638671875 -162.552047729492 -161.0266789429617
2018.287475585938 -164.468566894531 -162.37932539636338
2018.3203125 -159.454483032227 -163.82456166934887
2018.353149414062 -163.579635620117 -165.37792889496583
2018.385986328125 -164.260711669922 -167.05272921518244
2018.4189453125 -168.411041259766 -168.8460192075943
2018.451782226562 -170.352416992188 -170.715234735753
2018.484619140625 -172.317626953125 -172.62879654468134
2018.517456054688 -174.042358398438 -174.55101708664074
2018.55029296875 -175.469116210938 -176.4661403986945
2018.583129882812 -177.697860717773 -178.3568161597102
2018.615966796875 -187.297653198242 -180.19946465347962
2018.64892578125 -187.309646606445 -181.96701518722904
2018.681762695312 -188.964294433594 -183.6198025182172
2018.714599609375 -183.465545654297 -185.15792425884322
2018.747436523438 -188.902526855469 -186.5816604996204
2018.7802734375 -190.799285888672 -187.9130455008378
2018.813110351562 -190.117553710938 -189.07257825589372
2018.845947265625 -192.599838256836 -190.14477544437324
2018.87890625 -191.886337280273 -190.90194031256283
2018.911743164062 -191.733306884766 -191.41013268278476
2018.944580078125 -192.293273925781 -191.91009256494854
2018.977416992188 -191.862518310547 -192.34797517589175
2019.010986328125 -192.121963500977 -192.6486059762025
2019.043823242188 -193.018051147461 -192.89397347594004
2019.109497070312 -193.550064086914 -193.36464964465335
2019.1259765625 -193.556930541992 -193.50282644835468
2019.142333984375 -194.806564331055 -193.6460096608361
2019.175170898438 -194.021697998047 -193.95378990824395
2019.191650390625 -193.816528320312 -194.1183325751999
2019.208129882812 -192.720169067383 -194.2963734609329
2019.224487304688 -194.056900024414 -194.4544063298603
2019.240966796875 -195.357147216797 -194.66766483460236
2019.25732421875 -194.168395996094 -194.90467704674467
2019.273803710938 -194.081069946289 -195.10937602010245
2019.290161132812 -195.622024536133 -195.3386504773994
2019.306640625 -194.537658691406 -195.66644381666308
2019.323120117188 -195.111312866211 -196.00476584898627
2019.339477539062 -196.884323120117 -196.31740312736105
2019.35595703125 -197.509963989258 -196.59063430799813
2019.372314453125 -197.745498657227 -196.81777864965957
2019.388793945312 -198.256942749023 -197.03219590355744
2019.405151367188 -195.7060546875 -197.25279230362352
2019.421630859375 -198.855422973633 -197.5490628093536
2019.438110351562 -199.438262939453 -197.87555886331447
2019.454467773438 -200.240570068359 -198.22102264069264
2019.470947265625 -193.342041015625 -198.60436493397066
2019.4873046875 -194.784362792969 -199.03374801384837
2019.503784179688 -196.546371459961 -199.62024698949128
2019.520141601562 -196.934371948242 -200.08816627872395
2019.53662109375 -203.844055175781 -200.59599596932355
2019.569458007812 -203.146041870117 -201.80089477622172
2019.602294921875 -201.556274414062 -203.29061762804065
2019.618774414062 -199.657791137695 -204.0304491938166
2019.635131835938 -206.278671264648 -204.81215361494228
2019.651611328125 -208.253051757812 -205.67668654719557
2019.668090820312 -204.121124267578 -206.52631516340801
2019.71728515625 -210.21875 -209.04536377014676
2019.733764648438 -210.516418457031 -209.84672139732416
2019.750122070312 -210.259780883789 -210.5689494284044
2019.7666015625 -210.041763305664 -211.30717959852996
2019.799438476562 -213.863739013672 -212.61152598254262
2019.832275390625 -217.358993530273 -213.8614095164068
2019.865112304688 -216.404541015625 -214.99105604214918
2019.898071289062 -216.540008544922 -215.9868603120883
2019.930908203125 -217.785583496094 -216.8165897614152
2019.963745117188 -218.922256469727 -217.42689375475447
2019.99658203125 -218.626708984375 -217.94684074513316
2020.030151367188 -219.426040649414 -218.57506002798522
2020.06298828125 -219.238128662109 -218.8573629005107
2020.095825195312 -219.061874389648 -219.11791636724388
2020.128662109375 -220.170379638672 -219.39087651560024
2020.161499023438 -219.823608398438 -219.7454225107582
2020.177978515625 -219.471725463867 -220.06852961479095
2020.1943359375 -220.783981323242 -220.24605370131837
2020.227294921875 -218.595520019531 -220.96243199536
2020.260131835938 -217.096923828125 -221.89850688272995
2020.29296875 -220.207611083984 -222.84579528044821
2020.325805664062 -217.178176879883 -223.97361832899054
2020.358642578125 -222.809494018555 -225.53508973637477
2020.391479492188 -226.741287231445 -227.24323174582398
2020.42431640625 -224.779235839844 -229.0981554606525
2020.457275390625 -230.068817138672 -231.22958818301655
2020.490112304688 -234.804809570312 -233.60111529099345
2020.52294921875 -236.897994995117 -235.99758278088
2020.555786132812 -234.57829284668 -238.29956397008468
2020.572265625 -243.370559692383 -239.2703170635295
2020.588623046875 -246.998657226562 -240.1769539779394
2020.605102539062 -242.730590820312 -241.3121703311074
2020.621459960938 -245.193588256836 -242.131114445075
2020.654296875 -251.165512084961 -243.8689766690324
2020.687255859375 -248.951309204102 -245.32864831794151
2020.70361328125 -246.687469482422 -246.090510733962
2020.720092773438 -248.076309204102 -246.42101231464028
2020.7529296875 -247.661376953125 -247.21940669945144
2020.785766601562 -250.089599609375 -247.78472330347864
2020.818603515625 -249.002395629883 -248.17257182041908
2020.851440429688 -250.644592285156 -248.4109166706586
2020.917236328125 -248.690704345703 -248.61535224519267
2020.950073242188 -248.17578125 -248.70615439313778
2020.98291015625 -248.816909790039 -248.88257350059885
2021.013671875 -248.057861328125 -249.02867371079677
2021.046508789062 -246.811828613281 -249.36959078128015
2021.079345703125 -248.89192199707 -250.0934412752645
2021.1123046875 -247.206207275391 -250.91639934020046
2021.145141601562 -250.151626586914 -251.96381850300813
2021.177978515625 -250.314880371094 -253.20516635371737
2021.210815429688 -251.386428833008 -254.58691172502813
2021.24365234375 -250.948440551758 -255.80516248874397
2021.276489257812 -255.361282348633 -257.5133867550388
2021.309326171875 -260.598114013672 -259.34636742904274
2021.34228515625 -258.515930175781 -261.23825021094706
2021.358642578125 -264.345489501953 -262.1192116801021
2021.391479492188 -268.255249023438 -263.9186793116455
2021.407958984375 -265.834503173828 -264.7316594496182
2021.440795898438 -268.204833984375 -266.4498786412825
2021.4736328125 -270.254577636719 -268.0004124066198
2021.506469726562 -278.166809082031 -269.282955949256
2021.539306640625 -275.168975830078 -270.2669135050258
2021.572265625 -268.200805664062 -270.6073992419037
2021.605102539062 -275.226318359375 -271.27542207705994
2021.637939453125 -275.31982421875 -271.8322671389154
2021.670776367188 -275.367523193359 -272.2842886924905
2021.736450195312 -279.499114990234 -272.77540030266033
2021.769287109375 -269.981140136719 -272.94887149963506
2021.80224609375 -274.925720214844 -272.95018777652825
2021.835083007812 -268.708770751953 -272.8944002713822
2021.867919921875 -271.902557373047 -272.6608970142353
2021.966430664062 -273.820709228516 -271.683736672388
2022.0 -274.683746337891 -271.29332546780915
2022.065673828125 -275.195190429688 -270.62873011189504
2022.098510742188 -265.765441894531 -270.30587669746154
2022.197143554688 -270.598602294922 -269.73152900571705
2022.22998046875 -268.027648925781 -269.732850370844
2022.262817382812 -267.032958984375 -269.8216327597952
2022.295654296875 -263.309051513672 -269.97971742058627
2022.328491210938 -268.184326171875 -270.1869439418938
2022.394287109375 -260.694915771484 -270.579216481659
2022.558471679688 -269.476928710938 -271.231025228323
2022.591430664062 -284.223358154297 -271.5062194071086
2022.68994140625 -276.17626953125 -272.7259083758974
2022.722778320312 -277.206359863281 -273.1485121760854
2022.821411132812 -275.689453125 -273.5058132271094
2022.854248046875 -271.048309326172 -273.5234546327405
2022.887084960938 -273.260040283203 -273.5736146157026
2022.919921875 -271.810333251953 -273.63613353686736
2022.952758789062 -274.703002929688 -273.6177436197829
2022.985595703125 -273.978454589844 -273.7011871947797
2023.019165039062 -271.627746582031 -273.8725440343932
2023.052001953125 -271.152557373047 -273.9875645975076
2023.084838867188 -270.916320800781 -274.31657125877564
2023.11767578125 -271.186584472656 -274.7135951404621
2023.150634765625 -274.375793457031 -275.07279261121624
2023.183471679688 -277.007568359375 -275.4696628861041
2023.21630859375 -279.092132568359 -275.85600573481406
2023.249145507812 -278.608825683594 -276.2365208848694
2023.281982421875 -276.940093994141 -276.6172264713365
2023.314819335938 -279.15869140625 -277.0007804846956
2023.34765625 -277.413024902344 -277.3869918973295
2023.380615234375 -275.711700439453 -277.7745409727837
2023.413452148438 -286.546051025391 -278.157327378433
2023.4462890625 -264.454467773438 -278.5348956977326
2023.57763671875 -269.187103271484 -279.96229951819976
