2014.804931640625 -0.0 -6.5809675684808076
2014.837768554688 -10.162000656128 -6.759035004095568
2014.903442382812 -4.264652729034 -7.1050277696219455
2014.96923828125 -9.206660270691 -7.438074796890332
2015.03564453125 16.733678817749 -7.7608877330985315
2015.101318359375 -38.737373352051 -8.067406513489486
2015.265625 45.057033538818 -8.782896901875274
2015.331298828125 -15.079230308533 -9.051203358004157
2015.39697265625 -49.580013275146 -9.312032252745349
2016.021850585938 0.408934295177 -12.965470300165228
2016.1533203125 -15.492774963379 -12.501644379009278
2016.350463867188 -5.975350379944 -11.048378317856118
2016.416137695312 -25.75855255127 -10.477899844099733
2016.547607421875 -20.460494995117 -9.156502656559091
2016.744750976562 2.8805809021 -7.223346250873715
2016.777587890625 -6.003691673279 -7.254844481881491
2016.810424804688 -8.77237033844 -7.239965979154853
2016.84326171875 -5.522070884705 -7.180381034654851
2016.876098632812 -10.411843299866 -7.180030040245664
2016.908935546875 -5.624846458435 -7.211607919220937
2016.941772460938 -6.446933746338 -7.243581836248402
2016.974731445312 -7.735198020935 -7.316652787929702
2017.005493164062 -7.603949546814 -7.374577002571127
2017.038330078125 -7.799433231354 -7.439474173839851
2017.071166992188 -6.919709205627 -7.4859350683429104
2017.10400390625 -7.267515182495 -7.5505423362216435
2017.136840820312 -6.682148933411 -7.675138718865081
2017.169799804688 -9.47679233551 -7.846122489095383
2017.20263671875 -10.399824142456 -8.056845746683813
2017.235473632812 -6.086984634399 -8.30615131831615
2017.268310546875 -5.002880573273 -8.61648742577304
2017.301147460938 -7.622115135193 -9.06172845151591
2017.333984375 -5.570557594299 -9.696657340846343
2017.366821289062 -12.101364135742 -10.503490621065623
2017.399780273438 -12.776209831238 -11.444784286476295
2017.4326171875 -9.811944007874 -12.447760240970343
2017.498291015625 -40.243076324463 -14.390006052844788
2017.531127929688 -3.001410722733 -15.263584487165128
2017.56396484375 -13.852408409119 -16.07343183076284
2017.596801757812 -18.252187728882 -16.80620619293474
2017.629760742188 -21.824699401855 -17.463679504947635
2017.66259765625 -26.717054367065 -18.01576854305932
2017.695434570312 -22.061582565308 -18.39517177304521
2017.728271484375 -21.502017974854 -18.460344703001713
2017.761108398438 -20.00580406189 -18.14392898703733
2017.7939453125 -18.50443649292 -17.542092384375515
2017.826782226562 -14.540151596069 -16.786896887631464
2017.859741210938 -19.210762023926 -15.909392283296185
2017.892578125 -15.912989616394 -14.904517568733485
2017.925415039062 -14.564540863037 -13.791079013915905
2017.958251953125 -12.330236434937 -12.644429037117865
2017.991088867188 -10.045027732849 -11.534877917435887
2018.024658203125 -10.454205513 -10.463447981204215
2018.057495117188 -8.068037033081 -9.47783497358394
2018.09033203125 -7.729905128479 -8.569716248148772
2018.123168945312 -6.446886539459 -7.764468599517164
2018.156005859375 -2.443781852722 -7.10670700845577
2018.18896484375 -7.716202259064 -6.649932812763263
2018.221801757812 -4.908171653748 -6.444091834185988
2018.254638671875 -3.250089645386 -6.483817662513904
2018.287475585938 -5.607261180878 -6.751633586245738
2018.3203125 -3.886209726334 -7.225382127261192
2018.353149414062 -2.796902656555 -7.879458406949976
2018.385986328125 -6.253741264343 -8.672241002454966
2018.4189453125 -5.870419502258 -9.55662902942499
2018.451782226562 -9.574694633484 -10.464842598312389
2018.484619140625 -14.237903594971 -11.355877236104295
2018.517456054688 -15.587062835693 -12.233425158423337
2018.55029296875 -13.936763763428 -13.078131120149735
2018.583129882812 -18.728788375854 -13.824912144877361
2018.615966796875 -20.755184173584 -14.418639179115987
2018.64892578125 -16.08550453186 -14.81675042001611
2018.681762695312 -16.725116729736 -14.999902732394007
2018.714599609375 -17.511383056641 -14.95211765870188
2018.747436523438 -15.338943481445 -14.659638897016539
2018.7802734375 -10.454648017883 -14.160901929779142
2018.813110351562 -22.762252807617 -13.46510358250906
2018.845947265625 -14.522986412048 -12.703582146301901
2018.87890625 -13.821310043335 -11.805251464724135
2018.911743164062 -12.977787017822 -10.841868471294362
2018.944580078125 -8.789391517639 -9.91728181651384
2018.977416992188 -10.657932281494 -8.961018358292561
2019.010986328125 -3.688224077225 -7.955222115790077
2019.043823242188 -3.874031066895 -6.850717567768164
2019.109497070312 -5.913237571716 -4.784088049581102
2019.1259765625 -5.755767822266 -4.273847974963364
2019.142333984375 -2.083865642548 -3.9556760860856497
2019.175170898438 -1.459046959877 -3.450353343056536
2019.191650390625 -2.807417392731 -3.354640833432173
2019.208129882812 -2.361511468887 -3.320794285853289
2019.224487304688 -3.252317905426 -3.257829447885378
2019.240966796875 -2.975867509842 -3.291561863074342
2019.25732421875 -2.064162254333 -3.3832623691870327
2019.273803710938 -1.138852596283 -3.422569518674175
2019.290161132812 -4.171617031097 -3.5537787380993975
2019.306640625 -3.953788518906 -3.886068053113813
2019.323120117188 -4.465298652649 -4.314411052789004
2019.339477539062 -5.015644550323 -4.830808851415523
2019.35595703125 -2.982579946518 -5.42523339029884
2019.372314453125 -4.970053672791 -6.067675382627478
2019.388793945312 -6.03716468811 -6.767112996806649
2019.405151367188 -4.365508079529 -7.562555569222384
2019.421630859375 -6.974461555481 -8.335873195284483
2019.438110351562 -11.299406051636 -9.159860656969855
2019.454467773438 -8.962019920349 -10.026032219468151
2019.470947265625 -14.353823661804 -10.92594139625138
2019.4873046875 -15.48361492157 -11.76891862332959
2019.503784179688 -3.170121669769 -12.320900531821668
2019.520141601562 -3.965045928955 -12.961296078718794
2019.53662109375 -21.838624954224 -13.54579653578901
2019.569458007812 -15.053868293762 -14.507645591788554
2019.602294921875 -20.598529815674 -15.185060561956421
2019.618774414062 -17.815027236938 -15.577942077399012
2019.635131835938 -24.3538646698 -15.90382699846402
2019.651611328125 -12.330453872681 -15.994655995868078
2019.668090820312 -12.899219512939 -16.16442709930816
2019.71728515625 -17.7099609375 -15.952826989268596
2019.733764648438 -15.382323265076 -15.748880456379487
2019.750122070312 -18.776473999023 -15.36710769493695
2019.7666015625 -18.382600784302 -15.042350008710669
2019.799438476562 -16.080207824707 -14.171142408670176
2019.832275390625 -10.998093605042 -13.293413802538003
2019.865112304688 -15.146900177002 -12.372745997240116
2019.898071289062 -11.645622253418 -11.438211847857517
2019.930908203125 -9.824956893921 -10.49464710298853
2019.963745117188 -7.706390380859 -9.596297332366078
2019.99658203125 -8.065837860107 -8.7755624979471
2020.030151367188 -4.854383945465 -7.82655938366904
2020.06298828125 -6.113831520081 -7.261031076984938
2020.095825195312 -6.672193050385 -6.7407984491848545
2020.128662109375 -6.218839645386 -6.343603781977763
2020.161499023438 -4.854069709778 -6.066002734867924
2020.177978515625 -4.579967021942 -6.041007287820953
2020.1943359375 -3.090698003769 -5.914163095094839
2020.227294921875 -5.467194080353 -5.874521171513928
2020.260131835938 -8.376088142395 -5.922682290673044
2020.29296875 -6.437533855438 -6.013144212755198
2020.325805664062 -7.050316810608 -6.180381240914278
2020.358642578125 -4.021480083466 -6.505998161643769
2020.391479492188 -5.819460868835 -7.007074214747585
2020.42431640625 -6.246391296387 -7.617234268554017
2020.457275390625 -7.739320278168 -8.257224411875985
2020.490112304688 -8.351808547974 -8.917606124103958
2020.52294921875 -7.501058578491 -9.629804100173198
2020.555786132812 -0.27323704958 -10.391024517844437
2020.572265625 -38.465408325195 -10.727308979732252
2020.588623046875 -18.814140319824 -11.005320439472488
2020.605102539062 -10.994280815125 -11.401312217048174
2020.621459960938 -15.108001708984 -11.623497516240741
2020.654296875 -14.809798240662 -12.13597011384393
2020.687255859375 -5.118981838226 -12.464919452461128
2020.70361328125 -14.853989601135 -12.680674396040397
2020.720092773438 -14.926844596863 -12.479925459128033
2020.7529296875 -17.24133682251 -12.158053674963137
2020.785766601562 -13.822203636169 -11.499422173383948
2020.818603515625 -10.792134284973 -10.527970386528246
2020.851440429688 -11.596208572388 -9.308780200820742
2020.917236328125 -8.59202003479 -6.600267208764696
2020.950073242188 -8.024368286133 -5.420331549114941
2020.98291015625 -4.342114448547 -4.4308441611239004
2021.013671875 1.726715683937 -3.345554146674884
2021.046508789062 6.147951126099 -2.3649859216752436
2021.079345703125 4.761142253876 -1.6745343820540128
2021.1123046875 7.994031906128 -0.901689793892151
2021.145141601562 1.788649201393 -0.26971673998597717
2021.177978515625 -0.000104546918 0.1757003411205567
2021.210815429688 0.241993591189 0.41288675026308813
2021.24365234375 2.233222007751 0.6678621549292606
2021.276489257812 -0.5142365098 0.32354869076920306
2021.309326171875 -1.890539765358 -0.19400371657844612
2021.34228515625 1.502545714378 -0.7632425302182503
2021.358642578125 -3.266852140427 -1.0330613253399128
2021.391479492188 7.962258815765 -1.4806017571013388
2021.407958984375 2.676291465759 -1.6127265820973744
2021.440795898438 -1.87687766552 -1.8825083019027384
2021.4736328125 -6.100540161133 -2.0379468976287183
2021.506469726562 -3.941428899765 -2.074560116752947
2021.539306640625 -4.936376094818 -2.019884630513763
2021.572265625 -18.662803649902 -1.7470897111591714
2021.605102539062 -12.201539993286 -1.6864454003445035
2021.637939453125 -3.175319671631 -1.606555048291203
2021.670776367188 3.458567380905 -1.490904049964512
2021.736450195312 -6.019568443298 -1.1281820497741153
2021.769287109375 3.7360227108 -0.9505370295534411
2021.80224609375 0.142693132162 -0.7580162931278297
2021.835083007812 2.059310674667 -0.5294404807394244
2021.867919921875 -1.179388284683 -0.3784884143331971
2021.966430664062 -0.153446301818 -0.14476155692862042
2022.0 1.943055033684 -0.2619223597207583
2022.065673828125 -2.617735624313 -0.4317837839423028
2022.098510742188 0.622795403004 -0.6548740762794278
2022.197143554688 3.917991876602 -1.4108669873040685
2022.22998046875 -5.601554393768 -1.6986837580887992
2022.262817382812 5.035521507263 -2.0135145022574115
2022.295654296875 2.170988798141 -2.3573884464183035
2022.328491210938 -2.964490413666 -2.7446068881726084
2022.394287109375 -7.487001419067 -3.638620343225005
2022.558471679688 -24.493312835693 -5.685876701861305
2022.591430664062 -6.247266769409 -6.211644492306552
2022.68994140625 -26.648368835449 -7.705538923408839
2022.722778320312 -31.81489944458 -8.179040333944572
2022.821411132812 -7.226350307465 -8.994131262865032
2022.854248046875 -13.914457321167 -8.993986810894015
2022.887084960938 -11.512340545654 -8.8814311875006
2022.919921875 -9.789958000183 -8.848990964184496
2022.952758789062 -9.723541259766 -8.727310628145482
2022.985595703125 -8.219614028931 -8.333949136259417
2023.019165039062 -6.962371826172 -7.963756015617069
2023.052001953125 -6.774228572845 -7.589366695660255
2023.084838867188 -4.517024517059 -7.441322087441939
2023.11767578125 -5.268748760223 -7.627378647867966
2023.150634765625 -6.500292778015 -7.682716580271922
2023.183471679688 -5.624044418335 -7.965072125649509
2023.21630859375 -2.456909656525 -8.290510783870456
2023.249145507812 -4.28586769104 -8.655083311612824
2023.281982421875 -7.824825286865 -9.051174428896285
2023.314819335938 -7.765085697174 -9.474921036892036
2023.34765625 -10.524651527405 -9.925163021598491
2023.380615234375 -15.021348953247 -10.404323959813924
2023.413452148438 -11.547595977783 -10.909484885724762
2023.4462890625 -12.501974105835 -11.441650783080494
2023.57763671875 -24.350742340088 -13.819438033233329
