2014.804931640625 0.0 3.9242436011142514
2014.837768554688 0.140923455358 3.5284294998840546
2014.903442382812 3.040544509888 2.735314585321461
2014.96923828125 1.809415459633 1.9386626173513595
2015.03564453125 5.753407478333 1.1323643504855112
2015.101318359375 -0.827894508839 0.3325767659408306
2015.265625 6.290101528168 -1.6786148947490336
2015.331298828125 1.254303812981 -2.4857388624701455
2015.39697265625 -2.305541276932 -3.2939213036210617
2016.021850585938 -10.985541343689 -10.837791229046235
2016.1533203125 -11.399706840515 -12.662549243356885
2016.350463867188 -16.923057556152 -15.386122769688974
2016.416137695312 -16.056056976318 -16.250752113648588
2016.547607421875 -24.869956970215 -18.051404666715133
2016.744750976562 -20.427753448486 -20.693937118721536
2016.777587890625 -23.617752075195 -21.097151439550856
2016.810424804688 -23.475063323975 -21.54489286816381
2016.84326171875 -21.905044555664 -21.923398758213843
2016.876098632812 -22.118984222412 -22.10018587947915
2016.908935546875 -22.161294937134 -22.25733737042272
2016.941772460938 -21.824209213257 -22.43743708208472
2016.974731445312 -22.059085845947 -22.624788668832615
2017.005493164062 -22.38254737854 -22.852789340859825
2017.038330078125 -23.199857711792 -23.06338239727963
2017.071166992188 -22.526477813721 -23.275663161840086
2017.10400390625 -23.150907516479 -23.62089485263223
2017.136840820312 -22.610862731934 -24.04117642137085
2017.169799804688 -23.697454452515 -24.50643690462635
2017.20263671875 -23.801454544067 -25.015185848797373
2017.235473632812 -25.137767791748 -25.567280322974067
2017.268310546875 -26.530302047729 -26.15881020269177
2017.301147460938 -25.977369308472 -26.775040799455688
2017.333984375 -28.027242660522 -27.394532600269038
2017.366821289062 -27.700828552246 -28.00586527086985
2017.399780273438 -29.718873977661 -28.605458801306348
2017.4326171875 -30.323501586914 -29.172515139669105
2017.498291015625 -29.806400299072 -30.162198666208948
2017.531127929688 -32.275955200195 -30.587543331760767
2017.56396484375 -32.390224456787 -30.98143028599947
2017.596801757812 -32.023273468018 -31.346980767742792
2017.629760742188 -29.80965423584 -31.67747438420498
2017.66259765625 -32.629245758057 -31.960542387440057
2017.695434570312 -33.721088409424 -32.20262669952259
2017.728271484375 -30.562635421753 -32.409984383254795
2017.761108398438 -32.295066833496 -32.59355229774098
2017.7939453125 -32.345180511475 -32.75870137093386
2017.826782226562 -33.525501251221 -32.90677571306663
2017.859741210938 -33.919239044189 -33.04361468596349
2017.892578125 -33.698818206787 -33.179644410521846
2017.925415039062 -33.008029937744 -33.314278919229494
2017.958251953125 -33.367351531982 -33.44064473418518
2017.991088867188 -33.69702911377 -33.55698105913661
2018.024658203125 -34.054962158203 -33.668089543616645
2018.057495117188 -33.796001434326 -33.7761010762231
2018.09033203125 -33.722831726074 -33.92946620421361
2018.123168945312 -33.189552307129 -34.175265681566394
2018.156005859375 -33.491416931152 -34.545723600394965
2018.18896484375 -35.358623504639 -35.03259414252965
2018.221801757812 -33.862255096436 -35.609089965500104
2018.254638671875 -32.155254364014 -36.24808383111361
2018.287475585938 -31.708333969116 -36.93403056514639
2018.3203125 -34.907054901123 -37.67316628459791
2018.353149414062 -33.822978973389 -38.469735005614474
2018.385986328125 -39.646408081055 -39.31967009070185
2018.4189453125 -36.999286651611 -40.22167863443756
2018.451782226562 -40.083168029785 -41.170021913453766
2018.484619140625 -41.094493865967 -42.176169352434165
2018.517456054688 -44.273746490479 -43.228820221638095
2018.55029296875 -44.583999633789 -44.258598640146595
2018.583129882812 -48.006084442139 -45.19482468000921
2018.615966796875 -47.564460754395 -46.0294447376478
2018.64892578125 -49.231292724609 -46.779838053184896
2018.681762695312 -48.835090637207 -47.45445858187853
2018.714599609375 -51.576038360596 -48.06635626631957
2018.747436523438 -50.273803710938 -48.59980329784077
2018.7802734375 -50.019214630127 -49.0538830133065
2018.813110351562 -50.354827880859 -49.37358132835697
2018.845947265625 -50.011558532715 -49.61545968632614
2018.87890625 -49.991386413574 -49.692828752770396
2018.911743164062 -49.370693206787 -49.65677177785452
2018.944580078125 -49.646392822266 -49.589342969761546
2018.977416992188 -49.60876083374 -49.490672651344816
2019.010986328125 -49.610496520996 -49.404470318453114
2019.043823242188 -48.594547271729 -49.31598511337233
2019.109497070312 -48.53458404541 -49.20651315017609
2019.1259765625 -48.654418945312 -49.17340683629477
2019.142333984375 -50.279956817627 -49.17130607421437
2019.175170898438 -48.667282104492 -49.18093936895182
2019.191650390625 -49.105777740479 -49.236792282679275
2019.208129882812 -49.194026947021 -49.32083619410347
2019.224487304688 -48.863460540771 -49.40846322649275
2019.240966796875 -49.557746887207 -49.53222140132127
2019.25732421875 -49.276069641113 -49.659779131770286
2019.273803710938 -49.784973144531 -49.776476124045715
2019.290161132812 -49.993114471436 -49.90125966117369
2019.306640625 -48.565116882324 -50.043856852176894
2019.323120117188 -50.137077331543 -50.18541704367598
2019.339477539062 -51.616279602051 -50.32484071748058
2019.35595703125 -51.264434814453 -50.463167933714175
2019.372314453125 -50.044170379639 -50.5981604439484
2019.388793945312 -52.833209991455 -50.72746253185128
2019.405151367188 -49.965728759766 -50.83198049291534
2019.421630859375 -51.667198181152 -50.95846080550657
2019.438110351562 -49.405258178711 -51.08491487397959
2019.454467773438 -51.171264648438 -51.222902438774696
2019.470947265625 -51.818126678467 -51.39539952768497
2019.4873046875 -51.786285400391 -51.60724734244262
2019.503784179688 -49.945777893066 -51.886104484586305
2019.520141601562 -51.902042388916 -52.10383749676569
2019.53662109375 -50.804698944092 -52.33214002093447
2019.569458007812 -53.222309112549 -52.82317481158329
2019.602294921875 -58.163654327393 -53.36228001480616
2019.618774414062 -55.767711639404 -53.63583305312996
2019.635131835938 -54.18677520752 -53.912622886727725
2019.651611328125 -54.296104431152 -54.17877625556732
2019.668090820312 -52.904026031494 -54.44838913455727
2019.71728515625 -55.548679351807 -55.143931858111365
2019.733764648438 -56.05545425415 -55.35282094436643
2019.750122070312 -55.149745941162 -55.49710224794631
2019.7666015625 -56.854133605957 -55.66689649148742
2019.799438476562 -56.121128082275 -55.93203829208547
2019.832275390625 -56.835639953613 -56.19072823039683
2019.865112304688 -56.364143371582 -56.44705087590353
2019.898071289062 -56.66690826416 -56.717011142152785
2019.930908203125 -56.761520385742 -56.999538785369204
2019.963745117188 -56.491832733154 -57.3192230296834
2019.99658203125 -57.457836151123 -57.66411607161999
2020.030151367188 -57.205982208252 -57.97162750055884
2020.06298828125 -57.661956787109 -58.40795198799309
2020.095825195312 -58.891574859619 -58.86688720768228
2020.128662109375 -59.291961669922 -59.384591361165384
2020.161499023438 -59.513240814209 -59.958774929589325
2020.177978515625 -59.731189727783 -60.288173924441146
2020.1943359375 -59.873779296875 -60.57443381667343
2020.227294921875 -61.10355758667 -61.22170261872481
2020.260131835938 -61.51526260376 -61.875656556624726
2020.29296875 -63.075046539307 -62.53784651593809
2020.325805664062 -64.296463012695 -63.20712927693682
2020.358642578125 -63.456390380859 -63.86086019805537
2020.391479492188 -64.731330871582 -64.49743112945899
2020.42431640625 -66.19580078125 -65.0760671585699
2020.457275390625 -64.925743103027 -65.5322935980674
2020.490112304688 -68.365051269531 -65.84292636351344
2020.52294921875 -65.264686584473 -66.04434843011542
2020.555786132812 -67.662246704102 -66.14612196224236
2020.572265625 -69.236305236816 -66.06217062740656
2020.588623046875 -68.767456054688 -65.96545797229285
2020.605102539062 -68.92862701416 -66.03189045422543
2020.621459960938 -67.744804382324 -65.90327682277493
2020.654296875 -66.224380493164 -65.74981259286541
2020.687255859375 -66.462036132812 -65.50006181156469
2020.70361328125 -65.288284301758 -65.36255575378122
2020.720092773438 -64.311744689941 -65.16376770045156
2020.7529296875 -64.344223022461 -64.7758028477513
2020.785766601562 -63.228298187256 -64.35052939256033
2020.818603515625 -62.548709869385 -63.909915910203054
2020.851440429688 -64.110321044922 -63.47531347546179
2020.917236328125 -63.095207214355 -62.73678906644441
2020.950073242188 -62.274909973145 -62.4838921209419
2020.98291015625 -62.082218170166 -62.268972039529075
2021.013671875 -62.020420074463 -62.04587145578905
2021.046508789062 -59.989196777344 -61.884916380770164
2021.079345703125 -61.237255096436 -61.82405947534047
2021.1123046875 -61.043926239014 -61.806810913712184
2021.145141601562 -61.236507415771 -61.865923984277075
2021.177978515625 -61.672199249268 -62.02068650095544
2021.210815429688 -61.627319335938 -62.280426747903974
2021.24365234375 -61.831748962402 -62.47973866828434
2021.276489257812 -60.487773895264 -62.93673096421237
2021.309326171875 -62.21533203125 -63.49300694481474
2021.34228515625 -61.538829803467 -64.13674824329802
2021.358642578125 -64.487739562988 -64.54070069121536
2021.391479492188 -65.881797790527 -65.2744868436522
2021.407958984375 -62.412940979004 -65.70541497590385
2021.440795898438 -64.376708984375 -66.51706734368364
2021.4736328125 -67.981742858887 -67.35588802793964
2021.506469726562 -68.838897705078 -68.12849164024416
2021.539306640625 -72.591674804688 -68.7514305975988
2021.572265625 -69.699920654297 -69.02495855382128
2021.605102539062 -72.223785400391 -69.50625532328094
2021.637939453125 -72.149406433105 -69.93081166938018
2021.670776367188 -74.350532531738 -70.28090709015603
2021.736450195312 -73.431022644043 -70.66718885436357
2021.769287109375 -73.754737854004 -70.89391445952428
2021.80224609375 -71.573890686035 -71.0105979209544
2021.835083007812 -69.444305419922 -71.09982747052068
2021.867919921875 -71.212669372559 -71.04717327168616
2021.966430664062 -70.228096008301 -70.70808156097021
2022.0 -70.637969970703 -70.57792915631411
2022.065673828125 -72.299270629883 -70.32814590974618
2022.098510742188 -65.73070526123 -70.21580778318179
2022.197143554688 -68.941627502441 -69.90638141569255
2022.22998046875 -68.76082611084 -69.83710947808162
2022.262817382812 -66.916534423828 -69.78698304035228
2022.295654296875 -69.174057006836 -69.74931655142154
2022.328491210938 -71.107429504395 -69.71626824839862
2022.394287109375 -69.632133483887 -69.62862185597604
2022.558471679688 -75.689323425293 -69.16538230398835
2022.591430664062 -76.706352233887 -69.147205624556
2022.68994140625 -70.631118774414 -69.06243418828487
2022.722778320312 -77.370712280273 -69.04345397372022
2022.821411132812 -68.075668334961 -68.80304042122856
2022.854248046875 -74.975921630859 -68.50080100856457
2022.887084960938 -69.07967376709 -68.12908796772766
2022.919921875 -68.572853088379 -67.76388298675674
2022.952758789062 -65.829132080078 -67.40299071397207
2022.985595703125 -67.608177185059 -67.06212530139584
2023.019165039062 -64.922554016113 -66.74049409065745
2023.052001953125 -66.669311523438 -66.42657860747988
2023.084838867188 -65.414764404297 -66.16746436538108
2023.11767578125 -66.264366149902 -65.98607116541052
2023.150634765625 -65.234237670898 -65.79620088376623
2023.183471679688 -64.620964050293 -65.69361939887033
2023.21630859375 -64.252212524414 -65.65208710025728
2023.249145507812 -65.152297973633 -65.64802697766933
2023.281982421875 -65.417541503906 -65.66126682243012
2023.314819335938 -64.562103271484 -65.68275527769327
2023.34765625 -65.118705749512 -65.70940490306185
2023.380615234375 -69.183792114258 -65.74118670371051
2023.413452148438 -64.140678405762 -65.77886259703651
2023.4462890625 -68.585083007812 -65.82364346296782
2023.57763671875 -68.485549926758 -66.09496433605668
