2014.804931640625 -0.0 -2.555892270430593
2014.837768554688 -13.291216850281 -3.01680827143056
2014.903442382812 -3.826053380966 -3.9334057073337694
2014.96923828125 -7.33354473114 -4.845261378122205
2015.03564453125 17.893459320068 -5.759697060672631
2015.101318359375 -18.474737167358 -6.6583456950182045
2015.265625 32.212837219238 -8.881290897758587
2015.331298828125 -32.397644042969 -9.75957253238513
2015.39697265625 -44.196475982666 -10.632314586271056
2016.021850585938 -4.12794303894 -27.086554662872956
2016.1533203125 -34.693092346191 -25.91201821022825
2016.350463867188 -24.60496711731 -24.757703509410188
2016.416137695312 -44.206943511963 -24.39483330657678
2016.547607421875 -18.7190284729 -23.599955612825905
2016.744750976562 -27.074367523193 -22.492152854145946
2016.777587890625 -21.062362670898 -22.38770579054376
2016.810424804688 -26.65454864502 -22.32970396035916
2016.84326171875 -19.339466094971 -22.322819711581122
2016.876098632812 -23.343196868896 -22.26984838356924
2016.908935546875 -21.5787525177 -22.179383817398236
2016.941772460938 -21.740676879883 -22.060604173844883
2016.974731445312 -19.568645477295 -21.855416370294705
2017.005493164062 -21.020063400269 -21.621761720433785
2017.038330078125 -21.346504211426 -21.37442929219753
2017.071166992188 -21.601015090942 -21.143199990931812
2017.10400390625 -21.139970779419 -20.839258748958446
2017.136840820312 -22.821779251099 -20.478202401788575
2017.169799804688 -22.879755020142 -20.089803981270663
2017.20263671875 -21.685102462769 -19.65969579482117
2017.235473632812 -19.523777008057 -19.192707042829365
2017.268310546875 -18.917755126953 -18.774242315335155
2017.301147460938 -18.665252685547 -18.533979732826136
2017.333984375 -15.045083045959 -18.519728975802817
2017.366821289062 -13.61229133606 -18.677821137140757
2017.399780273438 -17.113471984863 -18.9100778063458
2017.4326171875 -13.599556922913 -19.134033934432452
2017.498291015625 -30.076236724854 -19.51924124720867
2017.531127929688 -14.488582611084 -19.74307717716698
2017.56396484375 -22.291156768799 -20.03441490089019
2017.596801757812 -23.403942108154 -20.413772454360963
2017.629760742188 -26.092540740967 -20.861479379037203
2017.66259765625 -23.290594100952 -21.269264719549277
2017.695434570312 -23.152179718018 -21.51686074760872
2017.728271484375 -20.830299377441 -21.53404779691066
2017.761108398438 -21.418128967285 -21.339436336062096
2017.7939453125 -20.969291687012 -21.005508581685255
2017.826782226562 -21.76508140564 -20.59169264821479
2017.859741210938 -21.003047943115 -20.112121322995268
2017.892578125 -19.422786712646 -19.585479565463615
2017.925415039062 -19.49419593811 -19.048195505938715
2017.958251953125 -18.615613937378 -18.51931545458805
2017.991088867188 -17.663684844971 -18.00825630788979
2018.024658203125 -17.239738464355 -17.51308698092083
2018.057495117188 -16.214317321777 -17.07152370926647
2018.09033203125 -16.304174423218 -16.681524716443597
2018.123168945312 -15.823367118835 -16.36806806871037
2018.156005859375 -13.291631698608 -16.18313798496011
2018.18896484375 -17.210105895996 -16.169281818360652
2018.221801757812 -14.336051940918 -16.34453376880229
2018.254638671875 -12.779297828674 -16.713262778071865
2018.287475585938 -15.095232963562 -17.265767844478976
2018.3203125 -15.915622711182 -17.970456506271404
2018.353149414062 -17.236646652222 -18.800951297099168
2018.385986328125 -15.693983078003 -19.722213600841727
2018.4189453125 -16.996675491333 -20.697581082525655
2018.451782226562 -24.060159683228 -21.685555297425392
2018.484619140625 -24.52370262146 -22.668931211294368
2018.517456054688 -30.166442871094 -23.649836570556545
2018.55029296875 -25.288867950439 -24.612923159020294
2018.583129882812 -29.942621231079 -25.51627381107655
2018.615966796875 -36.164581298828 -26.33154327825043
2018.64892578125 -25.760181427002 -27.032563897947366
2018.681762695312 -29.279447555542 -27.585908353524633
2018.714599609375 -29.236616134644 -27.972563573518585
2018.747436523438 -29.650419235229 -28.195019050921687
2018.7802734375 -26.341791152954 -28.29231193002042
2018.813110351562 -31.94927406311 -28.281873961570255
2018.845947265625 -27.605894088745 -28.22960883820957
2018.87890625 -28.348665237427 -28.104292467491188
2018.911743164062 -28.975090026855 -27.893584549451173
2018.944580078125 -27.992044448853 -27.68096323343325
2018.977416992188 -27.834476470947 -27.42200801532065
2019.010986328125 -26.143213272095 -27.127302865602736
2019.043823242188 -26.891296386719 -26.80955925407602
2019.109497070312 -26.257646560669 -26.13380904447526
2019.1259765625 -26.288593292236 -25.949295864098342
2019.142333984375 -24.263397216797 -25.793514660534186
2019.175170898438 -26.090965270996 -25.507964510169508
2019.191650390625 -24.968072891235 -25.38902373000238
2019.208129882812 -27.113767623901 -25.28929359789583
2019.224487304688 -24.931098937988 -25.182265880001744
2019.240966796875 -23.754755020142 -25.12446018564307
2019.25732421875 -24.956470489502 -25.09859743306722
2019.273803710938 -24.645557403564 -25.047202205277475
2019.290161132812 -23.565397262573 -25.009508660625958
2019.306640625 -26.615928649902 -25.075592609377857
2019.323120117188 -23.057363510132 -25.219304022212125
2019.339477539062 -24.306493759155 -25.45535744776787
2019.35595703125 -25.014112472534 -25.790200988872023
2019.372314453125 -26.28709602356 -26.216271597308026
2019.388793945312 -25.511026382446 -26.73922984138673
2019.405151367188 -26.732192993164 -27.34548049654232
2019.421630859375 -23.547885894775 -27.856539745732295
2019.438110351562 -34.715419769287 -28.344343595223325
2019.454467773438 -27.072299957275 -28.76999535161829
2019.470947265625 -32.277114868164 -29.148950871481922
2019.4873046875 -33.606513977051 -29.490099021319402
2019.503784179688 -16.985242843628 -29.66949857317173
2019.520141601562 -17.924613952637 -29.980136789340715
2019.53662109375 -32.57523727417 -30.242626573063585
2019.569458007812 -28.417503356934 -30.59036789495185
2019.602294921875 -38.425956726074 -30.711362164122058
2019.618774414062 -28.682298660278 -30.774564049253968
2019.635131835938 -36.35001373291 -30.773886160760995
2019.651611328125 -31.206825256348 -30.710004401946296
2019.668090820312 -22.533666610718 -30.64597230310395
2019.71728515625 -29.482757568359 -30.328028200897513
2019.733764648438 -28.825469970703 -30.200000824243997
2019.750122070312 -34.64709854126 -30.02652234914454
2019.7666015625 -31.645864486694 -29.872889149780175
2019.799438476562 -28.493492126465 -29.50525162454436
2019.832275390625 -29.856948852539 -29.16254347595886
2019.865112304688 -28.728609085083 -28.845816023569352
2019.898071289062 -28.877279281616 -28.585650147366934
2019.930908203125 -27.536623001099 -28.398240932776734
2019.963745117188 -26.035682678223 -28.322392092940447
2019.99658203125 -27.53825378418 -28.314077531713576
2020.030151367188 -25.792289733887 -28.201022681890624
2020.06298828125 -28.134859085083 -28.42134207128017
2020.095825195312 -28.862529754639 -28.684570690117173
2020.128662109375 -28.804063796997 -29.05560716453452
2020.161499023438 -27.753986358643 -29.52228178677886
2020.177978515625 -29.319362640381 -29.825072383248937
2020.1943359375 -28.337102890015 -30.067583026278268
2020.227294921875 -29.999448776245 -30.67370269959671
2020.260131835938 -32.934173583984 -31.277293416518607
2020.29296875 -32.581111907959 -31.872310277766427
2020.325805664062 -35.447010040283 -32.44323363870787
2020.358642578125 -31.068555831909 -32.855066350605476
2020.391479492188 -34.404384613037 -33.16123165636292
2020.42431640625 -33.180255889893 -33.37188524614711
2020.457275390625 -36.386653900146 -33.399714846781976
2020.490112304688 -39.841209411621 -33.223458682892826
2020.52294921875 -30.109209060669 -32.95281295022023
2020.555786132812 -31.108699798584 -32.65688166102545
2020.572265625 -52.986068725586 -32.45869495667337
2020.588623046875 -41.414264678955 -32.248037412083555
2020.605102539062 -31.406482696533 -32.098193886991716
2020.621459960938 -46.211769104004 -31.864062143934184
2020.654296875 -35.098751068115 -31.429449213974348
2020.687255859375 -24.401252746582 -30.95728292834007
2020.70361328125 -29.615585327148 -30.70028883247948
2020.720092773438 -26.804723739624 -30.490697040171803
2020.7529296875 -31.501497268677 -30.04783285336018
2020.785766601562 -33.635368347168 -29.6271252056054
2020.818603515625 -28.299613952637 -29.20920871474959
2020.851440429688 -26.095724105835 -28.77804561181938
2020.917236328125 -28.891489028931 -28.044924813063147
2020.950073242188 -28.203367233276 -27.81838856595418
2020.98291015625 -27.815761566162 -27.67267682932694
2021.013671875 -26.84024810791 -27.497197163165737
2021.046508789062 -22.362155914307 -27.45945727974218
2021.079345703125 -26.868427276611 -27.653667298336977
2021.1123046875 -25.224714279175 -27.87005405311672
2021.145141601562 -28.347311019897 -28.172680151081497
2021.177978515625 -27.485288619995 -28.539767472629958
2021.210815429688 -28.12532043457 -28.96904581297206
2021.24365234375 -25.500381469727 -29.38730506666333
2021.276489257812 -32.589614868164 -30.04496076573869
2021.309326171875 -33.907276153564 -30.810206558092897
2021.34228515625 -31.102878570557 -31.662348645235
2021.358642578125 -31.000169754028 -32.121087639274634
2021.391479492188 -32.456916809082 -32.92711008009696
2021.407958984375 -31.814849853516 -33.2136668555301
2021.440795898438 -30.327215194702 -33.7088405012706
2021.4736328125 -40.365184783936 -33.94568959000034
2021.506469726562 -45.849166870117 -33.975902293235805
2021.539306640625 -37.515983581543 -33.8964735585693
2021.572265625 -43.029640197754 -33.549073108892195
2021.605102539062 -42.968166351318 -33.52139880982265
2021.637939453125 -40.250144958496 -33.46869964978913
2021.670776367188 -29.325576782227 -33.37623003960447
2021.736450195312 -34.791015625 -32.76151741696466
2021.769287109375 -31.42049407959 -32.45296776774646
2021.80224609375 -30.806844711304 -32.010615504389804
2021.835083007812 -27.794624328613 -31.528726505472214
2021.867919921875 -33.523265838623 -31.094577937338183
2021.966430664062 -27.285404205322 -29.913667735340383
2022.0 -27.433177947998 -29.54396444929407
2022.065673828125 -35.497367858887 -28.856417189539968
2022.098510742188 -29.469020843506 -28.668740924707404
2022.197143554688 -20.758975982666 -28.615894738098987
2022.22998046875 -29.199012756348 -28.69274222487729
2022.262817382812 -18.125677108765 -28.832228016112104
2022.295654296875 -23.076156616211 -29.051782796080698
2022.328491210938 -23.292566299438 -29.366503869760344
2022.394287109375 -41.688762664795 -29.97511990405865
2022.558471679688 -39.478668212891 -30.54141128548581
2022.591430664062 -23.891002655029 -30.781822078104256
2022.68994140625 -63.769557952881 -33.06108998091113
2022.722778320312 -46.535034179688 -33.87012632033912
2022.821411132812 -30.506998062134 -33.82976479290204
2022.854248046875 -35.820835113525 -33.368254282848376
2022.887084960938 -32.158615112305 -32.80976906665817
2022.919921875 -34.05782699585 -32.255809716441505
2022.952758789062 -35.3395652771 -31.612829191709093
2022.985595703125 -31.30030632019 -30.817246154718664
2023.019165039062 -28.021984100342 -30.020257151474727
2023.052001953125 -28.198307037354 -29.246833882833755
2023.084838867188 -27.388246536255 -28.58699530404343
2023.11767578125 -28.763952255249 -28.106130533783396
2023.150634765625 -26.585609436035 -27.559735182466216
2023.183471679688 -26.075023651123 -27.117140574735686
2023.21630859375 -20.382188796997 -26.667995118780993
2023.249145507812 -22.650291442871 -26.217648201452324
2023.281982421875 -22.072221755981 -25.772037073870763
2023.314819335938 -28.397497177124 -25.337405285593398
2023.34765625 -23.241806030273 -24.919532663633913
2023.380615234375 -31.431774139404 -24.520243916580966
2023.413452148438 -27.385902404785 -24.144760283956124
2023.4462890625 -16.743516921997 -23.790509017023204
2023.57763671875 -53.150829315186 -22.526765308562368
