2014.804931640625 -0.0 3.5028426042979413
2014.837768554688 -19.440536499023 1.8669569548841614
2014.903442382812 -9.480405807495 -1.419125698113434
2014.96923828125 -7.293876647949 -4.729902947270023
2015.03564453125 12.313141822815 -8.089037093813102
2015.101318359375 2.96330165863 -11.426206308931425
2015.265625 17.268743515015 -19.819102301439926
2015.331298828125 -18.232849121094 -23.1795967007131
2015.39697265625 -23.474363327026 -26.5348848047652
2016.021850585938 -39.521850585938 -57.54272544575636
2016.1533203125 -69.352508544922 -65.62954744254314
2016.350463867188 -116.685661315918 -78.48451731938549
2016.416137695312 -88.001449584961 -80.13515857187318
2016.547607421875 -88.520538330078 -83.7564766324266
2016.744750976562 -84.238327026367 -88.83636370344003
2016.777587890625 -86.829086303711 -89.09986753225861
2016.810424804688 -93.576545715332 -89.35986337080308
2016.84326171875 -88.757438659668 -89.64076822546126
2016.876098632812 -92.33325958252 -90.01059656083224
2016.908935546875 -90.37565612793 -90.45549974724872
2016.941772460938 -91.132392883301 -90.93273975643602
2016.974731445312 -90.873603820801 -91.49278270828172
2017.005493164062 -90.756576538086 -92.08219356891279
2017.038330078125 -91.39372253418 -92.67601484918174
2017.071166992188 -92.187370300293 -93.24064040639956
2017.10400390625 -91.849189758301 -94.00109081212497
2017.136840820312 -94.069137573242 -94.93258377063313
2017.169799804688 -95.584510803223 -95.97834456934396
2017.20263671875 -97.446434020996 -97.14460965078302
2017.235473632812 -95.697593688965 -98.4825507033742
2017.268310546875 -97.430122375488 -100.03117958391327
2017.301147460938 -99.716278076172 -101.77776628203279
2017.333984375 -95.618637084961 -103.67309783357614
2017.366821289062 -107.281387329102 -105.66389370018882
2017.399780273438 -108.913650512695 -107.66640442535355
2017.4326171875 -104.883239746094 -109.56440047842821
2017.498291015625 -128.355117797852 -112.97501256735282
2017.531127929688 -116.49195098877 -114.56376313474075
2017.56396484375 -119.809516906738 -116.09415107348879
2017.596801757812 -121.77237701416 -117.5287678212384
2017.629760742188 -126.60228729248 -118.83431877303303
2017.66259765625 -125.608505249023 -119.9643835808513
2017.695434570312 -121.959442138672 -120.90566897187108
2017.728271484375 -120.367637634277 -121.5664102330535
2017.761108398438 -120.144844055176 -121.9479081996347
2017.7939453125 -122.033752441406 -122.1583116157542
2017.826782226562 -123.248596191406 -122.29910870927785
2017.859741210938 -123.419441223145 -122.4007176451994
2017.892578125 -122.41756439209 -122.48770615890065
2017.925415039062 -122.968955993652 -122.60294660550149
2017.958251953125 -122.676918029785 -122.76859347942089
2017.991088867188 -122.827491760254 -122.99936384677142
2018.024658203125 -121.997650146484 -123.30761434693818
2018.057495117188 -121.878662109375 -123.67578359052446
2018.09033203125 -123.722602844238 -124.12276077480432
2018.123168945312 -123.612670898438 -124.68446319101274
2018.156005859375 -123.167266845703 -125.40555433825851
2018.18896484375 -126.503929138184 -126.29742163589792
2018.221801757812 -123.844772338867 -127.37386780156615
2018.254638671875 -125.048202514648 -128.62462224345987
2018.287475585938 -129.438079833984 -130.0197120180835
2018.3203125 -130.095840454102 -131.56142176092783
2018.353149414062 -129.926132202148 -133.25397991238336
2018.385986328125 -133.713928222656 -135.07607287969688
2018.4189453125 -144.154556274414 -137.02834827305063
2018.451782226562 -140.262130737305 -139.0848932256521
2018.484619140625 -134.440582275391 -141.20702647086162
2018.517456054688 -148.255462646484 -143.35403794508926
2018.55029296875 -142.182159423828 -145.49572651720052
2018.583129882812 -141.490371704102 -147.59362365415632
2018.615966796875 -152.569793701172 -149.6222661343995
2018.64892578125 -153.889404296875 -151.57575899321037
2018.681762695312 -153.200897216797 -153.42206615517267
2018.714599609375 -161.988906860352 -155.14393349141196
2018.747436523438 -159.34831237793 -156.73603324021727
2018.7802734375 -157.642028808594 -158.21520122871812
2018.813110351562 -162.079971313477 -159.49588649504904
2018.845947265625 -162.602127075195 -160.72040495442351
2018.87890625 -164.161514282227 -161.72360962217505
2018.911743164062 -162.800827026367 -162.3953673175456
2018.944580078125 -163.362380981445 -163.0177356005113
2018.977416992188 -166.809051513672 -163.47830849767263
2019.010986328125 -162.233367919922 -163.78822846931914
2019.043823242188 -163.607406616211 -164.040278538253
2019.109497070312 -163.62971496582 -164.17820832722964
2019.1259765625 -164.980972290039 -164.2087575639517
2019.142333984375 -166.442977905273 -164.19836641787973
2019.175170898438 -165.193756103516 -164.18398845826536
2019.191650390625 -163.12287902832 -164.15862801445977
2019.208129882812 -164.162521362305 -164.11490091629187
2019.224487304688 -164.298706054688 -164.06072337625892
2019.240966796875 -163.781921386719 -163.96487302908994
2019.25732421875 -164.138046264648 -163.89801791628608
2019.273803710938 -163.758056640625 -163.79475111492735
2019.290161132812 -162.606338500977 -163.69123655153834
2019.306640625 -163.746154785156 -163.7760365412544
2019.323120117188 -162.749114990234 -163.97950173716217
2019.339477539062 -163.306091308594 -164.27348061044827
2019.35595703125 -162.659927368164 -164.6444698827377
2019.372314453125 -163.938812255859 -165.0894553369709
2019.388793945312 -163.506759643555 -165.6540133308503
2019.405151367188 -162.618942260742 -166.54693879949468
2019.421630859375 -167.060272216797 -167.43016789727716
2019.438110351562 -168.764434814453 -168.48077882228546
2019.454467773438 -169.890228271484 -169.66288284100617
2019.470947265625 -169.122604370117 -170.95479448835934
2019.4873046875 -171.440353393555 -172.28221296065954
2019.503784179688 -161.982986450195 -173.5996750674932
2019.520141601562 -164.168029785156 -174.87705052111878
2019.53662109375 -176.800308227539 -176.1801368042699
2019.569458007812 -180.470397949219 -178.78928886071
2019.602294921875 -187.120223999023 -181.3629416202976
2019.618774414062 -177.280303955078 -182.68502161285787
2019.635131835938 -189.23991394043 -183.99620713828475
2019.651611328125 -185.019607543945 -185.27272030000478
2019.668090820312 -179.434753417969 -186.57461108447745
2019.71728515625 -192.290145874023 -190.2196361691634
2019.733764648438 -191.054534912109 -191.37039356664158
2019.750122070312 -191.005630493164 -192.4154025999569
2019.7666015625 -195.398788452148 -193.47572697223237
2019.799438476562 -195.755004882812 -195.38602660490037
2019.832275390625 -200.990982055664 -197.24339896918508
2019.865112304688 -200.880554199219 -198.99434257751417
2019.898071289062 -201.046920776367 -200.6381590957535
2019.930908203125 -204.054260253906 -202.12629435085572
2019.963745117188 -202.964721679688 -203.42728509100255
2019.99658203125 -204.846618652344 -204.6700302696571
2020.030151367188 -205.914947509766 -205.99503229308374
2020.06298828125 -207.505661010742 -207.06962031028263
2020.095825195312 -208.448669433594 -208.08579357660562
2020.128662109375 -209.354827880859 -209.0446072307215
2020.161499023438 -210.469039916992 -209.96916392251566
2020.177978515625 -210.543533325195 -210.38828170953363
2020.1943359375 -211.053833007812 -210.85768740884174
2020.227294921875 -212.855590820312 -211.72665942963752
2020.260131835938 -212.465347290039 -212.57022932933623
2020.29296875 -216.024780273438 -213.39589417788116
2020.325805664062 -211.290237426758 -214.20506320023847
2020.358642578125 -214.060256958008 -215.06540048005965
2020.391479492188 -215.880157470703 -215.98532580404643
2020.42431640625 -217.790405273438 -216.94648668489097
2020.457275390625 -214.072769165039 -217.91644185125975
2020.490112304688 -221.504486083984 -218.8563716361715
2020.52294921875 -217.733978271484 -219.76288680769397
2020.555786132812 -216.31706237793 -220.640692305312
2020.572265625 -227.173782348633 -220.9933810908724
2020.588623046875 -225.65478515625 -221.31417505020866
2020.605102539062 -221.541778564453 -221.77100574113743
2020.621459960938 -229.515228271484 -222.0540807131452
2020.654296875 -226.8740234375 -222.71744172707992
2020.687255859375 -215.430435180664 -223.3137909197054
2020.70361328125 -223.017547607422 -223.61885509499967
2020.720092773438 -223.597244262695 -223.8223527868753
2020.7529296875 -224.484817504883 -224.23874546067591
2020.785766601562 -226.972610473633 -224.55637691017023
2020.818603515625 -223.738418579102 -224.80642296133715
2020.851440429688 -222.742141723633 -225.0274884499211
2020.917236328125 -226.90007019043 -225.64856332450958
2020.950073242188 -227.519271850586 -226.13727364876382
2020.98291015625 -226.779296875 -226.64759197596896
2021.013671875 -223.868774414062 -227.07854172189516
2021.046508789062 -224.070602416992 -227.64325358431586
2021.079345703125 -227.209289550781 -228.4258390708467
2021.1123046875 -228.99641418457 -229.27420029707983
2021.145141601562 -230.222320556641 -230.219148162471
2021.177978515625 -232.424942016602 -231.2286115959354
2021.210815429688 -231.004409790039 -232.3034837065015
2021.24365234375 -229.532897949219 -233.37550174854752
2021.276489257812 -230.346038818359 -234.65038592506465
2021.309326171875 -240.714889526367 -236.00404487429594
2021.34228515625 -236.496795654297 -237.45026249094462
2021.358642578125 -240.975952148438 -238.25472505065298
2021.391479492188 -240.192230224609 -239.79530531684603
2021.407958984375 -239.26416015625 -240.5921667516596
2021.440795898438 -237.865036010742 -242.07022645143147
2021.4736328125 -240.362289428711 -243.39803139211187
2021.506469726562 -248.887329101562 -244.53008528714847
2021.539306640625 -254.296493530273 -245.49284842579408
2021.572265625 -254.544738769531 -246.09124288960712
2021.605102539062 -251.709381103516 -246.96016112507368
2021.637939453125 -249.596969604492 -247.7570723957515
2021.670776367188 -253.428939819336 -248.4554867193175
2021.736450195312 -250.370803833008 -249.24333193785804
2021.769287109375 -248.900344848633 -249.60203194182935
2021.80224609375 -249.851455688477 -249.71022552649737
2021.835083007812 -245.065460205078 -249.77635315481328
2021.867919921875 -253.812606811523 -249.70323202069025
2021.966430664062 -249.997619628906 -249.38042630640373
2022.0 -247.068298339844 -249.34141745525477
2022.065673828125 -253.068069458008 -249.2412305234139
2022.098510742188 -246.385437011719 -249.35361675416073
2022.197143554688 -248.375411987305 -250.08628498709152
2022.22998046875 -250.219299316406 -250.46884813728767
2022.262817382812 -244.098403930664 -250.93518152071158
2022.295654296875 -246.287689208984 -251.507421725614
2022.328491210938 -250.647674560547 -252.20635223338735
2022.394287109375 -251.912521362305 -253.83595719980124
2022.558471679688 -262.239074707031 -257.976579577747
2022.591430664062 -243.246658325195 -258.92016499976563
2022.68994140625 -260.846954345703 -262.08904044942955
2022.722778320312 -279.288726806641 -263.1931658530846
2022.821411132812 -269.2255859375 -265.8848329123377
2022.854248046875 -265.674285888672 -266.4718049808385
2022.887084960938 -265.897857666016 -266.94665770305954
2022.919921875 -269.452056884766 -267.4316936398161
2022.952758789062 -270.888427734375 -267.90626377186766
2022.985595703125 -271.213073730469 -268.263238694715
2023.019165039062 -267.816619873047 -268.62526185343387
2023.052001953125 -267.760009765625 -268.93744813587034
2023.084838867188 -267.829162597656 -269.3247025087542
2023.11767578125 -269.076202392578 -269.9754795330402
2023.150634765625 -269.172241210938 -270.558942426887
2023.183471679688 -269.165771484375 -271.31487511689414
2023.21630859375 -261.019165039062 -272.06532189562637
2023.249145507812 -265.574523925781 -272.8130609802824
2023.281982421875 -269.392944335938 -273.5626639182323
2023.314819335938 -274.741394042969 -274.3193799197134
2023.34765625 -272.070343017578 -275.08908602610967
2023.380615234375 -282.62353515625 -275.87991213751246
2023.413452148438 -269.233123779297 -276.6908144559751
2023.4462890625 -282.297027587891 -277.52638428037903
2023.57763671875 -317.488433837891 -281.0959162480174
