2014.804931640625 -0.0 1.9638620925180006
2014.837768554688 -1.970852375031 1.9639505157958241
2014.903442382812 2.258631229401 1.9606199892800291
2014.96923828125 4.129847049713 1.9533411705953188
2015.03564453125 13.490504264832 1.942899882751606
2015.101318359375 3.070052623749 1.9300700337610108
2015.265625 28.993490219116 1.8892509170119303
2015.331298828125 15.034607887268 1.8696851657622358
2015.39697265625 -6.826529026031 1.8483084754381987
2016.021850585938 13.280017852783 2.4802679396163727
2016.1533203125 1.377259969711 2.2603626763723264
2016.350463867188 1.868026852608 0.9710014906545927
2016.416137695312 -12.570631980896 0.4784975302046793
2016.547607421875 9.047765731812 -0.44990921750740026
2016.744750976562 -2.242093086243 -1.7072114294494467
2016.777587890625 0.161090105772 -2.0072866411757455
2016.810424804688 -3.124447822571 -2.3475879073130863
2016.84326171875 -3.811563014984 -2.824107600457949
2016.876098632812 -3.813545942307 -3.3514782146139233
2016.908935546875 -1.724082231522 -3.878073254104043
2016.941772460938 -3.995716571808 -4.399783216296626
2016.974731445312 -3.624758720398 -4.92079376410205
2017.005493164062 -8.877138137817 -5.405306272175275
2017.038330078125 -5.678885936737 -5.92304961873755
2017.071166992188 -6.203436374664 -6.444824925952817
2017.10400390625 -7.014003276825 -6.973124282316214
2017.136840820312 -7.831784248352 -7.500645532171542
2017.169799804688 -8.145596504211 -8.02906556304428
2017.20263671875 -9.217385292053 -8.542245876263555
2017.235473632812 -7.640768527985 -9.031972249762088
2017.268310546875 -9.555856704712 -9.52068469513445
2017.301147460938 -11.513229370117 -10.041540707803504
2017.333984375 -7.644280910492 -10.589758572067797
2017.366821289062 -13.296544075012 -11.146165021068171
2017.399780273438 -11.981579780579 -11.705063947866716
2017.4326171875 -10.336925506592 -12.272573516492423
2017.498291015625 -12.548466682434 -13.519291971942785
2017.531127929688 -12.399551391602 -14.19574690065362
2017.56396484375 -17.855363845825 -14.89313971305761
2017.596801757812 -18.734867095947 -15.613544614844619
2017.629760742188 -12.215344429016 -16.374540549228048
2017.66259765625 -14.206461906433 -17.170369427567948
2017.695434570312 -17.594324111938 -17.98804023977921
2017.728271484375 -18.445667266846 -18.822611593929867
2017.761108398438 -22.252223968506 -19.64971284659721
2017.7939453125 -21.662761688232 -20.446213822636107
2017.826782226562 -19.705371856689 -21.201389421719256
2017.859741210938 -21.614259719849 -21.912872088405457
2017.892578125 -23.013826370239 -22.572808441817614
2017.925415039062 -28.435667037964 -23.18643598544901
2017.958251953125 -25.238899230957 -23.747090059657477
2017.991088867188 -24.597652435303 -24.263825766482523
2018.024658203125 -25.42578125 -24.783971486729527
2018.057495117188 -26.421688079834 -25.31639281528023
2018.09033203125 -25.335153579712 -25.897442961291347
2018.123168945312 -24.981481552124 -26.532234424514737
2018.156005859375 -23.660196304321 -27.222201716166737
2018.18896484375 -27.004581451416 -27.98601678504567
2018.221801757812 -25.184839248657 -28.844238391831656
2018.254638671875 -28.237480163574 -29.814367798521637
2018.287475585938 -29.513666152954 -30.90059011258987
2018.3203125 -32.857498168945 -32.10165656073102
2018.353149414062 -30.885972976685 -33.40064291178931
2018.385986328125 -36.230854034424 -34.76462766280153
2018.4189453125 -34.045505523682 -36.15484207302405
2018.451782226562 -37.888870239258 -37.520186296457524
2018.484619140625 -41.6868019104 -38.8381917274884
2018.517456054688 -39.925182342529 -40.109008681427625
2018.55029296875 -45.430530548096 -41.34512412382667
2018.583129882812 -43.829395294189 -42.53592224808995
2018.615966796875 -48.969459533691 -43.66494623839566
2018.64892578125 -41.595359802246 -44.71929390591951
2018.681762695312 -46.374000549316 -45.67272848553921
2018.714599609375 -41.278442382812 -46.52309925697554
2018.747436523438 -49.895324707031 -47.267384685799115
2018.7802734375 -48.16637802124 -47.92093586663003
2018.813110351562 -50.128189086914 -48.47949778213229
2018.845947265625 -51.771499633789 -49.01911010851525
2018.87890625 -50.206924438477 -49.507080610681264
2018.911743164062 -49.761138916016 -49.85972377547769
2018.944580078125 -51.364757537842 -50.20859987194275
2018.977416992188 -48.086135864258 -50.45413545650021
2019.010986328125 -53.352981567383 -50.71875719415256
2019.043823242188 -48.872871398926 -50.9511296855159
2019.109497070312 -50.484516143799 -51.72815352309928
2019.1259765625 -50.734798431396 -51.885128918299195
2019.142333984375 -51.538040161133 -52.21377030586508
2019.175170898438 -49.656715393066 -52.92626779439538
2019.191650390625 -50.281616210938 -53.46278209061914
2019.208129882812 -53.949363708496 -54.07826627052029
2019.224487304688 -55.492557525635 -54.71433973435347
2019.240966796875 -55.045177459717 -55.460149323611724
2019.25732421875 -56.825428009033 -56.208787269984825
2019.273803710938 -57.255592346191 -56.97512430669737
2019.290161132812 -59.732555389404 -57.785880819691755
2019.306640625 -57.691585540771 -58.5673352096762
2019.323120117188 -59.05241394043 -59.30302750136113
2019.339477539062 -62.305500030518 -59.98205938867098
2019.35595703125 -60.771335601807 -60.607467319792796
2019.372314453125 -61.108905792236 -61.18034983914629
2019.388793945312 -61.648666381836 -61.73018767397981
2019.405151367188 -63.132946014404 -62.23741533087758
2019.421630859375 -61.885776519775 -62.77480087049727
2019.438110351562 -65.8408203125 -63.286547104560235
2019.454467773438 -62.695400238037 -63.755358368813724
2019.470947265625 -63.042217254639 -64.17978287473933
2019.4873046875 -66.085563659668 -64.56440863246773
2019.503784179688 -63.198364257812 -64.88802676375381
2019.520141601562 -65.440269470215 -65.24048211241666
2019.53662109375 -67.90892791748 -65.56038759266634
2019.569458007812 -68.286880493164 -66.0129043612857
2019.602294921875 -65.679214477539 -66.10712666896721
2019.618774414062 -66.690757751465 -66.15558396324757
2019.635131835938 -66.555870056152 -66.16915699204898
2019.651611328125 -69.956016540527 -66.01722039159475
2019.668090820312 -67.604774475098 -65.92837026463812
2019.71728515625 -64.768440246582 -65.106060403749
2019.733764648438 -64.384750366211 -64.73470833077117
2019.750122070312 -66.724449157715 -64.20569991313867
2019.7666015625 -65.661575317383 -63.744214958585005
2019.799438476562 -61.376159667969 -62.64042632567698
2019.832275390625 -66.304634094238 -61.538130927521905
2019.865112304688 -58.868549346924 -60.416325334254836
2019.898071289062 -60.376983642578 -59.27347976099566
2019.930908203125 -57.517807006836 -58.15962642097227
2019.963745117188 -55.984790802002 -57.167874089203195
2019.99658203125 -55.603118896484 -56.25541306956491
2020.030151367188 -52.244403839111 -55.223692372053435
2020.06298828125 -53.459571838379 -54.5447891825451
2020.095825195312 -54.214267730713 -53.91608946716832
2020.128662109375 -52.118770599365 -53.402994315508224
2020.161499023438 -49.551689147949 -53.00011002663847
2020.177978515625 -52.960708618164 -52.890072826435855
2020.1943359375 -52.568511962891 -52.68497445222868
2020.227294921875 -50.145698547363 -52.422658277810584
2020.260131835938 -54.274398803711 -52.17355154051395
2020.29296875 -53.659839630127 -51.9475130878238
2020.325805664062 -51.774478912354 -51.712605926705564
2020.358642578125 -51.560901641846 -51.407664966451065
2020.391479492188 -51.439144134521 -51.11318852460647
2020.42431640625 -54.982860565186 -50.79434947754512
2020.457275390625 -50.222969055176 -50.427045933631575
2020.490112304688 -46.237968444824 -50.03306132402892
2020.52294921875 -49.149654388428 -49.63591015597177
2020.555786132812 -49.851947784424 -49.28235805256433
2020.572265625 -47.935581207275 -49.18359338289785
2020.588623046875 -45.594062805176 -49.11138479147916
2020.605102539062 -52.465934753418 -48.94004164333724
2020.621459960938 -56.864749908447 -48.90975284994665
2020.654296875 -47.22583770752 -48.796193387983216
2020.687255859375 -46.343906402588 -48.750449868300684
2020.70361328125 -48.973571777344 -48.73850003407642
2020.720092773438 -49.043811798096 -48.72166552127955
2020.7529296875 -47.393974304199 -48.653959176191776
2020.785766601562 -50.794933319092 -48.525896495426764
2020.818603515625 -48.343887329102 -48.34713830621359
2020.851440429688 -51.248245239258 -48.135259800529035
2020.917236328125 -49.518466949463 -47.60196686884287
2020.950073242188 -47.407302856445 -47.19567686416285
2020.98291015625 -46.223453521729 -46.76157069024907
2021.013671875 -47.234237670898 -46.40462430303387
2021.046508789062 -45.28150177002 -45.89402669208976
2021.079345703125 -45.456935882568 -45.36413417450761
2021.1123046875 -44.370323181152 -44.83052742090917
2021.145141601562 -45.603260040283 -44.313179757038206
2021.177978515625 -41.537620544434 -43.82518351522458
2021.210815429688 -41.473720550537 -43.366914768131764
2021.24365234375 -44.437110900879 -42.90035448643578
2021.276489257812 -40.901466369629 -42.5079546304262
2021.309326171875 -43.117897033691 -42.23164830172666
2021.34228515625 -35.04048538208 -42.20518861362851
2021.358642578125 -44.512859344482 -42.46818347088866
2021.391479492188 -35.172134399414 -42.79479159538872
2021.407958984375 -39.199310302734 -43.11041761804982
2021.440795898438 -39.237209320068 -43.50649668112474
2021.4736328125 -41.868663787842 -43.94464849281157
2021.506469726562 -56.25638961792 -44.41289807062638
2021.539306640625 -39.056331634521 -44.8992360496198
2021.572265625 -51.339893341064 -45.50628917520823
2021.605102539062 -48.534938812256 -46.03457141870509
2021.637939453125 -46.177562713623 -46.6137330181461
2021.670776367188 -47.634544372559 -47.21182558569515
2021.736450195312 -51.181625366211 -48.285591759173386
2021.769287109375 -48.448162078857 -48.827790539607825
2021.80224609375 -50.777347564697 -49.282142910267865
2021.835083007812 -62.21760559082 -49.70846021558175
2021.867919921875 -46.609016418457 -50.03524515583295
2021.966430664062 -50.892551422119 -50.985459179948016
2022.0 -52.078090667725 -51.3312932379432
2022.065673828125 -55.400501251221 -51.9984658408684
2022.098510742188 -50.130519866943 -52.35991426153424
2022.197143554688 -52.434070587158 -53.42003862198563
2022.22998046875 -47.368968963623 -53.69850596632706
2022.262817382812 -54.002159118652 -53.89811427928508
2022.295654296875 -54.90503692627 -53.98544992745494
2022.328491210938 -56.26944732666 -53.95934744171206
2022.394287109375 -67.846069335938 -53.699088504133215
2022.558471679688 -58.460800170898 -53.26208776971711
2022.591430664062 -44.93270111084 -53.312811899031026
2022.68994140625 -67.303077697754 -53.29701412849866
2022.722778320312 -51.333984375 -53.15284343083072
2022.821411132812 -50.187969207764 -52.090976849955545
2022.854248046875 -57.342304229736 -51.74460776740591
2022.887084960938 -50.891429901123 -51.44036359209054
2022.919921875 -49.487239837646 -51.15395120415555
2022.952758789062 -53.109535217285 -50.95871312641333
2022.985595703125 -49.124942779541 -50.870931388499365
2023.019165039062 -51.908218383789 -50.82802856139418
2023.052001953125 -49.547931671143 -50.772382887141255
2023.084838867188 -49.008743286133 -50.80871444340796
2023.11767578125 -52.207744598389 -51.022550136192734
2023.150634765625 -48.331615447998 -51.20365564849676
2023.183471679688 -51.257823944092 -51.542985496238536
2023.21630859375 -49.276435852051 -51.94968758583492
2023.249145507812 -47.573944091797 -52.39989928630418
2023.281982421875 -53.480525970459 -52.87409108593484
2023.314819335938 -53.363006591797 -53.3631005279702
2023.34765625 -51.386142730713 -53.86303168208873
2023.380615234375 -49.728874206543 -54.37490420821719
2023.413452148438 -56.602607727051 -54.89652534432262
2023.4462890625 -58.681869506836 -55.43277258700279
2023.57763671875 -63.067962646484 -57.750248843223716
