2014.804931640625 0.0 6.149078153301286
2014.837768554688 -1.201487183571 5.924009433366139
2014.903442382812 6.967464923859 5.478379786708227
2014.96923828125 5.311527729034 5.0381605640556035
2015.03564453125 14.803396224976 4.599969258859918
2015.101318359375 2.576915740967 4.172128389940192
2015.265625 28.368688583374 3.1225301605858937
2015.331298828125 10.749351501465 2.7105319125458793
2015.39697265625 -3.285643577576 2.302152918013511
2016.021850585938 8.232172966003 -3.2125496868974337
2016.1533203125 -7.636034011841 -3.019568804090997
2016.350463867188 -3.077703714371 -2.9320078135267167
2016.416137695312 -21.930896759033 -3.153713150662108
2016.547607421875 -1.023034334183 -3.5459156168888666
2016.744750976562 3.913951396942 -4.2833511053837245
2016.777587890625 -3.419474124908 -4.46426262933023
2016.810424804688 -3.360589504242 -4.699111617478487
2016.84326171875 -4.404066562653 -5.119426257413492
2016.876098632812 -8.219180107117 -5.6203088275487305
2016.908935546875 -5.891947746277 -6.110460787971949
2016.941772460938 -8.166224479675 -6.590575295828558
2016.974731445312 -8.77296257019 -7.0720335709573865
2017.005493164062 -5.943862438202 -7.475077945837889
2017.038330078125 -6.730544090271 -7.927003716307851
2017.071166992188 -9.311656951904 -8.365523569528516
2017.10400390625 -9.417379379272 -8.688596050609998
2017.136840820312 -9.703686714172 -8.948505537313416
2017.169799804688 -10.506905555725 -9.172630944238174
2017.20263671875 -9.228666305542 -9.377986921234328
2017.235473632812 -10.140630722046 -9.589527675441277
2017.268310546875 -9.57782459259 -9.825463127865659
2017.301147460938 -11.477135658264 -10.087029981782688
2017.333984375 -7.890716552734 -10.36530126534023
2017.366821289062 -9.333759307861 -10.643318129885756
2017.399780273438 -11.260381698608 -10.917881944957983
2017.4326171875 -6.85408115387 -11.19973571440356
2017.498291015625 -12.392580032349 -11.847311252069337
2017.531127929688 -11.834411621094 -12.230738374067085
2017.56396484375 -14.742053985596 -12.65919064672842
2017.596801757812 -11.892624855042 -13.135979235029213
2017.629760742188 -14.167103767395 -13.655511620014023
2017.66259765625 -13.703191757202 -14.196434222720763
2017.695434570312 -13.379021644592 -14.736194897640818
2017.728271484375 -14.541062355042 -15.26800642188008
2017.761108398438 -16.846445083618 -15.789201536569973
2017.7939453125 -15.922253608704 -16.29909679305921
2017.826782226562 -17.006763458252 -16.805518750856884
2017.859741210938 -17.829833984375 -17.3154021022816
2017.892578125 -18.352022171021 -17.8290307570973
2017.925415039062 -19.208017349243 -18.344852585736263
2017.958251953125 -18.826850891113 -18.85378371509484
2017.991088867188 -19.166820526123 -19.356975271393527
2018.024658203125 -19.541088104248 -19.8726729374277
2018.057495117188 -20.200490951538 -20.387642584954285
2018.09033203125 -20.786773681641 -20.933222775212705
2018.123168945312 -21.010433197021 -21.52024517584626
2018.156005859375 -20.270519256592 -22.170689111998986
2018.18896484375 -24.072820663452 -22.91307706891985
2018.221801757812 -21.475528717041 -23.767947678767694
2018.254638671875 -23.436838150024 -24.739581263329768
2018.287475585938 -24.148332595825 -25.81094747430863
2018.3203125 -26.774703979492 -26.976659353652057
2018.353149414062 -24.956060409546 -28.240137513957524
2018.385986328125 -29.617916107178 -29.554782417648127
2018.4189453125 -26.250356674194 -30.844488996443918
2018.451782226562 -32.51485824585 -32.05818149859347
2018.484619140625 -38.227127075195 -33.220143164131144
2018.517456054688 -34.846092224121 -34.37425731407215
2018.55029296875 -39.571033477783 -35.53522243260898
2018.583129882812 -43.715190887451 -36.66870480742546
2018.615966796875 -44.175777435303 -37.743346341647594
2018.64892578125 -41.071063995361 -38.7385980603967
2018.681762695312 -40.192470550537 -39.6223213595055
2018.714599609375 -37.768177032471 -40.3734147945831
2018.747436523438 -41.268966674805 -40.98011398002432
2018.7802734375 -41.787448883057 -41.46658065436843
2018.813110351562 -44.337581634521 -41.85191583666005
2018.845947265625 -43.996215820312 -42.19548097265065
2018.87890625 -41.966297149658 -42.516753720617764
2018.911743164062 -41.79899597168 -42.87323121536239
2018.944580078125 -44.325145721436 -43.247721163905744
2018.977416992188 -42.444644927979 -43.60616286971512
2019.010986328125 -42.929229736328 -44.003269556027924
2019.043823242188 -43.009963989258 -44.35982527667185
2019.109497070312 -45.829566955566 -45.53810678935172
2019.1259765625 -45.492877960205 -45.83313930415098
2019.142333984375 -45.095932006836 -46.26393264051401
2019.175170898438 -46.497257232666 -47.196572973172984
2019.191650390625 -46.522464752197 -47.79048502511563
2019.208129882812 -46.062835693359 -48.429062839689095
2019.224487304688 -47.615497589111 -49.05516032465398
2019.240966796875 -49.807052612305 -49.76455567091456
2019.25732421875 -51.536891937256 -50.49242565013181
2019.273803710938 -52.610767364502 -51.216331437662284
2019.290161132812 -52.399444580078 -51.99695489901756
2019.306640625 -52.756843566895 -52.83310757028319
2019.323120117188 -53.808460235596 -53.67062828238449
2019.339477539062 -54.494762420654 -54.492608413477946
2019.35595703125 -54.539318084717 -55.298378875597315
2019.372314453125 -55.461025238037 -56.06853757347569
2019.388793945312 -57.109230041504 -56.82461833145088
2019.405151367188 -57.510555267334 -57.595445394155306
2019.421630859375 -57.892509460449 -58.36644719316276
2019.438110351562 -61.604633331299 -59.12402519256815
2019.454467773438 -59.023815155029 -59.83875846129195
2019.470947265625 -60.251266479492 -60.50345116366714
2019.4873046875 -62.38321685791 -61.08087677631237
2019.503784179688 -61.541698455811 -61.439197306641724
2019.520141601562 -62.22375869751 -61.89482042174914
2019.53662109375 -66.928649902344 -62.30019049156749
2019.569458007812 -66.655151367188 -62.91903219596256
2019.602294921875 -61.470432281494 -63.259133840456926
2019.618774414062 -65.916702270508 -63.44860353202438
2019.635131835938 -67.606903076172 -63.60302121280435
2019.651611328125 -62.070560455322 -63.63269817159924
2019.668090820312 -63.741836547852 -63.731005297556024
2019.71728515625 -63.858516693115 -63.74720827156603
2019.733764648438 -62.189281463623 -63.69845498061569
2019.750122070312 -67.052139282227 -63.5907804024897
2019.7666015625 -63.777614593506 -63.49603789132785
2019.799438476562 -62.627964019775 -63.242083548524285
2019.832275390625 -63.321315765381 -62.9710653280848
2019.865112304688 -64.014633178711 -62.67755530851557
2019.898071289062 -62.606925964355 -62.36792694179114
2019.930908203125 -62.042041778564 -62.05093966665392
2019.963745117188 -60.831649780273 -61.73611991226619
2019.99658203125 -61.975605010986 -61.45360225506657
2020.030151367188 -60.858196258545 -61.14157803935393
2020.06298828125 -59.583625793457 -60.917100932975394
2020.095825195312 -59.912456512451 -60.69024709445204
2020.128662109375 -60.987743377686 -60.49482688479684
2020.161499023438 -59.101875305176 -60.340503038315155
2020.177978515625 -60.118656158447 -60.29314614246575
2020.1943359375 -59.862590789795 -60.218152662327874
2020.227294921875 -60.117179870605 -60.124884207423875
2020.260131835938 -61.350814819336 -60.058687196202975
2020.29296875 -60.628646850586 -60.015335547702
2020.325805664062 -59.180027008057 -59.99020773915759
2020.358642578125 -59.206039428711 -59.95421754580421
2020.391479492188 -61.131374359131 -59.90738903442623
2020.42431640625 -59.829219818115 -59.842325098924526
2020.457275390625 -57.414192199707 -59.72755977452963
2020.490112304688 -61.604667663574 -59.56523098267313
2020.52294921875 -59.734592437744 -59.38788522724863
2020.555786132812 -58.974906921387 -59.212765828796044
2020.572265625 -61.700897216797 -59.10845779550938
2020.588623046875 -55.662162780762 -59.02193383255718
2020.605102539062 -63.070407867432 -58.9467395378285
2020.621459960938 -58.785022735596 -58.87853631826022
2020.654296875 -58.991760253906 -58.77029016287135
2020.687255859375 -56.944568634033 -58.72773851619979
2020.70361328125 -57.286560058594 -58.68682697664976
2020.720092773438 -57.148323059082 -58.76739542572867
2020.7529296875 -58.399227142334 -58.850170696925915
2020.785766601562 -58.630558013916 -58.954796518511735
2020.818603515625 -57.397720336914 -59.074477203479994
2020.851440429688 -59.938297271729 -59.22040702728239
2020.917236328125 -61.981861114502 -59.63495074070309
2020.950073242188 -60.963684082031 -59.85244557791455
2020.98291015625 -59.606426239014 -60.02778159868067
2021.013671875 -59.148250579834 -60.20993282603082
2021.046508789062 -61.170600891113 -60.273888431947135
2021.079345703125 -59.867282867432 -60.24307057889145
2021.1123046875 -61.286808013916 -60.21231487686998
2021.145141601562 -62.670360565186 -60.15299425033587
2021.177978515625 -58.749919891357 -60.09200020246489
2021.210815429688 -73.258895874023 -60.04741486622125
2021.24365234375 -53.769878387451 -59.99945563521975
2021.276489257812 -59.037651062012 -59.971498696239046
2021.309326171875 -60.012794494629 -59.95082771460907
2021.34228515625 -57.468788146973 -59.99907776184151
2021.358642578125 -62.858539581299 -60.11783221263264
2021.391479492188 -57.952121734619 -60.32880340131935
2021.407958984375 -70.207046508789 -60.512312741583806
2021.440795898438 -50.664920806885 -60.79240282090303
2021.4736328125 -61.390213012695 -61.06158029223744
2021.506469726562 -86.828414916992 -61.3108948597086
2021.539306640625 -54.268196105957 -61.551475222126406
2021.572265625 -47.434741973877 -61.762485173762734
2021.605102539062 -62.491645812988 -61.9733005105894
2021.637939453125 -52.86909866333 -61.97875897302376
2021.670776367188 -66.525848388672 -61.70964809664115
2021.736450195312 -61.423042297363 -60.62271798425405
2021.769287109375 -68.15682220459 -60.27141343763737
2021.80224609375 -63.660377502441 -59.75013045413595
2021.835083007812 -80.322166442871 -59.245284906325956
2021.867919921875 -43.80012512207 -58.66326958890258
2021.966430664062 -55.337490081787 -56.87370888720019
2022.0 -53.601181030273 -56.20884178724591
2022.065673828125 -56.050861358643 -54.85349857517402
2022.098510742188 -38.11869430542 -54.15685950271831
2022.197143554688 -50.29358291626 -51.93284315254563
2022.22998046875 -54.497821807861 -51.192278005243665
2022.262817382812 -51.970809936523 -50.45472328176798
2022.295654296875 -53.596286773682 -49.70600810420387
2022.328491210938 -46.089878082275 -48.92100024313944
2022.394287109375 -65.26424407959 -47.204515599773515
2022.558471679688 -41.489444732666 -42.97937343092789
2022.591430664062 -43.791038513184 -42.07113478968585
2022.68994140625 -51.866729736328 -39.33958887822824
2022.722778320312 -28.032175064087 -38.49016461020372
2022.821411132812 -32.201732635498 -36.301111494339935
2022.854248046875 -31.22106552124 -35.617324308594846
2022.887084960938 -34.04354095459 -34.943977774408644
2022.919921875 -35.444480895996 -34.12738482284686
2022.952758789062 -33.114219665527 -33.34642422696932
2022.985595703125 -32.942096710205 -33.02630855189486
2023.019165039062 -32.716102600098 -32.8455135665847
2023.052001953125 -33.040523529053 -32.70071507184139
2023.084838867188 -32.473575592041 -32.587021190845604
2023.11767578125 -30.910238265991 -32.56056871357511
2023.150634765625 -31.826652526855 -32.52598928499974
2023.183471679688 -32.756340026855 -32.5620067212808
2023.21630859375 -30.569110870361 -32.60907271254991
2023.249145507812 -31.176095962524 -32.66350098072502
2023.281982421875 -33.12047958374 -32.72419232801813
2023.314819335938 -31.29207611084 -32.79148162468646
2023.34765625 -31.638877868652 -32.86611826321011
2023.380615234375 -36.380493164062 -32.94995482422832
2023.413452148438 -31.494546890259 -33.04408448889171
2023.4462890625 -36.094848632812 -33.1493479572911
2023.57763671875 -41.68529510498 -33.67806766753736
