2014.804931640625 0.0 14.439602589958294
2014.837768554688 14.638680458069 14.058462601371932
2014.903442382812 13.724059104919 13.294810106605148
2014.96923828125 10.239192962646 12.527691569765567
2015.03564453125 11.708560943604 11.751148842356297
2015.101318359375 0.79333627224 10.981129729756265
2015.265625 18.588069915771 9.049400806100742
2015.331298828125 10.914697647095 8.277391045224466
2015.39697265625 -11.313903808594 7.507173950958972
2016.021850585938 0.431917965412 0.553947199198875
2016.1533203125 -1.998507738113 -0.9670290472990485
2016.350463867188 -9.88166809082 -1.965944351917968
2016.416137695312 -37.81623840332 -2.1680532461190754
2016.547607421875 6.32159948349 -2.7141964410126524
2016.744750976562 5.206670761108 -2.1145500540010147
2016.777587890625 1.401856541634 -1.9047860559845835
2016.810424804688 -5.02108335495 -1.8977443492376722
2016.84326171875 -1.958194732666 -2.2129189493828214
2016.876098632812 -3.713646888733 -2.6093267337518196
2016.908935546875 -2.311318635941 -3.0138397883033674
2016.941772460938 -2.729233503342 -3.4529240030937314
2016.974731445312 -3.078752040863 -3.896081858683355
2017.005493164062 -4.55028963089 -4.34315915319343
2017.038330078125 -4.62269115448 -4.80688019282822
2017.071166992188 -5.087941169739 -5.267905133848519
2017.10400390625 -5.876715660095 -5.848488081109644
2017.136840820312 -6.011934757233 -6.51089855939258
2017.169799804688 -6.522693157196 -7.233247266894432
2017.20263671875 -6.538038730621 -8.018720155186717
2017.235473632812 -4.850895881653 -8.859319431029096
2017.268310546875 -9.003765106201 -9.715293552036709
2017.301147460938 -12.16498374939 -10.542537434739948
2017.333984375 -11.43141078949 -11.321113674513528
2017.366821289062 -11.887078285217 -12.056569669700307
2017.399780273438 -13.971323013306 -12.77737164198992
2017.4326171875 -15.79453086853 -13.504111529087776
2017.498291015625 -18.803321838379 -14.950318691742764
2017.531127929688 -17.399129867554 -15.599248393555058
2017.56396484375 -14.622205734253 -16.160207177125255
2017.596801757812 -14.206593513489 -16.62554597085323
2017.629760742188 -16.175968170166 -17.003780327250162
2017.66259765625 -16.681983947754 -17.292924854971698
2017.695434570312 -18.954483032227 -17.497565666511058
2017.728271484375 -21.378009796143 -17.634184430429986
2017.761108398438 -20.82205581665 -17.734776189586697
2017.7939453125 -18.610021591187 -17.821053668038104
2017.826782226562 -16.336711883545 -17.89623883029273
2017.859741210938 -18.582941055298 -17.945622471554007
2017.892578125 -17.907165527344 -17.93830844578339
2017.925415039062 -18.742164611816 -17.867561979737406
2017.958251953125 -17.157238006592 -17.761587680908175
2017.991088867188 -17.152627944946 -17.663151594608113
2018.024658203125 -16.542081832886 -17.627107015875193
2018.057495117188 -17.653266906738 -17.68662844545795
2018.09033203125 -17.517965316772 -17.85907894046355
2018.123168945312 -17.413375854492 -18.16296769068206
2018.156005859375 -14.995087623596 -18.61929425073568
2018.18896484375 -18.011083602905 -19.25182386029731
2018.221801757812 -16.576808929443 -20.069264738603323
2018.254638671875 -20.22798538208 -21.053401431476104
2018.287475585938 -18.208011627197 -22.219797340091933
2018.3203125 -23.268142700195 -23.58262305082294
2018.353149414062 -20.279294967651 -25.127682085020282
2018.385986328125 -24.384153366089 -26.802685073415926
2018.4189453125 -26.734760284424 -28.546656068345207
2018.451782226562 -29.75807762146 -30.29546858399173
2018.484619140625 -36.288425445557 -32.03476465620441
2018.517456054688 -34.607231140137 -33.75384605710211
2018.55029296875 -43.615413665771 -35.43469485410781
2018.583129882812 -42.078453063965 -37.02627831126269
2018.615966796875 -41.453243255615 -38.49142030733159
2018.64892578125 -40.949970245361 -39.810443979002244
2018.681762695312 -44.148265838623 -40.96012833613713
2018.714599609375 -37.197814941406 -41.92362474510212
2018.747436523438 -43.94221496582 -42.671504625354565
2018.7802734375 -46.507301330566 -43.223216991131935
2018.813110351562 -46.6975440979 -43.603829503713975
2018.845947265625 -46.339569091797 -43.922281679835855
2018.87890625 -42.718200683594 -44.185625081569206
2018.911743164062 -43.600070953369 -44.44214599327807
2018.944580078125 -44.763320922852 -44.681200456464175
2018.977416992188 -42.886840820312 -44.87249137515577
2019.010986328125 -43.748573303223 -45.17429686744911
2019.043823242188 -44.740169525146 -45.45229048461922
2019.109497070312 -46.447540283203 -46.78889882443749
2019.1259765625 -45.538387298584 -47.12536374632742
2019.142333984375 -45.80041885376 -47.66500137322118
2019.175170898438 -47.730087280273 -48.83672847099808
2019.191650390625 -47.866035461426 -49.635008248323466
2019.208129882812 -48.446502685547 -50.54195196938236
2019.224487304688 -50.158203125 -51.428395503902635
2019.240966796875 -53.533588409424 -52.5537751894358
2019.25732421875 -51.811386108398 -53.758440929189035
2019.273803710938 -54.641101837158 -54.92024183807224
2019.290161132812 -56.74739074707 -56.1642790351153
2019.306640625 -57.79504776001 -57.627390766257356
2019.323120117188 -56.010383605957 -59.17443567507995
2019.339477539062 -62.149814605713 -60.780641326622614
2019.35595703125 -59.802028656006 -62.466336361782034
2019.372314453125 -64.270317077637 -64.17723488451595
2019.388793945312 -64.506828308105 -65.92271844380694
2019.405151367188 -65.311012268066 -67.70240872613081
2019.421630859375 -69.173400878906 -69.44069309694393
2019.438110351562 -74.624183654785 -71.18978186096759
2019.454467773438 -72.136413574219 -72.91906714444802
2019.470947265625 -76.16024017334 -74.59897284457271
2019.4873046875 -79.999961853027 -76.14601343091151
2019.503784179688 -80.014442443848 -77.41526825419608
2019.520141601562 -77.171737670898 -78.80061693481765
2019.53662109375 -82.517524719238 -80.07498091401327
2019.569458007812 -83.116409301758 -82.09999546706447
2019.602294921875 -74.586708068848 -83.35579619632196
2019.618774414062 -88.826568603516 -84.03783566345398
2019.635131835938 -86.469932556152 -84.66924090080326
2019.651611328125 -85.858520507812 -85.09683282399507
2019.668090820312 -95.369598388672 -85.64959406859799
2019.71728515625 -88.536148071289 -86.70541429942745
2019.733764648438 -85.417587280273 -86.9697878405389
2019.750122070312 -91.886985778809 -87.01665649849441
2019.7666015625 -85.721450805664 -87.15824718984607
2019.799438476562 -87.175399780273 -87.15055807289447
2019.832275390625 -92.25855255127 -87.06337166093124
2019.865112304688 -87.66072845459 -86.86383425005928
2019.898071289062 -86.598762512207 -86.5910806508552
2019.930908203125 -86.651321411133 -86.2302361015339
2019.963745117188 -86.102165222168 -85.76309961986479
2019.99658203125 -85.874702453613 -85.25486595485107
2020.030151367188 -84.159408569336 -84.75983280255102
2020.06298828125 -84.327339172363 -84.18644818781513
2020.095825195312 -83.522338867188 -83.68638874678837
2020.128662109375 -83.568412780762 -83.37907513111725
2020.161499023438 -82.200309753418 -83.34556298165428
2020.177978515625 -81.914985656738 -83.60171845782143
2020.1943359375 -82.003448486328 -83.55885140679221
2020.227294921875 -80.025276184082 -83.97941081124185
2020.260131835938 -78.940124511719 -84.5868783413631
2020.29296875 -82.141204833984 -85.22414428363297
2020.325805664062 -78.716995239258 -86.05978023660768
2020.358642578125 -85.719573974609 -87.30622362637672
2020.391479492188 -89.644912719727 -88.71270456367806
2020.42431640625 -93.975410461426 -90.27463297190421
2020.457275390625 -88.557456970215 -92.0913134440876
2020.490112304688 -91.09782409668 -94.07682293884443
2020.52294921875 -94.840873718262 -96.01270393889837
2020.555786132812 -97.646179199219 -97.82459748883686
2020.572265625 -99.386680603027 -98.62492283456754
2020.588623046875 -103.322692871094 -99.3941903679557
2020.605102539062 -104.761520385742 -100.27103484296161
2020.621459960938 -105.390426635742 -100.99923672925199
2020.654296875 -100.91431427002 -102.4749034992009
2020.687255859375 -108.093315124512 -103.74984517682837
2020.70361328125 -106.034545898438 -104.4120921795962
2020.720092773438 -105.404830932617 -104.73448579371275
2020.7529296875 -103.283996582031 -105.46478138020002
2020.785766601562 -108.469390869141 -105.99563176428975
2020.818603515625 -107.993827819824 -106.39027886836934
2020.851440429688 -110.539741516113 -106.68394380486681
2020.917236328125 -107.842948913574 -107.0798079719354
2020.950073242188 -106.412574768066 -107.25387298385657
2020.98291015625 -108.015274047852 -107.43168705164369
2021.013671875 -104.990737915039 -107.57485021757705
2021.046508789062 -107.390411376953 -107.73131041727004
2021.079345703125 -106.864013671875 -108.02166849392155
2021.1123046875 -106.96768951416 -108.38233251158962
2021.145141601562 -107.455230712891 -108.86430860707208
2021.177978515625 -108.74348449707 -109.45236416817322
2021.210815429688 -113.162528991699 -110.12809847107293
2021.24365234375 -103.986946105957 -110.76204802808927
2021.276489257812 -107.582023620605 -111.6768594268345
2021.309326171875 -113.007926940918 -112.76251161784116
2021.34228515625 -108.116149902344 -114.00904116107606
2021.358642578125 -114.621513366699 -114.83490754499614
2021.391479492188 -115.170112609863 -116.36986576485235
2021.407958984375 -117.093467712402 -117.32687772314422
2021.440795898438 -114.463973999023 -119.07653756847274
2021.4736328125 -118.082023620605 -120.94022834792027
2021.506469726562 -141.008865356445 -122.83961329918245
2021.539306640625 -128.419708251953 -124.70516493021425
2021.572265625 -125.857704162598 -126.39140327428986
2021.605102539062 -141.651351928711 -128.15986846672146
2021.637939453125 -134.353103637695 -129.83515909293558
2021.670776367188 -132.915130615234 -131.36484023505136
2021.736450195312 -138.823059082031 -133.7343326513412
2021.769287109375 -137.614135742188 -134.91803915379163
2021.80224609375 -137.47297668457 -135.8534377725522
2021.835083007812 -130.669082641602 -136.78222552501762
2021.867919921875 -140.907745361328 -137.55454164853916
2021.966430664062 -138.181747436523 -139.8035361142358
2022.0 -138.771957397461 -140.48609490252852
2022.065673828125 -133.753540039062 -141.79647701271594
2022.098510742188 -142.811645507812 -142.4333879138596
2022.197143554688 -143.452697753906 -144.31035267003912
2022.22998046875 -147.898254394531 -144.92064189699803
2022.262817382812 -144.716186523438 -145.52343959095583
2022.295654296875 -148.563613891602 -146.11040276798246
2022.328491210938 -145.596542358398 -146.660005059942
2022.394287109375 -157.005508422852 -147.61443116348076
2022.558471679688 -151.313446044922 -149.78799884891748
2022.591430664062 -164.220993041992 -150.24028820624133
2022.68994140625 -144.686370849609 -151.5809982018061
2022.722778320312 -153.494735717773 -151.96432904568653
2022.821411132812 -154.813400268555 -153.282212135532
2022.854248046875 -150.396179199219 -153.90738810963532
2022.887084960938 -150.88410949707 -154.64322974836733
2022.919921875 -152.78190612793 -155.34377491331273
2022.952758789062 -152.650939941406 -156.19204170571862
2022.985595703125 -156.740829467773 -157.4924810067164
2023.019165039062 -159.180908203125 -159.0521492456576
2023.052001953125 -158.150329589844 -160.4764715862849
2023.084838867188 -159.662933349609 -162.36324987877452
2023.11767578125 -163.005294799805 -164.53127861885847
2023.150634765625 -159.803497314453 -166.57741623962156
2023.183471679688 -168.723297119141 -168.7583324082903
2023.21630859375 -166.72737121582 -170.9392436347935
2023.249145507812 -162.42529296875 -173.12943695787664
2023.281982421875 -176.239334106445 -175.33437183384785
2023.314819335938 -180.873947143555 -177.55665314373942
2023.34765625 -178.803085327148 -179.7963146333705
2023.380615234375 -183.755157470703 -182.05946135408945
2023.413452148438 -199.440231323242 -184.32690107990527
2023.4462890625 -185.47673034668 -186.60385097591904
2023.57763671875 -233.788208007812 -195.76395529471802
