2014.804931640625 -0.0 -5.346128733825179
2014.837768554688 -13.897563934326 -6.0080260926392866
2014.903442382812 -7.782140731812 -7.325225764318464
2014.96923828125 -10.030647277832 -8.636332915346125
2015.03564453125 12.56240940094 -9.951063279707506
2015.101318359375 -22.690940856934 -11.242535793603075
2015.265625 21.797039031982 -14.432584819200253
2015.331298828125 -33.469417572021 -15.690379222995416
2015.39697265625 -48.939632415771 -16.93844125661023
2016.021850585938 -11.530846595764 -41.7286466065163
2016.1533203125 -42.210929870605 -38.94047309906861
2016.350463867188 -35.420146942139 -35.62477922285731
2016.416137695312 -50.262016296387 -34.64318890128335
2016.547607421875 -28.474767684937 -32.59953139376049
2016.744750976562 -34.38020324707 -29.541269087031257
2016.777587890625 -25.097511291504 -29.12558969775645
2016.810424804688 -33.447467803955 -28.771028543504418
2016.84326171875 -26.246044158936 -28.58243656304842
2016.876098632812 -29.149459838867 -28.431970084485165
2016.908935546875 -28.435647964478 -28.295652274807228
2016.941772460938 -26.964269638062 -28.159623228297008
2016.974731445312 -25.716901779175 -28.004365894028695
2017.005493164062 -27.360830307007 -27.916535410316285
2017.038330078125 -26.97537612915 -27.796691329937094
2017.071166992188 -26.867074966431 -27.714128499747652
2017.10400390625 -27.327419281006 -27.80000115187628
2017.136840820312 -28.53138923645 -27.99766573468482
2017.169799804688 -29.284029006958 -28.271715780449064
2017.20263671875 -29.091073989868 -28.6098415749011
2017.235473632812 -26.512266159058 -28.990938594697816
2017.268310546875 -24.890533447266 -29.410256891827157
2017.301147460938 -29.333312988281 -29.890290910433343
2017.333984375 -25.437852859497 -30.42453459494952
2017.366821289062 -34.933158874512 -30.98068823157315
2017.399780273438 -35.999691009521 -31.5201513728912
2017.4326171875 -27.502510070801 -32.00950800427665
2017.498291015625 -48.850807189941 -32.78115560955298
2017.531127929688 -31.116264343262 -33.08883009096181
2017.56396484375 -40.123809814453 -33.331325511858765
2017.596801757812 -38.556449890137 -33.46524095692682
2017.629760742188 -34.614250183105 -33.46440226739255
2017.66259765625 -41.916492462158 -33.28438689097978
2017.695434570312 -34.174369812012 -32.91037152641485
2017.728271484375 -35.175003051758 -32.312942951226866
2017.761108398438 -32.16540145874 -31.498107433711375
2017.7939453125 -29.930099487305 -30.530869526622446
2017.826782226562 -30.565649032593 -29.484713513030254
2017.859741210938 -29.739582061768 -28.374651757756183
2017.892578125 -25.762407302856 -27.23035193951662
2017.925415039062 -24.47173500061 -26.097956955635876
2017.958251953125 -25.125402450562 -24.990417539254757
2017.991088867188 -23.368789672852 -23.9246592708175
2018.024658203125 -22.13219833374 -22.92273821840406
2018.057495117188 -20.808567047119 -22.07483300378161
2018.09033203125 -20.899297714233 -21.416694973473394
2018.123168945312 -19.797569274902 -20.992154301738115
2018.156005859375 -16.842704772949 -20.81692538870905
2018.18896484375 -20.066537857056 -20.876652001459682
2018.221801757812 -17.742183685303 -21.142528009147494
2018.254638671875 -16.480743408203 -21.580748776981753
2018.287475585938 -17.662363052368 -22.173784899515894
2018.3203125 -20.235467910767 -22.913518019923153
2018.353149414062 -19.908016204834 -23.81030399626762
2018.385986328125 -23.993841171265 -24.84866361587853
2018.4189453125 -25.527788162231 -25.99276005250695
2018.451782226562 -28.946619033813 -27.187024324710645
2018.484619140625 -29.640779495239 -28.3859823233358
2018.517456054688 -32.890102386475 -29.562944280597947
2018.55029296875 -31.174945831299 -30.676067837302536
2018.583129882812 -34.994495391846 -31.671131895691747
2018.615966796875 -41.016502380371 -32.52835303498743
2018.64892578125 -35.825012207031 -33.243547798735605
2018.681762695312 -35.098804473877 -33.81570997201341
2018.714599609375 -32.407428741455 -34.24371855139162
2018.747436523438 -36.89164352417 -34.52329081256468
2018.7802734375 -34.090320587158 -34.67854023766988
2018.813110351562 -42.104824066162 -34.68271877058522
2018.845947265625 -36.053375244141 -34.620473336023906
2018.87890625 -35.698223114014 -34.41835047442738
2018.911743164062 -35.451805114746 -34.06055535595044
2018.944580078125 -34.109104156494 -33.74500886516706
2018.977416992188 -34.345127105713 -33.339704834600276
2019.010986328125 -32.254165649414 -32.71582617179644
2019.043823242188 -31.703062057495 -32.0302909739007
2019.109497070312 -30.854471206665 -30.4966949546173
2019.1259765625 -30.18719291687 -30.10345930737398
2019.142333984375 -29.825836181641 -29.724643105402194
2019.175170898438 -28.931587219238 -28.977626432140465
2019.191650390625 -27.15403175354 -28.62451946369298
2019.208129882812 -30.7864112854 -28.287912279112945
2019.224487304688 -27.983463287354 -27.944233465172385
2019.240966796875 -25.668148040771 -27.640525265004623
2019.25732421875 -26.908496856689 -27.37504690981852
2019.273803710938 -26.405250549316 -27.070145056679632
2019.290161132812 -26.141902923584 -26.789416537701868
2019.306640625 -26.982151031494 -26.65170111899244
2019.323120117188 -26.330307006836 -26.58161417803649
2019.339477539062 -26.097877502441 -26.567737217021314
2019.35595703125 -25.529951095581 -26.6071092901672
2019.372314453125 -24.126680374146 -26.700617730508736
2019.388793945312 -27.205047607422 -26.86147903939961
2019.405151367188 -26.364250183105 -27.16823153811083
2019.421630859375 -25.853054046631 -27.468584045360924
2019.438110351562 -31.019781112671 -27.82925348540244
2019.454467773438 -28.05654335022 -28.205835582885225
2019.470947265625 -26.268630981445 -28.539680093989123
2019.4873046875 -29.599586486816 -28.794188805400612
2019.503784179688 -19.53750038147 -28.888494609041388
2019.520141601562 -19.616291046143 -29.092192484292955
2019.53662109375 -31.602952957153 -29.297145434071144
2019.569458007812 -31.569515228271 -29.77648723648782
2019.602294921875 -36.170238494873 -30.423263973479123
2019.618774414062 -26.193489074707 -30.72763816584598
2019.635131835938 -30.549108505249 -31.010546179898256
2019.651611328125 -29.612071990967 -31.308796693362357
2019.668090820312 -24.152893066406 -31.564787370723153
2019.71728515625 -32.064548492432 -32.255911757307224
2019.733764648438 -32.616054534912 -32.44555658639788
2019.750122070312 -35.713314056396 -32.56947433473195
2019.7666015625 -34.788055419922 -32.70651093950148
2019.799438476562 -32.625335693359 -32.836917300038266
2019.832275390625 -35.673748016357 -32.966755190500905
2019.865112304688 -34.332546234131 -33.047026673534674
2019.898071289062 -33.34867477417 -33.062190906424135
2019.930908203125 -33.333644866943 -32.99347445108617
2019.963745117188 -30.509412765503 -32.89126824959716
2019.99658203125 -32.855430603027 -32.80110497020793
2020.030151367188 -30.90753364563 -32.65528718234371
2020.06298828125 -32.38729095459 -32.63996710905749
2020.095825195312 -32.931591033936 -32.648570651593566
2020.128662109375 -32.699317932129 -32.730577184227045
2020.161499023438 -31.874954223633 -32.88892580021646
2020.177978515625 -32.796169281006 -33.02774362592431
2020.1943359375 -31.671371459961 -33.11619364866719
2020.227294921875 -33.153854370117 -33.41449504931345
2020.260131835938 -33.745788574219 -33.768118508746085
2020.29296875 -34.462131500244 -34.14147100870781
2020.325805664062 -35.4157371521 -34.57305238474058
2020.358642578125 -33.563827514648 -35.1166745888989
2020.391479492188 -35.884754180908 -35.72735901551844
2020.42431640625 -33.725433349609 -36.38037963980636
2020.457275390625 -36.349475860596 -37.00342178332409
2020.490112304688 -40.973129272461 -37.53852155616726
2020.52294921875 -35.607181549072 -38.027003455286696
2020.555786132812 -38.797241210938 -38.50799591531748
2020.572265625 -50.801612854004 -38.666416679007675
2020.588623046875 -44.804527282715 -38.78021144670578
2020.605102539062 -40.531295776367 -39.045294181644714
2020.621459960938 -51.05114364624 -39.10553732156787
2020.654296875 -44.877082824707 -39.32913650423457
2020.687255859375 -35.258762359619 -39.43909915321947
2020.70361328125 -40.783821105957 -39.51258603036174
2020.720092773438 -38.532093048096 -39.40391300914054
2020.7529296875 -41.356132507324 -39.249396208195265
2020.785766601562 -43.236797332764 -38.987464847263986
2020.818603515625 -37.486843109131 -38.62751035207633
2020.851440429688 -35.527481079102 -38.188126764083364
2020.917236328125 -37.598861694336 -37.32606427566769
2020.950073242188 -39.462894439697 -36.99148945523251
2020.98291015625 -36.098274230957 -36.70337120314372
2021.013671875 -35.923862457275 -36.38893222059945
2021.046508789062 -31.334856033325 -36.166002277705154
2021.079345703125 -34.128215789795 -36.12031756664867
2021.1123046875 -35.18790435791 -36.1044303146089
2021.145141601562 -36.894832611084 -36.16910939932962
2021.177978515625 -35.415241241455 -36.30150494669989
2021.210815429688 -36.068786621094 -36.50640038590538
2021.24365234375 -32.873077392578 -36.67702193236033
2021.276489257812 -37.301815032959 -37.11181441178634
2021.309326171875 -39.442722320557 -37.63629265859823
2021.34228515625 -36.92115020752 -38.219206025711635
2021.358642578125 -38.265342712402 -38.50417387678469
2021.391479492188 -38.328289031982 -38.97498504543995
2021.407958984375 -37.688415527344 -39.079680376525445
2021.440795898438 -39.683715820312 -39.25805722163235
2021.4736328125 -43.208042144775 -39.22289242292696
2021.506469726562 -42.741157531738 -39.026775326598745
2021.539306640625 -46.473701477051 -38.73949910780348
2021.572265625 -50.215896606445 -38.16617147459997
2021.605102539062 -48.951721191406 -37.86531334549315
2021.637939453125 -40.388122558594 -37.50268017291189
2021.670776367188 -38.544506072998 -37.06098615442694
2021.736450195312 -35.556377410889 -35.7416510771803
2021.769287109375 -34.693668365479 -35.05567533247585
2021.80224609375 -34.135189056396 -34.21883647067527
2021.835083007812 -29.319952011108 -33.35127463281112
2021.867919921875 -35.583374023438 -32.485022765359034
2021.966430664062 -28.110721588135 -29.991728172002865
2022.0 -28.321557998657 -29.167633288168638
2022.065673828125 -34.024021148682 -27.53172932036721
2022.098510742188 -25.854934692383 -26.734338070049404
2022.197143554688 -21.918361663818 -24.38767415840555
2022.22998046875 -26.623962402344 -23.627827461619926
2022.262817382812 -15.022515296936 -22.896264097288036
2022.295654296875 -21.717817306519 -22.339238761449167
2022.328491210938 -17.077095031738 -22.20369404149137
2022.394287109375 -33.298004150391 -22.35642309747912
2022.558471679688 -31.332693099976 -20.911729002595663
2022.591430664062 -3.060011863708 -20.520202339941992
2022.68994140625 -44.214027404785 -19.835282313981264
2022.722778320312 -40.474308013916 -20.450941025492174
2022.821411132812 -17.082328796387 -20.19689495424147
2022.854248046875 -19.479919433594 -19.49495686056355
2022.887084960938 -18.061199188232 -18.70355326267341
2022.919921875 -19.774059295654 -17.87383490960541
2022.952758789062 -20.159465789795 -17.041739762544395
2022.985595703125 -16.96768951416 -16.194305276799152
2023.019165039062 -13.69434928894 -15.33904324513013
2023.052001953125 -14.510807991028 -14.513864645405356
2023.084838867188 -13.200969696045 -13.720260774616255
2023.11767578125 -13.729208946228 -13.026649759577179
2023.150634765625 -11.020100593567 -12.305724045901032
2023.183471679688 -11.604584693909 -11.645460529022234
2023.21630859375 -6.252734184265 -10.979526737113622
2023.249145507812 -6.376660823822 -10.310709898368184
2023.281982421875 -8.332620620728 -9.642812830472566
2023.314819335938 -10.638554573059 -8.979846960694914
2023.34765625 -7.525791168213 -8.32521426060983
2023.380615234375 -16.301729202271 -7.678498802014721
2023.413452148438 -8.787088394165 -7.045986813030474
2023.4462890625 -6.978990077972 -6.425727119317775
2023.57763671875 -31.232011795044 -4.04432171047359
