2014.804931640625 0.0 6.490060210709159
2014.837768554688 -0.175532162189 5.751408295794244
2014.903442382812 0.353484362364 4.272795695433357
2014.96923828125 1.855846166611 2.789517007884135
2015.03564453125 2.103905200958 1.2904046640987787
2015.101318359375 4.339984416962 -0.19400469310212554
2015.265625 3.025892019272 -3.915888123141511
2015.331298828125 -0.369763761759 -5.406915380039405
2015.39697265625 -2.906123399734 -6.899859754768578
2016.021850585938 -20.207628250122 -20.508253190441394
2016.1533203125 -29.725240707397 -23.971789032953332
2016.350463867188 -29.375839233398 -29.027727466402396
2016.416137695312 -34.098510742188 -30.680143783921608
2016.547607421875 -27.715284347534 -34.157135475688214
2016.744750976562 -39.391834259033 -39.15415278009223
2016.777587890625 -38.544372558594 -40.00151431611986
2016.810424804688 -42.523338317871 -40.795981633689976
2016.84326171875 -42.263328552246 -41.32506802934673
2016.876098632812 -43.498676300049 -41.746939190143806
2016.908935546875 -41.547996520996 -42.155449275259585
2016.941772460938 -43.176082611084 -42.569262918837396
2016.974731445312 -43.793888092041 -42.985443661408155
2017.005493164062 -43.43616104126 -43.368696016537996
2017.038330078125 -43.838272094727 -43.783275056425566
2017.071166992188 -43.864284515381 -44.177896246981405
2017.10400390625 -43.951519012451 -44.58589174240373
2017.136840820312 -44.460094451904 -45.03101609465417
2017.169799804688 -45.365306854248 -45.50579112685834
2017.20263671875 -45.391479492188 -46.01027780851135
2017.235473632812 -46.05241394043 -46.55203550026472
2017.268310546875 -44.980033874512 -47.14005890997429
2017.301147460938 -47.642566680908 -47.78213939059573
2017.333984375 -47.743656158447 -48.47771901979622
2017.366821289062 -50.071807861328 -49.220197209763356
2017.399780273438 -49.832336425781 -50.00276713474094
2017.4326171875 -50.463348388672 -50.806052826500036
2017.498291015625 -50.879009246826 -52.43967156536342
2017.531127929688 -53.404460906982 -53.25737211593081
2017.56396484375 -53.978317260742 -54.06691125731956
2017.596801757812 -56.505638122559 -54.859158414679875
2017.629760742188 -55.753452301025 -55.630534456764394
2017.66259765625 -57.280464172363 -56.360628736594826
2017.695434570312 -57.60417175293 -57.034783463571394
2017.728271484375 -58.100791931152 -57.63377555660282
2017.761108398438 -58.138931274414 -58.14624000423626
2017.7939453125 -59.793365478516 -58.579771655991365
2017.826782226562 -59.64693069458 -58.95038047982169
2017.859741210938 -61.528759002686 -59.269232067909435
2017.892578125 -60.150665283203 -59.5425830106907
2017.925415039062 -61.31282043457 -59.7892839461135
2017.958251953125 -59.968353271484 -60.02005410968345
2017.991088867188 -60.051471710205 -60.242901586626026
2018.024658203125 -59.598526000977 -60.479916429734935
2018.057495117188 -60.234420776367 -60.73624224032298
2018.09033203125 -60.006984710693 -61.029257822596385
2018.123168945312 -60.151065826416 -61.3697608960017
2018.156005859375 -60.960819244385 -61.76700309467112
2018.18896484375 -62.172603607178 -62.23568171099794
2018.221801757812 -61.432388305664 -62.78181714029735
2018.254638671875 -61.708164215088 -63.41132467711279
2018.287475585938 -63.77823638916 -64.1288540577321
2018.3203125 -64.948341369629 -64.92935399567635
2018.353149414062 -65.50316619873 -65.79983104738095
2018.385986328125 -66.070220947266 -66.71943628082195
2018.4189453125 -66.666625976562 -67.67325169828018
2018.451782226562 -67.013359069824 -68.63845742302266
2018.484619140625 -70.077796936035 -69.61233047847041
2018.517456054688 -70.949630737305 -70.59432281670675
2018.55029296875 -73.879608154297 -71.58109369583187
2018.583129882812 -73.574356079102 -72.55777268608398
2018.615966796875 -73.522308349609 -73.51051973155421
2018.64892578125 -74.859100341797 -74.43226773106528
2018.681762695312 -75.734725952148 -75.30611002157967
2018.714599609375 -73.348136901855 -76.12417330349831
2018.747436523438 -76.877632141113 -76.88094041181257
2018.7802734375 -78.621612548828 -77.5879773894302
2018.813110351562 -79.222549438477 -78.24331594927496
2018.845947265625 -80.618339538574 -78.88937126612043
2018.87890625 -79.767784118652 -79.5189040197766
2018.911743164062 -79.872024536133 -80.08712007475609
2018.944580078125 -80.523529052734 -80.6386108817523
2018.977416992188 -80.984649658203 -81.13661663300518
2019.010986328125 -81.62003326416 -81.61853754924277
2019.043823242188 -82.092903137207 -82.06642242025282
2019.109497070312 -82.591156005859 -83.0689922370652
2019.1259765625 -82.811080932617 -83.32740142688696
2019.142333984375 -84.063011169434 -83.59735160423625
2019.175170898438 -83.824203491211 -84.13580972078991
2019.191650390625 -83.998245239258 -84.41916744683961
2019.208129882812 -84.510704040527 -84.70731425735063
2019.224487304688 -85.292556762695 -84.99931449623321
2019.240966796875 -85.93531036377 -85.2963841682653
2019.25732421875 -86.043685913086 -85.59219260143988
2019.273803710938 -85.719200134277 -85.89652511738697
2019.290161132812 -86.240501403809 -86.19437226375528
2019.306640625 -86.428749084473 -86.48492648910833
2019.323120117188 -86.899353027344 -86.77021601916154
2019.339477539062 -86.745635986328 -87.05022869390196
2019.35595703125 -87.591300964355 -87.33490899334369
2019.372314453125 -86.326591491699 -87.62744987952568
2019.388793945312 -88.531219482422 -87.93853875767667
2019.405151367188 -88.258567810059 -88.28817369783359
2019.421630859375 -87.800628662109 -88.61553182944179
2019.438110351562 -90.172309875488 -88.9413559246226
2019.454467773438 -88.323654174805 -89.24892012181469
2019.470947265625 -88.324630737305 -89.53122545892977
2019.4873046875 -90.802185058594 -89.78562802275007
2019.503784179688 -90.868034362793 -89.98766861693795
2019.520141601562 -90.843116760254 -90.23353485504617
2019.53662109375 -91.935646057129 -90.47639558370518
2019.569458007812 -90.804313659668 -90.93992949583587
2019.602294921875 -91.721694946289 -91.35920366289494
2019.618774414062 -90.654220581055 -91.56755025012983
2019.635131835938 -91.202697753906 -91.76454792231104
2019.651611328125 -91.613822937012 -91.95957852177764
2019.668090820312 -92.59984588623 -92.15043343517975
2019.71728515625 -92.487365722656 -92.69130183505192
2019.733764648438 -92.765357971191 -92.85618145730119
2019.750122070312 -94.524490356445 -92.99113951168702
2019.7666015625 -92.560791015625 -93.13478382467578
2019.799438476562 -93.902931213379 -93.36848963901848
2019.832275390625 -94.448905944824 -93.59978993087644
2019.865112304688 -94.62565612793 -93.80418513687346
2019.898071289062 -94.142318725586 -93.98257739131816
2019.930908203125 -94.151870727539 -94.1367302823849
2019.963745117188 -93.849868774414 -94.28027846045845
2019.99658203125 -94.365043640137 -94.42037966285913
2020.030151367188 -94.631340026855 -94.54477636614949
2020.06298828125 -93.789855957031 -94.66821564639687
2020.095825195312 -94.595375061035 -94.78320444947148
2020.128662109375 -94.792167663574 -94.90180164345783
2020.161499023438 -95.932846069336 -95.0233076565108
2020.177978515625 -95.209083557129 -95.07213337831824
2020.1943359375 -95.051643371582 -95.13813237275987
2020.227294921875 -95.682357788086 -95.23430693992626
2020.260131835938 -95.255271911621 -95.31253494299867
2020.29296875 -95.36213684082 -95.39483613504116
2020.325805664062 -96.963554382324 -95.47117630152678
2020.358642578125 -94.900276184082 -95.59306789766524
2020.391479492188 -95.859886169434 -95.7552105498469
2020.42431640625 -95.436836242676 -95.92838657217328
2020.457275390625 -93.983932495117 -96.12451047232572
2020.490112304688 -94.741203308105 -96.35165346991845
2020.52294921875 -95.922424316406 -96.61639777139578
2020.555786132812 -97.968528747559 -96.93484602863484
2020.572265625 -96.252197265625 -97.14367003114093
2020.588623046875 -96.628608703613 -97.3471529963572
2020.605102539062 -98.689353942871 -97.52713222108275
2020.621459960938 -99.060432434082 -97.7339061020335
2020.654296875 -96.94571685791 -98.12523336412255
2020.687255859375 -98.309288024902 -98.46041660416246
2020.70361328125 -99.471672058105 -98.63699173248371
2020.720092773438 -98.963088989258 -98.70208537603742
2020.7529296875 -101.23592376709 -98.87279980928515
2020.785766601562 -100.939056396484 -98.99302154380311
2020.818603515625 -98.733345031738 -99.0806817923954
2020.851440429688 -103.46159362793 -99.14660786890009
2020.917236328125 -99.915054321289 -99.19528871464824
2020.950073242188 -98.96696472168 -99.145601529408
2020.98291015625 -100.130165100098 -99.07558401603816
2021.013671875 -98.792198181152 -99.01487305285877
2021.046508789062 -97.557556152344 -98.89445932689154
2021.079345703125 -99.037521362305 -98.77434630364534
2021.1123046875 -98.902114868164 -98.67537135027862
2021.145141601562 -98.956756591797 -98.59526562032707
2021.177978515625 -98.080909729004 -98.52553600666734
2021.210815429688 -98.121826171875 -98.46707336678246
2021.24365234375 -97.997184753418 -98.4019820082399
2021.276489257812 -97.493751525879 -98.40188005069241
2021.309326171875 -98.249649047852 -98.4619005413376
2021.34228515625 -96.623924255371 -98.58708317395136
2021.358642578125 -100.516777038574 -98.72378167142071
2021.391479492188 -99.370574951172 -98.94122456728327
2021.407958984375 -98.028625488281 -99.09266954171088
2021.440795898438 -97.732406616211 -99.3343448354087
2021.4736328125 -97.555038452148 -99.58462313412451
2021.506469726562 -104.06177520752 -99.83569405935323
2021.539306640625 -101.371810913086 -100.08666578210382
2021.572265625 -100.294143676758 -100.31545104710526
2021.605102539062 -103.587158203125 -100.56248015726617
2021.637939453125 -102.579666137695 -100.8031834979363
2021.670776367188 -100.599670410156 -101.02718309571254
2021.736450195312 -101.194984436035 -101.33480682438285
2021.769287109375 -102.469512939453 -101.48103581278826
2021.80224609375 -101.652412414551 -101.58276020378634
2021.835083007812 -102.593193054199 -101.68625028568184
2021.867919921875 -101.325309753418 -101.78926012400464
2021.966430664062 -101.146255493164 -102.19267983759889
2022.0 -101.928367614746 -102.35936986565497
2022.065673828125 -101.791275024414 -102.64300454084321
2022.098510742188 -102.657737731934 -102.77898769413564
2022.197143554688 -102.50382232666 -103.01717186256134
2022.22998046875 -104.357269287109 -103.08785411376518
2022.262817382812 -103.446434020996 -103.15374907524108
2022.295654296875 -104.225563049316 -103.20571146430343
2022.328491210938 -105.709808349609 -103.23330143633564
2022.394287109375 -107.897193908691 -103.21517691060946
2022.558471679688 -103.263290405273 -103.11093016560932
2022.591430664062 -102.39331817627 -103.0824426701337
2022.68994140625 -109.029449462891 -102.79738036170566
2022.722778320312 -108.733413696289 -102.67215179318562
2022.821411132812 -101.557678222656 -102.29964865682761
2022.854248046875 -103.830863952637 -102.17261921540967
2022.887084960938 -102.972747802734 -102.04427349828747
2022.919921875 -101.890594482422 -101.9479844943886
2022.952758789062 -101.827186584473 -101.84220189529208
2022.985595703125 -103.06095123291 -101.6647169890481
2023.019165039062 -99.726173400879 -101.4860031416393
2023.052001953125 -100.090888977051 -101.30464492076328
2023.084838867188 -98.510795593262 -101.16016432982235
2023.11767578125 -101.266662597656 -101.07870001729404
2023.150634765625 -100.789901733398 -100.97535911668444
2023.183471679688 -100.656494140625 -100.9386979351466
2023.21630859375 -100.343482971191 -100.93554343555844
2023.249145507812 -99.416969299316 -100.95243109751881
2023.281982421875 -100.559715270996 -100.97929083127742
2023.314819335938 -100.25358581543 -101.01230386612475
2023.34765625 -101.478134155273 -101.0504919081678
2023.380615234375 -101.536087036133 -101.09420111663846
2023.413452148438 -98.673713684082 -101.14341337757189
2023.4462890625 -102.612785339355 -101.19857166761437
2023.57763671875 -102.553535461426 -101.48417935989528
