2014.804931640625 -0.0 2.2838241820465086
2014.837768554688 -1.223720669746 1.9151571774726868
2014.903442382812 3.817257165909 1.176728361464038
2014.96923828125 1.655931353569 0.43618678027014957
2015.03564453125 13.117742538452 -0.3115381206152416
2015.101318359375 -1.461818575859 -1.0512612084064568
2015.265625 27.84327507019 -2.903082070134878
2015.331298828125 7.819249153137 -3.643705025943355
2015.39697265625 -13.513605117798 -4.384605950283393
2016.021850585938 -11.833427429199 -11.834186529911054
2016.1533203125 -11.632355690002 -13.183268545741385
2016.350463867188 -28.015909194946 -14.806329043227713
2016.416137695312 -19.349685668945 -15.335207573616394
2016.547607421875 -26.93630027771 -16.6094589440558
2016.744750976562 -13.774532318115 -18.57234141046248
2016.777587890625 -17.702930450439 -18.529539298763897
2016.810424804688 -20.918579101562 -18.484027498141867
2016.84326171875 -17.545162200928 -18.452186020468492
2016.876098632812 -18.964826583862 -18.43051460893263
2016.908935546875 -17.342084884644 -18.43097714347728
2016.941772460938 -21.423917770386 -18.464595861285193
2016.974731445312 -20.895177841187 -18.508477648463654
2017.005493164062 -19.686668395996 -18.598520896296336
2017.038330078125 -17.130491256714 -18.675491797155658
2017.071166992188 -14.513069152832 -18.7358008070407
2017.10400390625 -16.060251235962 -18.935583458914444
2017.136840820312 -17.900146484375 -19.250611879937793
2017.169799804688 -18.759870529175 -19.64752026679185
2017.20263671875 -19.412483215332 -20.17516829902035
2017.235473632812 -19.345529556274 -20.873721848841907
2017.268310546875 -19.385902404785 -21.740825369449166
2017.301147460938 -22.121311187744 -22.742905657855687
2017.333984375 -18.607225418091 -23.844888180585528
2017.366821289062 -28.649602890015 -25.006031112000112
2017.399780273438 -28.012468338013 -26.172294220830505
2017.4326171875 -23.797142028809 -27.303432618094217
2017.498291015625 -31.375555038452 -29.414929127768215
2017.531127929688 -31.799362182617 -30.36057831239782
2017.56396484375 -32.095611572266 -31.199104987599753
2017.596801757812 -33.873275756836 -31.89085060224383
2017.629760742188 -35.008129119873 -32.40788571167328
2017.66259765625 -36.774562835693 -32.73453010790232
2017.695434570312 -31.93493270874 -32.898625220558415
2017.728271484375 -35.827430725098 -32.90229872267043
2017.761108398438 -34.462387084961 -32.747426226549365
2017.7939453125 -32.625888824463 -32.46134743434121
2017.826782226562 -32.57149887085 -32.07590631087326
2017.859741210938 -33.296092987061 -31.59368170707771
2017.892578125 -31.210136413574 -31.038657897908383
2017.925415039062 -30.382621765137 -30.44858141311544
2017.958251953125 -28.653816223145 -29.851187533728393
2017.991088867188 -30.064970016479 -29.275929460779814
2018.024658203125 -28.745632171631 -28.76802873609801
2018.057495117188 -27.240098953247 -28.399739795015083
2018.09033203125 -25.736143112183 -28.164839683263086
2018.123168945312 -24.798000335693 -28.088953999376102
2018.156005859375 -25.269744873047 -28.230034275639895
2018.18896484375 -30.912149429321 -28.61530386901737
2018.221801757812 -24.988418579102 -29.21792754766938
2018.254638671875 -22.67200088501 -30.018210201107514
2018.287475585938 -26.335500717163 -31.000144873578506
2018.3203125 -30.122097015381 -32.14610067183131
2018.353149414062 -31.278284072876 -33.46376459537354
2018.385986328125 -28.724822998047 -34.94398715585495
2018.4189453125 -33.648586273193 -36.58308596623855
2018.451782226562 -39.694831848145 -38.357771797824796
2018.484619140625 -42.534881591797 -40.26257265771861
2018.517456054688 -39.16088104248 -42.26270162485974
2018.55029296875 -46.003917694092 -44.27504540820992
2018.583129882812 -47.232334136963 -46.20632590697724
2018.615966796875 -53.539276123047 -48.00786222857706
2018.64892578125 -49.750495910645 -49.65909649067783
2018.681762695312 -52.174427032471 -51.13363065089813
2018.714599609375 -55.626949310303 -52.431498078220564
2018.747436523438 -57.284317016602 -53.54742696487678
2018.7802734375 -56.227195739746 -54.50295373032654
2018.813110351562 -58.18864440918 -55.24342705763763
2018.845947265625 -57.115413665771 -55.914464855544885
2018.87890625 -58.279315948486 -56.36250732031659
2018.911743164062 -56.816867828369 -56.561126199568456
2018.944580078125 -57.406658172607 -56.72791472318946
2018.977416992188 -57.434417724609 -56.74263259637597
2019.010986328125 -51.530300140381 -56.74443999875
2019.043823242188 -55.267414093018 -56.70061391801836
2019.109497070312 -56.993293762207 -56.762851741418146
2019.1259765625 -56.610355377197 -56.752669502592745
2019.142333984375 -56.604141235352 -56.896231089441685
2019.175170898438 -56.63782119751 -57.31535321920116
2019.191650390625 -55.728199005127 -57.66165103590731
2019.208129882812 -56.830814361572 -58.0481153620085
2019.224487304688 -57.819076538086 -58.40882899006607
2019.240966796875 -59.258056640625 -58.84844152816722
2019.25732421875 -60.257038116455 -59.335277245533064
2019.273803710938 -59.640476226807 -59.79236555617036
2019.290161132812 -59.487567901611 -60.31005742988962
2019.306640625 -61.357173919678 -60.96190226218562
2019.323120117188 -61.022933959961 -61.64124929811496
2019.339477539062 -61.462627410889 -62.328313136023155
2019.35595703125 -61.918544769287 -63.02699096421646
2019.372314453125 -61.425727844238 -63.721605919566485
2019.388793945312 -66.254425048828 -64.42957024876996
2019.405151367188 -65.577285766602 -65.128981997139
2019.421630859375 -65.988800048828 -65.8098383559118
2019.438110351562 -70.183891296387 -66.48278493819916
2019.454467773438 -64.004913330078 -67.12297407825142
2019.470947265625 -68.493797302246 -67.73991669363502
2019.4873046875 -70.584167480469 -68.32661598436886
2019.503784179688 -60.620006561279 -68.82500502781427
2019.520141601562 -69.247535705566 -69.38052443021657
2019.53662109375 -79.504936218262 -69.92000785020909
2019.569458007812 -69.121696472168 -70.91237606468933
2019.602294921875 -77.791152954102 -71.85298773361048
2019.618774414062 -71.080848693848 -72.31970571667277
2019.635131835938 -75.026802062988 -72.7661283001619
2019.651611328125 -72.300506591797 -73.15181434979398
2019.668090820312 -72.784889221191 -73.54228276301644
2019.71728515625 -76.163871765137 -74.4276533681421
2019.733764648438 -74.375373840332 -74.68048161341261
2019.750122070312 -75.994331359863 -74.85087335882804
2019.7666015625 -78.455093383789 -75.05233631750392
2019.799438476562 -76.143188476562 -75.30222606839284
2019.832275390625 -73.387512207031 -75.49660064484983
2019.865112304688 -76.259872436523 -75.60375440584032
2019.898071289062 -76.220611572266 -75.67503826055794
2019.930908203125 -76.164749145508 -75.73085708981843
2019.963745117188 -77.545631408691 -75.84330819358826
2019.99658203125 -73.705413818359 -76.0120067832003
2020.030151367188 -75.680976867676 -76.12533498823221
2020.06298828125 -73.994369506836 -76.4039819046636
2020.095825195312 -74.733879089355 -76.72055238473504
2020.128662109375 -78.433815002441 -77.12097463326553
2020.161499023438 -76.575874328613 -77.59996565513963
2020.177978515625 -75.961975097656 -77.91922651947425
2020.1943359375 -78.264419555664 -78.1522254724645
2020.227294921875 -78.818481445312 -78.76689898686458
2020.260131835938 -78.853401184082 -79.44378251095408
2020.29296875 -79.160308837891 -80.18439197045812
2020.325805664062 -85.07405090332 -80.98506078358552
2020.358642578125 -81.57152557373 -81.9374070675714
2020.391479492188 -84.797584533691 -82.98280015955044
2020.42431640625 -79.948768615723 -84.07729374407667
2020.457275390625 -81.352241516113 -85.19448385813008
2020.490112304688 -83.000701904297 -86.33368668003149
2020.52294921875 -87.361946105957 -87.51416503825344
2020.555786132812 -90.285263061523 -88.76685039736873
2020.572265625 -96.52515411377 -89.48694664903006
2020.588623046875 -89.976303100586 -90.18731586463153
2020.605102539062 -88.969436645508 -90.84685570397761
2020.621459960938 -92.792861938477 -91.54083363279533
2020.654296875 -94.267112731934 -92.90528837786333
2020.687255859375 -93.856788635254 -94.1915617369841
2020.70361328125 -94.398277282715 -94.84779050478116
2020.720092773438 -96.994819641113 -95.29575848638149
2020.7529296875 -99.405281066895 -96.22545885302034
2020.785766601562 -98.229705810547 -97.00933808718459
2020.818603515625 -99.23698425293 -97.68383978147622
2020.851440429688 -98.679321289062 -98.27979994559705
2020.917236328125 -100.615127563477 -99.28049571963132
2020.950073242188 -99.595809936523 -99.65682620463612
2020.98291015625 -100.86238861084 -99.99843337207697
2021.013671875 -100.546363830566 -100.31663695829648
2021.046508789062 -98.043937683105 -100.58099395655518
2021.079345703125 -100.68514251709 -100.8671373975364
2021.1123046875 -100.734817504883 -101.16344345408149
2021.145141601562 -101.802139282227 -101.48012354636947
2021.177978515625 -102.442749023438 -101.83843618370629
2021.210815429688 -102.691207885742 -102.26625989864438
2021.24365234375 -101.531066894531 -102.66321105109279
2021.276489257812 -98.110733032227 -103.25712964547728
2021.309326171875 -104.515235900879 -103.9458045784912
2021.34228515625 -103.366020202637 -104.72587345199719
2021.358642578125 -106.05802154541 -105.22228147164284
2021.391479492188 -102.016387939453 -106.11489114982011
2021.407958984375 -104.817199707031 -106.61271773171991
2021.440795898438 -104.97737121582 -107.51865763481139
2021.4736328125 -108.642463684082 -108.39827334738143
2021.506469726562 -112.335754394531 -109.2423620759274
2021.539306640625 -113.509704589844 -110.07278792922618
2021.572265625 -118.906936645508 -110.78180072379804
2021.605102539062 -120.131713867188 -111.61557618011615
2021.637939453125 -113.951171875 -112.44691208096148
2021.670776367188 -112.72590637207 -113.24899494550523
2021.736450195312 -115.432273864746 -114.56618885309796
2021.769287109375 -113.50944519043 -115.14616339183988
2021.80224609375 -115.676528930664 -115.60564716006702
2021.835083007812 -117.631561279297 -116.01874054483496
2021.867919921875 -115.571449279785 -116.3791356524578
2021.966430664062 -123.097122192383 -117.5213047249272
2022.0 -111.988578796387 -117.97302267001139
2022.065673828125 -121.41561126709 -118.84615437130451
2022.098510742188 -113.872116088867 -119.29198919324737
2022.197143554688 -116.509063720703 -120.3989658309585
2022.22998046875 -125.775527954102 -120.71263726304231
2022.262817382812 -119.944381713867 -121.00142067258243
2022.295654296875 -121.068473815918 -121.25995689148449
2022.328491210938 -122.492599487305 -121.48414256506635
2022.394287109375 -127.07592010498 -121.85147710154871
2022.558471679688 -139.215698242188 -122.49932922636026
2022.591430664062 -122.286445617676 -122.66596371906505
2022.68994140625 -123.037734985352 -122.85742164816747
2022.722778320312 -152.131011962891 -122.85858254260563
2022.821411132812 -121.137718200684 -122.29606890823148
2022.854248046875 -128.894927978516 -121.98237769868491
2022.887084960938 -122.831878662109 -121.6529186053714
2022.919921875 -127.828643798828 -121.38726222792134
2022.952758789062 -121.381195068359 -121.11993918911027
2022.985595703125 -120.869239807129 -120.7036835902157
2023.019165039062 -118.896903991699 -120.23236557186631
2023.052001953125 -118.880386352539 -119.74167412879368
2023.084838867188 -117.16202545166 -119.23671372368776
2023.11767578125 -115.869369506836 -118.77941752029082
2023.150634765625 -119.604484558105 -118.28262350671977
2023.183471679688 -118.098510742188 -117.82560973625066
2023.21630859375 -115.88224029541 -117.37037468411484
2023.249145507812 -117.796028137207 -116.92031286796175
2023.281982421875 -116.739112854004 -116.47731190041335
2023.314819335938 -116.40559387207 -116.04174795371145
2023.34765625 -115.537399291992 -115.61316146327289
2023.380615234375 -117.734893798828 -115.18910551689419
2023.413452148438 -114.98218536377 -114.77150255325125
2023.4462890625 -112.419448852539 -114.35661750482402
2023.57763671875 -128.538818359375 -112.69802557867234
