2014.804931640625 -0.0 -8.184895207362954
2014.837768554688 -25.074144363403 -9.380806003492498
2014.903442382812 -12.925172805786 -11.758510576815542
2014.96923828125 -13.830980300903 -14.122139135418221
2015.03564453125 7.627746582031 -16.48916966266718
2015.101318359375 -23.700235366821 -18.812119783080167
2015.265625 16.5192527771 -24.545115458764872
2015.331298828125 -40.410381317139 -26.802966326703352
2015.39697265625 -51.120750427246 -29.040471712586946
2016.021850585938 -22.281440734863 -59.53345924166628
2016.1533203125 -61.905872344971 -61.5795698259178
2016.350463867188 -71.097465515137 -60.28140761218553
2016.416137695312 -73.056686401367 -59.94952185601946
2016.547607421875 -55.057117462158 -59.21527274030164
2016.744750976562 -65.190933227539 -57.65328971937908
2016.777587890625 -54.135177612305 -57.67104868933226
2016.810424804688 -59.170013427734 -57.75986180197485
2016.84326171875 -57.785400390625 -57.93221033499399
2016.876098632812 -59.968246459961 -58.123764634414265
2016.908935546875 -57.743389129639 -58.379801531503276
2016.941772460938 -56.644454956055 -58.65485585200168
2016.974731445312 -55.073799133301 -58.957023845311525
2017.005493164062 -57.759120941162 -59.41405911782776
2017.038330078125 -58.563537597656 -59.8074612596109
2017.071166992188 -58.557048797607 -60.237968655893745
2017.10400390625 -60.169414520264 -61.031773484391856
2017.136840820312 -60.877323150635 -62.032922808655606
2017.169799804688 -61.55392074585 -63.19164344243086
2017.20263671875 -63.409160614014 -64.53575197779358
2017.235473632812 -63.870044708252 -66.07155678701714
2017.268310546875 -64.626388549805 -67.77442597161266
2017.301147460938 -69.09619140625 -69.57869050443234
2017.333984375 -71.223648071289 -71.35577269913058
2017.366821289062 -70.26921081543 -72.98986387692888
2017.399780273438 -77.670150756836 -74.39502138563672
2017.4326171875 -78.578430175781 -75.54722109656379
2017.498291015625 -86.646591186523 -77.27652333327013
2017.531127929688 -85.558280944824 -77.9132354652517
2017.56396484375 -90.974182128906 -78.41244248199891
2017.596801757812 -83.636154174805 -78.75058016066737
2017.629760742188 -80.366813659668 -78.88639302813128
2017.66259765625 -84.482345581055 -78.72008048616001
2017.695434570312 -77.920211791992 -78.15559589112976
2017.728271484375 -75.564399719238 -77.13681100100065
2017.761108398438 -76.507553100586 -75.79761700896927
2017.7939453125 -74.310585021973 -74.34059138556765
2017.826782226562 -72.890747070312 -72.90891030392731
2017.859741210938 -72.864639282227 -71.52909949516378
2017.892578125 -68.125625610352 -70.23655764555215
2017.925415039062 -67.025108337402 -69.03479562080693
2017.958251953125 -68.072143554688 -67.94017965018566
2017.991088867188 -64.700904846191 -67.01603727459138
2018.024658203125 -63.240291595459 -66.33027430808806
2018.057495117188 -64.19694519043 -65.94704055161571
2018.09033203125 -64.720603942871 -65.91400519516483
2018.123168945312 -63.570960998535 -66.27976720209041
2018.156005859375 -59.389579772949 -67.03339529541006
2018.18896484375 -64.943214416504 -68.130858274223
2018.221801757812 -62.774257659912 -69.50699003584147
2018.254638671875 -62.776840209961 -71.11417228021038
2018.287475585938 -69.088714599609 -72.95498221513179
2018.3203125 -73.718605041504 -75.04522503539192
2018.353149414062 -70.653060913086 -77.39388481439165
2018.385986328125 -83.723159790039 -79.93199666397972
2018.4189453125 -83.010513305664 -82.47063618284542
2018.451782226562 -86.430534362793 -84.77111415394845
2018.484619140625 -89.879379272461 -86.76173527135558
2018.517456054688 -90.334335327148 -88.47497201396153
2018.55029296875 -99.208137512207 -89.92816012075988
2018.583129882812 -101.620025634766 -91.10131492226824
2018.615966796875 -104.949287414551 -91.99391901991348
2018.64892578125 -111.581916809082 -92.60370455470655
2018.681762695312 -96.10912322998 -92.960329448275
2018.714599609375 -96.143844604492 -93.11774882448209
2018.747436523438 -98.296630859375 -93.05872034161578
2018.7802734375 -95.37557220459 -92.70048631339348
2018.813110351562 -95.233810424805 -91.89570284140413
2018.845947265625 -89.605354309082 -90.75632704970813
2018.87890625 -87.430137634277 -89.3786780338399
2018.911743164062 -86.095054626465 -88.1616073756402
2018.944580078125 -85.173454284668 -86.93792007839573
2018.977416992188 -84.172538757324 -85.73333952066957
2019.010986328125 -82.725204467773 -84.80970470475994
2019.043823242188 -82.552467346191 -83.9284509341792
2019.109497070312 -82.85213470459 -83.16417897230208
2019.1259765625 -81.833618164062 -83.00979912090693
2019.142333984375 -81.698585510254 -83.05721596740474
2019.175170898438 -82.625328063965 -83.25187789291888
2019.191650390625 -81.645530700684 -83.5871790888765
2019.208129882812 -83.527229309082 -84.06687419214074
2019.224487304688 -83.252388000488 -84.51635310207574
2019.240966796875 -83.852127075195 -85.26433779241628
2019.25732421875 -83.799934387207 -86.11545674339104
2019.273803710938 -84.578010559082 -86.86707249425831
2019.290161132812 -85.279312133789 -87.71336811780836
2019.306640625 -90.647247314453 -88.86549292912692
2019.323120117188 -87.16813659668 -90.09597884408288
2019.339477539062 -92.115447998047 -91.37180997568305
2019.35595703125 -91.84228515625 -92.68604127936267
2019.372314453125 -95.986389160156 -93.97976072004158
2019.388793945312 -94.697570800781 -95.26698677091446
2019.405151367188 -97.578140258789 -96.43749627661505
2019.421630859375 -96.988616943359 -97.6836234009193
2019.438110351562 -104.677192687988 -98.89509069197125
2019.454467773438 -98.016334533691 -99.99625239068368
2019.470947265625 -103.221969604492 -100.9609650777201
2019.4873046875 -106.825309753418 -101.79895142831086
2019.503784179688 -97.324562072754 -102.40951423951347
2019.520141601562 -98.487098693848 -103.14235876802054
2019.53662109375 -114.04175567627 -103.82556406332588
2019.569458007812 -109.156585693359 -105.03126956467696
2019.602294921875 -122.301551818848 -106.02864903917762
2019.618774414062 -101.558464050293 -106.52623203810968
2019.635131835938 -108.808631896973 -106.98754968974855
2019.651611328125 -111.837516784668 -107.32598286667708
2019.668090820312 -105.600784301758 -107.71735077835096
2019.71728515625 -109.307662963867 -108.34459964573585
2019.733764648438 -109.227615356445 -108.41405024077011
2019.750122070312 -110.137573242188 -108.22428507280414
2019.7666015625 -110.945259094238 -108.10817692640818
2019.799438476562 -107.922584533691 -107.54175411031905
2019.832275390625 -110.172149658203 -106.96632820161774
2019.865112304688 -107.76212310791 -106.37218196351408
2019.898071289062 -106.004737854004 -105.78856588870644
2019.930908203125 -103.768257141113 -105.2518491875225
2019.963745117188 -100.603240966797 -104.8928611118936
2019.99658203125 -103.407768249512 -104.65036750485797
2020.030151367188 -99.78621673584 -104.1895360679372
2020.06298828125 -102.4521484375 -104.31770453955835
2020.095825195312 -104.460494995117 -104.55423216664741
2020.128662109375 -103.773056030273 -105.11284746724893
2020.161499023438 -102.216484069824 -106.04194466895233
2020.177978515625 -105.453346252441 -106.85714425702027
2020.1943359375 -104.342437744141 -107.33210201765377
2020.227294921875 -106.255920410156 -108.95066432099307
2020.260131835938 -109.216804504395 -110.84214106461035
2020.29296875 -110.630676269531 -112.83286338300493
2020.325805664062 -114.380195617676 -115.0473327363332
2020.358642578125 -114.000717163086 -117.39941727821034
2020.391479492188 -121.188858032227 -119.71470141419496
2020.42431640625 -123.035369873047 -121.8924811131455
2020.457275390625 -128.589828491211 -123.7425363413638
2020.490112304688 -138.474853515625 -125.35876082822665
2020.52294921875 -132.349716186523 -126.89752129395062
2020.555786132812 -122.682464599609 -128.31092224134025
2020.572265625 -154.071212768555 -128.65626762321634
2020.588623046875 -147.002868652344 -128.8941917223734
2020.605102539062 -133.263061523438 -129.61495193983052
2020.621459960938 -142.323913574219 -129.697179277554
2020.654296875 -133.507598876953 -130.1102941147184
2020.687255859375 -126.751518249512 -130.10235746003008
2020.70361328125 -128.447662353516 -130.08879863674767
2020.720092773438 -135.052001953125 -129.62790679686717
2020.7529296875 -134.943099975586 -128.83173839885472
2020.785766601562 -133.395050048828 -127.84538369727996
2020.818603515625 -125.948661804199 -126.74879339541256
2020.851440429688 -122.105018615723 -125.55951229626417
2020.917236328125 -121.998878479004 -123.182781360577
2020.950073242188 -121.383865356445 -122.18122650548098
2020.98291015625 -121.167747497559 -121.35979152211885
2021.013671875 -118.801010131836 -120.44682211275114
2021.046508789062 -113.442489624023 -119.94874708758682
2021.079345703125 -118.342933654785 -120.0994773997548
2021.1123046875 -115.957870483398 -120.36184098341997
2021.145141601562 -118.706809997559 -120.90426001695181
2021.177978515625 -118.678466796875 -121.66278700563922
2021.210815429688 -117.555969238281 -122.5831398284897
2021.24365234375 -116.933250427246 -123.33855165347555
2021.276489257812 -126.568260192871 -124.73572257891595
2021.309326171875 -127.961181640625 -126.39121472374597
2021.34228515625 -126.651863098145 -128.2527132156186
2021.358642578125 -128.22004699707 -129.1687626968431
2021.391479492188 -134.553680419922 -130.80029854082548
2021.407958984375 -130.419937133789 -131.24846590101052
2021.440795898438 -132.451583862305 -132.03581987248046
2021.4736328125 -137.160400390625 -132.2372308130621
2021.506469726562 -144.156158447266 -132.0620672002355
2021.539306640625 -145.846405029297 -131.7124947853433
2021.572265625 -151.339324951172 -130.7756720029425
2021.605102539062 -145.762313842773 -130.47816414959752
2021.637939453125 -138.719268798828 -130.0947668484378
2021.670776367188 -133.631927490234 -129.59900928907788
2021.736450195312 -125.228904724121 -127.8806623045153
2021.769287109375 -127.943138122559 -127.02996447405015
2021.80224609375 -123.575553894043 -125.9315057805849
2021.835083007812 -119.882514953613 -124.77933424825659
2021.867919921875 -126.596130371094 -123.66428395382599
2021.966430664062 -116.282737731934 -120.68044572935405
2022.0 -115.413711547852 -119.97163728471402
2022.065673828125 -125.274833679199 -118.48839062631941
2022.098510742188 -116.009437561035 -117.98567207853296
2022.197143554688 -110.356788635254 -116.52684660410466
2022.22998046875 -117.311782836914 -116.16257664285865
2022.262817382812 -103.681114196777 -115.91900774722843
2022.295654296875 -110.6474609375 -115.98182446365607
2022.328491210938 -111.062774658203 -116.527132292833
2022.394287109375 -126.600708007812 -118.02411067872822
2022.558471679688 -140.84587097168 -119.67943267651907
2022.591430664062 -104.125968933105 -120.19240786150421
2022.68994140625 -152.012115478516 -122.65447706415686
2022.722778320312 -149.452697753906 -123.81866926306797
2022.821411132812 -122.935668945312 -125.21981300883901
2022.854248046875 -127.309661865234 -124.63748569009414
2022.887084960938 -122.249580383301 -123.94592100647615
2022.919921875 -126.046836853027 -123.4251346409831
2022.952758789062 -126.178062438965 -122.93451694233768
2022.985595703125 -121.323379516602 -122.53787956032771
2023.019165039062 -118.716743469238 -122.34162982571199
2023.052001953125 -119.388854980469 -122.12240970914888
2023.084838867188 -119.162590026855 -122.23342357192315
2023.11767578125 -121.907066345215 -122.71004185567286
2023.150634765625 -118.9189453125 -122.98416800806896
2023.183471679688 -121.681327819824 -123.48240806375688
2023.21630859375 -112.529716491699 -123.97542196885689
2023.249145507812 -116.517601013184 -124.47880579850249
2023.281982421875 -123.950012207031 -125.0012008179109
2023.314819335938 -129.880264282227 -125.54870161930565
2023.34765625 -127.139183044434 -126.12493967522366
2023.380615234375 -129.092071533203 -126.73264274250329
2023.413452148438 -126.776161193848 -127.36599900391127
2023.4462890625 -130.537338256836 -128.02469058753118
2023.57763671875 -164.427749633789 -130.85640205852079
