2014.804931640625 -0.0 -1.721759736641924
2014.837768554688 -4.822316169739 -2.266824660926738
2014.903442382812 -2.839818716049 -3.354770472229299
2014.96923828125 -4.223494529724 -4.442037126247548
2015.03564453125 -6.591954708099 -5.5370666931781365
2015.101318359375 -2.046620845795 -6.61825054598061
2015.265625 -16.267045974731 -9.31854538100354
2015.331298828125 -11.488237380981 -10.397438288342002
2015.39697265625 -4.524940013885 -11.477118487718405
2016.021850585938 -27.480983734131 -21.70267229648759
2016.1533203125 -22.991401672363 -23.382222199381253
2016.350463867188 -34.081783294678 -26.735489758790756
2016.416137695312 -26.450630187988 -28.029379611364252
2016.547607421875 -31.143424987793 -30.607882157504264
2016.744750976562 -34.223266601562 -34.52528758576614
2016.777587890625 -34.800037384033 -35.16956034988946
2016.810424804688 -38.186622619629 -35.808940265928165
2016.84326171875 -37.039936065674 -36.42891974365022
2016.876098632812 -37.195449829102 -37.006966607608796
2016.908935546875 -37.389469146729 -37.57289091796606
2016.941772460938 -38.334045410156 -38.1401055190592
2016.974731445312 -38.675312042236 -38.70175202773015
2017.005493164062 -38.993576049805 -39.21931912542234
2017.038330078125 -39.662609100342 -39.77027647745159
2017.071166992188 -40.066619873047 -40.30965542013603
2017.10400390625 -40.768592834473 -40.844918787972254
2017.136840820312 -40.853080749512 -41.380619364386426
2017.169799804688 -42.956455230713 -41.91500435898892
2017.20263671875 -41.999435424805 -42.4218353441399
2017.235473632812 -43.733455657959 -42.87967601748655
2017.268310546875 -44.013473510742 -43.27268299126934
2017.301147460938 -43.365306854248 -43.60318425407234
2017.333984375 -44.5998878479 -43.873278380608184
2017.366821289062 -45.659072875977 -44.085850706563804
2017.399780273438 -46.03670501709 -44.24485183668106
2017.4326171875 -45.376289367676 -44.349146758437485
2017.498291015625 -43.660800933838 -44.41484865913367
2017.531127929688 -45.589038848877 -44.41333979779608
2017.56396484375 -44.46662902832 -44.40548834316433
2017.596801757812 -45.199287414551 -44.39716217689312
2017.629760742188 -43.333209991455 -44.38870139335323
2017.66259765625 -43.604755401611 -44.39019677320101
2017.695434570312 -42.8307762146 -44.4203311133011
2017.728271484375 -42.05744934082 -44.49388555919558
2017.761108398438 -43.756935119629 -44.61225081734035
2017.7939453125 -44.835380554199 -44.76804571309685
2017.826782226562 -45.562343597412 -44.954747564948235
2017.859741210938 -44.844654083252 -45.17999027837049
2017.892578125 -45.602073669434 -45.45199667946895
2017.925415039062 -45.157302856445 -45.75784922940365
2017.958251953125 -45.438674926758 -46.075492322071476
2017.991088867188 -46.584156036377 -46.38465719117261
2018.024658203125 -47.31608581543 -46.68686828471462
2018.057495117188 -47.754165649414 -46.97179955913948
2018.09033203125 -47.029216766357 -47.25829217719155
2018.123168945312 -47.493911743164 -47.55721276643355
2018.156005859375 -48.43575668335 -47.87664097966995
2018.18896484375 -48.307075500488 -48.220696597637236
2018.221801757812 -47.945709228516 -48.582444720879955
2018.254638671875 -46.846454620361 -48.95796171231766
2018.287475585938 -48.884208679199 -49.34677714154307
2018.3203125 -49.710830688477 -49.75576775031767
2018.353149414062 -48.49462890625 -50.1898190862909
2018.385986328125 -50.920768737793 -50.644720131012896
2018.4189453125 -50.760498046875 -51.11243341297577
2018.451782226562 -51.577526092529 -51.572100236118274
2018.484619140625 -52.885925292969 -52.01120641302994
2018.517456054688 -52.685459136963 -52.41981904849138
2018.55029296875 -53.016502380371 -52.78265618410708
2018.583129882812 -55.232891082764 -53.0865955500616
2018.615966796875 -55.112945556641 -53.3327011613815
2018.64892578125 -54.114772796631 -53.52643497273796
2018.681762695312 -54.634090423584 -53.671650894054515
2018.714599609375 -54.885154724121 -53.77066941145865
2018.747436523438 -53.914810180664 -53.81904903000399
2018.7802734375 -53.585674285889 -53.816649836433456
2018.813110351562 -54.647583007812 -53.758488534924865
2018.845947265625 -53.023704528809 -53.66603355301642
2018.87890625 -52.770175933838 -53.527783806176465
2018.911743164062 -53.467742919922 -53.39350019695389
2018.944580078125 -53.663562774658 -53.25911546389001
2018.977416992188 -53.44312286377 -53.13571154106684
2019.010986328125 -53.051914215088 -53.02643073065864
2019.043823242188 -52.384586334229 -52.91980790772298
2019.109497070312 -52.349884033203 -52.666159716350904
2019.1259765625 -52.4423828125 -52.58943611168023
2019.142333984375 -53.617000579834 -52.49566002081886
2019.175170898438 -52.439315795898 -52.32296150508093
2019.191650390625 -52.606773376465 -52.2229541373096
2019.208129882812 -53.163066864014 -52.11302921385215
2019.224487304688 -51.753356933594 -52.00909775127517
2019.240966796875 -52.298599243164 -51.867709591563205
2019.25732421875 -51.33472442627 -51.71121605208206
2019.273803710938 -51.39790725708 -51.55395801634388
2019.290161132812 -51.081184387207 -51.37631587356825
2019.306640625 -50.961650848389 -51.169627810809104
2019.323120117188 -51.052394866943 -50.95291922878317
2019.339477539062 -50.452484130859 -50.73092327802425
2019.35595703125 -50.989879608154 -50.500944885488025
2019.372314453125 -51.27685546875 -50.26744553613821
2019.388793945312 -51.58757019043 -50.02547782316201
2019.405151367188 -47.160945892334 -49.761798884732734
2019.421630859375 -49.64986038208 -49.528705805251704
2019.438110351562 -47.655990600586 -49.30275029037398
2019.454467773438 -49.85661315918 -49.097653682017516
2019.470947265625 -49.111686706543 -48.928469099324744
2019.4873046875 -48.346714019775 -48.79681981781462
2019.503784179688 -46.129718780518 -48.74547651913733
2019.520141601562 -47.681297302246 -48.64474191414776
2019.53662109375 -45.93868637085 -48.6067460594765
2019.569458007812 -49.093734741211 -48.80779568297309
2019.602294921875 -52.609409332275 -49.3791714155165
2019.618774414062 -48.291427612305 -49.627887441692764
2019.635131835938 -48.780750274658 -49.888140872890936
2019.651611328125 -48.325855255127 -50.27526280866522
2019.668090820312 -45.78044128418 -50.566089921481584
2019.71728515625 -52.086048126221 -51.651856313656246
2019.733764648438 -52.473041534424 -52.047363584466694
2019.750122070312 -48.208068847656 -52.466144741156924
2019.7666015625 -52.771091461182 -52.87939319509714
2019.799438476562 -54.342433929443 -53.69255654972289
2019.832275390625 -54.750259399414 -54.49434062059306
2019.865112304688 -55.415180206299 -55.26325960408892
2019.898071289062 -55.965606689453 -55.98269865810362
2019.930908203125 -57.208065032959 -56.6324360204744
2019.963745117188 -57.802928924561 -57.223343234787805
2019.99658203125 -57.975028991699 -57.788707844440175
2020.030151367188 -58.472202301025 -58.3854105847564
2020.06298828125 -58.912906646729 -58.889584343952386
2020.095825195312 -59.105625152588 -59.37974466330657
2020.128662109375 -60.929569244385 -59.839520466630475
2020.161499023438 -60.379463195801 -60.270687697714884
2020.177978515625 -60.601428985596 -60.456909975754535
2020.1943359375 -60.710750579834 -60.6672665030127
2020.227294921875 -61.760581970215 -61.02570691485208
2020.260131835938 -60.648914337158 -61.32108195204435
2020.29296875 -61.964347839355 -61.583949209420716
2020.325805664062 -63.073474884033 -61.78043452922981
2020.358642578125 -61.561950683594 -61.84716395253494
2020.391479492188 -63.074871063232 -61.83465195959877
2020.42431640625 -64.773010253906 -61.7810440537324
2020.457275390625 -61.840747833252 -61.65734248376824
2020.490112304688 -64.413284301758 -61.44976471125937
2020.52294921875 -60.911441802979 -61.176563340907904
2020.555786132812 -61.678779602051 -60.82823055843443
2020.572265625 -67.201629638672 -60.57051128325257
2020.588623046875 -64.976913452148 -60.3012001179086
2020.605102539062 -60.80504989624 -60.11182003271538
2020.621459960938 -59.48014831543 -59.81321513422227
2020.654296875 -60.666584014893 -59.25543664295301
2020.687255859375 -58.992752075195 -58.65837944518284
2020.70361328125 -58.400203704834 -58.35473435632902
2020.720092773438 -57.684211730957 -58.077966800588435
2020.7529296875 -57.017639160156 -57.5245987127472
2020.785766601562 -57.009716033936 -56.984003816012844
2020.818603515625 -54.44510269165 -56.46403711479817
2020.851440429688 -54.426044464111 -55.990688763752466
2020.917236328125 -55.4059715271 -55.24303325884521
2020.950073242188 -54.339515686035 -55.07245259319572
2020.98291015625 -54.884086608887 -54.96558418266735
2021.013671875 -53.384864807129 -54.76685667363082
2021.046508789062 -52.170272827148 -54.73652554411944
2021.079345703125 -53.304298400879 -54.8558475651232
2021.1123046875 -55.048572540283 -54.99543254351794
2021.145141601562 -53.682903289795 -55.18951902996814
2021.177978515625 -54.989849090576 -55.40693902033939
2021.210815429688 -56.247699737549 -55.64049061494248
2021.24365234375 -56.375843048096 -55.89152134248798
2021.276489257812 -55.130512237549 -56.1994077518747
2021.309326171875 -57.612071990967 -56.499132396326715
2021.34228515625 -56.683555603027 -56.77403806773696
2021.358642578125 -57.691337585449 -56.8931912901978
2021.391479492188 -59.211902618408 -57.16201071371966
2021.407958984375 -57.626884460449 -57.29706516367789
2021.440795898438 -56.056453704834 -57.55908553094941
2021.4736328125 -56.902603149414 -57.78778990431068
2021.506469726562 -58.083374023438 -57.970001246708016
2021.539306640625 -61.944492340088 -58.10766246353757
2021.572265625 -55.913917541504 -58.17310608320028
2021.605102539062 -59.301094055176 -58.27917338292868
2021.637939453125 -59.74796295166 -58.3748006933593
2021.670776367188 -61.459403991699 -58.46934494168315
2021.736450195312 -59.453559875488 -58.64875286434171
2021.769287109375 -58.286922454834 -58.74003306511968
2021.80224609375 -58.877601623535 -58.80133533587476
2021.835083007812 -56.8098487854 -58.84282036697601
2021.867919921875 -59.081176757812 -58.87739803177607
2021.966430664062 -57.865383148193 -59.410790908385735
2022.0 -60.682876586914 -59.733098164138895
2022.065673828125 -56.990852355957 -60.20312406822876
2022.098510742188 -57.017570495605 -60.57950524101388
2022.197143554688 -58.276985168457 -61.762643073566664
2022.22998046875 -59.271194458008 -62.14504735339312
2022.262817382812 -60.530876159668 -62.52561930902259
2022.295654296875 -63.162761688232 -62.90447117886896
2022.328491210938 -66.986785888672 -63.29370058017071
2022.394287109375 -63.93766784668 -64.11640206052489
2022.558471679688 -67.614448547363 -66.48253212686957
2022.591430664062 -68.220481872559 -67.02584175969689
2022.68994140625 -66.687286376953 -68.5718908412165
2022.722778320312 -69.878768920898 -69.03972665487652
2022.821411132812 -70.116714477539 -70.36962979106559
2022.854248046875 -70.462409973145 -70.80941139278006
2022.887084960938 -70.519187927246 -71.25556582032085
2022.919921875 -71.364448547363 -71.68283034993961
2022.952758789062 -71.430442810059 -72.1288882335412
2022.985595703125 -74.400398254395 -72.63489293277446
2023.019165039062 -73.018508911133 -73.17412175131714
2023.052001953125 -73.797294616699 -73.69664656560558
2023.084838867188 -73.807273864746 -74.25527045373187
2023.11767578125 -74.577133178711 -74.85773197679161
2023.150634765625 -75.47452545166 -75.4575293464183
2023.183471679688 -76.188629150391 -76.09132007627782
2023.21630859375 -75.318283081055 -76.74354487020065
2023.249145507812 -77.639015197754 -77.40866500612454
2023.281982421875 -77.597846984863 -78.0812901940262
2023.314819335938 -77.761589050293 -78.75818613700339
2023.34765625 -78.754005432129 -79.4379935445252
2023.380615234375 -81.647766113281 -80.12328391899003
2023.413452148438 -78.734573364258 -80.80964432386108
2023.4462890625 -82.448387145996 -81.50007062643226
2023.57763671875 -87.186820983887 -84.31315212168208
