2014.804931640625 0.0 5.547039131372034
2014.837768554688 3.030920982361 5.1220562661393965
2014.903442382812 3.176123857498 4.270609713939936
2014.96923828125 3.631903886795 3.415424539440778
2015.03564453125 1.338469982147 2.549959235953232
2015.101318359375 8.0238904953 1.691496983786463
2015.265625 -0.30973687768 -0.4683432260326966
2015.331298828125 7.318256855011 -1.336836877614878
2015.39697265625 14.709969520569 -2.208570877182711
2016.021850585938 -9.83339214325 -10.521062492799638
2016.1533203125 -10.196391105652 -12.229457707522004
2016.350463867188 -20.100393295288 -15.27485985735829
2016.416137695312 -18.037643432617 -16.325813875589777
2016.547607421875 -20.287126541138 -18.5723102053392
2016.744750976562 -20.997358322144 -21.721459069568727
2016.777587890625 -22.615549087524 -22.132143570419284
2016.810424804688 -22.230298995972 -22.542745034973443
2016.84326171875 -21.807018280029 -22.958127409831782
2016.876098632812 -23.160053253174 -23.39096623689224
2016.908935546875 -24.012136459351 -23.808690494375465
2016.941772460938 -24.59801864624 -24.213914237616443
2016.974731445312 -24.963045120239 -24.620927199365227
2017.005493164062 -25.642583847046 -24.96493198106406
2017.038330078125 -25.572950363159 -25.354567984910034
2017.071166992188 -26.226579666138 -25.74041953650125
2017.10400390625 -26.244136810303 -26.045941386256672
2017.136840820312 -26.802906036377 -26.313624833957096
2017.169799804688 -27.050020217896 -26.559612801401133
2017.20263671875 -27.117059707642 -26.77817540157483
2017.235473632812 -27.378587722778 -26.972185089595886
2017.268310546875 -26.697227478027 -27.150215362421736
2017.301147460938 -27.514158248901 -27.322313995747983
2017.333984375 -26.480215072632 -27.499447223789765
2017.366821289062 -27.618896484375 -27.688143873176493
2017.399780273438 -27.873945236206 -27.8969316574526
2017.4326171875 -28.105665206909 -28.13218526104169
2017.498291015625 -27.846677780151 -28.714151375104493
2017.531127929688 -27.866537094116 -29.06686942599962
2017.56396484375 -29.36417388916 -29.45775720625349
2017.596801757812 -28.945432662964 -29.881601820753907
2017.629760742188 -30.040348052979 -30.336366346350793
2017.66259765625 -29.902530670166 -30.820638982946278
2017.695434570312 -31.049701690674 -31.334614883431072
2017.728271484375 -31.518817901611 -31.88643269319904
2017.761108398438 -33.114845275879 -32.470242668355866
2017.7939453125 -33.157886505127 -33.07172114301177
2017.826782226562 -34.222080230713 -33.67747851782747
2017.859741210938 -34.361595153809 -34.285822145060216
2017.892578125 -34.803604125977 -34.88938412849477
2017.925415039062 -35.761898040771 -35.48693669774527
2017.958251953125 -35.955341339111 -36.0724659881722
2017.991088867188 -36.419990539551 -36.6449512084305
2018.024658203125 -37.173091888428 -37.220640094915375
2018.057495117188 -37.906356811523 -37.78109815581492
2018.09033203125 -38.912162780762 -38.34835089394715
2018.123168945312 -38.535713195801 -38.93042447888489
2018.156005859375 -39.376846313477 -39.53027895919114
2018.18896484375 -40.184024810791 -40.15127607318427
2018.221801757812 -40.54817199707 -40.78659640565574
2018.254638671875 -40.569164276123 -41.43490185647034
2018.287475585938 -41.725215911865 -42.0942387219774
2018.3203125 -42.778205871582 -42.76039341868765
2018.353149414062 -45.842235565186 -43.426834452865315
2018.385986328125 -44.111980438232 -44.087992339075036
2018.4189453125 -44.656684875488 -44.74303374132988
2018.451782226562 -45.556888580322 -45.38450247463022
2018.484619140625 -46.62784576416 -46.015035311230804
2018.517456054688 -47.093563079834 -46.635950197141675
2018.55029296875 -47.622184753418 -47.24738407918648
2018.583129882812 -48.930519104004 -47.84267409642394
2018.615966796875 -48.794666290283 -48.41679642318327
2018.64892578125 -48.484928131104 -48.97158188294997
2018.681762695312 -48.820140838623 -49.50571079798866
2018.714599609375 -48.676891326904 -50.023432217529916
2018.747436523438 -50.540088653564 -50.52507870543359
2018.7802734375 -51.80025100708 -51.01646114619342
2018.813110351562 -51.718921661377 -51.50584833107789
2018.845947265625 -52.995491027832 -52.00083179795143
2018.87890625 -52.354301452637 -52.51384257957019
2018.911743164062 -52.556003570557 -53.029943108151365
2018.944580078125 -53.583305358887 -53.546251657812554
2018.977416992188 -54.059749603271 -54.03397702167608
2019.010986328125 -54.392196655273 -54.52523645871985
2019.043823242188 -54.936073303223 -55.00110559220819
2019.109497070312 -56.005302429199 -56.03339309619244
2019.1259765625 -55.972728729248 -56.296404210380246
2019.142333984375 -56.651863098145 -56.56116797805775
2019.175170898438 -57.336006164551 -57.09496474748679
2019.191650390625 -57.217891693115 -57.37667625573485
2019.208129882812 -57.475917816162 -57.66650952148768
2019.224487304688 -57.822280883789 -57.95355121873772
2019.240966796875 -58.330074310303 -58.25874052584047
2019.25732421875 -58.638843536377 -58.56954656732862
2019.273803710938 -58.611042022705 -58.875661144747056
2019.290161132812 -59.211330413818 -59.183250644244765
2019.306640625 -59.214008331299 -59.5115554613945
2019.323120117188 -59.665344238281 -59.837063927739514
2019.339477539062 -60.115123748779 -60.15525169168955
2019.35595703125 -60.56867980957 -60.46751664860196
2019.372314453125 -60.944877624512 -60.76519686150354
2019.388793945312 -61.090049743652 -61.0539949687508
2019.405151367188 -62.148574829102 -61.316080456885395
2019.421630859375 -61.847587585449 -61.59952496245968
2019.438110351562 -62.670909881592 -61.881593132722436
2019.454467773438 -61.677719116211 -62.16146336740671
2019.470947265625 -61.482307434082 -62.4411709723162
2019.4873046875 -63.899307250977 -62.70909213976102
2019.503784179688 -62.44930267334 -62.9653675855086
2019.520141601562 -62.188095092773 -63.214665298700496
2019.53662109375 -66.697616577148 -63.45700814514641
2019.569458007812 -64.931930541992 -63.91112774999961
2019.602294921875 -62.311023712158 -64.31588179349846
2019.618774414062 -65.361450195312 -64.52322066875008
2019.635131835938 -64.963104248047 -64.7324652312096
2019.651611328125 -64.629508972168 -64.90518286057319
2019.668090820312 -65.635581970215 -65.106498877181
2019.71728515625 -66.019004821777 -65.57777874369988
2019.733764648438 -64.559448242188 -65.70708414004525
2019.750122070312 -66.988128662109 -65.80066737625515
2019.7666015625 -65.542068481445 -65.90185184160036
2019.799438476562 -65.808860778809 -66.05521324491382
2019.832275390625 -67.539710998535 -66.19732626987343
2019.865112304688 -66.950828552246 -66.33106403054661
2019.898071289062 -66.450553894043 -66.45842283170752
2019.930908203125 -66.756568908691 -66.5700011627066
2019.963745117188 -66.670227050781 -66.65892395019837
2019.99658203125 -66.65478515625 -66.73909670759076
2020.030151367188 -66.71223449707 -66.82231400742418
2020.06298828125 -66.573234558105 -66.88379961986675
2020.095825195312 -67.227493286133 -66.94871079946878
2020.128662109375 -66.897239685059 -67.02760296064213
2020.161499023438 -67.343101501465 -67.12719078197036
2020.177978515625 -67.027976989746 -67.19224537228088
2020.1943359375 -67.054122924805 -67.24179799296274
2020.227294921875 -67.124290466309 -67.36544074556787
2020.260131835938 -67.285423278809 -67.49856242092308
2020.29296875 -66.921813964844 -67.63902343608122
2020.325805664062 -68.521034240723 -67.79530217699016
2020.358642578125 -67.692672729492 -67.9971507956769
2020.391479492188 -68.678199768066 -68.22322942814142
2020.42431640625 -68.253074645996 -68.45616440674351
2020.457275390625 -66.707855224609 -68.69550340758528
2020.490112304688 -67.60498046875 -68.93742826512687
2020.52294921875 -69.077896118164 -69.18336908810986
2020.555786132812 -69.416519165039 -69.44250911628079
2020.572265625 -71.325477600098 -69.60105548058357
2020.588623046875 -70.009498596191 -69.77009310977495
2020.605102539062 -69.934341430664 -69.9071117696858
2020.621459960938 -70.304138183594 -70.09341769090624
2020.654296875 -68.823516845703 -70.45256881077205
2020.687255859375 -69.830581665039 -70.83593457517553
2020.70361328125 -70.532493591309 -71.0287563817796
2020.720092773438 -70.649368286133 -71.21984771316501
2020.7529296875 -71.767372131348 -71.59328237979051
2020.785766601562 -72.545059204102 -71.95454711197264
2020.818603515625 -72.61750793457 -72.30424552982294
2020.851440429688 -73.945510864258 -72.64907515815291
2020.917236328125 -73.477844238281 -73.2988595247807
2020.950073242188 -73.714790344238 -73.541568599924
2020.98291015625 -73.852638244629 -73.74552892326932
2021.013671875 -74.900520324707 -73.97240356043056
2021.046508789062 -74.510696411133 -74.11231241771648
2021.079345703125 -74.208709716797 -74.17704591541069
2021.1123046875 -75.187507629395 -74.23442683298937
2021.145141601562 -74.497512817383 -74.2636294406351
2021.177978515625 -74.327278137207 -74.27580233295238
2021.210815429688 -74.686904907227 -74.2907887190624
2021.24365234375 -74.343223571777 -74.28899113886028
2021.276489257812 -73.234375 -74.32411343595294
2021.309326171875 -73.821968078613 -74.43102053517599
2021.34228515625 -73.570724487305 -74.62620325421842
2021.358642578125 -75.085433959961 -74.80169282608786
2021.391479492188 -71.552772521973 -75.04012953290605
2021.407958984375 -73.803268432617 -75.19970754511439
2021.440795898438 -73.346855163574 -75.4574339920736
2021.4736328125 -72.726051330566 -75.76328214707232
2021.506469726562 -76.317817687988 -76.1331322631317
2021.539306640625 -73.521476745605 -76.56636149373517
2021.572265625 -76.395217895508 -77.14278266337298
2021.605102539062 -77.540054321289 -77.64125820406387
2021.637939453125 -77.631362915039 -78.1690503932534
2021.670776367188 -77.253082275391 -78.72867754283148
2021.736450195312 -78.837356567383 -79.94645824029897
2021.769287109375 -81.214012145996 -80.54663294549296
2021.80224609375 -81.863952636719 -81.11366260284784
2021.835083007812 -82.537475585938 -81.65814650875953
2021.867919921875 -82.647178649902 -82.11795636099053
2021.966430664062 -84.335723876953 -83.37436593393308
2022.0 -81.788215637207 -83.74103719376802
2022.065673828125 -87.020668029785 -84.6054054779338
2022.098510742188 -85.536544799805 -84.93039081915224
2022.197143554688 -86.553314208984 -85.90085919367844
2022.22998046875 -87.380073547363 -86.18595932053748
2022.262817382812 -86.76229095459 -86.44126206685019
2022.295654296875 -86.994995117188 -86.66448674725352
2022.328491210938 -87.090835571289 -86.85342747762225
2022.394287109375 -86.966011047363 -87.17284905423566
2022.558471679688 -87.547302246094 -87.89930608118337
2022.591430664062 -89.783279418945 -88.0226442905671
2022.68994140625 -86.312255859375 -88.38787305161178
2022.722778320312 -87.654197692871 -88.51817659925742
2022.821411132812 -89.078338623047 -88.97981760882078
2022.854248046875 -89.739219665527 -89.149491091679
2022.887084960938 -88.913909912109 -89.31960404771004
2022.919921875 -89.820831298828 -89.48850842503636
2022.952758789062 -89.445320129395 -89.66010815165815
2022.985595703125 -89.930389404297 -89.81602091835424
2023.019165039062 -90.403533935547 -89.95399544568612
2023.052001953125 -90.168617248535 -90.0935388321182
2023.084838867188 -90.512268066406 -90.17967794566012
2023.11767578125 -90.143882751465 -90.20471379733559
2023.150634765625 -90.56201171875 -90.24710665565489
2023.183471679688 -90.552963256836 -90.24917477805386
2023.21630859375 -91.181007385254 -90.24928569645061
2023.249145507812 -90.924682617188 -90.24777422290073
2023.281982421875 -90.689895629883 -90.24424819349694
2023.314819335938 -90.50366973877 -90.2379581433529
2023.34765625 -90.305679321289 -90.22799575559377
2023.380615234375 -89.800727844238 -90.21337475654241
2023.413452148438 -89.634056091309 -90.19343391627004
2023.4462890625 -88.478942871094 -90.16777912543984
2023.57763671875 -85.583839416504 -90.0151653864321
