2014.804931640625  -2.469796536904496
2014.837768554688  -2.5582025106342057
2014.903442382812  -2.7302028803227696
2014.96923828125  -2.8958646698974486
2015.03564453125  -3.05637225884665
2015.101318359375  -3.2088684913131087
2015.265625  -3.565498535723391
2015.331298828125  -3.6984887189148092
2015.39697265625  -3.8265530830900403
2016.021850585938  -9.166473933688078
2016.1533203125  -7.677321137416792
2016.350463867188  -4.645459744672546
2016.416137695312  -3.5642977408009062
2016.547607421875  -1.3824024890500588
2016.744750976562  1.5680361139062953
2016.777587890625  1.9983641918208794
2016.810424804688  2.532168207097613
2016.84326171875  3.2606205943388407
2016.876098632812  3.9584461788253735
2016.908935546875  4.566506708974768
2016.941772460938  5.12723013038582
2016.974731445312  5.566772547179572
2017.005493164062  5.894031238209635
2017.038330078125  6.258017502851483
2017.071166992188  6.620877013388204
2017.10400390625  6.861722438648193
2017.136840820312  7.043845532630324
2017.169799804688  7.199293474374614
2017.20263671875  7.292033872797837
2017.235473632812  7.3096942300361505
2017.268310546875  7.254455981417416
2017.301147460938  7.1284244718868175
2017.333984375  6.951311529184189
2017.366821289062  6.739396708845814
2017.399780273438  6.499288017474544
2017.4326171875  6.2491473548624334
2017.498291015625  5.673323426373556
2017.531127929688  5.33908500003173
2017.56396484375  5.0110888649917
2017.596801757812  4.710797805821005
2017.629760742188  4.440385418782276
2017.66259765625  4.188207661013897
2017.695434570312  3.988177853955227
2017.728271484375  3.8942245018942825
2017.761108398438  3.9676363708079556
2017.7939453125  4.230418208929687
2017.826782226562  4.656353505611192
2017.859741210938  5.214858561975403
2017.892578125  5.88963789452164
2017.925415039062  6.628204947411984
2017.958251953125  7.388504751632203
2017.991088867188  8.161739577852549
2018.024658203125  8.955401184965718
2018.057495117188  9.72578578392651
2018.09033203125  10.472877843931293
2018.123168945312  11.128394837889852
2018.156005859375  11.629238154054269
2018.18896484375  11.928098416823511
2018.221801757812  11.99141683786291
2018.254638671875  11.810670499320956
2018.287475585938  11.411553780862985
2018.3203125  10.863011874968
2018.353149414062  10.240258764769951
2018.385986328125  9.589728704769348
2018.4189453125  8.920315774631767
2018.451782226562  8.234554295435357
2018.484619140625  7.523894150818311
2018.517456054688  6.7781393734516175
2018.55029296875  6.013315413706599
2018.583129882812  5.268658013891176
2018.615966796875  4.593613386684066
2018.64892578125  4.062874526327954
2018.681762695312  3.7192202893248014
2018.714599609375  3.565882257581289
2018.747436523438  3.583807306855168
2018.7802734375  3.7275657451350455
2018.813110351562  4.0427975019892735
2018.845947265625  4.396841422178925
2018.87890625  4.966427380890392
2018.911743164062  5.842660821088051
2018.944580078125  6.769643030862417
2018.977416992188  7.871721773777928
2019.010986328125  9.080769995847561
2019.043823242188  10.31538262786292
2019.109497070312  12.474802669963532
2019.1259765625  13.012072069298945
2019.142333984375  13.385110136587981
2019.175170898438  14.122790314961382
2019.191650390625  14.339568641620417
2019.208129882812  14.451499288653313
2019.224487304688  14.597583957816042
2019.240966796875  14.474773741353586
2019.25732421875  14.239463676061513
2019.273803710938  14.086958268278082
2019.290161132812  13.79803157638682
2019.306640625  13.19336411650298
2019.323120117188  12.508380565929606
2019.339477539062  11.806308857495873
2019.35595703125  11.102355551076077
2019.372314453125  10.410111396420568
2019.388793945312  9.690727110796926
2019.405151367188  8.92801289071309
2019.421630859375  8.15849200897545
2019.438110351562  7.349532524759756
2019.454467773438  6.5140021348297354
2019.470947265625  5.662102873871456
2019.4873046875  4.847209543058567
2019.503784179688  4.131647348774294
2019.520141601562  3.396645786354111
2019.53662109375  2.710088176402484
2019.569458007812  1.5587491577184363
2019.602294921875  0.6815346673168998
2019.618774414062  0.22613157832791891
2019.635131835938  -0.19411055658293644
2019.651611328125  -0.4101431073685188
2019.668090820312  -0.7046351036339066
2019.71728515625  -1.0683142742985579
2019.733764648438  -1.1143005848918917
2019.750122070312  -1.030647761253928
2019.7666015625  -0.9944500428360303
2019.799438476562  -0.722483597128272
2019.832275390625  -0.3247842039452707
2019.865112304688  0.24164012191338394
2019.898071289062  0.9385923880950341
2019.930908203125  1.6754182451191564
2019.963745117188  2.297464916107564
2019.99658203125  2.7454756091338663
2020.030151367188  3.2705886448404202
2020.06298828125  3.4957711279542343
2020.095825195312  3.7266516513067374
2020.128662109375  3.8969278839231873
2020.161499023438  4.005719238571125
2020.177978515625  3.9490287812406426
2020.1943359375  4.031687356937829
2020.227294921875  3.939381824482053
2020.260131835938  3.746770625517494
2020.29296875  3.436210129152299
2020.325805664062  3.106720553298387
2020.358642578125  2.8795189599153335
2020.391479492188  2.621852031584057
2020.42431640625  2.3699283506800315
2020.457275390625  2.1151493463017315
2020.490112304688  1.818234721293779
2020.52294921875  1.4143568112355078
2020.555786132812  0.8334642646643855
2020.572265625  0.3523949849842124
2020.588623046875  -0.14517992171453767
2020.605102539062  -0.48511992411197047
2020.621459960938  -1.0243631674383258
2020.654296875  -2.0315452428864074
2020.687255859375  -3.1067060083718983
2020.70361328125  -3.6603635216124895
2020.720092773438  -4.169011304389557
2020.7529296875  -5.129841165453755
2020.785766601562  -5.949617780503896
2020.818603515625  -6.6357838121794614
2020.851440429688  -7.214328901984778
2020.917236328125  -8.232799761962895
2020.950073242188  -8.615246308754356
2020.98291015625  -8.966161928996064
2021.013671875  -9.32918468648451
2021.046508789062  -9.567403148111888
2021.079345703125  -9.863342354398215
2021.1123046875  -10.171307807538868
2021.145141601562  -10.544600280892638
2021.177978515625  -10.984027754022437
2021.210815429688  -11.488008940085624
2021.24365234375  -11.970173396089837
2021.276489257812  -12.685047609917397
2021.309326171875  -13.523231289927214
2021.34228515625  -14.492737368227473
2021.358642578125  -15.077949900996467
2021.391479492188  -16.115649023472294
2021.407958984375  -16.602840508857046
2021.440795898438  -17.463756211672735
2021.4736328125  -18.171026195275324
2021.506469726562  -18.714254867158807
2021.539306640625  -19.121278764504925
2021.572265625  -19.14437654772234
2021.605102539062  -19.473558702217748
2021.637939453125  -19.780231198623326
2021.670776367188  -20.072911427826348
2021.736450195312  -20.4678494384529
2021.769287109375  -20.63386188947826
2021.80224609375  -20.688520216496865
2021.835083007812  -20.67518648636791
2021.867919921875  -20.654405531671152
2021.966430664062  -20.68300734909833
2022.0  -20.88756200210788
2022.065673828125  -21.246031708415394
2022.098510742188  -21.615440685133713
2022.197143554688  -22.796547188434634
2022.22998046875  -23.244975478701743
2022.262817382812  -23.730370664388992
2022.295654296875  -24.244561866983123
2022.328491210938  -24.78195433853067
2022.394287109375  -25.790786769460624
2022.558471679688  -27.81133105155863
2022.591430664062  -28.44984061475326
2022.68994140625  -30.206155581100372
2022.722778320312  -30.667252171744195
2022.821411132812  -31.048734578216596
2022.854248046875  -30.923097150661157
2022.887084960938  -30.73431717609355
2022.919921875  -30.62099027650475
2022.952758789062  -30.38090642815419
2022.985595703125  -29.914844893493154
2023.019165039062  -29.46260500530207
2023.052001953125  -29.0130691948921
2023.084838867188  -28.74610941194362
2023.11767578125  -28.708576703138405
2023.150634765625  -28.59385699693991
2023.183471679688  -28.636322790308252
2023.21630859375  -28.686863962019697
2023.249145507812  -28.74616779696343
2023.281982421875  -28.81650547655015
2023.314819335938  -28.900928843764493
2023.34765625  -29.002304257307742
2023.380615234375  -29.124043050770336
2023.413452148438  -29.268102334458153
2023.4462890625  -29.435940479042504
2023.57763671875  -30.312093568909848
