2014.804931640625 -0.0 7.052802759564871
2014.837768554688 -7.19741153717 6.110854806137686
2014.903442382812 8.871212005615 4.228050583690118
2014.96923828125 4.995485305786 2.3442854345432877
2015.03564453125 21.637800216675 0.44597649787669763
2015.101318359375 -7.356523513794 -1.4290963083817374
2015.265625 9.699057579041 -6.113233924185828
2015.331298828125 -7.144738674164 -7.982213943141646
2015.39697265625 -27.750722885132 -9.849004194773226
2016.021850585938 -27.704111099243 -27.740099999354754
2016.1533203125 -34.764366149902 -31.58424680533721
2016.350463867188 -32.13890838623 -36.550887675102544
2016.416137695312 -43.959991455078 -37.998445676706666
2016.547607421875 -36.100498199463 -40.955331622492686
2016.744750976562 -44.996704101562 -45.15322009126812
2016.777587890625 -50.253242492676 -45.877750519535155
2016.810424804688 -51.746421813965 -46.591817086748755
2016.84326171875 -48.540714263916 -47.15000827463397
2016.876098632812 -54.70947265625 -47.47492129398225
2016.908935546875 -45.809104919434 -47.71866827481457
2016.941772460938 -46.300754547119 -47.97378020826485
2016.974731445312 -47.575584411621 -48.045302166471224
2017.005493164062 -48.832347869873 -48.13480309739006
2017.038330078125 -49.411914825439 -48.176243709063016
2017.071166992188 -45.431343078613 -48.19747781169991
2017.10400390625 -45.412216186523 -48.50393437292288
2017.136840820312 -46.873428344727 -49.04734849077902
2017.169799804688 -48.924102783203 -49.75248194053938
2017.20263671875 -49.976100921631 -50.63128044437888
2017.235473632812 -48.095222473145 -51.6718549832443
2017.268310546875 -48.584091186523 -52.86112143684717
2017.301147460938 -53.223735809326 -54.185041051576654
2017.333984375 -51.270561218262 -55.62944427118963
2017.366821289062 -61.423805236816 -57.16997528891495
2017.399780273438 -58.283668518066 -58.788183540842
2017.4326171875 -61.241645812988 -60.42744539156112
2017.498291015625 -65.436874389648 -63.50277079372872
2017.531127929688 -64.444862365723 -64.80731655302071
2017.56396484375 -68.847694396973 -65.89868778827298
2017.596801757812 -69.233772277832 -66.76373484254795
2017.629760742188 -70.654151916504 -67.4154116113322
2017.66259765625 -70.665748596191 -67.86969812835261
2017.695434570312 -74.977119445801 -68.16428608730473
2017.728271484375 -73.410377502441 -68.28789234541891
2017.761108398438 -68.49137878418 -68.21974190607756
2017.7939453125 -66.87963104248 -67.97887051834545
2017.826782226562 -68.262145996094 -67.59022515699792
2017.859741210938 -65.949684143066 -67.05229517708622
2017.892578125 -65.896423339844 -66.40876312268
2017.925415039062 -64.297454833984 -65.74480914294091
2017.958251953125 -69.64567565918 -65.12423697962272
2017.991088867188 -67.809371948242 -64.588179841983
2018.024658203125 -62.18180847168 -64.15810224171734
2018.057495117188 -60.877708435059 -63.862454318965746
2018.09033203125 -60.711898803711 -63.68145620553166
2018.123168945312 -59.832801818848 -63.62708565361316
2018.156005859375 -59.82719039917 -63.71749771675691
2018.18896484375 -66.24178314209 -63.98465392375839
2018.221801757812 -62.202220916748 -64.45571429765039
2018.254638671875 -62.81192779541 -65.15934987897667
2018.287475585938 -61.918235778809 -66.11377224116812
2018.3203125 -65.420425415039 -67.31110232330306
2018.353149414062 -67.464530944824 -68.7218994827486
2018.385986328125 -66.697937011719 -70.30348081286327
2018.4189453125 -73.023887634277 -72.02723279178655
2018.451782226562 -71.25114440918 -73.83075996038438
2018.484619140625 -75.638870239258 -75.67047504374926
2018.517456054688 -75.979515075684 -77.52736933278396
2018.55029296875 -80.722244262695 -79.36181130947894
2018.583129882812 -83.959663391113 -81.10456640059108
2018.615966796875 -88.967491149902 -82.70947351616509
2018.64892578125 -84.312217712402 -84.14538413596208
2018.681762695312 -89.431953430176 -85.3859699656381
2018.714599609375 -90.524124145508 -86.43076015895332
2018.747436523438 -88.443481445312 -87.29173465921717
2018.7802734375 -88.89835357666 -87.99847480025713
2018.813110351562 -94.69189453125 -88.47434989434838
2018.845947265625 -90.428718566895 -88.8426592516353
2018.87890625 -89.609718322754 -88.96283215367752
2018.911743164062 -90.662109375 -88.87147767038206
2018.944580078125 -86.314025878906 -88.7421346461714
2018.977416992188 -88.070686340332 -88.50909615435194
2019.010986328125 -86.175086975098 -88.24486657322007
2019.043823242188 -90.499977111816 -87.92078199008691
2019.109497070312 -87.247802734375 -87.57231234094859
2019.1259765625 -86.114479064941 -87.51978078395261
2019.142333984375 -86.696601867676 -87.55511353185372
2019.175170898438 -87.696769714355 -87.62528432144518
2019.191650390625 -86.337341308594 -87.72965200006249
2019.208129882812 -85.853454589844 -87.89256917396173
2019.224487304688 -87.825798034668 -88.03496396085224
2019.240966796875 -89.464179992676 -88.33735544345572
2019.25732421875 -89.011283874512 -88.69650606533666
2019.273803710938 -87.458183288574 -89.03267241263843
2019.290161132812 -89.729316711426 -89.40663386299104
2019.306640625 -88.608604431152 -89.88297081856615
2019.323120117188 -90.018852233887 -90.39226327643287
2019.339477539062 -90.722877502441 -90.91475739768306
2019.35595703125 -91.834213256836 -91.43490046932976
2019.372314453125 -90.729621887207 -91.93140692389241
2019.388793945312 -93.601707458496 -92.42643645710659
2019.405151367188 -92.761650085449 -92.90528947450537
2019.421630859375 -93.244117736816 -93.4009325851197
2019.438110351562 -96.123481750488 -93.89060787948684
2019.454467773438 -93.285484313965 -94.33856186981521
2019.470947265625 -98.251495361328 -94.73528789057447
2019.4873046875 -95.546592712402 -95.06961074929879
2019.503784179688 -91.212799072266 -95.26136651037
2019.520141601562 -95.34888458252 -95.51248390290039
2019.53662109375 -99.83309173584 -95.73748027509323
2019.569458007812 -96.256324768066 -96.11174536381334
2019.602294921875 -99.315284729004 -96.45067851376
2019.618774414062 -92.115539550781 -96.63973774551114
2019.635131835938 -98.42121887207 -96.81290714703685
2019.651611328125 -88.715194702148 -96.96416233366958
2019.668090820312 -97.364074707031 -97.11088562134232
2019.71728515625 -98.686096191406 -97.47600769146074
2019.733764648438 -96.272132873535 -97.57526071581871
2019.750122070312 -97.122787475586 -97.63451955981616
2019.7666015625 -99.466758728027 -97.69582680676282
2019.799438476562 -101.093795776367 -97.70076178188691
2019.832275390625 -94.447151184082 -97.68871672237306
2019.865112304688 -100.588714599609 -97.64623836971919
2019.898071289062 -98.22061920166 -97.591633329717
2019.930908203125 -97.025657653809 -97.57157938599553
2019.963745117188 -98.97632598877 -97.68324262125935
2019.99658203125 -94.571937561035 -97.91510543635947
2020.030151367188 -95.625198364258 -98.02521351469358
2020.06298828125 -96.563415527344 -98.44817237459249
2020.095825195312 -98.016532897949 -98.88969168665803
2020.128662109375 -96.907836914062 -99.43826912242797
2020.161499023438 -100.07307434082 -100.06527454718945
2020.177978515625 -98.904327392578 -100.43003113347177
2020.1943359375 -99.851806640625 -100.75352288697388
2020.227294921875 -104.99291229248 -101.46212010395638
2020.260131835938 -103.502922058105 -102.14931663416417
2020.29296875 -103.365119934082 -102.86229263817161
2020.325805664062 -107.178649902344 -103.5032223448176
2020.358642578125 -102.9677734375 -103.95784308175939
2020.391479492188 -110.281036376953 -104.38040386568802
2020.42431640625 -99.778053283691 -104.73457018566691
2020.457275390625 -105.841613769531 -104.96883042712925
2020.490112304688 -105.61164855957 -105.10969705361714
2020.52294921875 -105.668327331543 -105.2515060308868
2020.555786132812 -106.0537109375 -105.43025166915127
2020.572265625 -102.858856201172 -105.58527552273208
2020.588623046875 -103.028701782227 -105.75811269384363
2020.605102539062 -106.742309570312 -105.87174467461988
2020.621459960938 -109.270942687988 -106.06782275368585
2020.654296875 -103.695892333984 -106.40052733249505
2020.687255859375 -104.392044067383 -106.67293334543264
2020.70361328125 -107.414825439453 -106.82223053028147
2020.720092773438 -116.128105163574 -106.83161745093616
2020.7529296875 -107.246528625488 -106.84611701444445
2020.785766601562 -109.945373535156 -106.70765449960338
2020.818603515625 -108.272811889648 -106.42723651913073
2020.851440429688 -109.670654296875 -106.03925368788273
2020.917236328125 -107.14379119873 -105.17372027415615
2020.950073242188 -102.867485046387 -104.78036194932744
2020.98291015625 -108.785102844238 -104.4134683976148
2021.013671875 -99.385063171387 -103.97009329378776
2021.046508789062 -98.292762756348 -103.51546559149692
2021.079345703125 -98.431167602539 -103.24862568701914
2021.1123046875 -99.785934448242 -102.9859500660186
2021.145141601562 -103.391929626465 -102.86390627432432
2021.177978515625 -105.777137756348 -102.9114394586344
2021.210815429688 -103.049385070801 -103.1385842424409
2021.24365234375 -101.45777130127 -103.35959892965995
2021.276489257812 -99.864196777344 -104.00619104101182
2021.309326171875 -104.880081176758 -104.82975970617487
2021.34228515625 -103.279571533203 -105.79178901274236
2021.358642578125 -106.56120300293 -106.4110801766008
2021.391479492188 -106.900062561035 -107.51411338948758
2021.407958984375 -105.942199707031 -108.1506511819588
2021.440795898438 -105.045364379883 -109.2677364182563
2021.4736328125 -109.640083312988 -110.37106871156693
2021.506469726562 -117.007682800293 -111.4281607006496
2021.539306640625 -114.292709350586 -112.39974095010078
2021.572265625 -120.840347290039 -113.04240531748574
2021.605102539062 -117.937507629395 -113.8890083587031
2021.637939453125 -115.541244506836 -114.68552747124099
2021.670776367188 -118.235885620117 -115.41460045615416
2021.736450195312 -114.005508422852 -116.33348673902672
2021.769287109375 -120.397384643555 -116.66152520800378
2021.80224609375 -117.83487701416 -116.75011695969424
2021.835083007812 -111.855476379395 -116.80081903576713
2021.867919921875 -117.80493927002 -116.72085716030557
2021.966430664062 -119.33634185791 -116.57740873371718
2022.0 -120.368103027344 -116.50813382869003
2022.065673828125 -114.856788635254 -116.38306135499478
2022.098510742188 -111.820526123047 -116.39142482150932
2022.197143554688 -111.324195861816 -116.98883630613336
2022.22998046875 -119.943183898926 -117.4212057701492
2022.262817382812 -117.014686584473 -117.95391432252093
2022.295654296875 -117.249267578125 -118.56173605547428
2022.328491210938 -112.811340332031 -119.22741740957647
2022.394287109375 -112.001342773438 -120.56229928153371
2022.558471679688 -127.44645690918 -123.85039595179096
2022.591430664062 -104.298614501953 -124.66943056593188
2022.68994140625 -128.279724121094 -127.38144555027306
2022.722778320312 -129.413665771484 -128.37490507568498
2022.821411132812 -133.033599853516 -130.50211634906893
2022.854248046875 -130.76481628418 -131.0117281243095
2022.887084960938 -127.478645324707 -131.50154297520328
2022.919921875 -130.783920288086 -131.9772959282667
2022.952758789062 -131.383377075195 -132.45861922185975
2022.985595703125 -135.202499389648 -132.96633328257252
2023.019165039062 -135.481658935547 -133.49723502841672
2023.052001953125 -134.264923095703 -134.0095244779887
2023.084838867188 -131.907470703125 -134.5662076265414
2023.11767578125 -135.122161865234 -135.14756895149765
2023.150634765625 -136.828430175781 -135.72700547463396
2023.183471679688 -135.727005004883 -136.3311588963684
2023.21630859375 -136.957885742188 -136.99128815894832
2023.249145507812 -137.299102783203 -137.69265043116312
2023.281982421875 -137.872619628906 -138.41569461860863
2023.314819335938 -138.828155517578 -139.14866561558844
2023.34765625 -138.026260375977 -139.8856281573423
2023.380615234375 -140.95182800293 -140.62688446507914
2023.413452148438 -140.566955566406 -141.36677146052085
2023.4462890625 -140.812561035156 -142.108775122706
2023.57763671875 -149.866546630859 -145.13460310021597
