2014.804931640625 0.0 7.40928849352444
2014.837768554688 4.670351028442 7.093675120945332
2014.903442382812 5.786134243011 6.459720866597869
2014.96923828125 5.265729427338 5.820994995103152
2015.03564453125 7.435143947601 5.173010852105364
2015.101318359375 0.397487193346 4.529325145589602
2015.265625 22.151062011719 2.9065851731860373
2015.331298828125 13.766731262207 2.2530599552678114
2015.39697265625 10.388784408569 1.5970084442680004
2016.021850585938 -2.511071681976 -2.9716547016679584
2016.1533203125 -5.97622013092 -5.4198021807255365
2016.350463867188 -8.729671478271 -9.067080514597057
2016.416137695312 -31.776262283325 -10.264293620643294
2016.547607421875 -12.845350265503 -12.68647482623721
2016.744750976562 -19.238962173462 -16.255787808553205
2016.777587890625 -16.185968399048 -16.845540914056684
2016.810424804688 -16.62110710144 -17.420112256188215
2016.84326171875 -19.193733215332 -17.94290766013896
2016.876098632812 -18.402114868164 -18.431641352103625
2016.908935546875 -18.222385406494 -18.917795218290546
2016.941772460938 -19.146680831909 -19.401718573262006
2016.974731445312 -20.489013671875 -19.868865475711182
2017.005493164062 -19.533813476562 -20.31928771084213
2017.038330078125 -20.819269180298 -20.791780477219547
2017.071166992188 -20.778392791748 -21.275599092210076
2017.10400390625 -21.627285003662 -21.791701545462832
2017.136840820312 -21.934591293335 -22.325396888004924
2017.169799804688 -23.890245437622 -22.8749217954101
2017.20263671875 -23.106042861938 -23.423768835830153
2017.235473632812 -24.321960449219 -23.945645962805017
2017.268310546875 -23.396638870239 -24.432386460429214
2017.301147460938 -25.638622283936 -24.896847387867084
2017.333984375 -24.897262573242 -25.34469666921767
2017.366821289062 -26.980497360229 -25.766291999140652
2017.399780273438 -26.982343673706 -26.161341473943114
2017.4326171875 -29.532072067261 -26.527503474598337
2017.498291015625 -25.158952713013 -27.171530084402818
2017.531127929688 -26.394775390625 -27.436868024882287
2017.56396484375 -29.114971160889 -27.653721564146238
2017.596801757812 -30.094665527344 -27.82010992962306
2017.629760742188 -28.836854934692 -27.93752398036926
2017.66259765625 -27.200042724609 -28.008753787250097
2017.695434570312 -28.712858200073 -28.038423041752406
2017.728271484375 -28.842195510864 -28.03801999093627
2017.761108398438 -28.458347320557 -28.016325589926545
2017.7939453125 -28.519937515259 -27.978422712943424
2017.826782226562 -26.524364471436 -27.918682826478744
2017.859741210938 -27.950973510742 -27.832320453164066
2017.892578125 -26.856409072876 -27.737959729762192
2017.925415039062 -27.79870223999 -27.653141398856103
2017.958251953125 -28.011871337891 -27.58224303089027
2017.991088867188 -26.645858764648 -27.53370627370827
2018.024658203125 -28.038934707642 -27.537613533215005
2018.057495117188 -27.250213623047 -27.629239712794377
2018.09033203125 -27.692457199097 -27.810270066546618
2018.123168945312 -27.218910217285 -28.06266183948721
2018.156005859375 -25.633581161499 -28.384119765890954
2018.18896484375 -28.040367126465 -28.781925807176947
2018.221801757812 -27.610422134399 -29.262407299674127
2018.254638671875 -27.200571060181 -29.821476093257196
2018.287475585938 -28.690881729126 -30.469881480788846
2018.3203125 -31.227752685547 -31.206152659965685
2018.353149414062 -33.331367492676 -32.01088710336909
2018.385986328125 -31.91156578064 -32.853367800007575
2018.4189453125 -30.623123168945 -33.715813220063694
2018.451782226562 -34.650966644287 -34.564612601314366
2018.484619140625 -37.876998901367 -35.3789786596138
2018.517456054688 -37.22049331665 -36.14729006263704
2018.55029296875 -41.552917480469 -36.86824754893802
2018.583129882812 -39.234748840332 -37.524587735926126
2018.615966796875 -39.502498626709 -38.108928508057744
2018.64892578125 -39.849502563477 -38.61302951024196
2018.681762695312 -37.865467071533 -39.019204665072834
2018.714599609375 -41.80924987793 -39.3115780605717
2018.747436523438 -39.7502784729 -39.48234550270063
2018.7802734375 -40.367015838623 -39.5604685701292
2018.813110351562 -40.219757080078 -39.55797682375148
2018.845947265625 -41.305603027344 -39.52981317548953
2018.87890625 -39.00963973999 -39.46820194341249
2018.911743164062 -39.616683959961 -39.36916448359601
2018.944580078125 -38.566402435303 -39.25477176814635
2018.977416992188 -38.340675354004 -39.099038274133974
2019.010986328125 -39.234363555908 -38.96945325917019
2019.043823242188 -38.434398651123 -38.82932796300921
2019.109497070312 -38.747417449951 -38.77606824854161
2019.1259765625 -38.259696960449 -38.772714514266355
2019.142333984375 -38.465442657471 -38.82468692602258
2019.175170898438 -38.134449005127 -38.9354436992879
2019.191650390625 -38.401885986328 -39.03492723171299
2019.208129882812 -38.749828338623 -39.15621395914064
2019.224487304688 -38.745388031006 -39.28139038706393
2019.240966796875 -40.170482635498 -39.44303360313009
2019.25732421875 -39.966171264648 -39.61385535961049
2019.273803710938 -40.039726257324 -39.78976119456519
2019.290161132812 -40.269798278809 -39.98448896934776
2019.306640625 -40.139846801758 -40.19602313479274
2019.323120117188 -40.481281280518 -40.41684580967861
2019.339477539062 -40.515693664551 -40.6389508723393
2019.35595703125 -40.94730758667 -40.85524182004022
2019.372314453125 -39.667163848877 -41.060335556438176
2019.388793945312 -41.685123443604 -41.268867065250944
2019.405151367188 -40.262874603271 -41.522025010562736
2019.421630859375 -41.38890838623 -41.77774805638975
2019.438110351562 -43.951591491699 -42.06574621581153
2019.454467773438 -42.837451934814 -42.391030803298165
2019.470947265625 -41.487602233887 -42.74698727597318
2019.4873046875 -43.493114471436 -43.103523661656645
2019.503784179688 -40.22518157959 -43.40731480871601
2019.520141601562 -42.437976837158 -43.69465220110103
2019.53662109375 -45.830451965332 -43.95381126686446
2019.569458007812 -45.430919647217 -44.378462151013174
2019.602294921875 -48.424903869629 -44.72939147469359
2019.618774414062 -46.559448242188 -44.95452121737797
2019.635131835938 -45.699485778809 -45.18863323755313
2019.651611328125 -41.07080078125 -45.415340111681274
2019.668090820312 -43.90368270874 -45.65698014395826
2019.71728515625 -45.481857299805 -46.33975887812739
2019.733764648438 -46.031883239746 -46.54412301021646
2019.750122070312 -46.385025024414 -46.752269613803314
2019.7666015625 -46.288867950439 -46.94349196936467
2019.799438476562 -48.256839752197 -47.34325991743211
2019.832275390625 -48.790668487549 -47.767875649527625
2019.865112304688 -47.941829681396 -48.226784237641624
2019.898071289062 -50.025524139404 -48.69995480226347
2019.930908203125 -48.70739364624 -49.16194258822754
2019.963745117188 -48.519836425781 -49.60420238758156
2019.99658203125 -50.295299530029 -50.0677347534787
2020.030151367188 -50.093814849854 -50.529404760361366
2020.06298828125 -52.913551330566 -51.03606521518701
2020.095825195312 -49.499820709229 -51.54990864949715
2020.128662109375 -51.680858612061 -52.095032531614464
2020.161499023438 -51.793754577637 -52.65185051232908
2020.177978515625 -52.794467926025 -52.91527719604231
2020.1943359375 -52.818408966064 -53.18618382052208
2020.227294921875 -53.593704223633 -53.67741911781404
2020.260131835938 -56.439399719238 -54.11945653580512
2020.29296875 -55.4375 -54.568954123897676
2020.325805664062 -58.443420410156 -55.00323934053024
2020.358642578125 -55.357875823975 -55.379666005484694
2020.391479492188 -57.262878417969 -55.76251556934624
2020.42431640625 -56.363590240479 -56.12624882026211
2020.457275390625 -54.624950408936 -56.435371731910074
2020.490112304688 -55.037307739258 -56.69078197987685
2020.52294921875 -57.000873565674 -56.936172946291904
2020.555786132812 -57.181159973145 -57.210014392696046
2020.572265625 -51.33517074585 -57.38884278944668
2020.588623046875 -54.98318862915 -57.57156577846206
2020.605102539062 -59.606510162354 -57.72106440225328
2020.621459960938 -59.690254211426 -57.91560312750426
2020.654296875 -57.328296661377 -58.269822077642615
2020.687255859375 -58.224533081055 -58.57087206939202
2020.70361328125 -58.7018699646 -58.73684467269933
2020.720092773438 -60.031608581543 -58.735463546889434
2020.7529296875 -58.998386383057 -58.74572203255889
2020.785766601562 -60.345752716064 -58.628795433025076
2020.818603515625 -60.239479064941 -58.42560508632973
2020.851440429688 -62.136402130127 -58.16182914235074
2020.917236328125 -58.704605102539 -57.49060165133915
2020.950073242188 -57.753402709961 -57.02292867055727
2020.98291015625 -57.384239196777 -56.5037991131702
2021.013671875 -55.323055267334 -56.066587673313556
2021.046508789062 -54.783988952637 -55.410547274437825
2021.079345703125 -54.826076507568 -54.65671647226284
2021.1123046875 -54.135261535645 -53.88628284726596
2021.145141601562 -53.699508666992 -53.10867955497267
2021.177978515625 -52.79471206665 -52.33786763259501
2021.210815429688 -52.430011749268 -51.582036177672784
2021.24365234375 -49.995643615723 -50.830969295425426
2021.276489257812 -48.61190032959 -50.10540023493927
2021.309326171875 -49.590785980225 -49.444925560408116
2021.34228515625 -46.954833984375 -48.91306608419956
2021.358642578125 -49.065444946289 -48.8180896381906
2021.391479492188 -48.594669342041 -48.52065363883901
2021.407958984375 -45.886283874512 -48.488279850664924
2021.440795898438 -44.079135894775 -48.262856335309024
2021.4736328125 -45.500652313232 -48.08945682909576
2021.506469726562 -51.927947998047 -47.978621942356135
2021.539306640625 -44.245876312256 -47.91455381543949
2021.572265625 -47.398777008057 -47.89921932744662
2021.605102539062 -50.700145721436 -47.85170521904745
2021.637939453125 -47.555889129639 -47.835906710790546
2021.670776367188 -49.650512695312 -47.855868501635186
2021.736450195312 -44.889644622803 -47.96664589385835
2021.769287109375 -52.299541473389 -48.018126159714626
2021.80224609375 -48.263408660889 -48.04123065295736
2021.835083007812 -48.150657653809 -48.05509685054654
2021.867919921875 -46.686004638672 -48.036959452042574
2021.966430664062 -49.112464904785 -47.97480402998251
2022.0 -48.605346679688 -47.957013663639316
2022.065673828125 -48.370063781738 -47.924276298380825
2022.098510742188 -46.639389038086 -47.87733649069363
2022.197143554688 -47.081924438477 -47.53580305596707
2022.22998046875 -48.535705566406 -47.38737522551863
2022.262817382812 -47.672836303711 -47.2218605983119
2022.295654296875 -48.240379333496 -47.03680540516287
2022.328491210938 -47.431438446045 -46.83107982417679
2022.394287109375 -51.145462036133 -46.36278165019321
2022.558471679688 -45.11795425415 -45.011622284357365
2022.591430664062 -42.586597442627 -44.73790592551733
2022.68994140625 -51.960266113281 -43.73700295801756
2022.722778320312 -45.383792877197 -43.38445829957796
2022.821411132812 -41.488513946533 -42.34665539628491
2022.854248046875 -47.643199920654 -41.99649587444966
2022.887084960938 -43.164264678955 -41.641758557975706
2022.919921875 -40.869136810303 -41.314600624967774
2022.952758789062 -39.49552154541 -40.95882502215576
2022.985595703125 -43.315925598145 -40.533794175862965
2023.019165039062 -39.008155822754 -40.112345648868555
2023.052001953125 -40.217163085938 -39.69491668229379
2023.084838867188 -37.275611877441 -39.367307428007706
2023.11767578125 -39.804801940918 -39.14822216964035
2023.150634765625 -38.573364257812 -38.90778290950922
2023.183471679688 -37.997406005859 -38.73605728053521
2023.21630859375 -36.66674041748 -38.56764002382277
2023.249145507812 -35.835430145264 -38.4018596490687
2023.281982421875 -37.551567077637 -38.23981946147569
2023.314819335938 -37.686538696289 -38.083293337118526
2023.34765625 -38.436584472656 -37.93411657693028
2023.380615234375 -40.91357421875 -37.79337689036363
2023.413452148438 -37.22029876709 -37.66295674109786
2023.4462890625 -38.954036712646 -37.54217661880591
2023.57763671875 -44.70431137085 -37.141982806339485
