2014.804931640625 0.0 3.0176390688003525
2014.837768554688 2.541020393372 1.3377435789838739
2014.903442382812 0.981362998486 -2.020549767939161
2014.96923828125 -5.195272445679 -5.382683251797257
2015.03564453125 -9.972996711731 -8.77337016428459
2015.101318359375 -12.072882652283 -12.123930817350786
2015.265625 -17.501403808594 -20.492795218003046
2015.331298828125 -30.559133529663 -23.83158626318547
2015.39697265625 -29.414077758789 -27.166861885378502
2016.021850585938 -60.618949890137 -58.72455306258981
2016.1533203125 -64.874855041504 -65.31706802804271
2016.350463867188 -81.189407348633 -74.21210379020076
2016.416137695312 -67.236068725586 -76.8401900818843
2016.547607421875 -83.4130859375 -82.42759658278209
2016.744750976562 -98.643241882324 -91.67691970163858
2016.777587890625 -95.233711242676 -92.4027430163995
2016.810424804688 -97.944931030273 -93.16047929157122
2016.84326171875 -97.469871520996 -93.95327597165459
2016.876098632812 -96.110153198242 -94.57066532864827
2016.908935546875 -95.454772949219 -95.09750192818721
2016.941772460938 -94.652153015137 -95.67839452669584
2016.974731445312 -93.993911743164 -95.96465944887095
2017.005493164062 -95.665634155273 -96.24952422426783
2017.038330078125 -96.60814666748 -96.52160000205325
2017.071166992188 -94.360740661621 -96.81522832326296
2017.10400390625 -96.285720825195 -97.4076279713082
2017.136840820312 -95.841567993164 -98.18412530736123
2017.169799804688 -96.423187255859 -99.07405639560697
2017.20263671875 -98.724815368652 -100.10137244783621
2017.235473632812 -98.736747741699 -101.29135932678714
2017.268310546875 -101.49658203125 -102.65469892118999
2017.301147460938 -102.989852905273 -104.18208061390189
2017.333984375 -105.577705383301 -105.85216180122566
2017.366821289062 -105.183387756348 -107.63298137330824
2017.399780273438 -110.212371826172 -109.47570928853935
2017.4326171875 -111.228088378906 -111.31832533653434
2017.498291015625 -114.155380249023 -114.95130836798617
2017.531127929688 -118.903747558594 -116.71775297666309
2017.56396484375 -121.291900634766 -118.44431872767478
2017.596801757812 -121.853050231934 -120.11459070597284
2017.629760742188 -122.744010925293 -121.71243651387758
2017.66259765625 -125.120620727539 -123.19672670630986
2017.695434570312 -123.415748596191 -124.55930169112384
2017.728271484375 -125.629951477051 -125.78893267955235
2017.761108398438 -128.032257080078 -126.90677478089349
2017.7939453125 -129.592849731445 -127.94907659562297
2017.826782226562 -128.854629516602 -128.94793874252417
2017.859741210938 -131.719604492188 -129.91616103561296
2017.892578125 -130.531723022461 -130.86486972668243
2017.925415039062 -131.072479248047 -131.8114962151737
2017.958251953125 -132.616836547852 -132.77083730704794
2017.991088867188 -132.988265991211 -133.75981772071376
2018.024658203125 -133.769790649414 -134.80939023193133
2018.057495117188 -135.843612670898 -135.88371786658698
2018.09033203125 -137.128768920898 -137.03764291321468
2018.123168945312 -137.241912841797 -138.30809275522378
2018.156005859375 -137.133819580078 -139.69583515677192
2018.18896484375 -139.737350463867 -141.188696371824
2018.221801757812 -140.830535888672 -142.780357118116
2018.254638671875 -144.348678588867 -144.47630092386854
2018.287475585938 -145.854522705078 -146.26904383200542
2018.3203125 -145.828811645508 -148.13333101419371
2018.353149414062 -148.161605834961 -150.05487189929292
2018.385986328125 -156.296401977539 -152.02227226606269
2018.4189453125 -156.048477172852 -154.00671859148596
2018.451782226562 -154.355590820312 -155.94658709226036
2018.484619140625 -165.163497924805 -157.82031712554564
2018.517456054688 -160.214004516602 -159.6244337075723
2018.55029296875 -162.776824951172 -161.3626065656619
2018.583129882812 -165.784851074219 -163.00804165459573
2018.615966796875 -164.870330810547 -164.52652430302433
2018.64892578125 -170.381851196289 -165.89028277693816
2018.681762695312 -170.273132324219 -167.08233571180716
2018.714599609375 -165.077865600586 -168.12125623066765
2018.747436523438 -169.988845825195 -169.0252824439867
2018.7802734375 -172.069519042969 -169.81282142754722
2018.813110351562 -172.935806274414 -170.47624010524893
2018.845947265625 -173.952896118164 -171.1252165818424
2018.87890625 -171.694778442383 -171.6503529172308
2018.911743164062 -171.381072998047 -172.04255334899858
2018.944580078125 -172.452499389648 -172.40202120560613
2018.977416992188 -171.992538452148 -172.7076946944063
2019.010986328125 -172.220748901367 -172.95541995583554
2019.043823242188 -172.988052368164 -173.15319764200635
2019.109497070312 -174.062927246094 -173.83017429408284
2019.1259765625 -173.818878173828 -174.0234812388701
2019.142333984375 -174.359786987305 -174.26590836234314
2019.175170898438 -174.457321166992 -174.78214902314485
2019.191650390625 -174.512969970703 -175.11074717043195
2019.208129882812 -173.564086914062 -175.48154350383896
2019.224487304688 -175.486129760742 -175.8305502425056
2019.240966796875 -176.614410400391 -176.28222907925638
2019.25732421875 -175.802261352539 -176.7600606942641
2019.273803710938 -176.341064453125 -177.20715448440416
2019.290161132812 -177.139068603516 -177.693663969985
2019.306640625 -177.611480712891 -178.2662917568982
2019.323120117188 -179.185974121094 -178.84426879282142
2019.339477539062 -179.958023071289 -179.3989114250913
2019.35595703125 -181.050750732422 -179.92021454127735
2019.372314453125 -182.034362792969 -180.39463326877998
2019.388793945312 -180.711578369141 -180.84504107340595
2019.405151367188 -180.874984741211 -181.25019244823415
2019.421630859375 -182.508224487305 -181.72376053938473
2019.438110351562 -183.333694458008 -182.18789640640406
2019.454467773438 -183.596054077148 -182.63127766738856
2019.470947265625 -177.69287109375 -183.0828901607127
2019.4873046875 -181.595642089844 -183.55987825699984
2019.503784179688 -180.824890136719 -184.12936066621495
2019.520141601562 -184.001998901367 -184.62655339167432
2019.53662109375 -186.073104858398 -185.14432673898537
2019.569458007812 -189.520477294922 -186.2575089707496
2019.602294921875 -183.240524291992 -187.48844704987846
2019.618774414062 -186.049697875977 -188.1010645440843
2019.635131835938 -190.838623046875 -188.7325308517834
2019.651611328125 -191.734313964844 -189.38888580157214
2019.668090820312 -188.071334838867 -190.042296527867
2019.71728515625 -192.833694458008 -191.83563810931776
2019.733764648438 -192.085601806641 -192.38254729064053
2019.750122070312 -193.739379882812 -192.8325132267785
2019.7666015625 -193.268508911133 -193.31365431019154
2019.799438476562 -195.091506958008 -194.1130202832253
2019.832275390625 -199.939910888672 -194.86768861124878
2019.865112304688 -196.3427734375 -195.5259029738009
2019.898071289062 -196.465347290039 -196.08791756426382
2019.930908203125 -197.325424194336 -196.54424995181608
2019.963745117188 -197.80436706543 -196.8693208498627
2019.99658203125 -197.496948242188 -197.1491783176094
2020.030151367188 -197.867797851562 -197.47322608161008
2020.06298828125 -197.211288452148 -197.63176101027503
2020.095825195312 -197.289047241211 -197.82229121207655
2020.128662109375 -198.473495483398 -198.08698807349
2020.161499023438 -198.241546630859 -198.45854981427956
2020.177978515625 -197.876190185547 -198.79657277903473
2020.1943359375 -198.52897644043 -198.97263628779712
2020.227294921875 -196.947830200195 -199.67198862460324
2020.260131835938 -193.988037109375 -200.56233636869848
2020.29296875 -198.552947998047 -201.478898522155
2020.325805664062 -199.706985473633 -202.55369799853634
2020.358642578125 -203.438430786133 -203.96967933097474
2020.391479492188 -203.332962036133 -205.48178188567192
2020.42431640625 -204.069976806641 -207.14251728568917
2020.457275390625 -208.500839233398 -209.10546541734382
2020.490112304688 -211.606750488281 -211.268414178454
2020.52294921875 -213.440032958984 -213.36144356129137
2020.555786132812 -215.697677612305 -215.29366416254516
2020.572265625 -217.205169677734 -216.0548735825161
2020.588623046875 -222.176361083984 -216.7632456646669
2020.605102539062 -220.280075073242 -217.72301236966183
2020.621459960938 -223.416702270508 -218.35989306376896
2020.654296875 -226.876754760742 -219.75280579849905
2020.687255859375 -225.451202392578 -220.88933323842377
2020.70361328125 -224.248916625977 -221.51217468670802
2020.720092773438 -223.177169799805 -221.70568767957138
2020.7529296875 -222.997543334961 -222.29090188622362
2020.785766601562 -224.664642333984 -222.6899203138303
2020.818603515625 -222.975006103516 -222.91030931123768
2020.851440429688 -225.300201416016 -222.93964392600842
2020.917236328125 -222.684295654297 -222.6468069711351
2020.950073242188 -221.808792114258 -222.57380666263944
2020.98291015625 -222.321929931641 -222.6567316702281
2021.013671875 -220.971664428711 -222.71104012572948
2021.046508789062 -218.895614624023 -223.08494627839923
2021.079345703125 -221.80192565918 -223.90849244975425
2021.1123046875 -220.99739074707 -224.80153126855598
2021.145141601562 -223.41877746582 -225.92685311226555
2021.177978515625 -224.014526367188 -227.2545085820358
2021.210815429688 -224.986694335938 -228.7270417878958
2021.24365234375 -225.322189331055 -230.009088523764
2021.276489257812 -229.904571533203 -231.88180309580858
2021.309326171875 -234.940963745117 -233.94886353739486
2021.34228515625 -232.837982177734 -236.0931339135903
2021.358642578125 -241.1240234375 -237.02319783154059
2021.391479492188 -243.785751342773 -238.87583638649545
2021.407958984375 -239.89518737793 -239.62575603068484
2021.440795898438 -244.945846557617 -241.30281528937567
2021.4736328125 -246.202056884766 -242.7478151238371
2021.506469726562 -255.768142700195 -243.84807843878406
2021.539306640625 -250.330459594727 -244.62850799100377
2021.572265625 -248.832214355469 -244.7142497533501
2021.605102539062 -250.128952026367 -245.3012653789124
2021.637939453125 -247.492538452148 -245.78109022345404
2021.670776367188 -248.842376708984 -246.10846743289054
2021.736450195312 -251.813018798828 -246.10365995527914
2021.769287109375 -243.891723632812 -246.01198773859477
2021.80224609375 -244.981170654297 -245.75204533124327
2021.835083007812 -243.314010620117 -245.47780062453444
2021.867919921875 -245.843063354492 -245.31843777045196
2021.966430664062 -244.663192749023 -245.15438968032103
2022.0 -244.368377685547 -245.2153162040446
2022.065673828125 -239.125503540039 -245.1710335628041
2022.098510742188 -236.424697875977 -245.32193388811558
2022.197143554688 -243.916564941406 -245.96709190922195
2022.22998046875 -245.721588134766 -246.25580146877508
2022.262817382812 -245.665267944336 -246.58439137975935
2022.295654296875 -246.229156494141 -246.93635661098634
2022.328491210938 -243.726486206055 -247.2958207174461
2022.394287109375 -250.020095825195 -247.96280746397792
2022.558471679688 -254.65185546875 -249.6669990003821
2022.591430664062 -251.692794799805 -250.12292228059903
2022.68994140625 -244.474166870117 -251.58845399970977
2022.722778320312 -253.802841186523 -252.0057251797035
2022.821411132812 -251.391036987305 -252.7988279024296
2022.854248046875 -250.673675537109 -253.06370502988707
2022.887084960938 -252.291778564453 -253.3864674370036
2022.919921875 -252.225646972656 -253.67238194138037
2022.952758789062 -253.498077392578 -254.00435522920498
2022.985595703125 -255.127212524414 -254.5298489279952
2023.019165039062 -255.458312988281 -255.1201236428254
2023.052001953125 -255.462371826172 -255.70737781916785
2023.084838867188 -255.803146362305 -256.32209088936696
2023.11767578125 -256.474853515625 -256.87844552114086
2023.150634765625 -257.920928955078 -257.4523949893206
2023.183471679688 -258.601440429688 -257.9711172696217
2023.21630859375 -260.333038330078 -258.4880740683009
2023.249145507812 -261.889862060547 -259.0048799315897
2023.281982421875 -259.820281982422 -259.5200243617853
2023.314819335938 -260.990051269531 -260.03008448617265
2023.34765625 -258.952484130859 -260.5312555400221
2023.380615234375 -256.485870361328 -261.02162344530666
2023.413452148438 -272.884246826172 -261.49594134004445
2023.4462890625 -251.713073730469 -261.9569915860342
2023.57763671875 -250.610565185547 -263.6935942990045
