2014.804931640625 0.0 11.226074952938413
2014.837768554688 11.284138679504 10.993265260403517
2014.903442382812 11.693323135376 10.53101507939544
2014.96923828125 8.633227348328 10.072385008159946
2015.03564453125 10.476377487183 9.61382333205033
2015.101318359375 1.356368660927 9.164483261049277
2015.265625 18.86431312561 8.056379729782998
2015.331298828125 6.390773296356 7.618505728406751
2015.39697265625 -8.869737625122 7.182397863405065
2016.021850585938 4.499677181244 2.863261218226662
2016.1533203125 -7.481384277344 2.576770870352323
2016.350463867188 2.145374298096 2.302212042198039
2016.416137695312 -22.775381088257 1.717369237994981
2016.547607421875 -0.023935930803 0.7024777973974085
2016.744750976562 -0.489158719778 -1.5947349374721385
2016.777587890625 -1.733184218407 -2.1019874781932066
2016.810424804688 -3.174518108368 -2.6126391882290854
2016.84326171875 -2.834247350693 -3.1324381759533813
2016.876098632812 -4.457397937775 -3.696489710495242
2016.908935546875 -3.517948389053 -4.304219479483922
2016.941772460938 -4.303207397461 -4.921874218676859
2016.974731445312 -4.784520149231 -5.59710919241507
2017.005493164062 -6.057985782623 -6.271289405897263
2017.038330078125 -7.017743587494 -6.968543600323775
2017.071166992188 -7.584306716919 -7.663195708953456
2017.10400390625 -8.054995536804 -8.425302698688325
2017.136840820312 -8.469246864319 -9.228897185808052
2017.169799804688 -9.95387172699 -10.06764004793885
2017.20263671875 -10.558923721313 -10.936094983363393
2017.235473632812 -11.018780708313 -11.818397802428915
2017.268310546875 -13.871299743652 -12.671054611821162
2017.301147460938 -13.714147567749 -13.453809481096943
2017.333984375 -14.249918937683 -14.156155617092049
2017.366821289062 -14.287446022034 -14.79133760075412
2017.399780273438 -17.232755661011 -15.387080239353814
2017.4326171875 -18.825534820557 -15.964074348959313
2017.498291015625 -21.534227371216 -17.087194831757532
2017.531127929688 -18.555828094482 -17.613642209724254
2017.56396484375 -17.486629486084 -18.09899145046679
2017.596801757812 -16.359462738037 -18.537370817049045
2017.629760742188 -19.142719268799 -18.93047898333962
2017.66259765625 -18.22583770752 -19.270033138365584
2017.695434570312 -19.388744354248 -19.568681933646065
2017.728271484375 -21.182138442993 -19.853410392965845
2017.761108398438 -21.431806564331 -20.148068123954907
2017.7939453125 -21.373920440674 -20.454018052083995
2017.826782226562 -20.336252212524 -20.763882152002374
2017.859741210938 -20.57487487793 -21.070495254817395
2017.892578125 -21.094839096069 -21.358493171351597
2017.925415039062 -22.377826690674 -21.62724472395447
2017.958251953125 -21.863855361938 -21.898057707856328
2017.991088867188 -21.814125061035 -22.19805411161049
2018.024658203125 -21.78235244751 -22.56117970646577
2018.057495117188 -22.731693267822 -22.993226584578718
2018.09033203125 -22.939785003662 -23.542736710462535
2018.123168945312 -23.352596282959 -24.23533696311491
2018.156005859375 -21.696752548218 -25.057459672784965
2018.18896484375 -24.489452362061 -25.992871283330132
2018.221801757812 -23.999557495117 -27.042867707053986
2018.254638671875 -27.265598297119 -28.20124001089018
2018.287475585938 -27.012319564819 -29.47941399399656
2018.3203125 -29.484655380249 -30.90004749360874
2018.353149414062 -28.904727935791 -32.4638034035409
2018.385986328125 -35.402591705322 -34.13875628863832
2018.4189453125 -35.64567565918 -35.892900496901895
2018.451782226562 -36.181831359863 -37.647565394839816
2018.484619140625 -43.80931854248 -39.35875419034939
2018.517456054688 -42.180416107178 -41.016545562003195
2018.55029296875 -48.973178863525 -42.6199691784926
2018.583129882812 -49.133373260498 -44.13140156461836
2018.615966796875 -47.333889007568 -45.528090651975894
2018.64892578125 -48.443336486816 -46.815035947744754
2018.681762695312 -50.271362304688 -47.998182474003144
2018.714599609375 -41.467849731445 -49.08140144886284
2018.747436523438 -50.099086761475 -50.007248210675314
2018.7802734375 -52.377277374268 -50.74016485652866
2018.813110351562 -53.850917816162 -51.30065948780052
2018.845947265625 -54.395641326904 -51.80439205962744
2018.87890625 -51.4045753479 -52.24606651141625
2018.911743164062 -51.515392303467 -52.66863875726828
2018.944580078125 -53.014301300049 -53.05273654928226
2018.977416992188 -51.741714477539 -53.40546516865447
2019.010986328125 -52.956974029541 -53.81919145480625
2019.043823242188 -54.073722839355 -54.200265358509476
2019.109497070312 -55.629364013672 -55.37803286760248
2019.1259765625 -55.317333221436 -55.70544927439422
2019.142333984375 -55.799808502197 -56.08288992362205
2019.175170898438 -56.626510620117 -56.87561958768266
2019.191650390625 -56.862232208252 -57.31309752930138
2019.208129882812 -57.1181640625 -57.76882719094529
2019.224487304688 -57.67361831665 -58.214221581542645
2019.240966796875 -58.992370605469 -58.725527020319014
2019.25732421875 -58.954685211182 -59.280430038027355
2019.273803710938 -59.62321472168 -59.81453445443934
2019.290161132812 -60.863887786865 -60.379308507593464
2019.306640625 -60.321899414062 -61.10892827212257
2019.323120117188 -60.437931060791 -61.923510800195864
2019.339477539062 -63.722778320312 -62.78848018131388
2019.35595703125 -61.999580383301 -63.695226900388
2019.372314453125 -62.088897705078 -64.62074389694195
2019.388793945312 -64.28295135498 -65.58152904794262
2019.405151367188 -62.791126251221 -66.660639690627
2019.421630859375 -68.616317749023 -67.72088167698108
2019.438110351562 -71.312477111816 -68.83234836275697
2019.454467773438 -70.370872497559 -69.97884338957914
2019.470947265625 -70.208312988281 -71.16020123497755
2019.4873046875 -72.828727722168 -72.3330459131726
2019.503784179688 -70.686943054199 -73.48265340204374
2019.520141601562 -74.484313964844 -74.64484806205543
2019.53662109375 -80.336387634277 -75.78789453996076
2019.569458007812 -80.400299072266 -77.8984237018542
2019.602294921875 -76.824836730957 -79.6008033345562
2019.618774414062 -85.947074890137 -80.44035712073536
2019.635131835938 -83.421379089355 -81.25527208382927
2019.651611328125 -83.035049438477 -81.89151492867813
2019.668090820312 -86.85880279541 -82.65400670353081
2019.71728515625 -86.0634765625 -84.38324494785682
2019.733764648438 -85.815124511719 -84.87152892624121
2019.750122070312 -90.749572753906 -85.14747068202774
2019.7666015625 -85.181335449219 -85.51126374875409
2019.799438476562 -85.720352172852 -85.99138421427924
2019.832275390625 -89.773239135742 -86.42796683865126
2019.865112304688 -86.937965393066 -86.77773343546814
2019.898071289062 -87.268096923828 -87.0545549849057
2019.930908203125 -87.314315795898 -87.28219609072084
2019.963745117188 -87.412109375 -87.48378567371306
2019.99658203125 -87.922958374023 -87.68408078803239
2020.030151367188 -87.059326171875 -87.89299257566796
2020.06298828125 -88.103485107422 -88.12136555751299
2020.095825195312 -88.332565307617 -88.37577310527841
2020.128662109375 -88.665542602539 -88.68413196480418
2020.161499023438 -88.063819885254 -89.0522824394943
2020.177978515625 -88.978210449219 -89.2926982290531
2020.1943359375 -88.924591064453 -89.46982630225533
2020.227294921875 -88.807388305664 -89.95199817663195
2020.260131835938 -89.63818359375 -90.5156060774426
2020.29296875 -90.69548034668 -91.12516904471073
2020.325805664062 -92.562522888184 -91.83179127428077
2020.358642578125 -91.724502563477 -92.72807215973405
2020.391479492188 -93.615211486816 -93.6974752114871
2020.42431640625 -93.348091125488 -94.70532152393716
2020.457275390625 -91.151634216309 -95.77651747314111
2020.490112304688 -96.240356445312 -96.90048650249045
2020.52294921875 -97.742149353027 -98.05250479117663
2020.555786132812 -98.640609741211 -99.23512717107259
2020.572265625 -99.56616973877 -99.85118384268176
2020.588623046875 -102.569770812988 -100.4582580579041
2020.605102539062 -101.483856201172 -101.07040389570192
2020.621459960938 -105.662155151367 -101.67400221742774
2020.654296875 -100.178428649902 -102.8697156584358
2020.687255859375 -105.638633728027 -103.97717745205232
2020.70361328125 -105.78392791748 -104.53852576836124
2020.720092773438 -104.479415893555 -104.92893031601777
2020.7529296875 -106.53995513916 -105.74802200329357
2020.785766601562 -107.52271270752 -106.47147455175309
2020.818603515625 -108.246505737305 -107.12436859883684
2020.851440429688 -110.127052307129 -107.71026078405254
2020.917236328125 -109.145957946777 -108.69673472121752
2020.950073242188 -108.855560302734 -109.10242738948041
2020.98291015625 -109.48747253418 -109.46223834581873
2021.013671875 -110.177146911621 -109.80191300592637
2021.046508789062 -109.377311706543 -110.07284714178736
2021.079345703125 -110.480491638184 -110.30346628799987
2021.1123046875 -109.40796661377 -110.53688743008559
2021.145141601562 -112.084136962891 -110.77747418660508
2021.177978515625 -111.668045043945 -111.03598888645602
2021.210815429688 -113.669242858887 -111.31091818049977
2021.24365234375 -108.903518676758 -111.58725132807544
2021.276489257812 -109.319061279297 -111.8813580185858
2021.309326171875 -112.526435852051 -112.25610497364559
2021.34228515625 -112.68440246582 -112.8695859466542
2021.358642578125 -112.158050537109 -113.50711513820228
2021.391479492188 -113.64387512207 -114.60796682694757
2021.407958984375 -111.298316955566 -115.3263007644221
2021.440795898438 -113.877662658691 -116.55118310222872
2021.4736328125 -113.989143371582 -117.8709989513977
2021.506469726562 -126.969329833984 -119.25166477956073
2021.539306640625 -115.574165344238 -120.63501347807295
2021.572265625 -125.775489807129 -122.00869744338029
2021.605102539062 -127.143447875977 -123.3756467043925
2021.637939453125 -125.359573364258 -124.76036261975653
2021.670776367188 -123.09073638916 -126.16999737933818
2021.736450195312 -131.197982788086 -128.88726963862516
2021.769287109375 -133.741851806641 -130.23844164223323
2021.80224609375 -131.801086425781 -131.47524397634865
2021.835083007812 -131.213394165039 -132.68801076980068
2021.867919921875 -133.750061035156 -133.8715532960969
2021.966430664062 -136.453567504883 -137.4375481486901
2022.0 -138.953430175781 -138.65453574589083
2022.065673828125 -132.981185913086 -141.00767602432828
2022.098510742188 -141.736450195312 -142.12423312167505
2022.197143554688 -145.604888916016 -145.12993296644566
2022.22998046875 -149.629486083984 -146.00063628695318
2022.262817382812 -147.744232177734 -146.8165416042331
2022.295654296875 -149.680023193359 -147.5936806208242
2022.328491210938 -150.272232055664 -148.34438752559703
2022.394287109375 -156.343521118164 -149.8438980394242
2022.558471679688 -152.912857055664 -153.57322085265827
2022.591430664062 -162.367477416992 -154.21963544166778
2022.68994140625 -153.501922607422 -155.8870106605263
2022.722778320312 -155.857055664062 -156.44138096836406
2022.821411132812 -157.93293762207 -159.23066757280924
2022.854248046875 -161.217041015625 -160.4405277071837
2022.887084960938 -160.227310180664 -161.73964663775655
2022.919921875 -160.834533691406 -163.0011167226865
2022.952758789062 -160.129135131836 -164.37362965296188
2022.985595703125 -164.440872192383 -166.0972870695701
2023.019165039062 -166.467727661133 -168.0549551991542
2023.052001953125 -168.376159667969 -169.85340236571207
2023.084838867188 -170.090286254883 -172.09346335615191
2023.11767578125 -173.503433227539 -174.63264294632867
2023.150634765625 -173.852279663086 -177.02064506275556
2023.183471679688 -178.11100769043 -179.58518276260762
2023.21630859375 -175.39387512207 -182.15565039595145
2023.249145507812 -174.491012573242 -184.74030514659398
2023.281982421875 -186.376007080078 -187.34247027897618
2023.314819335938 -192.073013305664 -189.96347482986982
2023.34765625 -192.635101318359 -192.60398808632198
2023.380615234375 -196.175857543945 -195.273293352259
2023.413452148438 -199.514984130859 -197.95048676179766
2023.4462890625 -215.045867919922 -200.64361882210412
2023.57763671875 -237.040298461914 -211.53085112787804
