2014.804931640625 0.0 7.272262418923258
2014.837768554688 9.941919326782 5.841435685811841
2014.903442382812 6.652637004852 2.976787115123798
2014.96923828125 0.845497846603 0.10329924547417565
2015.03564453125 -2.046480417252 -2.7999967501855743
2015.101318359375 -11.280690193176 -5.674242604402896
2015.265625 -10.958473205566 -12.876069397321665
2015.331298828125 -23.859792709351 -15.75619865531711
2015.39697265625 -37.336658477783 -18.63565567235181
2016.021850585938 -37.293712615967 -45.65233779732332
2016.1533203125 -63.153793334961 -54.3149496725025
2016.350463867188 -50.920501708984 -62.511847950548045
2016.416137695312 -66.679084777832 -64.60456756241422
2016.547607421875 -59.819053649902 -68.9100664477904
2016.744750976562 -77.095207214355 -75.4046342534042
2016.777587890625 -74.138824462891 -76.5617807762065
2016.810424804688 -78.976219177246 -77.74629865112027
2016.84326171875 -78.36506652832 -79.02267791144278
2016.876098632812 -80.344787597656 -80.43238225809081
2016.908935546875 -81.120422363281 -81.91042257951598
2016.941772460938 -82.866317749023 -83.4127679740845
2016.974731445312 -84.022758483887 -84.92908125798078
2017.005493164062 -86.580543518066 -86.40672560001758
2017.038330078125 -87.973274230957 -87.95440462888057
2017.071166992188 -88.970687866211 -89.52671634824605
2017.10400390625 -90.502891540527 -91.237127798138
2017.136840820312 -91.962364196777 -93.01227912158136
2017.169799804688 -94.597038269043 -94.83497708693365
2017.20263671875 -96.589645385742 -96.7074161599499
2017.235473632812 -96.792907714844 -98.64678806912197
2017.268310546875 -101.083457946777 -100.67136520059866
2017.301147460938 -99.925537109375 -102.78054004439838
2017.333984375 -105.841865539551 -104.93790333749574
2017.366821289062 -105.963119506836 -107.08795484683439
2017.399780273438 -111.338134765625 -109.19892825107516
2017.4326171875 -107.725746154785 -111.24423755586665
2017.498291015625 -118.016777038574 -115.21603838318691
2017.531127929688 -122.651321411133 -117.18600961233489
2017.56396484375 -121.016235351562 -119.15232194482668
2017.596801757812 -122.879486083984 -121.10614657536708
2017.629760742188 -117.179733276367 -123.044793136252
2017.66259765625 -123.890724182129 -124.9248951637786
2017.695434570312 -121.940315246582 -126.73451349320838
2017.728271484375 -129.027893066406 -128.46486315454808
2017.761108398438 -130.444427490234 -130.1548407721563
2017.7939453125 -131.882537841797 -131.84369113225807
2017.826782226562 -133.362197875977 -133.57015529124394
2017.859741210938 -134.973541259766 -135.35125605743588
2017.892578125 -136.516525268555 -137.17236937943971
2017.925415039062 -139.101287841797 -139.0330286022536
2017.958251953125 -140.800735473633 -140.92885557697136
2017.991088867188 -142.367492675781 -142.85742158294087
2018.024658203125 -144.32209777832 -144.8693495049665
2018.057495117188 -146.492706298828 -146.89259966982692
2018.09033203125 -148.870559692383 -148.9891127037207
2018.123168945312 -150.58740234375 -151.15916159430392
2018.156005859375 -151.735107421875 -153.40035210091992
2018.18896484375 -155.296691894531 -155.71668610912977
2018.221801757812 -156.070129394531 -158.0999276330415
2018.254638671875 -160.720413208008 -160.5581495833669
2018.287475585938 -162.279190063477 -163.09076162091537
2018.3203125 -163.926116943359 -165.6842154278199
2018.353149414062 -168.022552490234 -168.33492671720236
2018.385986328125 -173.399124145508 -171.04717714974495
2018.4189453125 -171.427505493164 -173.82912917477086
2018.451782226562 -176.932083129883 -176.65030214238726
2018.484619140625 -185.158798217773 -179.50846652747146
2018.517456054688 -182.612213134766 -182.39163216757098
2018.55029296875 -183.223693847656 -185.28843991207927
2018.583129882812 -188.550994873047 -188.17284965506417
2018.615966796875 -189.668045043945 -191.02540742106802
2018.64892578125 -194.315017700195 -193.84337726355125
2018.681762695312 -199.318054199219 -196.60705362896812
2018.714599609375 -190.856094360352 -199.3354481019307
2018.747436523438 -202.25927734375 -202.02937423259905
2018.7802734375 -205.96842956543 -204.69429147692264
2018.813110351562 -208.608306884766 -207.32693242847026
2018.845947265625 -212.616607666016 -209.98224739799437
2018.87890625 -211.766662597656 -212.57528539173245
2018.911743164062 -214.264434814453 -215.0544412951268
2018.944580078125 -217.286376953125 -217.48018020288296
2018.977416992188 -219.313568115234 -219.88766450110052
2019.010986328125 -222.036911010742 -222.38400462302351
2019.043823242188 -224.659149169922 -224.80309572450412
2019.109497070312 -229.85920715332 -229.91944424787462
2019.1259765625 -230.802810668945 -231.21958590296686
2019.142333984375 -232.204971313477 -232.55418135003842
2019.175170898438 -235.377197265625 -235.2520204327003
2019.191650390625 -236.562835693359 -236.67113867585778
2019.208129882812 -236.636703491211 -238.12715576993074
2019.224487304688 -239.097915649414 -239.56470191946102
2019.240966796875 -241.386367797852 -241.0868565122843
2019.25732421875 -241.784088134766 -242.62071063965305
2019.273803710938 -243.494430541992 -244.14396852771102
2019.290161132812 -244.723037719727 -245.67997254220526
2019.306640625 -247.235382080078 -247.30112390082175
2019.323120117188 -249.851943969727 -248.9541729970303
2019.339477539062 -252.516067504883 -250.62249809070562
2019.35595703125 -251.143188476562 -252.32366340868484
2019.372314453125 -254.403106689453 -254.01533070260575
2019.388793945312 -254.260406494141 -255.7150235789857
2019.405151367188 -256.837310791016 -257.4099099745066
2019.421630859375 -257.953369140625 -259.13820636433024
2019.438110351562 -263.358215332031 -260.88839845762993
2019.454467773438 -263.275573730469 -262.66701576941307
2019.470947265625 -262.9345703125 -264.51840776089233
2019.4873046875 -267.016174316406 -266.4031865551905
2019.503784179688 -267.127563476562 -268.3443915163638
2019.520141601562 -267.015319824219 -270.21200665183346
2019.53662109375 -277.938903808594 -272.07997544587346
2019.569458007812 -279.397766113281 -275.67968825258595
2019.602294921875 -276.992980957031 -278.9445624206903
2019.618774414062 -284.189270019531 -280.58922807961096
2019.635131835938 -285.20166015625 -282.2106735766131
2019.651611328125 -285.600616455078 -283.6577743494574
2019.668090820312 -286.032745361328 -285.22667576583933
2019.71728515625 -291.442687988281 -289.273507920289
2019.733764648438 -290.094299316406 -290.5016813853597
2019.750122070312 -294.989868164062 -291.5418663165848
2019.7666015625 -291.589874267578 -292.6408246942655
2019.799438476562 -293.935119628906 -294.60871475000823
2019.832275390625 -300.15380859375 -296.5130891809108
2019.865112304688 -298.944702148438 -298.3079970567644
2019.898071289062 -300.269256591797 -299.9962450121524
2019.930908203125 -302.797973632812 -301.5540832865558
2019.963745117188 -303.976959228516 -302.93460543384055
2019.99658203125 -304.901214599609 -304.23943132933647
2020.030151367188 -306.551055908203 -305.6633734772292
2020.06298828125 -307.361633300781 -306.80032956248067
2020.095825195312 -307.943359375 -307.9029084859108
2020.128662109375 -309.806549072266 -308.92826488981336
2020.161499023438 -310.093963623047 -309.90068134614563
2020.177978515625 -310.429656982422 -310.3720170546765
2020.1943359375 -311.261138916016 -310.8541915132112
2020.227294921875 -311.354125976562 -311.8503464337516
2020.260131835938 -311.949340820312 -312.92477981818723
2020.29296875 -314.194305419922 -314.0120056706354
2020.325805664062 -315.005249023438 -315.1672181247655
2020.358642578125 -314.140106201172 -316.48217272387234
2020.391479492188 -313.644378662109 -317.83725015447436
2020.42431640625 -316.459320068359 -319.2082439631086
2020.457275390625 -322.752014160156 -320.6389228188129
2020.490112304688 -322.036437988281 -322.147855142385
2020.52294921875 -326.115203857422 -323.71699543974074
2020.555786132812 -322.896545410156 -325.32924988160016
2020.572265625 -324.378784179688 -326.1080531308871
2020.588623046875 -328.462432861328 -326.86358722629353
2020.605102539062 -328.904754638672 -327.68300864573365
2020.621459960938 -331.029602050781 -328.41288744721135
2020.654296875 -328.525482177734 -329.8954953244894
2020.687255859375 -331.441772460938 -331.28668602552904
2020.70361328125 -334.153625488281 -331.97344671309
2020.720092773438 -333.015289306641 -332.5731636128964
2020.7529296875 -334.428131103516 -333.7821272799396
2020.785766601562 -333.800720214844 -334.9331612782671
2020.818603515625 -336.002197265625 -336.0477750212945
2020.851440429688 -339.819793701172 -337.1471915985991
2020.917236328125 -339.629180908203 -339.36670655287696
2020.950073242188 -339.454284667969 -340.5510536902637
2020.98291015625 -341.748565673828 -341.776558923207
2021.013671875 -341.464721679688 -342.87454586804057
2021.046508789062 -342.492126464844 -344.1666296626044
2021.079345703125 -344.816955566406 -345.6340334601871
2021.1123046875 -346.095733642578 -347.1395684484849
2021.145141601562 -348.039367675781 -348.7356607181019
2021.177978515625 -349.790924072266 -350.41783630229196
2021.210815429688 -352.063385009766 -352.16444389684716
2021.24365234375 -350.841461181641 -353.89834119501035
2021.276489257812 -355.419189453125 -355.7875713537277
2021.309326171875 -360.025085449219 -357.75052846456936
2021.34228515625 -357.485046386719 -359.78010539770065
2021.358642578125 -363.436676025391 -360.83405447857956
2021.391479492188 -362.806213378906 -362.918112995333
2021.407958984375 -360.951507568359 -363.9942656516202
2021.440795898438 -365.860046386719 -366.11631061588815
2021.4736328125 -367.285064697266 -368.2504936573111
2021.506469726562 -380.435485839844 -370.372531704465
2021.539306640625 -373.6806640625 -372.471165939678
2021.572265625 -374.830505371094 -374.54942147526924
2021.605102539062 -384.083770751953 -376.6478278595574
2021.637939453125 -378.923919677734 -378.747102530461
2021.670776367188 -381.107360839844 -380.8259711449927
2021.736450195312 -387.237121582031 -384.7644626366758
2021.769287109375 -386.493499755859 -386.7053780248724
2021.80224609375 -388.1826171875 -388.56933480842775
2021.835083007812 -390.034210205078 -390.382728952417
2021.867919921875 -395.328948974609 -392.0787154724921
2021.966430664062 -400.742919921875 -396.8948430443768
2022.0 -396.571960449219 -398.48693872223697
2022.065673828125 -403.678619384766 -401.67897730847983
2022.098510742188 -391.498779296875 -403.15021469415956
2022.197143554688 -407.562683105469 -407.29033673628135
2022.22998046875 -411.818054199219 -408.6134274625667
2022.262817382812 -405.289886474609 -409.91822837961865
2022.295654296875 -407.35546875 -411.20347243704003
2022.328491210938 -416.656402587891 -412.4720626757939
2022.394287109375 -420.040405273438 -414.9922246083595
2022.558471679688 -419.784118652344 -421.1602788298174
2022.591430664062 -433.33349609375 -422.36271444585566
2022.68994140625 -423.40771484375 -425.89780664372495
2022.722778320312 -431.446716308594 -427.040801481184
2022.821411132812 -428.593414306641 -430.46926133747445
2022.854248046875 -434.954956054688 -431.6856671395853
2022.887084960938 -433.554351806641 -432.9483040485112
2022.919921875 -433.961730957031 -434.23290148284883
2022.952758789062 -435.144836425781 -435.514207725338
2022.985595703125 -433.421600341797 -436.8799118248341
2023.019165039062 -438.912811279297 -438.3473208564264
2023.052001953125 -437.299957275391 -439.7353997276053
2023.084838867188 -438.231048583984 -441.2953529337704
2023.11767578125 -441.559722900391 -443.0253942325357
2023.150634765625 -440.049224853516 -444.70733786555604
2023.183471679688 -446.379058837891 -446.5272952710749
2023.21630859375 -448.518341064453 -448.3748927429437
2023.249145507812 -447.905242919922 -450.2286745174837
2023.281982421875 -455.992797851562 -452.0846665361447
2023.314819335938 -454.232879638672 -453.9452436920026
2023.34765625 -451.7880859375 -455.81197374475823
2023.380615234375 -457.898529052734 -457.69264019596494
2023.413452148438 -468.006042480469 -459.574160731412
2023.4462890625 -465.036193847656 -461.46392510178
2023.57763671875 -468.790008544922 -469.0912327683187
