2014.804931640625 -0.0 3.556957109055319
2014.837768554688 -22.407796859741 1.9954893343685671
2014.903442382812 -8.707316398621 -1.1395451231092164
2014.96923828125 -4.019244194031 -4.296026422338868
2015.03564453125 7.845289230347 -7.496527034548255
2015.101318359375 5.207433700562 -10.674910241045167
2015.265625 8.87292098999 -18.671243617377247
2015.331298828125 -15.04105091095 -21.877535234018623
2015.39697265625 -8.096113204956 -25.083442043770948
2016.021850585938 -39.785213470459 -55.00563498641308
2016.1533203125 -60.12313079834 -64.00742324444549
2016.350463867188 -110.126007080078 -74.67120434178433
2016.416137695312 -82.357070922852 -77.12690241633092
2016.547607421875 -96.016288757324 -82.52025913492554
2016.744750976562 -93.708099365234 -90.53158737943653
2016.777587890625 -93.562004089355 -91.01801982898651
2016.810424804688 -99.798751831055 -91.51932270427268
2016.84326171875 -90.300483703613 -91.82949970064787
2016.876098632812 -92.986808776855 -91.70197045504895
2016.908935546875 -88.210868835449 -91.51635919619177
2016.941772460938 -90.738380432129 -91.34688179505245
2016.974731445312 -89.497604370117 -91.18490923285673
2017.005493164062 -90.730484008789 -91.12295736322439
2017.038330078125 -89.862190246582 -91.00238897112649
2017.071166992188 -90.549613952637 -90.91667622302604
2017.10400390625 -90.066848754883 -91.08065045392418
2017.136840820312 -90.765686035156 -91.38374558364072
2017.169799804688 -91.719749450684 -91.7662406310301
2017.20263671875 -92.404220581055 -92.23062320788284
2017.235473632812 -91.785667419434 -92.80727432954575
2017.268310546875 -89.398139953613 -93.52990710184712
2017.301147460938 -93.540664672852 -94.40421189468036
2017.333984375 -91.996780395508 -95.38010573249859
2017.366821289062 -97.322853088379 -96.37075414042793
2017.399780273438 -101.530776977539 -97.29846101006552
2017.4326171875 -91.51944732666 -98.11857316522435
2017.498291015625 -116.561988830566 -99.45080686934915
2017.531127929688 -101.928443908691 -100.00344214602832
2017.56396484375 -105.008308410645 -100.49844789746427
2017.596801757812 -105.612342834473 -100.92006509166465
2017.629760742188 -104.918449401855 -101.2211273265999
2017.66259765625 -103.874862670898 -101.3078876279294
2017.695434570312 -101.390914916992 -101.14611802948878
2017.728271484375 -100.214981079102 -100.77462036527858
2017.761108398438 -96.337875366211 -100.2843992942457
2017.7939453125 -97.506729125977 -99.73275335250031
2017.826782226562 -98.808815002441 -99.16304753326392
2017.859741210938 -98.039855957031 -98.59658692952178
2017.892578125 -98.576477050781 -98.07410344317442
2017.925415039062 -98.620567321777 -97.6261480796147
2017.958251953125 -96.642066955566 -97.25871480063505
2017.991088867188 -98.575141906738 -96.97395974995446
2018.024658203125 -96.059349060059 -96.7699583151831
2018.057495117188 -95.760940551758 -96.65764639184059
2018.09033203125 -93.97785949707 -96.64990729269768
2018.123168945312 -95.628608703613 -96.76966771524307
2018.156005859375 -95.770111083984 -97.03161982752843
2018.18896484375 -96.1875 -97.43020151629706
2018.221801757812 -96.258697509766 -97.97017218015796
2018.254638671875 -92.239295959473 -98.6552178659102
2018.287475585938 -97.475975036621 -99.46630617779572
2018.3203125 -98.676361083984 -100.40157371285281
2018.353149414062 -99.551208496094 -101.46809565995359
2018.385986328125 -103.666580200195 -102.65404849143536
2018.4189453125 -105.44165802002 -103.94572970407306
2018.451782226562 -105.980712890625 -105.27831577288718
2018.484619140625 -103.909286499023 -106.57622925118892
2018.517456054688 -113.220626831055 -107.76648454286497
2018.55029296875 -109.352165222168 -108.82755769155912
2018.583129882812 -104.020751953125 -109.76387201027312
2018.615966796875 -116.496658325195 -110.599643519376
2018.64892578125 -115.299736022949 -111.35852555687359
2018.681762695312 -114.933609008789 -112.05073412870263
2018.714599609375 -118.308715820312 -112.67742756277171
2018.747436523438 -114.030647277832 -113.22666015189506
2018.7802734375 -109.662414550781 -113.67866034692462
2018.813110351562 -110.436393737793 -113.97760442559228
2018.845947265625 -115.666160583496 -114.1756345588884
2018.87890625 -115.026466369629 -114.21768969230556
2018.911743164062 -115.200401306152 -114.14370368868707
2018.944580078125 -114.012847900391 -114.07910878737945
2018.977416992188 -116.204696655273 -114.06038281290114
2019.010986328125 -114.233535766602 -113.95335183178257
2019.043823242188 -114.38484954834 -113.847809872659
2019.109497070312 -112.048965454102 -113.18385372522428
2019.1259765625 -114.539268493652 -112.99659319942153
2019.142333984375 -114.923789978027 -112.78390973547025
2019.175170898438 -111.436317443848 -112.33093194971299
2019.191650390625 -110.874252319336 -112.11056244704534
2019.208129882812 -111.079536437988 -111.89741614444779
2019.224487304688 -112.247039794922 -111.67195843912793
2019.240966796875 -108.299545288086 -111.46805362966361
2019.25732421875 -112.471237182617 -111.28848791576465
2019.273803710938 -111.253883361816 -111.07655177467424
2019.290161132812 -110.539207458496 -110.89122908308563
2019.306640625 -113.333953857422 -110.85127199473527
2019.323120117188 -108.746376037598 -110.89924551271882
2019.339477539062 -111.538063049316 -111.01975062018312
2019.35595703125 -109.483963012695 -111.20082383271134
2019.372314453125 -109.616676330566 -111.43911152865304
2019.388793945312 -110.509872436523 -111.7635079915118
2019.405151367188 -109.525772094727 -112.33847146881405
2019.421630859375 -111.681274414062 -112.87489110023851
2019.438110351562 -112.562812805176 -113.52621066342658
2019.454467773438 -114.414001464844 -114.27258332274542
2019.470947265625 -113.586303710938 -115.10761915106036
2019.4873046875 -118.405769348145 -116.00748088490546
2019.503784179688 -103.201820373535 -116.9850374367271
2019.520141601562 -105.426895141602 -117.92029582270577
2019.53662109375 -118.879402160645 -118.90814635904253
2019.569458007812 -119.821899414062 -121.00640269712927
2019.602294921875 -124.523086547852 -123.15985533143065
2019.618774414062 -116.609313964844 -124.20758723998419
2019.635131835938 -125.812606811523 -125.24009461128787
2019.651611328125 -133.192947387695 -126.30915578482819
2019.668090820312 -122.180145263672 -127.35389719688514
2019.71728515625 -133.261337280273 -130.43844315694966
2019.733764648438 -133.331130981445 -131.4535893809158
2019.750122070312 -130.050201416016 -132.3875173588057
2019.7666015625 -134.669845581055 -133.35303300735254
2019.799438476562 -134.740585327148 -135.1173028889572
2019.832275390625 -139.84880065918 -136.84482460708944
2019.865112304688 -139.15983581543 -138.48049091364487
2019.898071289062 -139.719635009766 -140.0520053680908
2019.930908203125 -143.069152832031 -141.55982815187213
2019.963745117188 -142.299011230469 -143.00418123862582
2019.99658203125 -144.655624389648 -144.3888051685606
2020.030151367188 -144.617691040039 -145.81532300303274
2020.06298828125 -147.377899169922 -147.07903919107778
2020.095825195312 -148.155471801758 -148.30838140163777
2020.128662109375 -151.431854248047 -149.50483535001374
2020.161499023438 -152.007598876953 -150.67268071025566
2020.177978515625 -152.096801757812 -151.1998818993128
2020.1943359375 -151.66242980957 -151.7918228756711
2020.227294921875 -153.440811157227 -152.84185322471566
2020.260131835938 -152.892654418945 -153.79601041773475
2020.29296875 -155.584625244141 -154.70452374206687
2020.325805664062 -156.065704345703 -155.5126306842459
2020.358642578125 -155.870330810547 -156.24347791485067
2020.391479492188 -159.765655517578 -156.99196407297214
2020.42431640625 -157.30729675293 -157.7428483314562
2020.457275390625 -158.719604492188 -158.43997647656695
2020.490112304688 -158.245162963867 -159.0606827738954
2020.52294921875 -158.226684570312 -159.6284090548902
2020.555786132812 -156.86669921875 -160.15652633700398
2020.572265625 -164.792282104492 -160.39687481657955
2020.588623046875 -166.828201293945 -160.6146095483991
2020.605102539062 -159.389266967773 -160.87108674454444
2020.621459960938 -167.078338623047 -161.07096584526994
2020.654296875 -160.847366333008 -161.51921559224883
2020.687255859375 -155.080642700195 -161.9916645377495
2020.70361328125 -159.170440673828 -162.22794050527023
2020.720092773438 -166.804580688477 -162.4950968822031
2020.7529296875 -164.43635559082 -163.0145615537927
2020.785766601562 -163.473495483398 -163.50523372246795
2020.818603515625 -162.701248168945 -163.94613676366552
2020.851440429688 -160.835891723633 -164.35927247228847
2020.917236328125 -166.464324951172 -165.2557553751674
2020.950073242188 -169.324462890625 -165.7421377465634
2020.98291015625 -166.249618530273 -166.21162682871542
2021.013671875 -167.660354614258 -166.6623314876289
2021.046508789062 -164.062973022461 -167.14659212363793
2021.079345703125 -166.736022949219 -167.6904881027283
2021.1123046875 -168.852310180664 -168.28190781973078
2021.145141601562 -169.015258789062 -168.8940871312427
2021.177978515625 -168.895080566406 -169.53622185510545
2021.210815429688 -171.010955810547 -170.2537627607587
2021.24365234375 -166.052032470703 -170.9341315284284
2021.276489257812 -167.383178710938 -171.90396956818824
2021.309326171875 -176.000732421875 -173.01734728111333
2021.34228515625 -170.563446044922 -174.27187512328848
2021.358642578125 -175.265853881836 -175.02165350529953
2021.391479492188 -179.119018554688 -176.3981690717048
2021.407958984375 -170.053634643555 -177.13562698462502
2021.440795898438 -169.052963256836 -178.45175657998297
2021.4736328125 -176.92350769043 -179.59020225296655
2021.506469726562 -184.865036010742 -180.4343939226273
2021.539306640625 -186.147094726562 -181.021362389993
2021.572265625 -188.949981689453 -181.09189135542766
2021.605102539062 -189.734344482422 -181.64781971602582
2021.637939453125 -185.455337524414 -182.1440514491114
2021.670776367188 -189.589508056641 -182.5303750250416
2021.736450195312 -184.409545898438 -182.61232174976257
2021.769287109375 -175.732650756836 -182.60144663556454
2021.80224609375 -180.200622558594 -182.3756520862817
2021.835083007812 -178.855834960938 -182.0956618203536
2021.867919921875 -186.865753173828 -181.67773939840944
2021.966430664062 -182.41291809082 -180.48077249269375
2022.0 -175.655670166016 -180.20053629973856
2022.065673828125 -183.330917358398 -179.59228695944358
2022.098510742188 -178.126556396484 -179.38559492300647
2022.197143554688 -175.687072753906 -178.8619974361483
2022.22998046875 -175.935699462891 -178.80177721749183
2022.262817382812 -175.233184814453 -178.8795735268518
2022.295654296875 -178.235610961914 -179.36120921667325
2022.328491210938 -184.956161499023 -180.49715622438868
2022.394287109375 -174.95198059082 -183.76558116447518
2022.558471679688 -207.244918823242 -189.7392751717925
2022.591430664062 -173.835632324219 -190.90698362210492
2022.68994140625 -188.201705932617 -194.95025352161673
2022.722778320312 -221.286849975586 -196.6178499658169
2022.821411132812 -203.675918579102 -200.962661103172
2022.854248046875 -198.43034362793 -201.76651997731753
2022.887084960938 -202.99186706543 -202.3827288033873
2022.919921875 -206.053237915039 -202.93073450206032
2022.952758789062 -208.994216918945 -203.4550237681234
2022.985595703125 -204.575790405273 -203.83925916527133
2023.019165039062 -202.976898193359 -204.19587697645906
2023.052001953125 -204.010330200195 -204.52594238827643
2023.084838867188 -204.399642944336 -204.8518140742804
2023.11767578125 -205.718734741211 -205.27953965011477
2023.150634765625 -205.632400512695 -205.677025360605
2023.183471679688 -205.193862915039 -206.13795386357089
2023.21630859375 -200.984939575195 -206.59643097839188
2023.249145507812 -204.494430541992 -207.0538104963303
2023.281982421875 -202.466156005859 -207.51481158128965
2023.314819335938 -211.90673828125 -207.98601326838673
2023.34765625 -210.214111328125 -208.4746346055868
2023.380615234375 -211.968612670898 -208.98642044878324
2023.413452148438 -195.415054321289 -209.5181573428039
2023.4462890625 -199.752304077148 -210.0695045023002
2023.57763671875 -243.162979125977 -212.42683881835617
