2014.804931640625  -6.918681638615396
2014.837768554688  -7.526203143168179
2014.903442382812  -8.742497660349219
2014.96923828125  -9.962532572397212
2015.03564453125  -11.195232453568721
2015.101318359375  -12.415616830624936
2015.265625  -15.474642001284689
2015.331298828125  -16.69926487042549
2015.39697265625  -17.924800064289677
2016.021850585938  -29.53238455584168
2016.1533203125  -32.18086285082367
2016.350463867188  -35.50502359225341
2016.416137695312  -36.54565414077543
2016.547607421875  -38.912468796237235
2016.744750976562  -42.42672488280224
2016.777587890625  -42.53485430864089
2016.810424804688  -42.62374046255919
2016.84326171875  -42.68688979562535
2016.876098632812  -42.73803328770523
2016.908935546875  -42.80547010808727
2016.941772460938  -42.882704324148534
2016.974731445312  -42.961745019661166
2017.005493164062  -43.07568869082298
2017.038330078125  -43.168964502254155
2017.071166992188  -43.2628060554971
2017.10400390625  -43.46506589642918
2017.136840820312  -43.72963921704548
2017.169799804688  -44.0291598646071
2017.20263671875  -44.36113658585714
2017.235473632812  -44.722095257787906
2017.268310546875  -45.09748985543446
2017.301147460938  -45.47233796468694
2017.333984375  -45.83437137817338
2017.366821289062  -46.18192719425309
2017.399780273438  -46.52343581789151
2017.4326171875  -46.8559932077
2017.498291015625  -47.49513784089123
2017.531127929688  -47.80228396422671
2017.56396484375  -48.09595853286888
2017.596801757812  -48.37081820717551
2017.629760742188  -48.62954589086264
2017.66259765625  -48.88339124944999
2017.695434570312  -49.14865742113364
2017.728271484375  -49.42954480795822
2017.761108398438  -49.716335182786324
2017.7939453125  -50.000291326048064
2017.826782226562  -50.28067838583985
2017.859741210938  -50.557504556612585
2017.892578125  -50.821556020303106
2017.925415039062  -51.065230505200745
2017.958251953125  -51.28622502624345
2017.991088867188  -51.48575409436863
2018.024658203125  -51.67777941911752
2018.057495117188  -51.8623687160354
2018.09033203125  -52.05637065902043
2018.123168945312  -52.28474146803755
2018.156005859375  -52.56910868967412
2018.18896484375  -52.91781432600858
2018.221801757812  -53.315611179807505
2018.254638671875  -53.747302878412995
2018.287475585938  -54.20851702806612
2018.3203125  -54.69746735072271
2018.353149414062  -55.22533133928494
2018.385986328125  -55.80173359211434
2018.4189453125  -56.43156619583062
2018.451782226562  -57.10457939837861
2018.484619140625  -57.809192877790885
2018.517456054688  -58.52692596445575
2018.55029296875  -59.240957460033364
2018.583129882812  -59.93524981282411
2018.615966796875  -60.604261819141634
2018.64892578125  -61.254104925378165
2018.681762695312  -61.89050025002966
2018.714599609375  -62.52216759624926
2018.747436523438  -63.15059733625894
2018.7802734375  -63.76857149089879
2018.813110351562  -64.34418806621574
2018.845947265625  -64.8991529493503
2018.87890625  -65.38634210269174
2018.911743164062  -65.75677747547275
2018.944580078125  -66.10835673061902
2018.977416992188  -66.4149278312568
2019.010986328125  -66.5743759742121
2019.043823242188  -66.72870678267066
2019.109497070312  -66.6450144084041
2019.1259765625  -66.62465929812629
2019.142333984375  -66.4711327960697
2019.175170898438  -66.13019709494081
2019.191650390625  -65.8520855290016
2019.208129882812  -65.52746267748739
2019.224487304688  -65.21228394358072
2019.240966796875  -64.80229007024585
2019.25732421875  -64.38999026845106
2019.273803710938  -63.96871641072316
2019.290161132812  -63.51432520451
2019.306640625  -63.10798289661902
2019.323120117188  -62.7549959797679
2019.339477539062  -62.453842846457874
2019.35595703125  -62.19520978096803
2019.372314453125  -61.97372099882193
2019.388793945312  -61.77409008525332
2019.405151367188  -61.63444841887929
2019.421630859375  -61.480698784303705
2019.438110351562  -61.37128943818628
2019.454467773438  -61.303080929501974
2019.470947265625  -61.26348438383761
2019.4873046875  -61.24032950974823
2019.503784179688  -61.23091129450951
2019.520141601562  -61.212197980376466
2019.53662109375  -61.23127678087035
2019.569458007812  -61.52121217641446
2019.602294921875  -62.25174387549413
2019.618774414062  -62.58289692668039
2019.635131835938  -62.933372144984716
2019.651611328125  -63.44302594028521
2019.668090820312  -63.835459026486504
2019.71728515625  -65.30392467816411
2019.733764648438  -65.82490071915896
2019.750122070312  -66.4379887010847
2019.7666015625  -67.008435351664
2019.799438476562  -68.22438187573304
2019.832275390625  -69.44417807019951
2019.865112304688  -70.65939915469664
2019.898071289062  -71.83797900894112
2019.930908203125  -72.92772982816346
2019.963745117188  -73.89809619932733
2019.99658203125  -74.80336156219074
2020.030151367188  -75.77494027799887
2020.06298828125  -76.52260025904023
2020.095825195312  -77.23036116067667
2020.128662109375  -77.84060536212624
2020.161499023438  -78.34864629794495
2020.177978515625  -78.50564647839782
2020.1943359375  -78.76225394203998
2020.227294921875  -79.0897243970051
2020.260131835938  -79.33234951665376
2020.29296875  -79.53665341966163
2020.325805664062  -79.66801242850227
2020.358642578125  -79.74289413191154
2020.391479492188  -79.80033577148386
2020.42431640625  -79.84182422579593
2020.457275390625  -79.86724326418006
2020.490112304688  -79.88651703348208
2020.52294921875  -79.91694534906372
2020.555786132812  -79.96410855920129
2020.572265625  -80.00851224374885
2020.588623046875  -80.05739547180619
2020.605102539062  -80.09005501277862
2020.621459960938  -80.14917071740547
2020.654296875  -80.26991576234434
2020.687255859375  -80.42282930684266
2020.70361328125  -80.49726442791864
2020.720092773438  -80.61525632988247
2020.7529296875  -80.8385563738147
2020.785766601562  -81.07956692004936
2020.818603515625  -81.33478094595208
2020.851440429688  -81.6041602685571
2020.917236328125  -82.19729880809572
2020.950073242188  -82.5033335246998
2020.98291015625  -82.78126917249884
2021.013671875  -83.04372598117826
2021.046508789062  -83.27359917586905
2021.079345703125  -83.40286693891687
2021.1123046875  -83.51640315133811
2021.145141601562  -83.5796144697295
2021.177978515625  -83.59957124539663
2021.210815429688  -83.58435673077035
2021.24365234375  -83.58167332694485
2021.276489257812  -83.45695602240825
2021.309326171875  -83.2917200225224
2021.34228515625  -83.1723961582201
2021.358642578125  -83.21382815823016
2021.391479492188  -83.21325164950396
2021.407958984375  -83.27237236745074
2021.440795898438  -83.34811838975682
2021.4736328125  -83.53233345528636
2021.506469726562  -83.82846945101005
2021.539306640625  -84.20068376804535
2021.572265625  -84.79604703872023
2021.605102539062  -85.19035686693896
2021.637939453125  -85.60010900042822
2021.670776367188  -86.0298510575929
2021.736450195312  -87.06177498154652
2021.769287109375  -87.58097554957925
2021.80224609375  -88.09476988067628
2021.835083007812  -88.6101400514886
2021.867919921875  -89.05881922841466
2021.966430664062  -90.21846166379439
2022.0  -90.50450016999851
2022.065673828125  -91.13358882637041
2022.098510742188  -91.38068223915371
2022.197143554688  -92.16630309902673
2022.22998046875  -92.42601544764547
2022.262817382812  -92.68995755765977
2022.295654296875  -92.95020560239396
2022.328491210938  -93.1892529026735
2022.394287109375  -93.56125589283717
2022.558471679688  -94.37196610452423
2022.591430664062  -94.5839839663099
2022.68994140625  -95.32197248374044
2022.722778320312  -95.56739827368239
2022.821411132812  -96.0133846766648
2022.854248046875  -96.03188785865139
2022.887084960938  -95.98812586422157
2022.919921875  -95.92102920212524
2022.952758789062  -95.85048216199651
2022.985595703125  -95.77852292492352
2023.019165039062  -95.7192835232968
2023.052001953125  -95.67044614734436
2023.084838867188  -95.65432845569734
2023.11767578125  -95.67303493086966
2023.150634765625  -95.68157437124583
2023.183471679688  -95.7045543672287
2023.21630859375  -95.72362810950005
2023.249145507812  -95.73984506479803
2023.281982421875  -95.75492852088132
2023.314819335938  -95.77122727985851
2023.34765625  -95.7914209262339
2023.380615234375  -95.817967192285
2023.413452148438  -95.85187955614681
2023.4462890625  -95.89304645489085
2023.57763671875  -96.11889911348159
