2014.804931640625  -7.173485326879373
2014.837768554688  -7.656925749583642
2014.903442382812  -8.62313198003407
2014.96923828125  -9.589781855473271
2015.03564453125  -10.56296674650316
2015.101318359375  -11.52200275983207
2015.265625  -13.901655309696993
2015.331298828125  -14.843013935023993
2015.39697265625  -15.777650085397632
2016.021850585938  -27.788988532984476
2016.1533203125  -29.998051636395378
2016.350463867188  -29.48118107774636
2016.416137695312  -29.19205422492816
2016.547607421875  -28.738180707356413
2016.744750976562  -28.15679787401889
2016.777587890625  -27.734758345133116
2016.810424804688  -27.317110793678847
2016.84326171875  -26.900489895229516
2016.876098632812  -26.4738679674474
2016.908935546875  -26.065197695968106
2016.941772460938  -25.664548739344973
2016.974731445312  -25.269601431109525
2017.005493164062  -24.958943090277664
2017.038330078125  -24.60594054301704
2017.071166992188  -24.279877986819393
2017.10400390625  -24.074421102406998
2017.136840820312  -23.92396204144745
2017.169799804688  -23.802789985454602
2017.20263671875  -23.713489760974863
2017.235473632812  -23.640625951707435
2017.268310546875  -23.5781729463851
2017.301147460938  -23.52968464392956
2017.333984375  -23.494328668946782
2017.366821289062  -23.467882905701167
2017.399780273438  -23.440252413328107
2017.4326171875  -23.397538044710966
2017.498291015625  -23.27980486675684
2017.531127929688  -23.22620626067892
2017.56396484375  -23.188664578132595
2017.596801757812  -23.168762586846523
2017.629760742188  -23.176905599934564
2017.66259765625  -23.241596442995494
2017.695434570312  -23.385630798336205
2017.728271484375  -23.61455909409219
2017.761108398438  -23.90788713216267
2017.7939453125  -24.24877735829031
2017.826782226562  -24.631187664732614
2017.859741210938  -25.058872740337062
2017.892578125  -25.541371824316215
2017.925415039062  -26.06579591130696
2017.958251953125  -26.607340055026114
2017.991088867188  -27.143608549704993
2018.024658203125  -27.67984920697619
2018.057495117188  -28.19404082287035
2018.09033203125  -28.706279067859946
2018.123168945312  -29.230829640512365
2018.156005859375  -29.774435666184676
2018.18896484375  -30.334544535312748
2018.221801757812  -30.898434547220504
2018.254638671875  -31.473324359291563
2018.287475585938  -32.07378243958712
2018.3203125  -32.70838382741955
2018.353149414062  -33.374503806787516
2018.385986328125  -34.06037884751163
2018.4189453125  -34.750852198354366
2018.451782226562  -35.41909856276677
2018.484619140625  -36.042313846256455
2018.517456054688  -36.60008657675148
2018.55029296875  -37.079633211671464
2018.583129882812  -37.46220625941823
2018.615966796875  -37.74703832922576
2018.64892578125  -37.94134607696278
2018.681762695312  -38.06048512843654
2018.714599609375  -38.12178299764259
2018.747436523438  -38.12884802678954
2018.7802734375  -38.06360297153978
2018.813110351562  -37.89947437205926
2018.845947265625  -37.6630735826636
2018.87890625  -37.36904651276876
2018.911743164062  -37.08220800744611
2018.944580078125  -36.801925012663894
2018.977416992188  -36.54779666109912
2019.010986328125  -36.27567721336342
2019.043823242188  -36.012474410173425
2019.109497070312  -35.374673084099165
2019.1259765625  -35.18879495564619
2019.142333984375  -34.991246782177754
2019.175170898438  -34.60486292934077
2019.191650390625  -34.41332213585957
2019.208129882812  -34.22638193065537
2019.224487304688  -34.04693944706635
2019.240966796875  -33.85481189558351
2019.25732421875  -33.66063467014556
2019.273803710938  -33.44874742244653
2019.290161132812  -33.227563562912046
2019.306640625  -33.04389828212602
2019.323120117188  -32.8677017536899
2019.339477539062  -32.68584627048858
2019.35595703125  -32.49373097715872
2019.372314453125  -32.2979289690298
2019.388793945312  -32.0951225789303
2019.405151367188  -31.87718995853393
2019.421630859375  -31.69960381891942
2019.438110351562  -31.543734684933042
2019.454467773438  -31.429036104111805
2019.470947265625  -31.384683503831926
2019.4873046875  -31.41519500760713
2019.503784179688  -31.59504437790024
2019.520141601562  -31.667058101409612
2019.53662109375  -31.77821729483393
2019.569458007812  -32.14936636105375
2019.602294921875  -32.720153582418995
2019.618774414062  -33.0093276111664
2019.635131835938  -33.32168717729432
2019.651611328125  -33.691828002572635
2019.668090820312  -34.04600494355593
2019.71728515625  -35.197664040081264
2019.733764648438  -35.58308241239039
2019.750122070312  -35.94880067955625
2019.7666015625  -36.31112724531469
2019.799438476562  -36.98182315198604
2019.832275390625  -37.646033998155694
2019.865112304688  -38.316740916363955
2019.898071289062  -39.004858068209366
2019.930908203125  -39.7095613289981
2019.963745117188  -40.4462486373474
2019.99658203125  -41.18146527155209
2020.030151367188  -41.89536752914636
2020.06298828125  -42.62292130158825
2020.095825195312  -43.350681227858914
2020.128662109375  -44.09615011738498
2020.161499023438  -44.85574416577018
2020.177978515625  -45.22918749196516
2020.1943359375  -45.61829012324243
2020.227294921875  -46.3686121824643
2020.260131835938  -47.07869892784553
2020.29296875  -47.770125023024406
2020.325805664062  -48.40515468229485
2020.358642578125  -48.93311489740458
2020.391479492188  -49.37096970227905
2020.42431640625  -49.72598766303607
2020.457275390625  -49.970507611487406
2020.490112304688  -50.08590636239828
2020.52294921875  -50.110614002619634
2020.555786132812  -50.05592178363955
2020.572265625  -49.97031949961644
2020.588623046875  -49.89092367932682
2020.605102539062  -49.85595628715948
2020.621459960938  -49.77746790666425
2020.654296875  -49.66419049553482
2020.687255859375  -49.590231126909636
2020.70361328125  -49.522751102876235
2020.720092773438  -49.60449853290191
2020.7529296875  -49.69442500496024
2020.785766601562  -49.833419887270274
2020.818603515625  -50.00605870983239
2020.851440429688  -50.20908681939886
2020.917236328125  -50.72787426952079
2020.950073242188  -51.03535821417671
2020.98291015625  -51.34442849284905
2021.013671875  -51.65328007914394
2021.046508789062  -51.95072722648142
2021.079345703125  -52.212378898663026
2021.1123046875  -52.47074475677014
2021.145141601562  -52.69984517457383
2021.177978515625  -52.90857381052916
2021.210815429688  -53.11541425975083
2021.24365234375  -53.33625739227368
2021.276489257812  -53.57328929954442
2021.309326171875  -53.82857891415629
2021.34228515625  -54.12906781556334
2021.358642578125  -54.35203594714327
2021.391479492188  -54.770743586506875
2021.407958984375  -55.056459348869176
2021.440795898438  -55.58534523751207
2021.4736328125  -56.1639649031157
2021.506469726562  -56.74015980892533
2021.539306640625  -57.264120663165315
2021.572265625  -57.675684231374035
2021.605102539062  -58.14657251939518
2021.637939453125  -58.60116551697576
2021.670776367188  -59.02855325371453
2021.736450195312  -59.67270433823011
2021.769287109375  -60.02385168474558
2021.80224609375  -60.2849172174037
2021.835083007812  -60.5535475986496
2021.867919921875  -60.72874630421714
2021.966430664062  -61.126032986533325
2022.0  -61.27375239555716
2022.065673828125  -61.54616717144494
2022.098510742188  -61.73863096631285
2022.197143554688  -62.32954771403949
2022.22998046875  -62.54891497688468
2022.262817382812  -62.78038219534701
2022.295654296875  -62.99670997606238
2022.328491210938  -63.15147790042294
2022.394287109375  -63.24345672296318
2022.558471679688  -63.494703818387876
2022.591430664062  -63.66489651317784
2022.68994140625  -63.9924088783081
2022.722778320312  -64.00236942129199
2022.821411132812  -63.81536770081388
2022.854248046875  -63.67013656042139
2022.887084960938  -63.48434273659332
2022.919921875  -63.301553509361824
2022.952758789062  -63.12390970170115
2022.985595703125  -62.97556513170867
2023.019165039062  -62.88289730552704
2023.052001953125  -62.80332795557279
2023.084838867188  -62.822911344192185
2023.11767578125  -62.955255162787935
2023.150634765625  -63.05529642210165
2023.183471679688  -63.24058097552022
2023.21630859375  -63.43290376517989
2023.249145507812  -63.63075471213013
2023.281982421875  -63.83537486531833
2023.314819335938  -64.04964109864373
2023.34765625  -64.27684181469968
2023.380615234375  -64.52068050544145
2023.413452148438  -64.78144436419251
2023.4462890625  -65.06009822887144
2023.57763671875  -66.33073753084231
