2014.804931640625 0.0 16.112206792085697
2014.837768554688 14.969159126282 15.04341895810331
2014.903442382812 13.627000808716 12.904817977147129
2014.96923828125 8.444124221802 10.760827031552555
2015.03564453125 2.428896903992 8.59541867496988
2015.101318359375 6.773200035095 6.4526399454874
2015.265625 2.471047401428 1.0890884242354422
2015.331298828125 5.617562294006 -1.0544621178622962
2015.39697265625 14.998852729797 -3.197239450750084
2016.021850585938 -27.699728012085 -23.56796171469891
2016.1533203125 -26.876379013062 -28.489231181494564
2016.350463867188 -35.900775909424 -34.623525151618566
2016.416137695312 -31.723112106323 -36.443874975978474
2016.547607421875 -40.176105499268 -40.14825135646563
2016.744750976562 -55.33447265625 -45.82526214761485
2016.777587890625 -49.909847259521 -46.70280717024364
2016.810424804688 -50.216800689697 -47.61570706318601
2016.84326171875 -51.037456512451 -48.396443998842294
2016.876098632812 -49.697708129883 -48.90361902970178
2016.908935546875 -49.320205688477 -49.30716600473571
2016.941772460938 -49.041694641113 -49.73172360910149
2016.974731445312 -48.577960968018 -49.91684027225852
2017.005493164062 -49.97331237793 -50.073727912087485
2017.038330078125 -50.680473327637 -50.222298109623864
2017.071166992188 -48.842529296875 -50.3823448472744
2017.10400390625 -50.177700042725 -50.703567374908204
2017.136840820312 -50.006969451904 -51.12795288874476
2017.169799804688 -50.535232543945 -51.62307664020166
2017.20263671875 -51.671081542969 -52.205434265895214
2017.235473632812 -50.915126800537 -52.88723101850806
2017.268310546875 -53.026092529297 -53.67270985586336
2017.301147460938 -53.575412750244 -54.55515482724127
2017.333984375 -55.267738342285 -55.530947576193746
2017.366821289062 -55.143341064453 -56.59197173780362
2017.399780273438 -57.502071380615 -57.71458987667046
2017.4326171875 -58.657669067383 -58.86774163495029
2017.498291015625 -61.164669036865 -61.25544205948097
2017.531127929688 -62.24959564209 -62.4752200907285
2017.56396484375 -64.125160217285 -63.70057565675351
2017.596801757812 -65.00927734375 -64.91572658631122
2017.629760742188 -68.174407958984 -66.11078493250272
2017.66259765625 -68.391662597656 -67.25558954316769
2017.695434570312 -66.271301269531 -68.33810270449123
2017.728271484375 -69.227546691895 -69.34294074832886
2017.761108398438 -71.573188781738 -70.27285541028753
2017.7939453125 -72.747024536133 -71.13913375584579
2017.826782226562 -72.55167388916 -71.94989259549163
2017.859741210938 -74.834266662598 -72.7028351481265
2017.892578125 -73.796508789062 -73.38351860046895
2017.925415039062 -74.69514465332 -74.00358045485221
2017.958251953125 -74.491516113281 -74.57520895703296
2017.991088867188 -75.255577087402 -75.10825032224298
2018.024658203125 -75.577087402344 -75.60961247986586
2018.057495117188 -76.360877990723 -76.0662926808521
2018.09033203125 -76.854270935059 -76.53013257706195
2018.123168945312 -76.76114654541 -77.04252216368897
2018.156005859375 -75.96565246582 -77.62417675455373
2018.18896484375 -77.581077575684 -78.28250964648413
2018.221801757812 -77.688339233398 -79.01239513502446
2018.254638671875 -79.784301757812 -79.79925146341637
2018.287475585938 -79.695915222168 -80.62956057751703
2018.3203125 -78.905540466309 -81.49625050759033
2018.353149414062 -75.854957580566 -82.42434698702348
2018.385986328125 -84.22590637207 -83.43823097922363
2018.4189453125 -83.995140075684 -84.54486300122984
2018.451782226562 -85.026870727539 -85.72939700642901
2018.484619140625 -90.522537231445 -86.98556392219554
2018.517456054688 -87.797660827637 -88.30312048474377
2018.55029296875 -87.393981933594 -89.6674555980548
2018.583129882812 -89.565696716309 -91.0453769010044
2018.615966796875 -87.878173828125 -92.39814314906491
2018.64892578125 -96.204086303711 -93.7033078925249
2018.681762695312 -97.089881896973 -94.94979136108668
2018.714599609375 -87.95093536377 -96.1621885738001
2018.747436523438 -97.194465637207 -97.35789027332578
2018.7802734375 -100.43994140625 -98.54635769601187
2018.813110351562 -102.286003112793 -99.69593872738861
2018.845947265625 -103.877090454102 -100.88067691618927
2018.87890625 -101.797348022461 -101.89653330561525
2018.911743164062 -102.52645111084 -102.69283644618476
2018.944580078125 -103.445198059082 -103.43935944888403
2018.977416992188 -103.699356079102 -104.13108526254626
2019.010986328125 -104.265968322754 -104.76900238471357
2019.043823242188 -105.589630126953 -105.34466082349869
2019.109497070312 -107.075134277344 -106.5929681568691
2019.1259765625 -107.103164672852 -106.92912891691252
2019.142333984375 -108.021156311035 -107.25981879568695
2019.175170898438 -107.683700561523 -107.931311092174
2019.191650390625 -107.775985717773 -108.26802881985265
2019.208129882812 -107.865539550781 -108.6067119670136
2019.224487304688 -108.690277099609 -108.92720678466364
2019.240966796875 -109.36360168457 -109.27377316760348
2019.25732421875 -109.017349243164 -109.62401577135293
2019.273803710938 -109.821754455566 -109.96439851962707
2019.290161132812 -109.924140930176 -110.32255065829364
2019.306640625 -110.93009185791 -110.7212716121935
2019.323120117188 -111.386535644531 -111.13618935884084
2019.339477539062 -112.519119262695 -111.55251409609467
2019.35595703125 -111.975769042969 -111.97008287142106
2019.372314453125 -112.021034240723 -112.38422015327014
2019.388793945312 -113.602249145508 -112.82885413315017
2019.405151367188 -111.30818939209 -113.42273192934277
2019.421630859375 -113.293296813965 -114.05109329005812
2019.438110351562 -113.981910705566 -114.7559200748689
2019.454467773438 -116.670036315918 -115.5130987366569
2019.470947265625 -110.986999511719 -116.31512079472982
2019.4873046875 -113.091194152832 -117.13592498826046
2019.503784179688 -111.042274475098 -118.04873719397078
2019.520141601562 -112.473114013672 -118.8626279265119
2019.53662109375 -120.235580444336 -119.71446483704435
2019.569458007812 -124.317222595215 -121.52754967106708
2019.602294921875 -121.650093078613 -123.44871232015966
2019.618774414062 -122.870010375977 -124.40548257166724
2019.635131835938 -127.002639770508 -125.35879791882161
2019.651611328125 -127.996040344238 -126.29883283968036
2019.668090820312 -125.084976196289 -127.23007283498018
2019.71728515625 -131.901611328125 -129.66949231738963
2019.733764648438 -131.054351806641 -130.41286672565616
2019.750122070312 -133.921768188477 -131.031574591161
2019.7666015625 -131.273361206055 -131.69924760322812
2019.799438476562 -134.482833862305 -132.81219671515967
2019.832275390625 -140.713195800781 -133.87945200441152
2019.865112304688 -135.945922851562 -134.81365529472097
2019.898071289062 -136.243927001953 -135.5962853763194
2019.930908203125 -137.969802856445 -136.18516466495905
2019.963745117188 -138.029006958008 -136.5505212174114
2019.99658203125 -137.703720092773 -136.83230879611938
2020.030151367188 -137.890655517578 -137.2107301539203
2020.06298828125 -137.449066162109 -137.25706574815024
2020.095825195312 -137.090240478516 -137.27297932942994
2020.128662109375 -137.98583984375 -137.26058666894076
2020.161499023438 -137.527160644531 -137.26746824321847
2020.177978515625 -137.137023925781 -137.32647312022894
2020.1943359375 -137.563598632812 -137.32497205258235
2020.227294921875 -135.797515869141 -137.50080148785224
2020.260131835938 -134.589630126953 -137.8854750830029
2020.29296875 -136.443634033203 -138.35009138948539
2020.325805664062 -136.70002746582 -139.00467479262144
2020.358642578125 -139.214065551758 -140.11291545057267
2020.391479492188 -137.98503112793 -141.33499354886402
2020.42431640625 -139.948135375977 -142.64774870264512
2020.457275390625 -140.992370605469 -144.21676706165917
2020.490112304688 -143.677780151367 -146.09838559747084
2020.52294921875 -148.129455566406 -148.14886229960007
2020.555786132812 -149.596420288086 -150.29946002825847
2020.572265625 -150.269515991211 -151.42736001271143
2020.588623046875 -156.583541870117 -152.51289614667672
2020.605102539062 -154.622787475586 -153.61864072786295
2020.621459960938 -155.193206787109 -154.6646073906004
2020.654296875 -160.000686645508 -156.71987891221025
2020.687255859375 -160.397155761719 -158.56030440755626
2020.70361328125 -161.888641357422 -159.5089088622944
2020.720092773438 -162.002777099609 -160.08747521420867
2020.7529296875 -162.390182495117 -161.3885844351035
2020.785766601562 -164.717636108398 -162.5478809304838
2020.818603515625 -165.713226318359 -163.61506162742756
2020.851440429688 -166.734497070312 -164.58507014951897
2020.917236328125 -165.337966918945 -166.16574218687848
2020.950073242188 -166.369842529297 -166.82706775452405
2020.98291015625 -167.547622680664 -167.52064193029287
2021.013671875 -167.608169555664 -168.1720802552638
2021.046508789062 -168.104721069336 -169.05736922023198
2021.079345703125 -169.217315673828 -170.33560836154666
2021.1123046875 -168.688888549805 -171.65885140475257
2021.145141601562 -171.401794433594 -173.088370207313
2021.177978515625 -171.922897338867 -174.59631688210914
2021.210815429688 -172.962799072266 -176.1599900200349
2021.24365234375 -171.994201660156 -177.61368420632712
2021.276489257812 -177.331787109375 -179.3588370506848
2021.309326171875 -181.685699462891 -181.23786882718807
2021.34228515625 -183.596328735352 -183.24760921122632
2021.358642578125 -185.752838134766 -184.2571454953224
2021.391479492188 -187.848861694336 -186.23956628768155
2021.407958984375 -185.531188964844 -187.1538725668672
2021.440795898438 -188.626708984375 -189.00038706794325
2021.4736328125 -196.136093139648 -190.63454701547724
2021.506469726562 -209.858169555664 -191.99311710489414
2021.539306640625 -200.39924621582 -193.14726358303037
2021.572265625 -197.302749633789 -193.94952443629316
2021.605102539062 -207.462539672852 -195.10790109172976
2021.637939453125 -200.362197875977 -196.25312541788506
2021.670776367188 -199.753784179688 -197.35639897140294
2021.736450195312 -204.730361938477 -198.96966023768172
2021.769287109375 -199.279220581055 -199.74185585355733
2021.80224609375 -200.492416381836 -200.17877024446088
2021.835083007812 -199.73974609375 -200.5429472430356
2021.867919921875 -202.703384399414 -200.73220242810223
2021.966430664062 -202.883041381836 -201.15608726516464
2022.0 -200.955337524414 -201.239974199413
2022.065673828125 -201.231063842773 -201.42764013699605
2022.098510742188 -200.956939697266 -201.49527594112976
2022.197143554688 -201.357681274414 -201.81930961996557
2022.22998046875 -203.472946166992 -201.93858045765353
2022.262817382812 -203.010177612305 -202.06555327154783
2022.295654296875 -201.714874267578 -202.21484139616726
2022.328491210938 -198.960922241211 -202.4104913172718
2022.394287109375 -201.190841674805 -202.97404920688095
2022.558471679688 -203.70182800293 -204.8288017125109
2022.591430664062 -209.032638549805 -205.11759896780018
2022.68994140625 -193.933151245117 -206.262179421613
2022.722778320312 -201.760284423828 -206.73942044747952
2022.821411132812 -207.231414794922 -208.56513779389076
2022.854248046875 -207.738983154297 -209.3603780869689
2022.887084960938 -208.556488037109 -210.281002014779
2022.919921875 -209.640228271484 -211.1186705495669
2022.952758789062 -211.566345214844 -212.16014825960346
2022.985595703125 -213.584121704102 -213.61118436439185
2023.019165039062 -215.588958740234 -215.16777186707944
2023.052001953125 -216.497329711914 -216.69087789550318
2023.084838867188 -218.1474609375 -218.2292280113569
2023.11767578125 -219.095001220703 -219.76618586226448
2023.150634765625 -221.576187133789 -221.30586111248994
2023.183471679688 -223.452819824219 -222.8339304888232
2023.21630859375 -224.671371459961 -224.36102125651044
2023.249145507812 -225.265731811523 -225.88822701112284
2023.281982421875 -227.909103393555 -227.41562985101496
2023.314819335938 -230.607177734375 -228.9431385380511
2023.34765625 -230.2421875 -230.469911616988
2023.380615234375 -228.870239257812 -231.99966077381245
2023.413452148438 -243.247619628906 -233.51954158118974
2023.4462890625 -226.518646240234 -235.03519841128127
2023.57763671875 -248.967788696289 -241.0617127252072
