2014.804931640625 -0.0 -7.12330949476091
2014.837768554688 -6.364208698273 -7.242412352370101
2014.903442382812 -9.05445766449 -7.480029688432292
2014.96923828125 -7.915094852448 -7.71742927070105
2015.03564453125 -2.914663314819 -7.9562516291375305
2015.101318359375 -4.920029640198 -8.191422298534086
2015.265625 -16.464052200317 -8.77457250306187
2015.331298828125 -16.37494468689 -9.00600229310418
2015.39697265625 -10.095832824707 -9.236989287730468
2016.021850585938 -12.004336357117 -11.566556048027604
2016.1533203125 -10.694519996643 -11.942789925883705
2016.350463867188 -25.560380935669 -12.49767380578068
2016.416137695312 -3.267939329147 -12.673463307368818
2016.547607421875 -18.946681976318 -13.197374312287344
2016.744750976562 -20.298971176147 -15.782523433822213
2016.777587890625 -15.509745597839 -15.340560067602926
2016.810424804688 -13.387398719788 -14.902138310470116
2016.84326171875 -15.199058532715 -14.466480221736687
2016.876098632812 -15.107872962952 -14.029116132312769
2016.908935546875 -15.503378868103 -13.628148917821228
2016.941772460938 -12.530331611633 -13.246995477657052
2016.974731445312 -11.309192657471 -12.871247495853769
2017.005493164062 -11.358456611633 -12.537770707426759
2017.038330078125 -11.866765022278 -12.167609474675277
2017.071166992188 -10.875029563904 -11.789718827219515
2017.10400390625 -11.647652626038 -11.433759396636239
2017.136840820312 -10.562172889709 -11.081420546218538
2017.169799804688 -11.972812652588 -10.730824792456458
2017.20263671875 -10.464338302612 -10.381447002200117
2017.235473632812 -11.741014480591 -10.00077499776665
2017.268310546875 -10.119194984436 -9.55702169884637
2017.301147460938 -8.432343482971 -9.046975361007489
2017.333984375 -9.45632648468 -8.485331807753422
2017.366821289062 -9.144341468811 -7.887607982921734
2017.399780273438 -8.714254379272 -7.255370735347144
2017.4326171875 -6.498407840729 -6.592973861190101
2017.498291015625 -2.218372106552 -5.237368296282967
2017.531127929688 -3.984767198563 -4.601442333624373
2017.56396484375 -3.61413359642 -4.019167613690713
2017.596801757812 -3.92862868309 -3.4931423941316124
2017.629760742188 -2.059061050415 -3.0231354665798906
2017.66259765625 -1.471745610237 -2.6382419697829587
2017.695434570312 0.015411176719 -2.3611675199066577
2017.728271484375 0.794620335102 -2.206900688727599
2017.761108398438 -1.059027671814 -2.159622776655047
2017.7939453125 -1.448777318001 -2.1881116158251035
2017.826782226562 -2.195645809174 -2.265835300092004
2017.859741210938 -2.264965772629 -2.394016459822913
2017.892578125 -1.965041160583 -2.6023465333789875
2017.925415039062 -2.005149126053 -2.890322113441674
2017.958251953125 -3.450097799301 -3.23910753465343
2017.991088867188 -3.710425138474 -3.6211887236469247
2018.024658203125 -4.109467506409 -4.0269207246154295
2018.057495117188 -4.403020381927 -4.434540826488489
2018.09033203125 -4.852870464325 -4.856789500259481
2018.123168945312 -5.257682800293 -5.302151612758955
2018.156005859375 -5.045709133148 -5.764923357016244
2018.18896484375 -7.086411476135 -6.222140491810066
2018.221801757812 -5.977789878845 -6.64567218292135
2018.254638671875 -6.662703037262 -7.037483640902117
2018.287475585938 -7.546639919281 -7.412659070026267
2018.3203125 -7.657769203186 -7.777264447035764
2018.353149414062 -10.387093544006 -8.13106043984499
2018.385986328125 -13.156511306763 -8.47146119569364
2018.4189453125 -10.852006912231 -8.787640931494598
2018.451782226562 -9.383524894714 -9.067199148709133
2018.484619140625 -8.125471115112 -9.301081836943913
2018.517456054688 -8.056223869324 -9.48185125500765
2018.55029296875 -10.922003746033 -9.606656486064587
2018.583129882812 -11.83504486084 -9.668337921430606
2018.615966796875 -9.899132728577 -9.674384915769942
2018.64892578125 -10.410587310791 -9.642336881136394
2018.681762695312 -10.793394088745 -9.596656988681543
2018.714599609375 -9.211572647095 -9.551483932398977
2018.747436523438 -9.568440437317 -9.498871529234837
2018.7802734375 -8.569368362427 -9.423370852700653
2018.813110351562 -8.795526504517 -9.302725634352734
2018.845947265625 -8.601687431335 -9.143552046304405
2018.87890625 -8.886015892029 -8.96652521941825
2018.911743164062 -9.963386535645 -8.780708546281302
2018.944580078125 -8.709961891174 -8.605895787548729
2018.977416992188 -9.312833786011 -8.441700425571602
2019.010986328125 -8.72806930542 -8.21349312484018
2019.043823242188 -8.206331253052 -7.99711320469101
2019.109497070312 -6.294722080231 -7.286384077639506
2019.1259765625 -7.259653568268 -7.086119487173391
2019.142333984375 -8.788288116455 -6.839575193753704
2019.175170898438 -6.832050800323 -6.338453353100425
2019.191650390625 -6.151272296906 -6.0520812348713395
2019.208129882812 -7.298935413361 -5.75542018097212
2019.224487304688 -5.380721569061 -5.465792165308376
2019.240966796875 -4.511781215668 -5.1484781843075975
2019.25732421875 -4.762536048889 -4.834280699263221
2019.273803710938 -4.472783088684 -4.502436640010303
2019.290161132812 -3.605382204056 -4.14919512849586
2019.306640625 -3.019508361816 -3.846200437606456
2019.323120117188 -3.044600725174 -3.579814049929625
2019.339477539062 -2.882326602936 -3.3459884417767225
2019.35595703125 -3.06534910202 -3.133505333796486
2019.372314453125 -5.996556282043 -2.9358278558222515
2019.388793945312 -2.290952444077 -2.743383476948494
2019.405151367188 -1.097112894058 -2.5558263484543797
2019.421630859375 -3.507517814636 -2.384598749431367
2019.438110351562 -0.742302060127 -2.2314456750794514
2019.454467773438 -4.166414737701 -2.1016852375179216
2019.470947265625 -2.440534830093 -2.0131344808949017
2019.4873046875 -2.297922611237 -1.983913782313559
2019.503784179688 -0.388661056757 -2.0683647163755094
2019.520141601562 -0.317432880402 -2.0940233202094967
2019.53662109375 1.301950454712 -2.1558673459279336
2019.569458007812 -2.753363132477 -2.392142104605602
2019.602294921875 -8.294134140015 -2.794796716424476
2019.618774414062 -0.99856710434 -2.981630452622816
2019.635131835938 -2.948842048645 -3.1797569156935794
2019.651611328125 -4.312325954437 -3.447938913326308
2019.668090820312 1.821084856987 -3.675147315405425
2019.71728515625 -4.960502624512 -4.493897980341019
2019.733764648438 -4.388429641724 -4.788947751095626
2019.750122070312 -1.45121049881 -5.073128378796896
2019.7666015625 -6.147339344025 -5.362463711214044
2019.799438476562 -6.899672985077 -5.907445627632214
2019.832275390625 -5.319874286652 -6.441218170027528
2019.865112304688 -7.471002101898 -6.965999465999468
2019.898071289062 -7.638049602509 -7.487941101908795
2019.930908203125 -8.608751296997 -8.018036209120101
2019.963745117188 -8.036461830139 -8.571004466454426
2019.99658203125 -9.001795768738 -9.11899473878927
2020.030151367188 -9.247887611389 -9.66306260680659
2020.06298828125 -9.536504745483 -10.193159084613827
2020.095825195312 -11.090984344482 -10.715492541292896
2020.128662109375 -11.24612903595 -11.232644843323259
2020.161499023438 -12.648461341858 -11.737835628871709
2020.177978515625 -12.30655670166 -11.969066818776048
2020.1943359375 -12.102384567261 -12.22607066233346
2020.227294921875 -13.560696601868 -12.694267281102874
2020.260131835938 -12.093473434448 -13.12490516731648
2020.29296875 -14.523873329163 -13.535256664119684
2020.325805664062 -14.103608131409 -13.893326077883478
2020.358642578125 -14.541635513306 -14.166510124881126
2020.391479492188 -14.93630695343 -14.381999582728469
2020.42431640625 -15.374622344971 -14.553224639471985
2020.457275390625 -13.255400657654 -14.656114167441695
2020.490112304688 -17.435813903809 -14.673590616448465
2020.52294921875 -15.03755569458 -14.627586243319522
2020.555786132812 -15.009288787842 -14.523789445705155
2020.572265625 -18.726804733276 -14.413391566363357
2020.588623046875 -16.391513824463 -14.30281474867872
2020.605102539062 -14.396727561951 -14.250195452008255
2020.621459960938 -13.313917160034 -14.130138647951357
2020.654296875 -14.845752716064 -13.928764954204345
2020.687255859375 -12.870591163635 -13.727976589731382
2020.70361328125 -13.153171539307 -13.611816077208045
2020.720092773438 -12.726732254028 -13.572462128817929
2020.7529296875 -13.171157836914 -13.479548693108821
2020.785766601562 -12.911603927612 -13.44833991469228
2020.818603515625 -11.701777458191 -13.480942883998923
2020.851440429688 -13.027183532715 -13.579600521552372
2020.917236328125 -13.205901145935 -13.978387059959674
2020.950073242188 -14.062761306763 -14.32318837938644
2020.98291015625 -14.35706615448 -14.698117291934762
2021.013671875 -14.231929779053 -15.009734863866992
2021.046508789062 -14.77538394928 -15.441435444524659
2021.079345703125 -16.180105209351 -15.92552100996309
2021.1123046875 -17.156047821045 -16.410642428604472
2021.145141601562 -16.482662200928 -16.894099343794824
2021.177978515625 -17.190517425537 -17.367322654828552
2021.210815429688 -18.742637634277 -17.832400948289
2021.24365234375 -19.53275680542 -18.326656779054648
2021.276489257812 -16.68505859375 -18.771681986117226
2021.309326171875 -20.596559524536 -19.18971027054566
2021.34228515625 -19.66774559021 -19.5850985578788
2021.358642578125 -20.337339401245 -19.773815605042817
2021.391479492188 -20.622106552124 -20.164164687297276
2021.407958984375 -19.525665283203 -20.363592751845772
2021.440795898438 -18.712739944458 -20.74820516066678
2021.4736328125 -21.475456237793 -21.097791363768508
2021.506469726562 -21.833129882812 -21.393868115228894
2021.539306640625 -26.065717697144 -21.64145614535808
2021.572265625 -19.937564849854 -21.829203627519902
2021.605102539062 -25.706018447876 -22.075540800671703
2021.637939453125 -23.691341400146 -22.316097371476523
2021.670776367188 -28.595916748047 -22.542727209102804
2021.736450195312 -24.271165847778 -22.914384491755015
2021.769287109375 -21.527353286743 -23.114877078983394
2021.80224609375 -23.447700500488 -23.284494142727375
2021.835083007812 -22.451622009277 -23.463847989066725
2021.867919921875 -24.753074645996 -23.644631044057956
2021.966430664062 -23.607460021973 -24.19617757366685
2022.0 -23.103281021118 -24.404399432896362
2022.065673828125 -25.218727111816 -24.785398543496278
2022.098510742188 -24.275901794434 -25.002106591978155
2022.197143554688 -26.981647491455 -25.68492490584007
2022.22998046875 -26.632476806641 -25.942061959096655
2022.262817382812 -23.472023010254 -26.217364757397068
2022.295654296875 -25.785099029541 -26.487518395792907
2022.328491210938 -30.881441116333 -26.7002026637496
2022.394287109375 -27.084901809692 -26.900417194702943
2022.558471679688 -32.03104019165 -27.396416226598653
2022.591430664062 -22.169519424438 -27.545753543051553
2022.68994140625 -33.219100952148 -28.059191394805477
2022.722778320312 -32.084178924561 -28.26864171947752
2022.821411132812 -28.652826309204 -28.592766091112892
2022.854248046875 -27.096826553345 -28.510800791921106
2022.887084960938 -28.694948196411 -28.367645370994907
2022.919921875 -27.468896865845 -28.265447282081972
2022.952758789062 -27.83366394043 -28.177941422375223
2022.985595703125 -30.107498168945 -28.153636854343148
2023.019165039062 -27.687213897705 -28.215064207473493
2023.052001953125 -27.675254821777 -28.266409981325523
2023.084838867188 -27.434320449829 -28.46072229211482
2023.11767578125 -28.119104385376 -28.795958083991252
2023.150634765625 -27.725540161133 -29.081110934875802
2023.183471679688 -27.719083786011 -29.46103699393502
2023.21630859375 -26.452823638916 -29.845362552605103
2023.249145507812 -28.731687545776 -30.235076834416283
2023.281982421875 -29.670894622803 -30.632152730424306
2023.314819335938 -31.116924285889 -31.039258475030657
2023.34765625 -31.974292755127 -31.459280917023985
2023.380615234375 -35.064777374268 -31.896217613430846
2023.413452148438 -29.233610153198 -32.34801616045794
2023.4462890625 -37.425945281982 -32.815744243176155
2023.57763671875 -46.349460601807 -34.82233845059845
