2014.804931640625 -0.0 -2.2041056474049325
2014.837768554688 -5.006154060364 -2.2162053305305087
2014.903442382812 -3.200432062149 -2.2421529128018123
2014.96923828125 -10.861517906189 -2.270556072902764
2015.03564453125 13.408288002014 -2.3014135812708783
2015.101318359375 -10.596291542053 -2.333663131650525
2015.265625 29.752990722656 -2.417571936046685
2015.331298828125 -1.272887945175 -2.449882165044182
2015.39697265625 -27.537656784058 -2.4795627245196163
2016.021850585938 6.903147697449 -2.539004292343006
2016.1533203125 -24.08441734314 -2.8350448335579785
2016.350463867188 -5.68133354187 -1.448920808387201
2016.416137695312 -15.200136184692 -1.5195274176831124
2016.547607421875 0.994133234024 -1.8060559142059787
2016.744750976562 1.556568980217 -1.9272970014615014
2016.777587890625 0.947466790676 -1.8050959719181074
2016.810424804688 0.582838356495 -1.866328556553926
2016.84326171875 -2.762266397476 -2.532020211605862
2016.876098632812 -5.18542098999 -3.49835524377746
2016.908935546875 -4.091432094574 -4.496383378625783
2016.941772460938 -5.321355342865 -5.485851005171356
2016.974731445312 -6.904516220093 -6.545853349951765
2017.005493164062 -7.723062038422 -7.493995849129728
2017.038330078125 -9.169239044189 -8.531158492882021
2017.071166992188 -10.386264801025 -9.549652300732538
2017.10400390625 -10.183334350586 -10.418466654738168
2017.136840820312 -11.685797691345 -11.204583658521042
2017.169799804688 -13.896661758423 -11.948045800451146
2017.20263671875 -13.46032333374 -12.659949807317423
2017.235473632812 -14.261449813843 -13.373857804833301
2017.268310546875 -14.719561576843 -14.110357859919334
2017.301147460938 -15.385023117065 -14.860098354179195
2017.333984375 -12.443657875061 -15.609986735772674
2017.366821289062 -14.856362342834 -16.356716069819413
2017.399780273438 -16.218774795532 -17.096080153130146
2017.4326171875 -12.926780700684 -17.826086757646546
2017.498291015625 -20.469701766968 -19.367989045146
2017.531127929688 -21.476066589355 -20.22253065821601
2017.56396484375 -25.197866439819 -21.145490789316394
2017.596801757812 -18.859861373901 -22.13379528129473
2017.629760742188 -21.910415649414 -23.170376136845572
2017.66259765625 -24.886909484863 -24.211136925151017
2017.695434570312 -23.579643249512 -25.225775625725593
2017.728271484375 -24.586093902588 -26.20554419587339
2017.761108398438 -29.291215896606 -27.15207896065567
2017.7939453125 -28.112216949463 -28.07326054014318
2017.826782226562 -29.453884124756 -28.98141595656997
2017.859741210938 -31.232936859131 -29.886340418376598
2017.892578125 -31.847494125366 -30.773723571314424
2017.925415039062 -33.067310333252 -31.634683268511797
2017.958251953125 -32.633628845215 -32.45679772078464
2017.991088867188 -32.74849319458 -33.244321479588486
2018.024658203125 -33.913974761963 -34.0222663998196
2018.057495117188 -34.779132843018 -34.76155805455784
2018.09033203125 -34.912055969238 -35.506140776546864
2018.123168945312 -35.544521331787 -36.296973503345185
2018.156005859375 -36.223388671875 -37.1558330277258
2018.18896484375 -38.835327148438 -38.09970312836099
2018.221801757812 -36.862957000732 -39.14451310238782
2018.254638671875 -39.410362243652 -40.300352982753076
2018.287475585938 -40.378398895264 -41.54193514083334
2018.3203125 -41.94299697876 -42.83772805025791
2018.353149414062 -38.20919418335 -44.179685963936414
2018.385986328125 -44.100364685059 -45.54902162530306
2018.4189453125 -47.777973175049 -46.90926516364477
2018.451782226562 -47.417373657227 -48.22236239584563
2018.484619140625 -54.871322631836 -49.50162029025582
2018.517456054688 -53.921375274658 -50.76049761996084
2018.55029296875 -54.233814239502 -51.98181346402893
2018.583129882812 -52.663818359375 -53.1235370470887
2018.615966796875 -62.061199188232 -54.15624094834873
2018.64892578125 -57.740013122559 -55.07142776030631
2018.681762695312 -57.801349639893 -55.874655979131326
2018.714599609375 -53.271663665771 -56.582491135389965
2018.747436523438 -57.601081848145 -57.17744344225905
2018.7802734375 -60.045246124268 -57.68132325973643
2018.813110351562 -61.069812774658 -58.133663378819726
2018.845947265625 -58.507160186768 -58.590371557999966
2018.87890625 -57.002796173096 -59.013347431364274
2018.911743164062 -58.350101470947 -59.44642182648168
2018.944580078125 -59.846759796143 -59.881538854042766
2018.977416992188 -59.691486358643 -60.34124031970982
2019.010986328125 -60.331504821777 -60.926272701223006
2019.043823242188 -60.368175506592 -61.512030816574146
2019.109497070312 -63.667129516602 -63.24135455857809
2019.1259765625 -62.582862854004 -63.664408834501145
2019.142333984375 -62.597103118896 -64.19873778524286
2019.175170898438 -64.125358581543 -65.31556522114462
2019.191650390625 -65.435173034668 -66.01296649484142
2019.208129882812 -65.97046661377 -66.77825221698612
2019.224487304688 -67.032257080078 -67.53585269989716
2019.240966796875 -68.623207092285 -68.4167959218705
2019.25732421875 -68.813331604004 -69.32751626002177
2019.273803710938 -69.75269317627 -70.22644604768104
2019.290161132812 -71.502822875977 -71.17378434948543
2019.306640625 -71.388008117676 -72.19541885309641
2019.323120117188 -73.243438720703 -73.22924575528779
2019.339477539062 -74.489891052246 -74.25921245667372
2019.35595703125 -75.957527160645 -75.2884253181584
2019.372314453125 -76.101181030273 -76.29178372416953
2019.388793945312 -77.266494750977 -77.29014883017592
2019.405151367188 -77.231636047363 -78.26233788389945
2019.421630859375 -79.49715423584 -79.26815732090057
2019.438110351562 -82.608993530273 -80.27225405907437
2019.454467773438 -81.623405456543 -81.26575123995015
2019.470947265625 -81.810241699219 -82.25889030937472
2019.4873046875 -84.108680725098 -83.21325701031424
2019.503784179688 -81.879943847656 -84.0949605059812
2019.520141601562 -82.630912780762 -84.9854676141897
2019.53662109375 -89.281532287598 -85.84208919137323
2019.569458007812 -89.501258850098 -87.3263682429502
2019.602294921875 -88.80362701416 -88.37283278059257
2019.618774414062 -91.698631286621 -88.91880160865348
2019.635131835938 -93.260032653809 -89.42566636270833
2019.651611328125 -88.543319702148 -89.71517970757495
2019.668090820312 -93.529090881348 -90.1297916427846
2019.71728515625 -92.606437683105 -90.78778223535275
2019.733764648438 -89.857093811035 -90.91370165956508
2019.750122070312 -93.182144165039 -90.86482344074788
2019.7666015625 -91.648490905762 -90.88439227748256
2019.799438476562 -90.525611877441 -90.74199125137105
2019.832275390625 -91.296630859375 -90.57948268209135
2019.865112304688 -90.228981018066 -90.3708021749767
2019.898071289062 -90.213829040527 -90.12489246119809
2019.930908203125 -89.551696777344 -89.86481330080606
2019.963745117188 -89.179084777832 -89.61659572293198
2019.99658203125 -89.214622497559 -89.38455285252205
2020.030151367188 -88.589897155762 -89.12907252028252
2020.06298828125 -88.825378417969 -88.96137839378807
2020.095825195312 -89.036026000977 -88.78757855026365
2020.128662109375 -88.609344482422 -88.60407298677593
2020.161499023438 -88.034332275391 -88.38229730104374
2020.177978515625 -88.416168212891 -88.2031743661691
2020.1943359375 -87.895965576172 -88.09440062102962
2020.227294921875 -87.748916625977 -87.73273796510023
2020.260131835938 -89.553665161133 -87.3172337716094
2020.29296875 -89.275505065918 -86.90971469124554
2020.325805664062 -88.68440246582 -86.4686077395025
2020.358642578125 -84.73690032959 -85.98135808866277
2020.391479492188 -86.120422363281 -85.44117725445294
2020.42431640625 -83.669624328613 -84.822798487639
2020.457275390625 -81.012832641602 -84.11513724543623
2020.490112304688 -83.978538513184 -83.3375685322793
2020.52294921875 -83.060104370117 -82.56048629574246
2020.555786132812 -84.651710510254 -81.84156909788636
2020.572265625 -87.58203125 -81.51000957650932
2020.588623046875 -82.579559326172 -81.1920739026187
2020.605102539062 -80.163879394531 -80.86452916959892
2020.621459960938 -76.912040710449 -80.56142568858012
2020.654296875 -77.94123840332 -79.96979321647902
2020.687255859375 -81.860084533691 -79.41861059099314
2020.70361328125 -68.070014953613 -79.11939268940233
2020.720092773438 -76.165969848633 -78.91404766748171
2020.7529296875 -84.219367980957 -78.41828515573967
2020.785766601562 -78.033874511719 -77.91785189594023
2020.818603515625 -71.803237915039 -77.43279074956128
2020.851440429688 -77.046043395996 -76.99096679493618
2020.917236328125 -76.53483581543 -76.25801069335517
2020.950073242188 -76.790946960449 -75.9032431363723
2020.98291015625 -75.185585021973 -75.53433235254396
2021.013671875 -75.006881713867 -75.19604975102817
2021.046508789062 -74.240058898926 -74.8471280955438
2021.079345703125 -74.295799255371 -74.58527838840224
2021.1123046875 -74.705444335938 -74.39419499538627
2021.145141601562 -75.086524963379 -74.27125191923334
2021.177978515625 -72.901893615723 -74.2042308966611
2021.210815429688 -71.396224975586 -74.19224016351502
2021.24365234375 -70.839073181152 -74.12286989991294
2021.276489257812 -73.451644897461 -74.28262969420362
2021.309326171875 -84.713340759277 -74.59567345861537
2021.34228515625 -75.46556854248 -75.08315913799177
2021.358642578125 -74.668762207031 -75.52639141866139
2021.391479492188 -73.781280517578 -76.24516695819833
2021.407958984375 -76.128089904785 -76.77014760035995
2021.440795898438 -70.987968444824 -77.6568812992317
2021.4736328125 -76.691986083984 -78.66682978674588
2021.506469726562 -91.382232666016 -79.74023227998198
2021.539306640625 -80.409515380859 -80.79264871414784
2021.572265625 -80.500923156738 -81.7263939054954
2021.605102539062 -84.435157775879 -82.71501089856723
2021.637939453125 -88.220069885254 -83.7054377451309
2021.670776367188 -86.614044189453 -84.66470358436271
2021.736450195312 -92.938385009766 -86.16996312935363
2021.769287109375 -79.07398223877 -86.78454634314335
2021.80224609375 -86.86003112793 -87.22291686556801
2021.835083007812 -90.02409362793 -87.64165220816737
2021.867919921875 -89.857551574707 -87.77593145793864
2021.966430664062 -92.718566894531 -88.07310730633658
2022.0 -83.41187286377 -88.08122540570817
2022.065673828125 -93.94694519043 -88.25123697843486
2022.098510742188 -88.995918273926 -88.18546345491848
2022.197143554688 -79.585723876953 -87.83794703711149
2022.22998046875 -86.425224304199 -87.67732377043215
2022.262817382812 -87.743827819824 -87.49169708497269
2022.295654296875 -88.727554321289 -87.27754033406927
2022.328491210938 -80.426765441895 -87.02967212024662
2022.394287109375 -97.749603271484 -86.43526621520468
2022.558471679688 -87.910171508789 -84.93075025872632
2022.591430664062 -84.090873718262 -84.6591950145005
2022.68994140625 -78.834655761719 -83.8028506551441
2022.722778320312 -93.690498352051 -83.43323882243445
2022.821411132812 -78.827323913574 -82.42960108480905
2022.854248046875 -84.443885803223 -82.14133687481981
2022.887084960938 -80.81364440918 -81.88069847423579
2022.919921875 -80.17488861084 -81.56253612274986
2022.952758789062 -82.520820617676 -81.32780652509105
2022.985595703125 -81.675437927246 -81.35193912654428
2023.019165039062 -79.11051940918 -81.4886719539347
2023.052001953125 -80.880195617676 -81.62090181620975
2023.084838867188 -81.928215026855 -81.87980754221782
2023.11767578125 -81.644676208496 -82.35160912324812
2023.150634765625 -80.126579284668 -82.7699067034125
2023.183471679688 -82.339309692383 -83.32540114659557
2023.21630859375 -78.473075866699 -83.88057779092101
2023.249145507812 -80.194458007812 -84.43748632214567
2023.281982421875 -85.709976196289 -84.99941883310933
2023.314819335938 -84.186500549316 -85.56962247932917
2023.34765625 -83.03199005127 -86.15053100865687
2023.380615234375 -90.082473754883 -86.74712741410701
2023.413452148438 -94.847389221191 -87.35783636580342
2023.4462890625 -89.954475402832 -87.98557295073547
2023.57763671875 -103.139091491699 -90.64332890767693
