2014.804931640625 0.0 7.221631020324741
2014.837768554688 8.001873016357 7.022282600062546
2014.903442382812 8.959162712097 6.6251572918953325
2014.96923828125 6.680451869965 6.229324177259065
2015.03564453125 5.400578975677 5.831721667607027
2015.101318359375 4.206729888916 5.440137020209963
2015.265625 1.884800434113 4.467236482740338
2015.331298828125 4.668491840363 4.081602627614075
2015.39697265625 7.409540653229 3.698344461780155
2016.021850585938 -0.358128905296 0.16628019792010632
2016.1533203125 -1.193740606308 -0.6155836441713523
2016.350463867188 1.600994944572 -1.2947036790043511
2016.416137695312 -5.176278114319 -1.4719529822950472
2016.547607421875 -1.895528435707 -1.7571618123022128
2016.744750976562 -1.818802475929 -2.039555564915186
2016.777587890625 -2.245337486267 -2.2717105824400496
2016.810424804688 -1.768049359322 -2.5028856482863997
2016.84326171875 -2.220169305801 -2.735266981280552
2016.876098632812 -2.708827495575 -3.011236790359614
2016.908935546875 -2.871539592743 -3.318224097854205
2016.941772460938 -3.494459629059 -3.623715468159818
2016.974731445312 -3.67956161499 -3.9868244374011073
2017.005493164062 -4.305075645447 -4.345314492667729
2017.038330078125 -4.640476703644 -4.725089885985387
2017.071166992188 -4.997767925262 -5.111872375614805
2017.10400390625 -5.423826217651 -5.5000688774190705
2017.136840820312 -6.383114337921 -5.887540790615368
2017.169799804688 -7.098395347595 -6.275711309806786
2017.20263671875 -6.665599346161 -6.654295311729599
2017.235473632812 -7.234546661377 -7.015755913429319
2017.268310546875 -6.983024597168 -7.340343392349923
2017.301147460938 -8.696261405945 -7.61470890113017
2017.333984375 -7.003781318665 -7.847215085296509
2017.366821289062 -8.26132774353 -8.04694769698836
2017.399780273438 -9.097123146057 -8.224818296347705
2017.4326171875 -10.658802032471 -8.392155717312514
2017.498291015625 -9.204918861389 -8.742261489466285
2017.531127929688 -6.213624954224 -8.932358841576582
2017.56396484375 -8.760023117065 -9.123285126439146
2017.596801757812 -7.882203578949 -9.309174830372829
2017.629760742188 -10.478381156921 -9.491178790424714
2017.66259765625 -8.307389259338 -9.679956801003927
2017.695434570312 -9.451762199402 -9.888901169548898
2017.728271484375 -9.732278823853 -10.139035701509215
2017.761108398438 -10.546769142151 -10.427904606308935
2017.7939453125 -10.552206993103 -10.740724984630711
2017.826782226562 -11.426094055176 -11.070234930351859
2017.859741210938 -11.197929382324 -11.413686359339291
2017.892578125 -11.776572227478 -11.760502271291513
2017.925415039062 -12.303604125977 -12.108659215297246
2017.958251953125 -12.376174926758 -12.45660747333194
2017.991088867188 -12.792520523071 -12.800160534964629
2018.024658203125 -13.278664588928 -13.137577641065699
2018.057495117188 -13.597087860107 -13.451122483670343
2018.09033203125 -13.916160583496 -13.751229168633417
2018.123168945312 -14.091311454773 -14.039433451830064
2018.156005859375 -14.404577255249 -14.315130289002992
2018.18896484375 -14.854586601257 -14.580475232290008
2018.221801757812 -14.951990127563 -14.829213380984811
2018.254638671875 -15.825469970703 -15.056675372941617
2018.287475585938 -15.177848815918 -15.2573692014769
2018.3203125 -15.383350372314 -15.428913718159603
2018.353149414062 -15.197786331177 -15.577637191760324
2018.385986328125 -16.573152542114 -15.715501512442305
2018.4189453125 -16.206342697144 -15.849959581533568
2018.451782226562 -16.013805389404 -15.985622797284503
2018.484619140625 -17.107467651367 -16.132855671025812
2018.517456054688 -16.057016372681 -16.300301595884015
2018.55029296875 -15.240065574646 -16.488332526355993
2018.583129882812 -15.884826660156 -16.686873943894856
2018.615966796875 -15.636363983154 -16.88535463557437
2018.64892578125 -17.063941955566 -17.081664835546075
2018.681762695312 -17.712614059448 -17.278259580469147
2018.714599609375 -12.33673286438 -17.483696032385627
2018.747436523438 -17.324388504028 -17.70772610677568
2018.7802734375 -18.900442123413 -17.95370533145337
2018.813110351562 -18.526121139526 -18.22477789625955
2018.845947265625 -19.378858566284 -18.51843461909252
2018.87890625 -18.164352416992 -18.809217776883926
2018.911743164062 -18.37825012207 -19.10239305921632
2018.944580078125 -19.340860366821 -19.38473068142758
2018.977416992188 -19.303577423096 -19.681837303193202
2019.010986328125 -19.350219726562 -20.02393832202563
2019.043823242188 -20.292530059814 -20.346715853307114
2019.109497070312 -21.334293365479 -21.15959481818439
2019.1259765625 -21.278972625732 -21.38003693910733
2019.142333984375 -21.372602462769 -21.60525575170497
2019.175170898438 -22.193021774292 -22.06949710023369
2019.191650390625 -22.221492767334 -22.302253621930614
2019.208129882812 -23.134231567383 -22.529998785968903
2019.224487304688 -22.624691009521 -22.75490332610751
2019.240966796875 -22.935729980469 -22.971672998509945
2019.25732421875 -23.249160766602 -23.18062537886541
2019.273803710938 -23.492042541504 -23.397533401665665
2019.290161132812 -23.278348922729 -23.608173256853657
2019.306640625 -23.726045608521 -23.789953725538105
2019.323120117188 -24.383304595947 -23.953366118512214
2019.339477539062 -24.574766159058 -24.096528859507252
2019.35595703125 -24.687219619751 -24.2214261415262
2019.372314453125 -23.951833724976 -24.32635586200844
2019.388793945312 -24.846614837646 -24.410106017141786
2019.405151367188 -25.182172775269 -24.470476693677522
2019.421630859375 -24.378772735596 -24.553431117793536
2019.438110351562 -25.707229614258 -24.649329229058562
2019.454467773438 -24.109451293945 -24.784346787928158
2019.470947265625 -22.350980758667 -24.96588644291911
2019.4873046875 -24.017820358276 -25.146370543444032
2019.503784179688 -21.715280532837 -25.292997806806643
2019.520141601562 -21.470039367676 -25.397203728758345
2019.53662109375 -28.164291381836 -25.49504615059319
2019.569458007812 -26.656684875488 -25.687715487239913
2019.602294921875 -21.778238296509 -25.910967857946442
2019.618774414062 -26.876281738281 -26.04942663873503
2019.635131835938 -26.90299987793 -26.205225061657828
2019.651611328125 -26.214075088501 -26.31917150660504
2019.668090820312 -24.985778808594 -26.462933229412187
2019.71728515625 -26.997220993042 -26.786164960291316
2019.733764648438 -25.975706100464 -26.881736169907875
2019.750122070312 -28.188022613525 -26.985797667024684
2019.7666015625 -26.366367340088 -27.082623929300233
2019.799438476562 -26.918794631958 -27.284892180446406
2019.832275390625 -28.80429649353 -27.482037251518573
2019.865112304688 -27.707977294922 -27.67850219386645
2019.898071289062 -27.830764770508 -27.870994289751312
2019.930908203125 -28.173612594604 -28.045568904350464
2019.963745117188 -28.585878372192 -28.17604148879421
2019.99658203125 -28.317096710205 -28.283225106693603
2020.030151367188 -28.803638458252 -28.410667220685443
2020.06298828125 -28.637636184692 -28.459678205830656
2020.095825195312 -28.508596420288 -28.49225308857296
2020.128662109375 -28.662094116211 -28.494031602795154
2020.161499023438 -29.169570922852 -28.46573203009836
2020.177978515625 -28.379573822021 -28.418133372345594
2020.1943359375 -28.708209991455 -28.403383795806025
2020.227294921875 -28.668313980103 -28.30160746386282
2020.260131835938 -28.182367324829 -28.16403462835986
2020.29296875 -28.109264373779 -28.01030462409384
2020.325805664062 -28.433500289917 -27.83109446335134
2020.358642578125 -27.363813400269 -27.66230742864133
2020.391479492188 -28.07244682312 -27.52847434807066
2020.42431640625 -26.35792350769 -27.411683775665793
2020.457275390625 -24.467000961304 -27.34054849149476
2020.490112304688 -25.336597442627 -27.32810055568319
2020.52294921875 -27.043661117554 -27.363691430844202
2020.555786132812 -26.740056991577 -27.45140137801433
2020.572265625 -24.459442138672 -27.610108786754296
2020.588623046875 -25.767030715942 -27.78802869736891
2020.605102539062 -27.541599273682 -27.820641588530037
2020.621459960938 -27.549024581909 -28.042756273321114
2020.654296875 -26.220729827881 -28.420213459662868
2020.687255859375 -28.041536331177 -28.91471957059445
2020.70361328125 -29.306886672974 -29.18185707125926
2020.720092773438 -28.839908599854 -29.47427247523266
2020.7529296875 -30.060857772827 -30.035415755455208
2020.785766601562 -31.386743545532 -30.58339906295241
2020.818603515625 -31.577640533447 -31.122236365101248
2020.851440429688 -32.863784790039 -31.653514990622803
2020.917236328125 -33.103225708008 -32.63968903743245
2020.950073242188 -33.183662414551 -33.02929749930418
2020.98291015625 -33.732780456543 -33.3585051265557
2021.013671875 -33.793190002441 -33.70717768685815
2021.046508789062 -34.713390350342 -33.94704715560499
2021.079345703125 -34.443748474121 -34.07647121944282
2021.1123046875 -35.027629852295 -34.18754737646328
2021.145141601562 -34.904823303223 -34.25164339596564
2021.177978515625 -34.53226852417 -34.28035680715262
2021.210815429688 -35.424613952637 -34.28777611461081
2021.24365234375 -34.343391418457 -34.292769593235775
2021.276489257812 -33.32218170166 -34.24022457574071
2021.309326171875 -34.37520980835 -34.187725338491695
2021.34228515625 -34.584690093994 -34.1767403865772
2021.358642578125 -34.197372436523 -34.22613279550234
2021.391479492188 -32.838626861572 -34.27815747891799
2021.407958984375 -32.161987304688 -34.33948904206191
2021.440795898438 -30.941501617432 -34.41079956365803
2021.4736328125 -30.563648223877 -34.51281537426012
2021.506469726562 -35.715591430664 -34.64745331157844
2021.539306640625 -31.147296905518 -34.81148762803876
2021.572265625 -33.341316223145 -35.07439775957656
2021.605102539062 -35.254528045654 -35.28003974279742
2021.637939453125 -34.576156616211 -35.5103623837856
2021.670776367188 -35.979488372803 -35.77800471855689
2021.736450195312 -35.612380981445 -36.53650791033643
2021.769287109375 -37.20405960083 -36.95011198568383
2021.80224609375 -36.596534729004 -37.39905850035947
2021.835083007812 -37.056308746338 -37.84822633420405
2021.867919921875 -39.071044921875 -38.316661571538674
2021.966430664062 -40.560047149658 -39.69141319257985
2022.0 -39.978645324707 -40.146029001972096
2022.065673828125 -41.369190216064 -41.053769170141166
2022.098510742188 -41.298202514648 -41.46395925325696
2022.197143554688 -43.286247253418 -42.58885018254695
2022.22998046875 -44.858242034912 -42.919087621112624
2022.262817382812 -43.926666259766 -43.2149990212429
2022.295654296875 -43.4089012146 -43.462644834678855
2022.328491210938 -44.326683044434 -43.64662881272169
2022.394287109375 -45.263362884521 -43.86429296638112
2022.558471679688 -44.619567871094 -44.33072746802302
2022.591430664062 -47.660053253174 -44.42734745433863
2022.68994140625 -42.401039123535 -44.580155861021154
2022.722778320312 -46.14608001709 -44.609922339387175
2022.821411132812 -44.451816558838 -44.58389271938429
2022.854248046875 -44.294631958008 -44.56307334162633
2022.887084960938 -44.431411743164 -44.53824691953121
2022.919921875 -44.210041046143 -44.50734121744055
2022.952758789062 -44.421398162842 -44.4622346893254
2022.985595703125 -44.815406799316 -44.37683107369965
2023.019165039062 -44.810539245605 -44.24250840181451
2023.052001953125 -44.506740570068 -44.127859026620605
2023.084838867188 -44.456443786621 -43.924267668330025
2023.11767578125 -43.989952087402 -43.639436891230645
2023.150634765625 -44.140258789062 -43.3915858720386
2023.183471679688 -43.979804992676 -43.0946653086814
2023.21630859375 -45.634384155273 -42.79765341565561
2023.249145507812 -45.159038543701 -42.49747360304157
2023.281982421875 -42.706703186035 -42.19213450652556
2023.314819335938 -42.352897644043 -41.880218530016876
2023.34765625 -40.717761993408 -41.56027105819519
2023.380615234375 -39.123126983643 -41.22971336868394
2023.413452148438 -43.449329376221 -40.89089603097336
2023.4462890625 -33.085021972656 -40.54377421878626
2023.57763671875 -28.589323043823 -39.093262497500795
