2014.804931640625 -0.0 1.4273491328397452
2014.837768554688 -2.03400683403 0.889519477839118
2014.903442382812 0.364169567823 -0.18882292872947298
2014.96923828125 1.331143140793 -1.2720988459071216
2015.03564453125 0.233651340008 -2.36762395788316
2015.101318359375 -5.955367565155 -3.452806954009346
2015.265625 9.588438034058 -6.174032681954872
2015.331298828125 -6.276648521423 -7.263089725631917
2015.39697265625 -7.37807559967 -8.35210971956999
2016.021850585938 -19.707387924194 -18.689451780674766
2016.1533203125 -34.305797576904 -21.11980906383464
2016.350463867188 -29.206705093384 -24.617795776159834
2016.416137695312 -23.188182830811 -25.35877232633618
2016.547607421875 -20.61653137207 -26.991827848387672
2016.744750976562 -34.550422668457 -28.483324705173537
2016.777587890625 -30.532768249512 -28.747794310206242
2016.810424804688 -32.700607299805 -29.125036048418114
2016.84326171875 -30.754764556885 -29.506761235122802
2016.876098632812 -29.497774124146 -29.53427348737901
2016.908935546875 -28.031301498413 -29.476664943857006
2016.941772460938 -26.677907943726 -29.416198021810875
2016.974731445312 -29.267253875732 -29.252293071765546
2017.005493164062 -28.790555953979 -29.223716559721847
2017.038330078125 -28.370260238647 -29.112764300067315
2017.071166992188 -26.607145309448 -29.04324153252392
2017.10400390625 -23.861907958984 -29.315106337632283
2017.136840820312 -26.336786270142 -29.767627219102483
2017.169799804688 -32.022331237793 -30.334553778991626
2017.20263671875 -33.87268447876 -31.050320839268146
2017.235473632812 -27.040487289429 -31.931401176807963
2017.268310546875 -29.953683853149 -32.961999492779185
2017.301147460938 -33.805541992188 -34.08514266954754
2017.333984375 -28.404050827026 -35.24174604546463
2017.366821289062 -41.000484466553 -36.39335098833145
2017.399780273438 -40.747974395752 -37.52901421065703
2017.4326171875 -32.647514343262 -38.5931945448481
2017.498291015625 -42.767803192139 -40.435894233601154
2017.531127929688 -46.37646484375 -41.23726965543922
2017.56396484375 -45.501155853271 -41.928348785138446
2017.596801757812 -43.413990020752 -42.44921627766702
2017.629760742188 -43.842350006104 -42.770277155150545
2017.66259765625 -44.17308807373 -42.88871313770652
2017.695434570312 -48.374256134033 -42.844727844043696
2017.728271484375 -37.543064117432 -42.65864916781208
2017.761108398438 -42.573627471924 -42.34708351567783
2017.7939453125 -42.417072296143 -41.95701438272721
2017.826782226562 -42.685878753662 -41.54263102676906
2017.859741210938 -41.084903717041 -41.119073859298204
2017.892578125 -39.405544281006 -40.70579191023926
2017.925415039062 -40.504695892334 -40.29878219878881
2017.958251953125 -40.146530151367 -39.89384191832325
2017.991088867188 -38.813793182373 -39.51365393003612
2018.024658203125 -38.994171142578 -39.18454816076023
2018.057495117188 -38.500843048096 -38.92656758022491
2018.09033203125 -38.48331451416 -38.71951869189332
2018.123168945312 -38.392166137695 -38.59742006158497
2018.156005859375 -36.669528961182 -38.587269884884826
2018.18896484375 -39.192081451416 -38.696903123212856
2018.221801757812 -36.298198699951 -38.917737410637244
2018.254638671875 -32.158058166504 -39.22077759520457
2018.287475585938 -39.18383026123 -39.578844532436754
2018.3203125 -41.960391998291 -39.986624339507955
2018.353149414062 -38.407577514648 -40.44551921746037
2018.385986328125 -35.339595794678 -40.944995683314616
2018.4189453125 -45.724689483643 -41.487924958519805
2018.451782226562 -42.537631988525 -42.053168263337454
2018.484619140625 -43.958999633789 -42.60698846410484
2018.517456054688 -45.180786132812 -43.12634301588553
2018.55029296875 -43.347038269043 -43.588300055031
2018.583129882812 -41.942394256592 -43.962864105382266
2018.615966796875 -46.495979309082 -44.244712675522095
2018.64892578125 -47.338748931885 -44.42904968375622
2018.681762695312 -42.518314361572 -44.49624640466704
2018.714599609375 -49.334281921387 -44.41929555725093
2018.747436523438 -44.396377563477 -44.20339418726181
2018.7802734375 -42.047248840332 -43.88642643653846
2018.813110351562 -48.545917510986 -43.423559700192556
2018.845947265625 -44.915546417236 -42.94697188622446
2018.87890625 -43.39453125 -42.31983185973673
2018.911743164062 -43.966033935547 -41.477061933283274
2018.944580078125 -41.925914764404 -40.649054463151934
2018.977416992188 -40.637615203857 -39.748886317853234
2019.010986328125 -34.233741760254 -38.804818197698985
2019.043823242188 -36.092185974121 -37.767978283710164
2019.109497070312 -34.286331176758 -35.81684830139347
2019.1259765625 -35.325389862061 -35.279472566313515
2019.142333984375 -35.801860809326 -34.97495075786753
2019.175170898438 -30.896680831909 -34.53344535500214
2019.191650390625 -32.325016021729 -34.52091921913303
2019.208129882812 -34.249504089355 -34.59352522100161
2019.224487304688 -34.21240234375 -34.640278006765776
2019.240966796875 -36.097106933594 -34.83356260575429
2019.25732421875 -34.119144439697 -35.082045233157736
2019.273803710938 -35.620590209961 -35.28565182872401
2019.290161132812 -32.340549468994 -35.563312271181
2019.306640625 -37.860343933105 -36.00076125840492
2019.323120117188 -33.940578460693 -36.496228009412775
2019.339477539062 -35.515926361084 -37.02469241277778
2019.35595703125 -38.772853851318 -37.57780358132376
2019.372314453125 -38.527759552002 -38.147622561901976
2019.388793945312 -39.84338760376 -38.74340258986528
2019.405151367188 -38.076221466064 -39.335353745129645
2019.421630859375 -36.605617523193 -39.91566054847008
2019.438110351562 -41.09566116333 -40.506171304232524
2019.454467773438 -42.500843048096 -41.097899546728996
2019.470947265625 -48.27840423584 -41.69835667550703
2019.4873046875 -43.871864318848 -42.297797047858204
2019.503784179688 -38.491947174072 -42.91681774526576
2019.520141601562 -43.688056945801 -43.5337590308047
2019.53662109375 -44.02250289917 -44.154411706009995
2019.569458007812 -42.562526702881 -45.41078240675798
2019.602294921875 -53.818553924561 -46.69925486326867
2019.618774414062 -45.699554443359 -47.293097454671425
2019.635131835938 -47.506175994873 -47.84390448392218
2019.651611328125 -47.373504638672 -48.30437893329126
2019.668090820312 -50.989505767822 -48.78039264335781
2019.71728515625 -51.15348815918 -49.957020488678864
2019.733764648438 -52.670482635498 -50.33223084919091
2019.750122070312 -52.609897613525 -50.5823129304241
2019.7666015625 -54.414367675781 -50.90231359810796
2019.799438476562 -48.210906982422 -51.38604698392914
2019.832275390625 -50.489604949951 -51.8152699069957
2019.865112304688 -52.598602294922 -52.138792995498626
2019.898071289062 -52.467769622803 -52.41083559094207
2019.930908203125 -53.275062561035 -52.68631979417672
2019.963745117188 -53.083797454834 -53.128615381441655
2019.99658203125 -53.352668762207 -53.656322867833026
2020.030151367188 -53.964221954346 -54.124284541551525
2020.06298828125 -51.694728851318 -54.81200560177304
2020.095825195312 -52.111713409424 -55.543108252552415
2020.128662109375 -57.003658294678 -56.36339079099859
2020.161499023438 -55.548694610596 -57.30894368118372
2020.177978515625 -57.011386871338 -57.91316925358111
2020.1943359375 -59.808158874512 -58.37366704305577
2020.227294921875 -60.563388824463 -59.52248394899917
2020.260131835938 -55.363227844238 -60.69597774993277
2020.29296875 -60.764602661133 -61.9131283769373
2020.325805664062 -66.656349182129 -63.1524266851461
2020.358642578125 -62.992916107178 -64.36536878668865
2020.391479492188 -68.073356628418 -65.5885251570708
2020.42431640625 -71.626419067383 -66.82693189295425
2020.457275390625 -65.339569091797 -68.04558694930992
2020.490112304688 -68.16837310791 -69.19881072452341
2020.52294921875 -64.517570495605 -70.22307547396002
2020.555786132812 -72.280227661133 -71.07068441137986
2020.572265625 -76.954040527344 -71.34262166404655
2020.588623046875 -75.513946533203 -71.54083868269429
2020.605102539062 -71.696678161621 -71.90396659823745
2020.621459960938 -72.291610717773 -72.00791987422873
2020.654296875 -76.368133544922 -72.27255865467431
2020.687255859375 -71.704177856445 -72.3150409124298
2020.70361328125 -76.266258239746 -72.36323138055873
2020.720092773438 -77.354370117188 -72.10782854548191
2020.7529296875 -71.0185546875 -71.69025554885897
2020.785766601562 -74.195320129395 -71.07631580952706
2020.818603515625 -66.1826171875 -70.30749279669578
2020.851440429688 -71.05583190918 -69.4491537002074
2020.917236328125 -67.638900756836 -67.79060427984511
2020.950073242188 -68.9521484375 -67.17624196314438
2020.98291015625 -66.18864440918 -66.71211041197593
2021.013671875 -60.850791931152 -66.14200146816782
2021.046508789062 -58.299140930176 -65.86846631301053
2021.079345703125 -63.060749053955 -66.01891627033561
2021.1123046875 -62.065601348877 -66.20692329539122
2021.145141601562 -66.040733337402 -66.591591434063
2021.177978515625 -64.862663269043 -67.1663199424906
2021.210815429688 -65.518585205078 -67.93950163043301
2021.24365234375 -65.951416015625 -68.63431258387925
2021.276489257812 -68.466552734375 -69.95738228064964
2021.309326171875 -72.854690551758 -71.47849093722813
2021.34228515625 -72.661460876465 -73.10965127927989
2021.358642578125 -73.69051361084 -73.9275437145226
2021.391479492188 -76.97388458252 -75.47991289532982
2021.407958984375 -75.447021484375 -76.17382678605772
2021.440795898438 -75.539009094238 -77.55550612119764
2021.4736328125 -81.598785400391 -78.78665068950131
2021.506469726562 -83.091255187988 -79.82674220384571
2021.539306640625 -90.753074645996 -80.65152024543569
2021.572265625 -86.166717529297 -80.909724217717
2021.605102539062 -87.945556640625 -81.49081949351684
2021.637939453125 -81.402572631836 -82.00153104135579
2021.670776367188 -85.388168334961 -82.44397042980626
2021.736450195312 -84.578125 -82.83479393199572
2021.769287109375 -85.533157348633 -82.87897953761389
2021.80224609375 -76.962394714355 -82.70008954530988
2021.835083007812 -81.646034240723 -82.46120663510989
2021.867919921875 -79.679122924805 -82.0900136455837
2021.966430664062 -86.256927490234 -81.03659199752069
2022.0 -86.82691192627 -80.765277737617
2022.065673828125 -73.048805236816 -80.21641386483392
2022.098510742188 -78.998199462891 -80.1040424055146
2022.197143554688 -78.040939331055 -80.34644924370019
2022.22998046875 -78.712852478027 -80.66051205693135
2022.262817382812 -75.101425170898 -81.12590618444996
2022.295654296875 -76.628021240234 -81.76562417783559
2022.328491210938 -82.209899902344 -82.59511130473672
2022.394287109375 -78.041648864746 -84.50558092186697
2022.558471679688 -93.916793823242 -89.01203345938818
2022.591430664062 -73.524391174316 -90.09235783321819
2022.68994140625 -97.674324035645 -93.73663447539553
2022.722778320312 -105.312026977539 -95.08816594833058
2022.821411132812 -95.851135253906 -97.68763654409612
2022.854248046875 -101.79069519043 -97.90236648671036
2022.887084960938 -97.324691772461 -97.96394279424213
2022.919921875 -103.971954345703 -98.04898723808819
2022.952758789062 -102.34838104248 -98.06357936794187
2022.985595703125 -96.822593688965 -97.99182911620204
2023.019165039062 -92.26065826416 -97.9446250104147
2023.052001953125 -95.483505249023 -97.87586173586635
2023.084838867188 -97.661018371582 -97.8549737986102
2023.11767578125 -96.159736633301 -97.89985561844301
2023.150634765625 -101.120567321777 -97.89449916512528
2023.183471679688 -95.162750244141 -97.96586811183404
2023.21630859375 -94.09130859375 -98.10766498499702
2023.249145507812 -101.517112731934 -98.30766417323564
2023.281982421875 -98.83829498291 -98.54511593359963
2023.314819335938 -96.005928039551 -98.80499253612514
2023.34765625 -102.595726013184 -99.07840105083643
2023.380615234375 -99.881118774414 -99.3620566477052
2023.413452148438 -93.836860656738 -99.65079306507657
2023.4462890625 -98.810325622559 -99.9440112752522
2023.57763671875 -107.487037658691 -101.19004415969293
