2014.804931640625 -0.0 -0.04572361121466788
2014.837768554688 -0.192883655429 -0.6396457260103543
2014.903442382812 -3.777375459671 -1.8298809997463803
2014.96923828125 -2.911939620972 -3.02571954482609
2015.03564453125 2.325035333633 -4.236099247761264
2015.101318359375 -6.093905925751 -5.436437836141513
2015.265625 -3.005231618881 -8.451986388278828
2015.331298828125 -8.947749137878 -9.660677483818395
2015.39697265625 -7.191572666168 -10.869895264380068
2016.021850585938 -21.521287918091 -21.82052311349241
2016.1533203125 -28.533626556396 -24.268801246875487
2016.350463867188 -39.273468017578 -27.646519079695203
2016.416137695312 -37.519157409668 -28.498077169117234
2016.547607421875 -39.217037200928 -30.5705278626009
2016.744750976562 -29.718908309937 -33.13107582168458
2016.777587890625 -34.53014755249 -33.211976957857864
2016.810424804688 -37.665790557861 -33.31131504361775
2016.84326171875 -31.69206237793 -33.42700399121943
2016.876098632812 -36.212539672852 -33.536958030422944
2016.908935546875 -32.367752075195 -33.715589740889456
2016.941772460938 -32.516792297363 -33.94355575503386
2016.974731445312 -32.687454223633 -34.18032896098114
2017.005493164062 -33.064540863037 -34.462839949406806
2017.038330078125 -33.942863464355 -34.72480929674812
2017.071166992188 -34.217041015625 -34.99421480152475
2017.10400390625 -34.807437896729 -35.43112349555238
2017.136840820312 -35.170196533203 -35.95792680919397
2017.169799804688 -38.599540710449 -36.53648201481719
2017.20263671875 -37.600353240967 -37.154238723236276
2017.235473632812 -37.087596893311 -37.79463484320953
2017.268310546875 -35.382587432861 -38.43742755548703
2017.301147460938 -39.704372406006 -39.06303933400283
2017.333984375 -39.270202636719 -39.64631304248081
2017.366821289062 -42.154682159424 -40.18695360954672
2017.399780273438 -44.421894073486 -40.69603100121164
2017.4326171875 -38.864097595215 -41.167720961599045
2017.498291015625 -47.744136810303 -41.96528012144708
2017.531127929688 -43.006744384766 -42.30356970040531
2017.56396484375 -45.663639068604 -42.59580832845627
2017.596801757812 -44.125049591064 -42.82737306811525
2017.629760742188 -40.577110290527 -42.99048304344081
2017.66259765625 -44.680568695068 -43.06050538388712
2017.695434570312 -44.301601409912 -43.02850690037153
2017.728271484375 -43.993392944336 -42.909648547247684
2017.761108398438 -41.649398803711 -42.725032455326634
2017.7939453125 -42.160572052002 -42.496152166683814
2017.826782226562 -42.94799041748 -42.25397950410266
2017.859741210938 -42.406688690186 -42.0048529891549
2017.892578125 -41.456325531006 -41.75652129711574
2017.925415039062 -40.997714996338 -41.51648464465034
2017.958251953125 -40.968460083008 -41.28439854855631
2017.991088867188 -40.787811279297 -41.07203297833918
2018.024658203125 -40.785606384277 -40.90950359648136
2018.057495117188 -40.461952209473 -40.83628635072214
2018.09033203125 -40.440242767334 -40.86516688949979
2018.123168945312 -40.285099029541 -41.00718802055245
2018.156005859375 -38.545417785645 -41.26916144942009
2018.18896484375 -41.394683837891 -41.64282133189224
2018.221801757812 -40.069892883301 -42.1097269345912
2018.254638671875 -39.200611114502 -42.64888879186891
2018.287475585938 -40.690307617188 -43.245049537961286
2018.3203125 -42.652557373047 -43.90602165896311
2018.353149414062 -44.624660491943 -44.64827431732142
2018.385986328125 -44.77628326416 -45.478798838437406
2018.4189453125 -48.36954498291 -46.398616252735614
2018.451782226562 -48.774642944336 -47.37519883657115
2018.484619140625 -47.843952178955 -48.368800179140656
2018.517456054688 -49.390609741211 -49.3461386881256
2018.55029296875 -50.167816162109 -50.28150803366995
2018.583129882812 -48.712169647217 -51.1542608142475
2018.615966796875 -55.140205383301 -51.96142279570209
2018.64892578125 -54.122455596924 -52.70912396177978
2018.681762695312 -54.112579345703 -53.398886057032314
2018.714599609375 -56.642696380615 -54.033216367803256
2018.747436523438 -55.022151947021 -54.613575137811374
2018.7802734375 -54.151470184326 -55.15079135149355
2018.813110351562 -57.984909057617 -55.604409597999954
2018.845947265625 -55.853054046631 -56.01695462200486
2018.87890625 -57.193531036377 -56.30809114471422
2018.911743164062 -57.414363861084 -56.495961776987805
2018.944580078125 -56.567638397217 -56.68469379894163
2018.977416992188 -57.770267486572 -56.84736844204994
2019.010986328125 -55.589614868164 -56.960856508321136
2019.043823242188 -57.086967468262 -57.029740265795304
2019.109497070312 -56.742172241211 -57.03157903400121
2019.1259765625 -56.958251953125 -57.035003544312886
2019.142333984375 -58.767154693604 -57.02914056482163
2019.175170898438 -57.350196838379 -57.03785113078847
2019.191650390625 -56.469261169434 -57.02175517951677
2019.208129882812 -58.523609161377 -56.994762972830614
2019.224487304688 -56.965713500977 -56.96075599696467
2019.240966796875 -56.468486785889 -56.90957487363709
2019.25732421875 -56.772483825684 -56.8648997423519
2019.273803710938 -56.099739074707 -56.80366704243382
2019.290161132812 -55.88655090332 -56.73057384473601
2019.306640625 -57.701221466064 -56.71094360673295
2019.323120117188 -55.648231506348 -56.723541670951406
2019.339477539062 -55.72424697876 -56.75691936662414
2019.35595703125 -57.567684173584 -56.80516289742733
2019.372314453125 -56.506755828857 -56.86448198396864
2019.388793945312 -57.692378997803 -56.9382656563948
2019.405151367188 -55.925815582275 -57.02127633509108
2019.421630859375 -56.769706726074 -57.10913817943855
2019.438110351562 -57.815799713135 -57.20542548068228
2019.454467773438 -57.968242645264 -57.307785182068535
2019.470947265625 -58.236377716064 -57.42303024995268
2019.4873046875 -57.378070831299 -57.53878024198382
2019.503784179688 -53.272724151611 -57.61277539817109
2019.520141601562 -56.543533325195 -57.678996844387186
2019.53662109375 -58.941883087158 -57.74238243982513
2019.569458007812 -57.873229980469 -57.941008717376874
2019.602294921875 -62.990062713623 -58.32885950213205
2019.618774414062 -54.176258087158 -58.51191832456272
2019.635131835938 -61.274700164795 -58.692633638600505
2019.651611328125 -56.775329589844 -58.92379265804093
2019.668090820312 -56.274131774902 -59.115138176748644
2019.71728515625 -59.467357635498 -59.820370343235595
2019.733764648438 -60.308025360107 -60.07418971220116
2019.750122070312 -59.694473266602 -60.37486393505221
2019.7666015625 -63.31196975708 -60.65558513577528
2019.799438476562 -61.390480041504 -61.27733852225746
2019.832275390625 -59.678302764893 -61.92101786372239
2019.865112304688 -63.370670318604 -62.59258047777793
2019.898071289062 -63.310726165771 -63.28078162329704
2019.930908203125 -63.898315429688 -63.97039643864214
2019.963745117188 -64.375450134277 -64.66324212732707
2019.99658203125 -65.416084289551 -65.34363893286731
2020.030151367188 -65.742736816406 -66.02740908536839
2020.06298828125 -66.821235656738 -66.69648995845431
2020.095825195312 -67.452728271484 -67.35881563572079
2020.128662109375 -68.469062805176 -67.9960288366872
2020.161499023438 -68.947875976562 -68.58745280516048
2020.177978515625 -69.223640441895 -68.82464681710552
2020.1943359375 -69.563163757324 -69.121158494001
2020.227294921875 -70.459136962891 -69.59215329379974
2020.260131835938 -69.422416687012 -69.98825195802051
2020.29296875 -70.914520263672 -70.35505273533934
2020.325805664062 -73.416549682617 -70.64658171170039
2020.358642578125 -70.397285461426 -70.84432656303986
2020.391479492188 -73.398796081543 -71.04349426870154
2020.42431640625 -70.416213989258 -71.23164897983489
2020.457275390625 -70.650077819824 -71.37296433855037
2020.490112304688 -72.925025939941 -71.46400142665922
2020.52294921875 -69.912315368652 -71.5319769337557
2020.555786132812 -71.31526184082 -71.60009222416669
2020.572265625 -69.823265075684 -71.65350520297358
2020.588623046875 -72.580909729004 -71.69087009898675
2020.605102539062 -73.373847961426 -71.72398725537846
2020.621459960938 -72.794960021973 -71.7462444434266
2020.654296875 -71.460632324219 -71.79068799164347
2020.687255859375 -69.673988342285 -71.81373440399835
2020.70361328125 -70.433647155762 -71.83283998231138
2020.720092773438 -74.662872314453 -71.80903237629623
2020.7529296875 -74.420448303223 -71.78183341729071
2020.785766601562 -74.087882995605 -71.7328301670009
2020.818603515625 -70.134132385254 -71.66886983581777
2020.851440429688 -70.395812988281 -71.59008807237
2020.917236328125 -72.228149414062 -71.44226308446265
2020.950073242188 -71.34188079834 -71.41998418070575
2020.98291015625 -71.486015319824 -71.43619574324659
2021.013671875 -70.91576385498 -71.4045371952164
2021.046508789062 -68.373542785645 -71.46730843477653
2021.079345703125 -71.393539428711 -71.64938176925139
2021.1123046875 -70.840621948242 -71.84177545644309
2021.145141601562 -71.671272277832 -72.06453389924144
2021.177978515625 -72.095260620117 -72.30233560003933
2021.210815429688 -72.628234863281 -72.55876409799068
2021.24365234375 -71.937599182129 -72.8294341580738
2021.276489257812 -74.144775390625 -73.17878881618708
2021.309326171875 -74.65690612793 -73.5723051973814
2021.34228515625 -73.734024047852 -74.02200626561634
2021.358642578125 -74.501556396484 -74.32053173626173
2021.391479492188 -74.04370880127 -74.91135674064867
2021.407958984375 -74.446762084961 -75.28233586106256
2021.440795898438 -73.174690246582 -75.94369467880442
2021.4736328125 -75.163726806641 -76.6144697267608
2021.506469726562 -74.668464660645 -77.25629270809648
2021.539306640625 -80.610443115234 -77.84112832332409
2021.572265625 -84.637641906738 -78.33700015114493
2021.605102539062 -82.751129150391 -78.88745796886847
2021.637939453125 -80.222267150879 -79.43464052897653
2021.670776367188 -81.924438476562 -79.94692751440527
2021.736450195312 -81.794319152832 -80.58977468145048
2021.769287109375 -82.896217346191 -80.85660973993888
2021.80224609375 -81.710441589355 -80.91535874000168
2021.835083007812 -79.233589172363 -80.93763727433803
2021.867919921875 -83.185188293457 -80.7608442663955
2021.966430664062 -82.609916687012 -79.95590153619183
2022.0 -78.952972412109 -79.59856097216763
2022.065673828125 -82.657699584961 -78.97680494138179
2022.098510742188 -77.480049133301 -78.71652319931263
2022.197143554688 -76.532203674316 -78.28558825760292
2022.22998046875 -80.829132080078 -78.19775684987324
2022.262817382812 -74.868850708008 -78.17779523440903
2022.295654296875 -77.079383850098 -78.31810932960063
2022.328491210938 -75.030456542969 -78.73298032224588
2022.394287109375 -74.489402770996 -80.13424817433852
2022.558471679688 -85.012550354004 -83.19566681004802
2022.591430664062 -62.321376800537 -83.79213351782963
2022.68994140625 -72.774047851562 -86.09268061766568
2022.722778320312 -93.781829833984 -87.05760579180782
2022.821411132812 -87.939842224121 -89.53385695978166
2022.854248046875 -91.597396850586 -90.1236223170841
2022.887084960938 -88.514778137207 -90.64987322339555
2022.919921875 -92.115280151367 -91.15674772197346
2022.952758789062 -94.286605834961 -91.62430329103009
2022.985595703125 -93.936431884766 -92.02517299413275
2023.019165039062 -92.469482421875 -92.42394023637223
2023.052001953125 -92.67268371582 -92.83110112247871
2023.084838867188 -92.932342529297 -93.22628484142398
2023.11767578125 -93.587585449219 -93.626225647571
2023.150634765625 -95.052299499512 -94.03112654372802
2023.183471679688 -93.155555725098 -94.43584078474694
2023.21630859375 -93.25365447998 -94.83772918081291
2023.249145507812 -94.39086151123 -95.2374002265511
2023.281982421875 -95.225959777832 -95.63680887401146
2023.314819335938 -96.21117401123 -96.03810886607583
2023.34765625 -96.419937133789 -96.44320202261757
2023.380615234375 -99.115379333496 -96.85504315092957
2023.413452148438 -92.056007385254 -97.27140507878273
2023.4462890625 -97.862190246582 -97.6934714479015
2023.57763671875 -108.68115234375 -99.42762127683488
