2014.804931640625 0.0 5.913008996468795
2014.837768554688 3.401921033859 4.526800386558735
2014.903442382812 1.124554991722 1.7523354766423778
2014.96923828125 -1.165052056313 -1.0298958348541603
2015.03564453125 -3.362573862076 -3.840256726296355
2015.101318359375 -4.878926277161 -6.6214906769320345
2015.265625 -4.489485740662 -13.586168642588499
2015.331298828125 -10.542628288269 -16.37237794378081
2015.39697265625 -14.884508132935 -19.15989715173692
2016.021850585938 -45.361759185791 -45.534855328591526
2016.1533203125 -49.838306427002 -51.32766661100729
2016.350463867188 -61.653423309326 -59.83188404041456
2016.416137695312 -78.667030334473 -62.686902816793804
2016.547607421875 -69.901176452637 -68.47219018336256
2016.744750976562 -75.880630493164 -76.95150238923786
2016.777587890625 -77.670188903809 -78.2628048471638
2016.810424804688 -72.713821411133 -79.58460756443718
2016.84326171875 -78.552917480469 -80.97266876623316
2016.876098632812 -81.424644470215 -82.44877024076666
2016.908935546875 -83.56761932373 -83.94354041707405
2016.941772460938 -86.07307434082 -85.42440936534825
2016.974731445312 -87.440124511719 -86.97770775003251
2017.005493164062 -88.905143737793 -88.38068229504854
2017.038330078125 -90.194885253906 -89.9094549228697
2017.071166992188 -92.337097167969 -91.42276767384101
2017.10400390625 -93.042457580566 -92.75857861922036
2017.136840820312 -95.752822875977 -93.97830442216187
2017.169799804688 -98.248497009277 -95.12863362804862
2017.20263671875 -97.617721557617 -96.17455444534939
2017.235473632812 -99.222465515137 -97.11398354833226
2017.268310546875 -98.636764526367 -97.95205157354137
2017.301147460938 -100.823600769043 -98.70512949088665
2017.333984375 -98.952407836914 -99.3762724697054
2017.366821289062 -102.272911071777 -99.95601557017183
2017.399780273438 -102.092315673828 -100.47314713199673
2017.4326171875 -99.871589660645 -101.02071530169906
2017.498291015625 -101.502998352051 -102.45150831005091
2017.531127929688 -100.928436279297 -103.28137796304898
2017.56396484375 -102.133483886719 -104.1440700415578
2017.596801757812 -102.525382995605 -105.04113979223155
2017.629760742188 -101.277885437012 -105.99762557064261
2017.66259765625 -103.819694519043 -107.0350933010194
2017.695434570312 -106.300300598145 -108.17243828816916
2017.728271484375 -109.046546936035 -109.42597099129297
2017.761108398438 -110.816535949707 -110.79462928102842
2017.7939453125 -111.733963012695 -112.24930296673173
2017.826782226562 -114.256149291992 -113.75578466373858
2017.859741210938 -115.250732421875 -115.29872234399676
2017.892578125 -117.402534484863 -116.82559241757123
2017.925415039062 -119.301963806152 -118.31960376028634
2017.958251953125 -119.90576171875 -119.77538865830799
2017.991088867188 -121.503479003906 -121.18826945406987
2018.024658203125 -123.468940734863 -122.58119591534435
2018.057495117188 -124.419822692871 -123.88749860141397
2018.09033203125 -125.468574523926 -125.13810877073509
2018.123168945312 -126.681579589844 -126.3324759403358
2018.156005859375 -127.673965454102 -127.47618640529149
2018.18896484375 -129.602081298828 -128.58867189129884
2018.221801757812 -129.98225402832 -129.67149506996918
2018.254638671875 -131.833068847656 -130.73909558232504
2018.287475585938 -130.886871337891 -131.79897954924488
2018.3203125 -132.9931640625 -132.85030586008833
2018.353149414062 -133.221725463867 -133.89389203915155
2018.385986328125 -134.929489135742 -134.9344484646785
2018.4189453125 -134.770629882812 -135.98319166334352
2018.451782226562 -136.456481933594 -137.05675648489031
2018.484619140625 -139.864654541016 -138.18460887743575
2018.517456054688 -138.786193847656 -139.37761389891648
2018.55029296875 -143.86296081543 -140.63219408215005
2018.583129882812 -142.115325927734 -141.9387504261056
2018.615966796875 -141.471176147461 -143.2842906680004
2018.64892578125 -142.516357421875 -144.66264657969245
2018.681762695312 -145.121170043945 -146.06135779053614
2018.714599609375 -139.395355224609 -147.48561271123398
2018.747436523438 -148.880340576172 -148.94336861648222
2018.7802734375 -150.196731567383 -150.43765729088872
2018.813110351562 -151.57731628418 -151.98773083975962
2018.845947265625 -154.033020019531 -153.57870470415247
2018.87890625 -155.223541259766 -155.22543487455152
2018.911743164062 -156.952377319336 -156.87605623821742
2018.944580078125 -158.569000244141 -158.5160632911828
2018.977416992188 -160.388610839844 -160.13048753191063
2019.010986328125 -161.482833862305 -161.73156048449505
2019.043823242188 -163.608367919922 -163.2942129362205
2019.109497070312 -166.951553344727 -166.24445393924114
2019.1259765625 -167.267791748047 -166.9994734835955
2019.142333984375 -168.216781616211 -167.67033284447263
2019.175170898438 -170.211395263672 -169.0022863858601
2019.191650390625 -170.104827880859 -169.564648648062
2019.208129882812 -171.082305908203 -170.0572700705092
2019.224487304688 -170.78239440918 -170.55469646150368
2019.240966796875 -170.549514770508 -170.9075353361723
2019.25732421875 -172.48762512207 -171.20463461703326
2019.273803710938 -172.571395874023 -171.55176756084347
2019.290161132812 -172.710601806641 -171.84924094546025
2019.306640625 -172.400680541992 -172.00862735117104
2019.323120117188 -172.598373413086 -172.13053354179058
2019.339477539062 -172.865524291992 -172.22218965493371
2019.35595703125 -172.29377746582 -172.2779596059201
2019.372314453125 -171.005630493164 -172.29229883797478
2019.388793945312 -173.092178344727 -172.2731836899151
2019.405151367188 -171.983444213867 -172.24536998807898
2019.421630859375 -172.86296081543 -172.2395863866368
2019.438110351562 -172.087112426758 -172.26102817769618
2019.454467773438 -172.862594604492 -172.32858001280812
2019.470947265625 -170.311904907227 -172.44416343181524
2019.4873046875 -171.178924560547 -172.57604071430282
2019.503784179688 -168.247619628906 -172.72498800371065
2019.520141601562 -171.888900756836 -172.82349429092537
2019.53662109375 -175.928100585938 -172.92454769091114
2019.569458007812 -175.712753295898 -173.14297670152945
2019.602294921875 -172.691024780273 -173.3970431204
2019.618774414062 -176.160003662109 -173.5279557859051
2019.635131835938 -174.474517822266 -173.66993446224404
2019.651611328125 -173.126708984375 -173.7805982500413
2019.668090820312 -173.576843261719 -173.9103059456209
2019.71728515625 -174.717254638672 -174.13195796875897
2019.733764648438 -174.014099121094 -174.1757378229837
2019.750122070312 -175.98779296875 -174.19446396626591
2019.7666015625 -174.044311523438 -174.22133059753338
2019.799438476562 -173.665435791016 -174.25190442410124
2019.832275390625 -175.422073364258 -174.28004392777186
2019.865112304688 -173.66227722168 -174.30068971726064
2019.898071289062 -174.217391967773 -174.30960826132807
2019.930908203125 -174.499725341797 -174.30876316695026
2019.963745117188 -174.31721496582 -174.3010004992467
2019.99658203125 -174.197967529297 -174.2931126311549
2020.030151367188 -174.351791381836 -174.28516097017905
2020.06298828125 -174.192260742188 -174.29285534679104
2020.095825195312 -174.1611328125 -174.29932308083866
2020.128662109375 -174.355255126953 -174.2979364248348
2020.161499023438 -174.700149536133 -174.28241542095387
2020.177978515625 -174.177215576172 -174.2550506842332
2020.1943359375 -174.059387207031 -174.24593406495052
2020.227294921875 -173.937927246094 -174.18543771677062
2020.260131835938 -174.900756835938 -174.11101187125982
2020.29296875 -174.303756713867 -174.0409705991067
2020.325805664062 -175.100738525391 -173.97510263718496
2020.358642578125 -173.563537597656 -173.95654101643072
2020.391479492188 -173.746047973633 -173.9571981248729
2020.42431640625 -172.711181640625 -173.957168258969
2020.457275390625 -170.397354125977 -173.9721707123149
2020.490112304688 -171.516754150391 -174.00604571868328
2020.52294921875 -174.386383056641 -174.0596459492258
2020.555786132812 -174.188873291016 -174.1499706819767
2020.572265625 -173.834732055664 -174.2311626617566
2020.588623046875 -173.782806396484 -174.31126888665443
2020.605102539062 -174.708038330078 -174.3719554030095
2020.621459960938 -176.98616027832 -174.4581522270509
2020.654296875 -171.137649536133 -174.62518987284716
2020.687255859375 -176.115524291992 -174.76867519958523
2020.70361328125 -175.41389465332 -174.84591481468226
2020.720092773438 -174.101638793945 -174.83794945798942
2020.7529296875 -174.685073852539 -174.8230515160278
2020.785766601562 -175.771392822266 -174.7409341117856
2020.818603515625 -175.081207275391 -174.61050257748656
2020.851440429688 -175.767364501953 -174.43486662689588
2020.917236328125 -175.024688720703 -173.91454333066687
2020.950073242188 -173.905563354492 -173.57898389955866
2020.98291015625 -173.332931518555 -173.21299917259168
2021.013671875 -172.848022460938 -172.90031102653356
2021.046508789062 -172.228149414062 -172.48270992120058
2021.079345703125 -171.903457641602 -172.01633278790231
2021.1123046875 -171.112289428711 -171.537175833713
2021.145141601562 -171.965896606445 -171.04985482051924
2021.177978515625 -170.782333374023 -170.56291222714637
2021.210815429688 -170.955871582031 -170.08150743260512
2021.24365234375 -168.079391479492 -169.60698117696495
2021.276489257812 -167.957672119141 -169.15033663317556
2021.309326171875 -170.076675415039 -168.84873615688048
2021.34228515625 -168.607925415039 -168.8058657502971
2021.358642578125 -167.614929199219 -168.97673466668797
2021.391479492188 -166.668640136719 -169.04892955673122
2021.407958984375 -164.89794921875 -169.15821147821612
2021.440795898438 -164.294204711914 -169.19880458277964
2021.4736328125 -164.083190917969 -169.2776562113765
2021.506469726562 -174.315719604492 -169.41218887201657
2021.539306640625 -166.584335327148 -169.59694078776897
2021.572265625 -169.560302734375 -169.88077897253314
2021.605102539062 -171.124145507812 -170.1027609435614
2021.637939453125 -169.733062744141 -170.3455250847573
2021.670776367188 -171.440170288086 -170.61907510733363
2021.736450195312 -168.583602905273 -171.17594465085872
2021.769287109375 -172.477325439453 -171.43042348392342
2021.80224609375 -171.850112915039 -171.6492398696962
2021.835083007812 -173.088195800781 -171.86606288520582
2021.867919921875 -171.896347045898 -172.07178489123794
2021.966430664062 -172.713623046875 -172.71205614367418
2022.0 -172.853271484375 -172.92017961593953
2022.065673828125 -173.29508972168 -173.32513036072982
2022.098510742188 -172.571823120117 -173.4954148741571
2022.197143554688 -173.901962280273 -173.85439047717247
2022.22998046875 -174.656204223633 -173.91652734717997
2022.262817382812 -175.43212890625 -173.95325649849028
2022.295654296875 -174.81135559082 -173.9619439075016
2022.328491210938 -174.209259033203 -173.9321415556753
2022.394287109375 -176.286773681641 -173.7619642088524
2022.558471679688 -173.618194580078 -173.11119992974852
2022.591430664062 -175.485366821289 -172.9979486036194
2022.68994140625 -172.627319335938 -172.4710251390429
2022.722778320312 -173.106353759766 -172.22540759709145
2022.821411132812 -170.412109375 -171.23842822266238
2022.854248046875 -170.137176513672 -170.8888566759233
2022.887084960938 -170.905456542969 -170.55006091911784
2022.919921875 -169.96842956543 -170.20106391195475
2022.952758789062 -169.895767211914 -169.85234834184538
2022.985595703125 -169.530563354492 -169.557806821592
2023.019165039062 -168.989624023438 -169.29125044267272
2023.052001953125 -168.621444702148 -169.0204676344632
2023.084838867188 -168.205947875977 -168.8279630535887
2023.11767578125 -168.623016357422 -168.68595577947573
2023.150634765625 -167.688812255859 -168.5209029120494
2023.183471679688 -168.529968261719 -168.3794604817411
2023.21630859375 -168.098602294922 -168.23649344694866
2023.249145507812 -166.295516967773 -168.09434620324365
2023.281982421875 -167.913360595703 -167.9544826323496
2023.314819335938 -169.037582397461 -167.81814831755688
2023.34765625 -167.30680847168 -167.68604436287188
2023.380615234375 -168.100448608398 -167.557666431922
2023.413452148438 -168.876754760742 -167.43379774456133
2023.4462890625 -165.713195800781 -167.3133384715034
2023.57763671875 -173.101898193359 -166.84936212244634
