2014.804931640625 0.0 3.8866997747028593
2014.837768554688 -0.194631353021 3.04596520389072
2014.903442382812 -13.362915039062 1.357138867515113
2014.96923828125 2.412576913834 -0.3434960302569583
2015.03564453125 -0.628762841225 -2.0671691812917365
2015.101318359375 5.980608940125 -3.777848943008456
2015.265625 -2.494410037994 -8.0780954305096
2015.331298828125 -9.870458602905 -9.802622792968004
2015.39697265625 1.441475272179 -11.529572625441139
2016.021850585938 -24.804672241211 -28.172718015909854
2016.1533203125 -35.654846191406 -32.14533114453586
2016.350463867188 -45.622581481934 -36.99989871337826
2016.416137695312 -53.673538208008 -38.29829849193686
2016.547607421875 -42.79158782959 -41.43800224965783
2016.744750976562 -36.732280731201 -45.09519879955476
2016.777587890625 -46.218036651611 -45.02294457604916
2016.810424804688 -49.483417510986 -44.969071464004216
2016.84326171875 -48.838451385498 -44.928305339465574
2016.876098632812 -51.918155670166 -44.775769028570586
2016.908935546875 -42.462001800537 -44.57027060975184
2016.941772460938 -41.65393447876 -44.38883137062112
2016.974731445312 -45.020118713379 -44.00715489317999
2017.005493164062 -43.416137695312 -43.636731110888924
2017.038330078125 -43.910346984863 -43.208869448379716
2017.071166992188 -40.172561645508 -42.76571367958999
2017.10400390625 -39.720050811768 -42.48091760197868
2017.136840820312 -39.873508453369 -42.31257988140767
2017.169799804688 -48.904796600342 -42.225521412302484
2017.20263671875 -43.804786682129 -42.22003693944377
2017.235473632812 -40.864707946777 -42.29314592424135
2017.268310546875 -41.217658996582 -42.44383355670046
2017.301147460938 -36.340801239014 -42.652503556522845
2017.333984375 -43.857036590576 -42.9152096152673
2017.366821289062 -41.55171585083 -43.22522860979049
2017.399780273438 -48.791984558105 -43.555000611667936
2017.4326171875 -41.821983337402 -43.86387995369831
2017.498291015625 -43.385135650635 -44.40538135422494
2017.531127929688 -46.957111358643 -44.655810342639064
2017.56396484375 -48.470542907715 -44.879226645898015
2017.596801757812 -42.53588104248 -45.040890366222726
2017.629760742188 -46.500102996826 -45.129025475369495
2017.66259765625 -48.418407440186 -45.15639857931794
2017.695434570312 -46.104717254639 -45.14795274032713
2017.728271484375 -42.844898223877 -45.119270117341316
2017.761108398438 -45.451282501221 -45.09058593151808
2017.7939453125 -45.107257843018 -45.063876146517444
2017.826782226562 -43.166812896729 -45.04841308711601
2017.859741210938 -45.315658569336 -45.044240647706005
2017.892578125 -42.488800048828 -45.06689750850779
2017.925415039062 -43.974323272705 -45.1176500404543
2017.958251953125 -45.280857086182 -45.20562125559865
2017.991088867188 -46.104232788086 -45.35549052675897
2018.024658203125 -46.31131362915 -45.58103094509298
2018.057495117188 -46.105827331543 -45.87059444632772
2018.09033203125 -45.905574798584 -46.22584444274068
2018.123168945312 -46.189807891846 -46.64222149228037
2018.156005859375 -45.183151245117 -47.10304079279182
2018.18896484375 -46.648929595947 -47.590881344782076
2018.221801757812 -47.123863220215 -48.11337989941953
2018.254638671875 -47.902027130127 -48.68959179168549
2018.287475585938 -48.959213256836 -49.34502890499402
2018.3203125 -49.193630218506 -50.09348788438172
2018.353149414062 -51.724979400635 -50.9379542658724
2018.385986328125 -52.272079467773 -51.87247846592551
2018.4189453125 -51.055351257324 -52.877988424216596
2018.451782226562 -53.280521392822 -53.890080780620075
2018.484619140625 -50.585998535156 -54.86510616818369
2018.517456054688 -57.527400970459 -55.79238457970019
2018.55029296875 -57.08088684082 -56.66330950678103
2018.583129882812 -58.732517242432 -57.442752178761594
2018.615966796875 -59.412178039551 -58.09772379908194
2018.64892578125 -61.771831512451 -58.61743529727463
2018.681762695312 -64.839195251465 -59.01223557492204
2018.714599609375 -62.665035247803 -59.2839763399454
2018.747436523438 -57.850318908691 -59.41239269406205
2018.7802734375 -60.347255706787 -59.4015692837518
2018.813110351562 -66.598403930664 -59.20791614746531
2018.845947265625 -61.84810256958 -58.953666903092355
2018.87890625 -58.590354919434 -58.50810118408592
2018.911743164062 -57.75093460083 -57.90654796048147
2018.944580078125 -56.666618347168 -57.331037535068695
2018.977416992188 -58.315692901611 -56.839586152280674
2019.010986328125 -55.502769470215 -56.625939700920036
2019.043823242188 -51.815692901611 -56.33742313505745
2019.109497070312 -51.924716949463 -56.312151943535376
2019.1259765625 -51.552013397217 -56.20863404453571
2019.142333984375 -53.927104949951 -56.32817780488837
2019.175170898438 -52.451496124268 -56.60321099924602
2019.191650390625 -59.819889068604 -56.991506605071564
2019.208129882812 -59.992244720459 -57.474391355297335
2019.224487304688 -60.921203613281 -58.054168725414776
2019.240966796875 -62.03462600708 -58.59837158577603
2019.25732421875 -60.525672912598 -59.10144371861525
2019.273803710938 -59.721179962158 -59.68454062252486
2019.290161132812 -59.374404907227 -60.17591797987385
2019.306640625 -60.233955383301 -60.46419161424143
2019.323120117188 -59.81462097168 -60.71320823495072
2019.339477539062 -56.792392730713 -60.95555409763455
2019.35595703125 -61.44478225708 -61.205795447148994
2019.372314453125 -63.876693725586 -61.49276618286191
2019.388793945312 -61.975574493408 -61.82465754761976
2019.405151367188 -60.318954467773 -62.20029486467343
2019.421630859375 -62.250694274902 -62.552641695963025
2019.438110351562 -62.53519821167 -62.928073997469845
2019.454467773438 -62.806587219238 -63.30993702572968
2019.470947265625 -66.552146911621 -63.69058118961963
2019.4873046875 -66.054824829102 -64.04732804840025
2019.503784179688 -61.082355499268 -64.3426589023696
2019.520141601562 -70.201477050781 -64.66488026812442
2019.53662109375 -62.269840240479 -64.98147742118272
2019.569458007812 -65.102279663086 -65.56452355241511
2019.602294921875 -70.692459106445 -66.05437309686445
2019.618774414062 -65.176582336426 -66.31910446522161
2019.635131835938 -67.636451721191 -66.57679446178462
2019.651611328125 -64.268577575684 -66.8519299968836
2019.668090820312 -67.668350219727 -67.12013031964835
2019.71728515625 -69.609031677246 -67.94131246741391
2019.733764648438 -66.986595153809 -68.19694119880192
2019.750122070312 -63.468334197998 -68.40839867494543
2019.7666015625 -69.924446105957 -68.63011005410893
2019.799438476562 -71.128265380859 -69.0142981200844
2019.832275390625 -69.272239685059 -69.38357176733963
2019.865112304688 -71.314392089844 -69.72976191433717
2019.898071289062 -70.849052429199 -70.10336990619881
2019.930908203125 -69.618988037109 -70.5592676067614
2019.963745117188 -69.951644897461 -71.15004799385832
2019.99658203125 -71.861824035645 -71.79926208940257
2020.030151367188 -70.890151977539 -72.37235312694149
2020.06298828125 -70.349922180176 -73.19972783091126
2020.095825195312 -69.985420227051 -74.03798840497862
2020.128662109375 -74.849304199219 -74.98557845575233
2020.161499023438 -78.412582397461 -76.04672123289437
2020.177978515625 -76.021324157715 -76.65942453560758
2020.1943359375 -75.905822753906 -77.19465162789803
2020.227294921875 -75.147354125977 -78.37054376228505
2020.260131835938 -83.943130493164 -79.5035488127419
2020.29296875 -81.751968383789 -80.64288345107143
2020.325805664062 -83.77702331543 -81.70158515597318
2020.358642578125 -80.623199462891 -82.49092098010031
2020.391479492188 -88.395538330078 -83.23259427200962
2020.42431640625 -86.476417541504 -83.95522931484136
2020.457275390625 -85.787269592285 -84.54842297557218
2020.490112304688 -84.904083251953 -84.92467140157983
2020.52294921875 -85.425308227539 -85.1477690371835
2020.555786132812 -83.213226318359 -85.24669432961825
2020.572265625 -83.716773986816 -85.16551915357348
2020.588623046875 -85.89168548584 -85.04118684356855
2020.605102539062 -88.699645996094 -85.02123865005744
2020.621459960938 -86.092552185059 -84.83791792894925
2020.654296875 -89.232360839844 -84.50855239111887
2020.687255859375 -82.729759216309 -84.08426311527664
2020.70361328125 -83.989784240723 -83.89086195219724
2020.720092773438 -84.575698852539 -83.57462217718516
2020.7529296875 -86.848121643066 -82.98875455427552
2020.785766601562 -81.755561828613 -82.34137226779778
2020.818603515625 -80.061309814453 -81.6628850296261
2020.851440429688 -80.739875793457 -80.9553178234794
2020.917236328125 -80.161933898926 -79.57560952737165
2020.950073242188 -78.96435546875 -79.10668514717085
2020.98291015625 -77.13843536377 -78.82318528104074
2021.013671875 -76.624938964844 -78.46772625342003
2021.046508789062 -74.791946411133 -78.44004269174444
2021.079345703125 -78.954833984375 -78.84179218445585
2021.1123046875 -72.937614440918 -79.26187840063054
2021.145141601562 -76.916313171387 -79.8169025057966
2021.177978515625 -77.342613220215 -80.48492648246794
2021.210815429688 -78.658729553223 -81.24327973245569
2021.24365234375 -80.058532714844 -81.9326024119075
2021.276489257812 -88.135848999023 -82.9637999909643
2021.309326171875 -85.308197021484 -84.13132634334615
2021.34228515625 -86.378593444824 -85.43682931150471
2021.358642578125 -85.831336975098 -86.1607448540716
2021.391479492188 -87.661582946777 -87.62343520710444
2021.407958984375 -89.226959228516 -88.40238154704367
2021.440795898438 -86.09171295166 -89.92031971890378
2021.4736328125 -90.190444946289 -91.41928695961623
2021.506469726562 -88.358390808105 -92.84566000827176
2021.539306640625 -94.320343017578 -94.15659221115953
2021.572265625 -103.254791259766 -95.27445930877137
2021.605102539062 -103.080070495605 -96.47888663334263
2021.637939453125 -99.308715820312 -97.66230681346877
2021.670776367188 -100.320251464844 -98.82469994977959
2021.736450195312 -108.895225524902 -100.84011560954211
2021.769287109375 -103.560928344727 -101.83968612295308
2021.80224609375 -102.871315002441 -102.64866591016408
2021.835083007812 -102.134796142578 -103.397884420448
2021.867919921875 -104.974235534668 -103.88378672954082
2021.966430664062 -105.676605224609 -105.0633452101863
2022.0 -108.164619445801 -105.43134341198382
2022.065673828125 -107.136207580566 -106.21364504495509
2022.098510742188 -98.720390319824 -106.5734565489625
2022.197143554688 -105.031303405762 -107.46105582950264
2022.22998046875 -109.529365539551 -107.70626149241279
2022.262817382812 -104.403350830078 -107.93979614217216
2022.295654296875 -108.781753540039 -108.17087643748266
2022.328491210938 -110.661193847656 -108.40670449877784
2022.394287109375 -110.946365356445 -108.9321590768166
2022.558471679688 -125.484497070312 -110.53892474620052
2022.591430664062 -106.554718017578 -110.86561241028362
2022.68994140625 -108.947799682617 -111.62463508754959
2022.722778320312 -113.957366943359 -111.80723968954601
2022.821411132812 -112.213485717773 -112.64428819544614
2022.854248046875 -124.037170410156 -113.03276727479562
2022.887084960938 -116.204544067383 -113.41560581124621
2022.919921875 -112.643440246582 -113.83089788472356
2022.952758789062 -117.048851013184 -114.22474362537281
2022.985595703125 -115.609489440918 -114.50083863539882
2023.019165039062 -112.257995605469 -114.74299273827963
2023.052001953125 -114.223762512207 -114.96987232316887
2023.084838867188 -114.282653808594 -115.1520277595525
2023.11767578125 -117.004867553711 -115.36174466657415
2023.150634765625 -118.932418823242 -115.5720525610788
2023.183471679688 -111.477745056152 -115.8444685118321
2023.21630859375 -114.069091796875 -116.2062282212398
2023.249145507812 -115.427520751953 -116.61024358594786
2023.281982421875 -118.920600891113 -117.02285633040803
2023.314819335938 -115.129043579102 -117.43464645383207
2023.34765625 -115.791175842285 -117.84441734969795
2023.380615234375 -125.093132019043 -118.25594917006205
2023.413452148438 -107.092323303223 -118.66944436709255
2023.4462890625 -133.194229125977 -119.08828649090725
2023.57763671875 -122.291786193848 -120.8392588519016
