2014.804931640625 0.0 3.3069739097820174
2014.837768554688 3.622646093369 3.300756598009488
2014.903442382812 4.635355472565 3.29023411583292
2014.96923828125 3.440006017685 3.282356040854639
2015.03564453125 1.231225252151 3.2771831741259088
2015.101318359375 4.109966754913 3.2748400767606336
2015.265625 -2.778070211411 3.2809573739823503
2015.331298828125 2.342943668365 3.287703679151444
2015.39697265625 7.833205699921 3.2964241000403613
2016.021850585938 2.189859867096 3.2539922426017864
2016.1533203125 3.242918491364 3.4026890746555765
2016.350463867188 2.360316038132 4.374347288550316
2016.416137695312 4.925948619843 4.792562267468756
2016.547607421875 2.449438810349 5.633112439244736
2016.744750976562 4.849207401276 6.976889661782849
2016.777587890625 6.385729789734 7.202240845263718
2016.810424804688 7.637553215027 7.435565529539342
2016.84326171875 7.411374092102 7.6468664885168876
2016.876098632812 8.692783355713 7.795831292953023
2016.908935546875 8.257934570312 7.888825423944261
2016.941772460938 8.622647285461 7.95698837265147
2016.974731445312 8.618552207947 8.020984917395838
2017.005493164062 8.451809883118 8.04834761272636
2017.038330078125 8.484025001526 8.097995513555114
2017.071166992188 8.610524177551 8.1419035423127
2017.10400390625 8.226551055908 8.124103882011452
2017.136840820312 8.047739982605 8.085093771227523
2017.169799804688 8.118704795837 8.037247600775162
2017.20263671875 7.940259933472 7.991330172030923
2017.235473632812 7.345560073853 7.957091601982723
2017.268310546875 7.288559436798 7.9374075790917225
2017.301147460938 7.580316543579 7.931610726628286
2017.333984375 7.687985897064 7.937813580116468
2017.366821289062 7.806668758392 7.957629382426177
2017.399780273438 7.850316524506 7.995900922165527
2017.4326171875 8.478618621826 8.054947478384703
2017.498291015625 8.521889686584 8.230952873197472
2017.531127929688 7.969167709351 8.341846085718801
2017.56396484375 8.278178215027 8.461893918509915
2017.596801757812 8.44571685791 8.588042814287919
2017.629760742188 8.232141494751 8.721896531438533
2017.66259765625 8.733335494995 8.865749879102804
2017.695434570312 9.283296585083 9.021539822053812
2017.728271484375 9.088509559631 9.189967181917362
2017.761108398438 9.187542915344 9.367016017299926
2017.7939453125 9.183685302734 9.545645129266333
2017.826782226562 9.785988807678 9.719574774723618
2017.859741210938 9.933395385742 9.88834715159866
2017.892578125 10.498909950256 10.046746414024437
2017.925415039062 10.760856628418 10.193300659215701
2017.958251953125 10.488662719727 10.32299346021349
2017.991088867188 10.609273910522 10.431244962921696
2018.024658203125 10.72190952301 10.518444968124294
2018.057495117188 10.808067321777 10.580327380748862
2018.09033203125 10.720167160034 10.61405356059095
2018.123168945312 10.795314788818 10.617072332766138
2018.156005859375 11.058299064636 10.590809100538007
2018.18896484375 10.793561935425 10.538197342000494
2018.221801757812 10.921649932861 10.463357479989783
2018.254638671875 10.239117622375 10.370643828582494
2018.287475585938 10.235327720642 10.262612582157848
2018.3203125 10.352435112 10.140902625108724
2018.353149414062 10.767553329468 10.008988367785038
2018.385986328125 9.404077529907 9.872857792187586
2018.4189453125 9.856696128845 9.743376060242781
2018.451782226562 9.600120544434 9.63201138486629
2018.484619140625 8.908796310425 9.543979006220509
2018.517456054688 9.276320457458 9.48335480358536
2018.55029296875 9.016832351685 9.45327785360708
2018.583129882812 9.120738983154 9.458038288143458
2018.615966796875 8.68496131897 9.500261461887705
2018.64892578125 8.934439659119 9.582631731043477
2018.681762695312 8.819719314575 9.70267006786497
2018.714599609375 10.52837562561 9.855965643931222
2018.747436523438 9.651735305786 10.03783585211785
2018.7802734375 9.547305107117 10.241246132819814
2018.813110351562 10.073984146118 10.454028441607415
2018.845947265625 10.642846107483 10.670990743630934
2018.87890625 11.405666351318 10.895623272175099
2018.911743164062 11.730293273926 11.074012119842864
2018.944580078125 11.516358375549 11.252575674971508
2018.977416992188 12.040180206299 11.410851443515007
2019.010986328125 12.059440612793 11.507042963427644
2019.043823242188 11.990303993225 11.608199297053982
2019.109497070312 11.631553649902 11.59120662491634
2019.1259765625 11.629451751709 11.56795584657504
2019.142333984375 11.814470291138 11.52011550498877
2019.175170898438 11.676209449768 11.40524510812533
2019.191650390625 11.264880180359 11.337865909859762
2019.208129882812 11.037747383118 11.270914338010188
2019.224487304688 11.062739372253 11.201944309817359
2019.240966796875 10.661229133606 11.138318285331982
2019.25732421875 11.133995056152 11.079311408797716
2019.273803710938 10.93523311615 11.01309839432351
2019.290161132812 11.173336029053 10.95055637212301
2019.306640625 10.916754722595 10.913896146205222
2019.323120117188 10.823345184326 10.894665234475534
2019.339477539062 10.766987800598 10.894542364145261
2019.35595703125 10.886931419373 10.916317149004142
2019.372314453125 9.888177871704 10.95698794906933
2019.388793945312 11.263714790344 11.008097443601933
2019.405151367188 10.14831829071 11.077511779248736
2019.421630859375 11.20038318634 11.12350406775821
2019.438110351562 10.33233165741 11.171693966131972
2019.454467773438 11.164824485779 11.221285572425364
2019.470947265625 12.495779037476 11.272783327672318
2019.4873046875 11.550355911255 11.32783898998906
2019.503784179688 12.14769744873 11.383127395777738
2019.520141601562 12.266512870789 11.44990171307715
2019.53662109375 10.679605484009 11.51666938062884
2019.569458007812 10.685223579407 11.619489773107553
2019.602294921875 12.2654504776 11.668945426940564
2019.618774414062 11.34280872345 11.69741865673907
2019.635131835938 11.859329223633 11.72041672276926
2019.651611328125 11.849768638611 11.74154088209725
2019.668090820312 13.392683029175 11.76187509767118
2019.71728515625 11.878607749939 11.835216680993485
2019.733764648438 11.550487518311 11.864441994078629
2019.750122070312 10.851140975952 11.89503928456291
2019.7666015625 12.424777030945 11.924966820148185
2019.799438476562 12.275925636292 11.983600265925507
2019.832275390625 11.595403671265 12.037700827468866
2019.865112304688 12.163834571838 12.08406846486147
2019.898071289062 12.207397460938 12.12591826479318
2019.930908203125 12.347129821777 12.157524089126529
2019.963745117188 12.266673088074 12.164019421390366
2019.99658203125 12.235777854919 12.153157423601517
2020.030151367188 12.47278881073 12.156346727940743
2020.06298828125 12.3734998703 12.103582833715896
2020.095825195312 12.142524719238 12.042938763087712
2020.128662109375 12.111568450928 11.95800115125862
2020.161499023438 12.13782787323 11.843961693967884
2020.177978515625 11.916053771973 11.759063608746072
2020.1943359375 11.917495727539 11.702317847604217
2020.227294921875 11.742673873901 11.537277406695948
2020.260131835938 11.241021156311 11.357956068997902
2020.29296875 11.427149772644 11.172193734923622
2020.325805664062 10.865609169006 10.977408056443952
2020.358642578125 11.018220901489 10.78912476701249
2020.391479492188 10.428428649902 10.604776780320176
2020.42431640625 10.01496887207 10.427557670535908
2020.457275390625 9.787199020386 10.26231661363896
2020.490112304688 10.076115608215 10.11611981617531
2020.52294921875 10.106341362 9.99533080646492
2020.555786132812 9.60348033905 9.90946408386369
2020.572265625 11.490007400513 9.909240303643825
2020.588623046875 9.740233421326 9.9201833735566
2020.605102539062 9.355806350708 9.889960848330025
2020.621459960938 9.123249053955 9.916861487666264
2020.654296875 10.185057640076 9.953724791169307
2020.687255859375 9.576161384583 10.032695172363967
2020.70361328125 9.231708526611 10.069067954678795
2020.720092773438 9.616900444031 10.1556121102636
2020.7529296875 10.484349250793 10.31277101794221
2020.785766601562 10.262378692627 10.498074535726662
2020.818603515625 11.276160240173 10.70385828143111
2020.851440429688 10.435169219971 10.922876243300376
2020.917236328125 11.063179969788 11.370562939132629
2020.950073242188 11.944670677185 11.55759505680328
2020.98291015625 11.824775695801 11.716390676401529
2021.013671875 12.252444267273 11.889649457161163
2021.046508789062 13.247344970703 12.022629021862718
2021.079345703125 12.21503162384 12.098262892989938
2021.1123046875 12.660250663757 12.17376378936258
2021.145141601562 12.879542350769 12.222396820034971
2021.177978515625 12.620255470276 12.2444123768953
2021.210815429688 12.131663322449 12.24216920957698
2021.24365234375 11.79424571991 12.241284989355332
2021.276489257812 12.802040100098 12.184744518990502
2021.309326171875 12.139347076416 12.105626684553764
2021.34228515625 11.775391578674 12.005348252451453
2021.358642578125 11.51605796814 11.934089320866757
2021.391479492188 13.040365219116 11.793207768715158
2021.407958984375 12.129397392273 11.701065601806532
2021.440795898438 11.966148376465 11.538009035057948
2021.4736328125 11.200036048889 11.37507946617203
2021.506469726562 12.308142662048 11.229491835046813
2021.539306640625 11.348219871521 11.113642510250497
2021.572265625 9.628980636597 11.052123663331026
2021.605102539062 9.331680297852 10.954223777512821
2021.637939453125 10.200617790222 10.861180060583951
2021.670776367188 9.978229522705 10.775059089282545
2021.736450195312 8.007793426514 10.669773501728278
2021.769287109375 10.512012481689 10.616389570245424
2021.80224609375 10.416456222534 10.598722546691537
2021.835083007812 11.086297988892 10.58335227958386
2021.867919921875 10.324557304382 10.606769860061995
2021.966430664062 11.391177177429 10.706076766015485
2022.0 9.99757194519 10.740756253374581
2022.065673828125 10.482811927795 10.812976092093903
2022.098510742188 11.176772117615 10.841624388935744
2022.197143554688 11.090713500977 10.946711761193388
2022.22998046875 11.351433753967 10.9967537464165
2022.262817382812 11.182645797729 11.061767957703736
2022.295654296875 10.803515434265 11.149315224193032
2022.328491210938 10.725255966187 11.267170505260951
2022.394287109375 10.902018547058 11.574748639475413
2022.558471679688 11.561265945435 12.352738490702633
2022.591430664062 15.393342971802 12.47856854679686
2022.68994140625 9.893707275391 12.908738037606344
2022.722778320312 13.229135513306 13.095180543888967
2022.821411132812 13.873099327087 13.74127335373595
2022.854248046875 14.785219192505 13.935309119112022
2022.887084960938 13.779410362244 14.10790450319926
2022.919921875 14.573104858398 14.281699949674227
2022.952758789062 14.441593170166 14.43087158455183
2022.985595703125 14.69972038269 14.543533412326509
2023.019165039062 14.731760978699 14.656505225498005
2023.052001953125 14.933382987976 14.767196180969004
2023.084838867188 14.999171257019 14.880757556041685
2023.11767578125 14.858211517334 15.008158156285305
2023.150634765625 15.016584396362 15.12998852277521
2023.183471679688 15.157301902771 15.259245134454039
2023.21630859375 14.499551773071 15.387326344219684
2023.249145507812 14.446453094482 15.514803505356907
2023.281982421875 15.766628265381 15.642441955819365
2023.314819335938 15.482560157776 15.771040706636654
2023.34765625 16.440338134766 15.901216447016157
2023.380615234375 16.139469146729 16.033963256946755
2023.413452148438 16.290151596069 16.16838748256439
2023.4462890625 18.837450027466 16.30486831809805
2023.57763671875 22.674276351929 16.867242527336114
