2014.804931640625 -0.0 -8.669036478764681
2014.837768554688 -11.193822860718 -9.556903095801673
2014.903442382812 -9.37029838562 -11.329091419508348
2014.96923828125 -11.849046707153 -13.099375829490212
2015.03564453125 -6.746150016785 -14.880738951392303
2015.101318359375 -19.217218399048 -16.637647382833407
2015.265625 -13.292226791382 -21.01590711754149
2015.331298828125 -27.336883544922 -22.76003141612433
2015.39697265625 -32.794055938721 -24.50152257243678
2016.021850585938 -39.721088409424 -43.85368926058073
2016.1533203125 -62.107501983643 -48.727867134125454
2016.350463867188 -63.0348777771 -51.12439440122
2016.416137695312 -52.281867980957 -51.72337616194506
2016.547607421875 -56.884033203125 -52.9851445598102
2016.744750976562 -47.013221740723 -54.03585472017125
2016.777587890625 -52.530704498291 -54.174982037077825
2016.810424804688 -56.452495574951 -54.258991839995346
2016.84326171875 -51.652084350586 -54.30678134058762
2016.876098632812 -53.606323242188 -54.55652329040589
2016.908935546875 -53.786609649658 -54.973452374998445
2016.941772460938 -54.691822052002 -55.43806483512809
2016.974731445312 -55.490783691406 -56.072234679862476
2017.005493164062 -56.361633300781 -56.74860456904575
2017.038330078125 -56.468254089355 -57.45251860950214
2017.071166992188 -57.505115509033 -58.17538599591222
2017.10400390625 -58.650848388672 -58.994719237017215
2017.136840820312 -59.472927093506 -59.86300996845107
2017.169799804688 -62.397270202637 -60.75753660861753
2017.20263671875 -63.964828491211 -61.66139765038466
2017.235473632812 -59.951728820801 -62.58241162380226
2017.268310546875 -60.115013122559 -63.51055184899582
2017.301147460938 -65.137733459473 -64.39454641212318
2017.333984375 -63.908306121826 -65.20414522941046
2017.366821289062 -70.710250854492 -65.93139960877417
2017.399780273438 -71.021820068359 -66.58785723841349
2017.4326171875 -65.091697692871 -67.18069978914862
2017.498291015625 -79.679023742676 -68.24260088440377
2017.531127929688 -72.892486572266 -68.73819095358002
2017.56396484375 -74.276962280273 -69.2007884835519
2017.596801757812 -69.511489868164 -69.60746017782252
2017.629760742188 -72.188674926758 -69.94036813391348
2017.66259765625 -70.44654083252 -70.16941500905405
2017.695434570312 -67.587936401367 -70.33637120517753
2017.728271484375 -70.57160949707 -70.50940493233371
2017.761108398438 -68.379592895508 -70.70847742604604
2017.7939453125 -66.933906555176 -70.94480637672919
2017.826782226562 -71.091636657715 -71.23334363584563
2017.859741210938 -69.6875 -71.5698271454393
2017.892578125 -71.762054443359 -71.96637358042253
2017.925415039062 -72.393043518066 -72.42915709103028
2017.958251953125 -72.040641784668 -72.96692765444212
2017.991088867188 -74.771202087402 -73.57584456190736
2018.024658203125 -74.544242858887 -74.2577239193331
2018.057495117188 -73.862251281738 -74.9800456864003
2018.09033203125 -76.295608520508 -75.76704504931071
2018.123168945312 -75.915466308594 -76.61598387767472
2018.156005859375 -75.132698059082 -77.51635934283351
2018.18896484375 -78.898811340332 -78.46868781126085
2018.221801757812 -78.830619812012 -79.4792684513034
2018.254638671875 -78.624664306641 -80.57126961245811
2018.287475585938 -78.860450744629 -81.74240205033051
2018.3203125 -82.21208190918 -82.9814342969949
2018.353149414062 -84.32186126709 -84.30309598056387
2018.385986328125 -85.92790222168 -85.7141648816356
2018.4189453125 -90.82982635498 -87.21381795130233
2018.451782226562 -85.946487426758 -88.75810414201149
2018.484619140625 -87.589958190918 -90.30620677747523
2018.517456054688 -91.60188293457 -91.83458165639433
2018.55029296875 -94.88410949707 -93.34229935233463
2018.583129882812 -94.341926574707 -94.82572432682929
2018.615966796875 -103.783851623535 -96.28842016426127
2018.64892578125 -99.671516418457 -97.74649220637843
2018.681762695312 -100.624946594238 -99.2015494756191
2018.714599609375 -102.986427307129 -100.65313226815896
2018.747436523438 -101.269256591797 -102.08483463761989
2018.7802734375 -101.398719787598 -103.48052139702807
2018.813110351562 -104.542846679688 -104.81808611099824
2018.845947265625 -105.672325134277 -106.114790760703
2018.87890625 -107.1259765625 -107.38308204691936
2018.911743164062 -109.935340881348 -108.68422337074865
2018.944580078125 -110.119827270508 -110.00681191156362
2018.977416992188 -112.535606384277 -111.40375575619089
2019.010986328125 -110.871170043945 -112.8815774042404
2019.043823242188 -113.616874694824 -114.30294669561867
2019.109497070312 -115.829330444336 -117.03267821556426
2019.1259765625 -117.794929504395 -117.70010202621779
2019.142333984375 -120.351570129395 -118.391067985023
2019.175170898438 -120.172248840332 -119.83300296007062
2019.191650390625 -119.937561035156 -120.55073898241902
2019.208129882812 -123.928886413574 -121.24252730124545
2019.224487304688 -121.768898010254 -121.9356124358022
2019.240966796875 -122.19261932373 -122.54836747974535
2019.25732421875 -123.557029724121 -123.12407684793173
2019.273803710938 -124.07738494873 -123.72255569159192
2019.290161132812 -124.61190032959 -124.2766566737091
2019.306640625 -125.275718688965 -124.7737200504588
2019.323120117188 -124.652030944824 -125.2565294778334
2019.339477539062 -126.143157958984 -125.71735773460362
2019.35595703125 -127.028511047363 -126.15695858840215
2019.372314453125 -126.266311645508 -126.56481830617493
2019.388793945312 -127.503967285156 -126.95445367855935
2019.405151367188 -127.113586425781 -127.29801385638889
2019.421630859375 -127.051406860352 -127.65747913321488
2019.438110351562 -129.019348144531 -128.00461783607892
2019.454467773438 -129.008895874023 -128.34299056217188
2019.470947265625 -128.698883056641 -128.6914579007166
2019.4873046875 -128.71647644043 -129.0374754285365
2019.503784179688 -124.115303039551 -129.36225082986184
2019.520141601562 -127.124771118164 -129.6729204685419
2019.53662109375 -132.809906005859 -129.97883392366234
2019.569458007812 -130.23893737793 -130.64989193793397
2019.602294921875 -136.82389831543 -131.54266506687057
2019.618774414062 -130.907852172852 -131.986035307101
2019.635131835938 -135.008865356445 -132.43816338662253
2019.651611328125 -130.212768554688 -132.98941410903763
2019.668090820312 -131.458206176758 -133.48108026930765
2019.71728515625 -133.154663085938 -135.17122051886835
2019.733764648438 -136.028793334961 -135.76143920226687
2019.750122070312 -135.719985961914 -136.39572151529714
2019.7666015625 -139.063400268555 -137.00742214809407
2019.799438476562 -138.224670410156 -138.26458751272716
2019.832275390625 -139.093841552734 -139.53355014497868
2019.865112304688 -141.785781860352 -140.82063456991884
2019.898071289062 -142.484451293945 -142.11843616668176
2019.930908203125 -143.477066040039 -143.39756045228256
2019.963745117188 -144.315658569336 -144.643569590869
2019.99658203125 -145.794860839844 -145.87689587081496
2020.030151367188 -146.922409057617 -147.1267802267566
2020.06298828125 -148.470794677734 -148.32149445415666
2020.095825195312 -149.594665527344 -149.500050218401
2020.128662109375 -151.007232666016 -150.64498626878463
2020.161499023438 -151.78825378418 -151.73649569615074
2020.177978515625 -152.712066650391 -152.21455811783804
2020.1943359375 -152.961090087891 -152.76303670299725
2020.227294921875 -155.519271850586 -153.71629016619886
2020.260131835938 -154.731307983398 -154.58176163278551
2020.29296875 -155.820175170898 -155.420687734241
2020.325805664062 -159.192611694336 -156.18239608100706
2020.358642578125 -156.734069824219 -156.86458543531924
2020.391479492188 -158.951400756836 -157.56323170208927
2020.42431640625 -156.252975463867 -158.25321841983555
2020.457275390625 -159.342926025391 -158.90514309199816
2020.490112304688 -159.198211669922 -159.51328734741006
2020.52294921875 -157.549499511719 -160.1001343408438
2020.555786132812 -158.55046081543 -160.671124408205
2020.572265625 -161.666778564453 -160.94245525757862
2020.588623046875 -162.709548950195 -161.18277669207427
2020.605102539062 -162.860565185547 -161.45991653131335
2020.621459960938 -163.211853027344 -161.66800187358686
2020.654296875 -162.723861694336 -162.10522084834892
2020.687255859375 -164.084899902344 -162.47168459182058
2020.70361328125 -162.60090637207 -162.66497415666566
2020.720092773438 -162.62321472168 -162.74529626830557
2020.7529296875 -163.893585205078 -162.94671563305252
2020.785766601562 -165.42414855957 -163.0895271725848
2020.818603515625 -161.543014526367 -163.19012989262535
2020.851440429688 -162.270584106445 -163.266984189316
2020.917236328125 -164.195846557617 -163.43477106074263
2020.950073242188 -163.290786743164 -163.59935584857828
2020.98291015625 -163.762512207031 -163.80955008240875
2021.013671875 -163.306869506836 -163.95727344881627
2021.046508789062 -161.607086181641 -164.2255669023793
2021.079345703125 -164.13493347168 -164.59467080829359
2021.1123046875 -164.615417480469 -164.95669862647296
2021.145141601562 -165.319107055664 -165.33041566759522
2021.177978515625 -165.072525024414 -165.6991426584526
2021.210815429688 -166.650939941406 -166.06398173967656
2021.24365234375 -166.186721801758 -166.47176731250198
2021.276489257812 -168.787551879883 -166.86553754949796
2021.309326171875 -168.21467590332 -167.2836063161727
2021.34228515625 -168.888275146484 -167.76965684937986
2021.358642578125 -168.277160644531 -168.10883870140808
2021.391479492188 -166.560119628906 -168.7459728239365
2021.407958984375 -167.639678955078 -169.1354517009512
2021.440795898438 -166.705505371094 -169.80158577375977
2021.4736328125 -166.088973999023 -170.48235177009033
2021.506469726562 -167.264755249023 -171.17767889412696
2021.539306640625 -172.319320678711 -171.8734435369753
2021.572265625 -177.640121459961 -172.6301075796491
2021.605102539062 -175.728515625 -173.3510966431799
2021.637939453125 -174.041809082031 -174.10314505753928
2021.670776367188 -175.663635253906 -174.8679983110388
2021.736450195312 -175.501953125 -176.21688119728913
2021.769287109375 -179.834686279297 -176.8296429949975
2021.80224609375 -178.47248840332 -177.2946584364606
2021.835083007812 -176.75407409668 -177.7199263236999
2021.867919921875 -180.089553833008 -177.99867872280402
2021.966430664062 -181.230911254883 -178.55253452854313
2022.0 -178.472091674805 -178.65147838630736
2022.065673828125 -184.769760131836 -178.98617350921467
2022.098510742188 -179.261611938477 -179.1085137665638
2022.197143554688 -179.495559692383 -179.61602704355312
2022.22998046875 -184.206146240234 -179.78038604093175
2022.262817382812 -178.40397644043 -179.95166176925116
2022.295654296875 -179.514312744141 -180.15587631779107
2022.328491210938 -179.411987304688 -180.439024215153
2022.394287109375 -179.168365478516 -181.30631140499528
2022.558471679688 -185.910736083984 -183.75834665386634
2022.591430664062 -159.644485473633 -184.21664266505798
2022.68994140625 -180.31037902832 -185.80542015595933
2022.722778320312 -196.221908569336 -186.41252995857425
2022.821411132812 -186.075775146484 -188.26557437203925
2022.854248046875 -190.906311035156 -188.75146443515553
2022.887084960938 -189.16716003418 -189.1616544767021
2022.919921875 -191.048355102539 -189.56002396043195
2022.952758789062 -190.921157836914 -189.97654410064234
2022.985595703125 -191.306640625 -190.35742324432601
2023.019165039062 -190.688095092773 -190.74911798712853
2023.052001953125 -190.776580810547 -191.13526194222464
2023.084838867188 -190.927062988281 -191.53541097737912
2023.11767578125 -192.337646484375 -192.0097630564473
2023.150634765625 -192.094299316406 -192.46804699146148
2023.183471679688 -190.549957275391 -192.97853208631497
2023.21630859375 -190.379592895508 -193.4888559516016
2023.249145507812 -192.902786254883 -193.99976479600733
2023.281982421875 -193.952041625977 -194.51396972650474
2023.314819335938 -195.390853881836 -195.0344664519025
2023.34765625 -195.810729980469 -195.56391827115007
2023.380615234375 -199.554443359375 -196.10625217943425
2023.413452148438 -190.393890380859 -196.65845517708775
2023.4462890625 -198.006652832031 -197.22217009799357
2023.57763671875 -210.778472900391 -199.57165983842742
