2014.804931640625 -0.0 -1.991680344769536
2014.837768554688 -20.038709640503 -3.549797280585838
2014.903442382812 -17.187520980835 -6.654322835604534
2014.96923828125 -18.794845581055 -9.748931581117631
2015.03564453125 4.849015712738 -12.856357420782018
2015.101318359375 -15.055881500244 -15.9139210664101
2015.265625 -1.484940171242 -23.498697515570584
2015.331298828125 -33.921413421631 -26.50731730976448
2015.39697265625 -32.441848754883 -29.505308875890293
2016.021850585938 -46.023704528809 -56.82082878940582
2016.1533203125 -63.573925018311 -62.19537594566715
2016.350463867188 -102.969955444336 -70.26553094579336
2016.416137695312 -87.710845947266 -72.02496022560351
2016.547607421875 -86.199066162109 -75.79457119444622
2016.744750976562 -83.021003723145 -82.86973874472935
2016.777587890625 -82.107887268066 -82.98216571183072
2016.810424804688 -97.743583679199 -83.09842386354173
2016.84326171875 -84.633270263672 -83.22060411141635
2016.876098632812 -83.009368896484 -83.34775504781541
2016.908935546875 -81.891563415527 -83.5408907667038
2016.941772460938 -86.626075744629 -83.78292862601108
2016.974731445312 -80.983100891113 -84.05999740295334
2017.005493164062 -84.296401977539 -84.44875694921153
2017.038330078125 -84.262466430664 -84.80863145515498
2017.071166992188 -83.887252807617 -85.20933501809692
2017.10400390625 -85.575653076172 -85.96783389584809
2017.136840820312 -82.251953125 -86.95812421102488
2017.169799804688 -83.197891235352 -88.0693737964774
2017.20263671875 -87.954391479492 -89.30619209763924
2017.235473632812 -88.390411376953 -90.6548396002688
2017.268310546875 -84.236595153809 -92.11676644542041
2017.301147460938 -94.669479370117 -93.68552348730753
2017.333984375 -89.39372253418 -95.3348342997058
2017.366821289062 -102.128776550293 -97.0324071358121
2017.399780273438 -102.064987182617 -98.74020605712673
2017.4326171875 -97.597946166992 -100.40784081891123
2017.498291015625 -103.898452758789 -103.44965697001358
2017.531127929688 -111.860008239746 -104.76617038528627
2017.56396484375 -112.35945892334 -105.91680410953379
2017.596801757812 -108.423736572266 -106.89612134045603
2017.629760742188 -111.648475646973 -107.73399981574065
2017.66259765625 -111.6416015625 -108.40043863351976
2017.695434570312 -109.956077575684 -108.91117796209475
2017.728271484375 -111.423942565918 -109.24128595456808
2017.761108398438 -108.731025695801 -109.35308315918728
2017.7939453125 -109.014053344727 -109.2860864467746
2017.826782226562 -109.142921447754 -109.13336256032103
2017.859741210938 -109.15210723877 -108.94922158707905
2017.892578125 -108.218238830566 -108.78534600291215
2017.925415039062 -107.64331817627 -108.64789558587071
2017.958251953125 -108.830375671387 -108.54762887421988
2017.991088867188 -108.18798828125 -108.53277935753607
2018.024658203125 -106.462890625 -108.63353966920391
2018.057495117188 -107.503868103027 -108.85702935167669
2018.09033203125 -108.682777404785 -109.27660826305626
2018.123168945312 -108.344833374023 -109.96391195900992
2018.156005859375 -109.783233642578 -110.91204021760365
2018.18896484375 -109.477729797363 -112.049961076946
2018.221801757812 -107.662773132324 -113.3415760765858
2018.254638671875 -108.829414367676 -114.78127052766482
2018.287475585938 -115.261520385742 -116.33980688546455
2018.3203125 -114.307014465332 -118.00342486087503
2018.353149414062 -110.051284790039 -119.76439988800887
2018.385986328125 -122.442459106445 -121.5683576694399
2018.4189453125 -124.641830444336 -123.343521121506
2018.451782226562 -129.518188476562 -125.08666024343246
2018.484619140625 -121.341423034668 -126.84064537300338
2018.517456054688 -135.718688964844 -128.59585114080178
2018.55029296875 -130.782287597656 -130.31479966153782
2018.583129882812 -144.553436279297 -131.95357974608035
2018.615966796875 -143.862106323242 -133.4796530650789
2018.64892578125 -144.139709472656 -134.87965122327358
2018.681762695312 -135.494903564453 -136.16825926858223
2018.714599609375 -136.788711547852 -137.39021368281675
2018.747436523438 -142.663009643555 -138.50277150565915
2018.7802734375 -141.360000610352 -139.46496080420235
2018.813110351562 -141.424133300781 -140.23310560585386
2018.845947265625 -142.544342041016 -140.87222765131196
2018.87890625 -142.38249206543 -141.28842766471433
2018.911743164062 -141.582214355469 -141.50073376581219
2018.944580078125 -142.102722167969 -141.71913369436632
2018.977416992188 -143.938995361328 -141.82083265542954
2019.010986328125 -141.091293334961 -141.78710121779358
2019.043823242188 -141.212875366211 -141.72750191697156
2019.109497070312 -140.53401184082 -141.4712287618579
2019.1259765625 -141.298110961914 -141.39221767097254
2019.142333984375 -142.156890869141 -141.30021229906458
2019.175170898438 -141.106521606445 -141.12663963708195
2019.191650390625 -141.151550292969 -141.06286241483022
2019.208129882812 -143.694381713867 -141.0146039975991
2019.224487304688 -140.514785766602 -140.9692851281328
2019.240966796875 -141.055587768555 -140.94708846644377
2019.25732421875 -140.260177612305 -140.97298096047606
2019.273803710938 -139.454711914062 -140.95078130860753
2019.290161132812 -138.78401184082 -140.920410140276
2019.306640625 -141.655487060547 -141.08848754383877
2019.323120117188 -140.538467407227 -141.36938406927214
2019.339477539062 -139.341552734375 -141.7500700596836
2019.35595703125 -141.360366821289 -142.23581677017518
2019.372314453125 -141.565933227539 -142.82957459880402
2019.388793945312 -140.658477783203 -143.560438725545
2019.405151367188 -142.767105102539 -144.5801632007236
2019.421630859375 -145.615539550781 -145.57608999940211
2019.438110351562 -146.213577270508 -146.68389330460596
2019.454467773438 -146.785140991211 -147.86633255920177
2019.470947265625 -148.257858276367 -149.12051880820644
2019.4873046875 -151.969177246094 -150.39287875139345
2019.503784179688 -138.219665527344 -151.6282159085625
2019.520141601562 -144.022201538086 -152.88167012946596
2019.53662109375 -154.604278564453 -154.14798908928097
2019.569458007812 -158.506973266602 -156.59316496886544
2019.602294921875 -169.915939331055 -158.87009568992428
2019.618774414062 -154.174743652344 -160.04583697991288
2019.635131835938 -164.948837280273 -161.20445342829296
2019.651611328125 -162.793884277344 -162.2763533078334
2019.668090820312 -156.071182250977 -163.40355175386134
2019.71728515625 -169.397964477539 -166.50362278865154
2019.733764648438 -165.517684936523 -167.47608271603525
2019.750122070312 -169.530578613281 -168.3138087977677
2019.7666015625 -169.656326293945 -169.16806017907007
2019.799438476562 -170.293228149414 -170.59485535899339
2019.832275390625 -177.287948608398 -171.94840938217746
2019.865112304688 -174.309860229492 -173.18105042652314
2019.898071289062 -177.949493408203 -174.3305347483668
2019.930908203125 -176.777770996094 -175.38637519776012
2019.963745117188 -174.90168762207 -176.32510687280947
2019.99658203125 -176.646331787109 -177.23433198440657
2020.030151367188 -177.443405151367 -178.19695525201794
2020.06298828125 -179.244415283203 -179.0195591497649
2020.095825195312 -179.996765136719 -179.81608951155326
2020.128662109375 -180.577651977539 -180.614796468363
2020.161499023438 -181.154907226562 -181.4286650749555
2020.177978515625 -182.296356201172 -181.83370897431587
2020.1943359375 -180.842819213867 -182.24840491389887
2020.227294921875 -183.707397460938 -183.06541498217143
2020.260131835938 -183.865020751953 -183.85268711441105
2020.29296875 -187.603439331055 -184.6272620847265
2020.325805664062 -185.690673828125 -185.38757139805043
2020.358642578125 -184.256866455078 -186.1537811276066
2020.391479492188 -188.791122436523 -186.94535481712464
2020.42431640625 -183.622573852539 -187.7700254231482
2020.457275390625 -188.671279907227 -188.60495232225566
2020.490112304688 -199.727081298828 -189.43061591890526
2020.52294921875 -189.385284423828 -190.2653918216996
2020.555786132812 -185.60888671875 -191.13179142971902
2020.572265625 -198.032699584961 -191.59115029170732
2020.588623046875 -200.622817993164 -192.02135346712726
2020.605102539062 -191.380798339844 -192.4663826731757
2020.621459960938 -203.522003173828 -192.8785184451894
2020.654296875 -195.642105102539 -193.71932872058503
2020.687255859375 -191.790451049805 -194.50677676779114
2020.70361328125 -196.777206420898 -194.9180616500323
2020.720092773438 -195.566619873047 -195.18786691112396
2020.7529296875 -197.59098815918 -195.754191182764
2020.785766601562 -198.892852783203 -196.21694518813166
2020.818603515625 -195.237075805664 -196.59586252937174
2020.851440429688 -196.55339050293 -196.91160960708595
2020.917236328125 -198.098541259766 -197.4876574224631
2020.950073242188 -197.564697265625 -197.79037175645263
2020.98291015625 -198.720001220703 -198.09392889785593
2021.013671875 -198.358612060547 -198.34936020345268
2021.046508789062 -195.639297485352 -198.6687827531057
2021.079345703125 -198.253921508789 -199.0986571988462
2021.1123046875 -199.961044311523 -199.55630591537442
2021.145141601562 -199.684463500977 -200.0423935488739
2021.177978515625 -200.493759155273 -200.53050517819483
2021.210815429688 -201.521011352539 -201.01984699315403
2021.24365234375 -200.037872314453 -201.52728910486104
2021.276489257812 -195.268081665039 -202.06843634145108
2021.309326171875 -204.807327270508 -202.64909619916173
2021.34228515625 -203.460632324219 -203.2700544953417
2021.358642578125 -205.247940063477 -203.6281939820002
2021.391479492188 -204.520050048828 -204.35019241017758
2021.407958984375 -204.404190063477 -204.78221364094625
2021.440795898438 -201.900817871094 -205.58521719772935
2021.4736328125 -202.936340332031 -206.38674861484094
2021.506469726562 -205.67887878418 -207.13369490386108
2021.539306640625 -208.263931274414 -207.80264170195227
2021.572265625 -213.770843505859 -208.376231095385
2021.605102539062 -220.584777832031 -209.01330754181194
2021.637939453125 -216.705413818359 -209.6054160794162
2021.670776367188 -212.122604370117 -210.12493370878292
2021.736450195312 -211.984298706055 -210.756538246962
2021.769287109375 -212.853378295898 -211.09747484381884
2021.80224609375 -212.626205444336 -211.26996663419268
2021.835083007812 -209.601974487305 -211.44598166441395
2021.867919921875 -216.107650756836 -211.45058986287083
2021.966430664062 -208.42741394043 -211.29851843795498
2022.0 -210.848480224609 -211.3214690087052
2022.065673828125 -213.879287719727 -211.32772786874477
2022.098510742188 -208.911666870117 -211.4216717392412
2022.197143554688 -207.016464233398 -211.67817911026754
2022.22998046875 -212.324722290039 -211.81715817684625
2022.262817382812 -203.163528442383 -212.04683033031012
2022.295654296875 -205.929428100586 -212.54786316551483
2022.328491210938 -210.820220947266 -213.50599731661188
2022.394287109375 -215.541000366211 -215.94399524573936
2022.558471679688 -228.849609375 -220.01594298926182
2022.591430664062 -208.579132080078 -220.89691190691445
2022.68994140625 -244.557250976562 -224.0197655477098
2022.722778320312 -234.552856445312 -225.3528714244215
2022.821411132812 -228.962127685547 -229.5187943472539
2022.854248046875 -230.728515625 -229.86352760167253
2022.887084960938 -227.983322143555 -229.7462701960831
2022.919921875 -230.761566162109 -229.56413765615116
2022.952758789062 -232.648513793945 -229.38474138533255
2022.985595703125 -229.626739501953 -229.21280825326104
2023.019165039062 -227.739044189453 -229.06556184242478
2023.052001953125 -227.446685791016 -228.9245647859613
2023.084838867188 -227.828384399414 -228.82715616865187
2023.11767578125 -229.15901184082 -228.78206892185887
2023.150634765625 -228.802474975586 -228.70815304146961
2023.183471679688 -228.469390869141 -228.65898459693813
2023.21630859375 -227.433883666992 -228.60495412580406
2023.249145507812 -226.715744018555 -228.55060930234143
2023.281982421875 -226.899429321289 -228.4993825364882
2023.314819335938 -232.490081787109 -228.45424861761023
2023.34765625 -226.103225708008 -228.41732706514475
2023.380615234375 -234.619995117188 -228.38840944146253
2023.413452148438 -225.429260253906 -228.36716077703684
2023.4462890625 -227.413818359375 -228.35096864870624
2023.57763671875 -263.904632568359 -228.31111992141655
