2014.804931640625 -0.0 -7.654111756707783
2014.837768554688 -20.273649215698 -8.115943747774224
2014.903442382812 -10.423469543457 -9.033785505046179
2014.96923828125 -9.705286979675 -9.946394645774287
2015.03564453125 12.483903884888 -10.861238706369704
2015.101318359375 -18.505899429321 -11.760775421659599
2015.265625 39.675758361816 -13.99380088798634
2015.331298828125 -36.349666595459 -14.88043777055071
2015.39697265625 -53.637344360352 -15.76475889363819
2016.021850585938 -3.303863048553 -28.332482001651574
2016.1533203125 -28.720924377441 -28.133813098895963
2016.350463867188 -28.188341140747 -27.623139567394098
2016.416137695312 -43.923069000244 -27.528855810014484
2016.547607421875 -24.614156723022 -27.30720229456137
2016.744750976562 -30.343412399292 -26.85616562536236
2016.777587890625 -23.197547912598 -26.848618034679973
2016.810424804688 -28.16597366333 -26.89342669628979
2016.84326171875 -24.396673202515 -27.057861277483656
2016.876098632812 -29.233015060425 -27.25814185587283
2016.908935546875 -28.112464904785 -27.461524087074793
2016.941772460938 -27.522310256958 -27.658441540637366
2016.974731445312 -25.904079437256 -27.846025517110096
2017.005493164062 -27.550729751587 -28.04324314240241
2017.038330078125 -27.535860061646 -28.242275650503327
2017.071166992188 -27.824588775635 -28.45862235964428
2017.10400390625 -29.099847793579 -28.75459225002669
2017.136840820312 -29.271511077881 -29.12538536169323
2017.169799804688 -31.656869888306 -29.552418154784192
2017.20263671875 -30.68447303772 -30.02381050678696
2017.235473632812 -26.852828979492 -30.509483201003942
2017.268310546875 -28.428569793701 -30.958484089111277
2017.301147460938 -31.351335525513 -31.34260588506455
2017.333984375 -23.971055984497 -31.716436444247066
2017.366821289062 -36.755851745605 -32.133651042332225
2017.399780273438 -36.476249694824 -32.58754285043223
2017.4326171875 -32.640018463135 -33.04641084978779
2017.498291015625 -47.728164672852 -33.90577070094115
2017.531127929688 -26.626096725464 -34.28996046726921
2017.56396484375 -34.636795043945 -34.59518477654868
2017.596801757812 -32.993278503418 -34.78179815453913
2017.629760742188 -40.153606414795 -34.85423253177725
2017.66259765625 -39.542995452881 -34.847324211720164
2017.695434570312 -34.723533630371 -34.79224651608989
2017.728271484375 -35.92297744751 -34.670531708403374
2017.761108398438 -33.544780731201 -34.42450479888243
2017.7939453125 -35.090312957764 -34.03920481976464
2017.826782226562 -34.45630645752 -33.54878523990279
2017.859741210938 -33.378540039062 -32.96816030269069
2017.892578125 -33.06982421875 -32.30833843267931
2017.925415039062 -32.105243682861 -31.59447120051986
2017.958251953125 -31.665880203247 -30.857489043592054
2017.991088867188 -30.453552246094 -30.12831939010177
2018.024658203125 -29.102272033691 -29.410726083846555
2018.057495117188 -27.753757476807 -28.766063984164866
2018.09033203125 -27.502582550049 -28.196469185725633
2018.123168945312 -26.312627792358 -27.73135854666442
2018.156005859375 -24.421741485596 -27.41554614740623
2018.18896484375 -28.258268356323 -27.275624546691134
2018.221801757812 -24.175275802612 -27.319340515178705
2018.254638671875 -22.803524017334 -27.55157519818038
2018.287475585938 -24.627613067627 -27.94307609914285
2018.3203125 -26.250093460083 -28.47249406560998
2018.353149414062 -30.319311141968 -29.162976622396553
2018.385986328125 -24.920352935791 -30.02075451341749
2018.4189453125 -29.233575820923 -31.020034455067034
2018.451782226562 -32.334796905518 -32.10658921393744
2018.484619140625 -36.238475799561 -33.23031339280866
2018.517456054688 -43.062236785889 -34.375392795567684
2018.55029296875 -35.923679351807 -35.4991111305081
2018.583129882812 -31.059803009033 -36.54497852471668
2018.615966796875 -50.89729309082 -37.482772197689016
2018.64892578125 -44.818424224854 -38.311327639363306
2018.681762695312 -39.641792297363 -39.033668591298365
2018.714599609375 -41.043399810791 -39.64436575138867
2018.747436523438 -44.538166046143 -40.12244148393014
2018.7802734375 -38.714160919189 -40.47737654497124
2018.813110351562 -48.865291595459 -40.68168589710068
2018.845947265625 -40.579837799072 -40.83175810338465
2018.87890625 -42.422080993652 -40.78231748110593
2018.911743164062 -41.14315032959 -40.56105343868091
2018.944580078125 -39.649589538574 -40.34981800358566
2018.977416992188 -40.474029541016 -40.09952340675652
2019.010986328125 -38.6448097229 -39.80609049445438
2019.043823242188 -39.31657409668 -39.49234850608998
2019.109497070312 -39.435386657715 -38.897416739744614
2019.1259765625 -39.275463104248 -38.76382456544166
2019.142333984375 -36.362934112549 -38.66972715877692
2019.175170898438 -38.911079406738 -38.49941749431133
2019.191650390625 -37.512386322021 -38.450606044979544
2019.208129882812 -42.054176330566 -38.43938394271919
2019.224487304688 -37.577869415283 -38.41388121201274
2019.240966796875 -35.916507720947 -38.49054457968175
2019.25732421875 -38.553680419922 -38.63407336807886
2019.273803710938 -38.641815185547 -38.72189821419696
2019.290161132812 -38.552352905273 -38.847635860773245
2019.306640625 -36.522121429443 -39.181286438135864
2019.323120117188 -38.593379974365 -39.59721156083069
2019.339477539062 -38.394317626953 -40.08491104914141
2019.35595703125 -39.320030212402 -40.64167770311
2019.372314453125 -40.668193817139 -41.241678010564776
2019.388793945312 -41.968967437744 -41.89054096404713
2019.405151367188 -43.174732208252 -42.598566039612216
2019.421630859375 -41.508861541748 -43.32371384946259
2019.438110351562 -48.462158203125 -44.0933901469703
2019.454467773438 -45.041507720947 -44.87980804970289
2019.470947265625 -45.521663665771 -45.665906440148945
2019.4873046875 -49.332382202148 -46.40465539791345
2019.503784179688 -41.268890380859 -47.02155698013359
2019.520141601562 -39.674751281738 -47.6779652072536
2019.53662109375 -50.295318603516 -48.30021105710457
2019.569458007812 -51.334239959717 -49.39849898590143
2019.602294921875 -60.003337860107 -50.37930202209147
2019.618774414062 -49.86841583252 -50.87120019911293
2019.635131835938 -54.813446044922 -51.32319370616838
2019.651611328125 -50.603214263916 -51.624105999356544
2019.668090820312 -52.331317901611 -51.982530773973174
2019.71728515625 -53.837474822998 -52.6044101700962
2019.733764648438 -49.825664520264 -52.728786238658834
2019.750122070312 -60.52352142334 -52.69665719223574
2019.7666015625 -57.920989990234 -52.72801570244629
2019.799438476562 -52.582653045654 -52.62501638454009
2019.832275390625 -51.954498291016 -52.54507025644175
2019.865112304688 -53.875507354736 -52.46787784964943
2019.898071289062 -52.40828704834 -52.393836592739326
2019.930908203125 -51.561180114746 -52.308891011096755
2019.963745117188 -49.944034576416 -52.27232284557784
2019.99658203125 -51.91837310791 -52.30000656003726
2020.030151367188 -50.020881652832 -52.25988702877859
2020.06298828125 -52.745212554932 -52.51020284668953
2020.095825195312 -53.08581161499 -52.80590529554846
2020.128662109375 -52.613666534424 -53.19596676015795
2020.161499023438 -51.68904876709 -53.66280023098809
2020.177978515625 -53.546909332275 -53.95036484753912
2020.1943359375 -52.087207794189 -54.188921245765535
2020.227294921875 -54.101367950439 -54.7545477873068
2020.260131835938 -57.550899505615 -55.31813663817603
2020.29296875 -56.693313598633 -55.88636785909194
2020.325805664062 -59.471897125244 -56.45787462075065
2020.358642578125 -55.942699432373 -56.97511765992676
2020.391479492188 -57.462181091309 -57.48876683956125
2020.42431640625 -57.507213592529 -57.975394179361494
2020.457275390625 -58.991870880127 -58.33920073426591
2020.490112304688 -61.371562957764 -58.54760123495634
2020.52294921875 -52.69690322876 -58.680796684012165
2020.555786132812 -57.258152008057 -58.78842408326388
2020.572265625 -74.044410705566 -58.78492507339611
2020.588623046875 -61.998485565186 -58.762524900130565
2020.605102539062 -60.604969024658 -58.826694036092825
2020.621459960938 -75.41870880127 -58.78309446081168
2020.654296875 -62.614036560059 -58.767124266592546
2020.687255859375 -57.103118896484 -58.70616903212654
2020.70361328125 -57.788761138916 -58.67356961576537
2020.720092773438 -53.012481689453 -58.599461414702866
2020.7529296875 -61.128814697266 -58.45794924729714
2020.785766601562 -60.539413452148 -58.27652355737931
2020.818603515625 -55.494705200195 -58.055736889515764
2020.851440429688 -56.690608978271 -57.803743743547685
2020.917236328125 -58.630237579346 -57.42727685647508
2020.950073242188 -57.533233642578 -57.38045306909077
2020.98291015625 -57.732666015625 -57.404128522298336
2021.013671875 -57.098148345947 -57.39487087338937
2021.046508789062 -53.235347747803 -57.508316534936
2021.079345703125 -57.000148773193 -57.79697434326836
2021.1123046875 -55.709075927734 -58.09654121821413
2021.145141601562 -58.88175201416 -58.455440288223905
2021.177978515625 -58.002662658691 -58.86107055585389
2021.210815429688 -59.114833831787 -59.340362814340985
2021.24365234375 -56.822612762451 -59.81099784818245
2021.276489257812 -62.27965927124 -60.53288346693017
2021.309326171875 -63.637687683105 -61.40880306745049
2021.34228515625 -62.120101928711 -62.427956346433724
2021.358642578125 -61.692935943604 -63.03726515826458
2021.391479492188 -60.484256744385 -64.11647113223174
2021.407958984375 -63.624370574951 -64.65758373617598
2021.440795898438 -60.89395904541 -65.67123199334215
2021.4736328125 -65.174758911133 -66.63130464564087
2021.506469726562 -72.967964172363 -67.51203712332861
2021.539306640625 -72.124710083008 -68.3084591791166
2021.572265625 -75.970558166504 -68.90253668501283
2021.605102539062 -78.032341003418 -69.66513485258896
2021.637939453125 -71.116500854492 -70.38366620864244
2021.670776367188 -69.172904968262 -71.01495202857429
2021.736450195312 -75.439231872559 -71.68339367789099
2021.769287109375 -73.11986541748 -71.99784758827025
2021.80224609375 -72.453750610352 -72.13785981761625
2021.835083007812 -69.959335327148 -72.25374635077294
2021.867919921875 -75.35033416748 -72.27795648830673
2021.966430664062 -70.4833984375 -72.20939087559626
2022.0 -71.201515197754 -72.15912701609416
2022.065673828125 -73.512161254883 -72.06930282884215
2022.098510742188 -72.607612609863 -72.01732085572354
2022.197143554688 -69.019599914551 -71.86272708215485
2022.22998046875 -76.184272766113 -71.81797275781068
2022.262817382812 -65.315673828125 -71.8070893113831
2022.295654296875 -69.748023986816 -71.94554341779686
2022.328491210938 -72.643768310547 -72.41397704153778
2022.394287109375 -87.276901245117 -73.76632506021649
2022.558471679688 -87.932037353516 -75.47382244479903
2022.591430664062 -59.964859008789 -75.77984062318505
2022.68994140625 -107.16340637207 -77.45005625707405
2022.722778320312 -96.913948059082 -78.91165289197596
2022.821411132812 -79.047782897949 -81.04562293938446
2022.854248046875 -81.639717102051 -80.42918030716693
2022.887084960938 -77.296653747559 -79.74575849515263
2022.919921875 -81.385894775391 -79.08134086834761
2022.952758789062 -81.168899536133 -78.42060664731305
2022.985595703125 -78.272979736328 -77.76758905032544
2023.019165039062 -74.936721801758 -77.15915880393439
2023.052001953125 -76.536079406738 -76.57065804841008
2023.084838867188 -74.819717407227 -76.1010912285294
2023.11767578125 -76.38468170166 -75.80244180565998
2023.150634765625 -73.598739624023 -75.43380573720943
2023.183471679688 -73.806526184082 -75.15398049067684
2023.21630859375 -70.746063232422 -74.86306381407532
2023.249145507812 -70.462623596191 -74.56983252938113
2023.281982421875 -72.989723205566 -74.28199822110429
2023.314819335938 -78.290260314941 -74.006250990714
2023.34765625 -71.496971130371 -73.74738419779399
2023.380615234375 -82.44051361084 -73.50626166616638
2023.413452148438 -76.596435546875 -73.28564200545253
2023.4462890625 -69.020332336426 -73.08281198397245
2023.57763671875 -100.387924194336 -72.38805496689783
