2014.804931640625 0.0 5.772751110856122
2014.837768554688 2.901972055435 5.378764750475972
2014.903442382812 4.04987859726 4.590078986695776
2014.96923828125 4.301757335663 3.798947350854193
2015.03564453125 -0.16047295928 2.9996199243898176
2015.101318359375 6.625543117523 2.2082681106234037
2015.265625 -4.527796268463 0.22445590405342605
2015.331298828125 2.898164272308 -0.5701699111917126
2015.39697265625 12.784558296204 -1.3657784546642149
2016.021850585938 -8.661372184753 -8.76694994160023
2016.1533203125 -8.645508766174 -10.486656393000727
2016.350463867188 -17.473083496094 -13.054441919567287
2016.416137695312 -15.438899040222 -13.920948808454284
2016.547607421875 -18.565412521362 -15.674631394259833
2016.744750976562 -17.741674423218 -18.200513962435874
2016.777587890625 -18.718626022339 -18.607072474016572
2016.810424804688 -18.849878311157 -19.023174681697334
2016.84326171875 -19.184005737305 -19.466315135204866
2016.876098632812 -19.989919662476 -19.94712647983291
2016.908935546875 -20.185300827026 -20.420791025728025
2016.941772460938 -21.262609481812 -20.884531981353888
2016.974731445312 -21.676467895508 -21.34595780553119
2017.005493164062 -22.099309921265 -21.750549082660562
2017.038330078125 -22.283823013306 -22.1976218883208
2017.071166992188 -22.904790878296 -22.64164109156725
2017.10400390625 -23.021343231201 -23.032186790874796
2017.136840820312 -23.809215545654 -23.39836400457308
2017.169799804688 -24.361791610718 -23.750665005944583
2017.20263671875 -24.40821647644 -24.078430945480612
2017.235473632812 -24.747774124146 -24.375220883723582
2017.268310546875 -23.9820728302 -24.635495999259845
2017.301147460938 -25.320369720459 -24.862554827469587
2017.333984375 -24.657764434814 -25.06596333438709
2017.366821289062 -25.954196929932 -25.25777633604957
2017.399780273438 -25.732933044434 -25.45217568071562
2017.4326171875 -26.272348403931 -25.657184396078517
2017.498291015625 -24.752723693848 -26.124387090520198
2017.531127929688 -25.343494415283 -26.38654196563254
2017.56396484375 -26.377340316772 -26.66297547807513
2017.596801757812 -26.488941192627 -26.951833229528596
2017.629760742188 -26.514907836914 -27.25746259713948
2017.66259765625 -26.942277908325 -27.59481263005588
2017.695434570312 -27.926614761353 -27.97915444195486
2017.728271484375 -28.136680603027 -28.422687504238482
2017.761108398438 -29.193334579468 -28.9169084789308
2017.7939453125 -29.337249755859 -29.442448433919925
2017.826782226562 -29.760175704956 -29.98333756002362
2017.859741210938 -30.462778091431 -30.536203388162907
2017.892578125 -31.122524261475 -31.096712458416004
2017.925415039062 -31.565517425537 -31.66348421951199
2017.958251953125 -31.960382461548 -32.23262791276513
2017.991088867188 -32.724582672119 -32.80422053165185
2018.024658203125 -33.306312561035 -33.397215044862044
2018.057495117188 -34.289222717285 -33.99281781562819
2018.09033203125 -34.7346534729 -34.608583871282896
2018.123168945312 -35.314796447754 -35.246465029962415
2018.156005859375 -35.440578460693 -35.90237589863526
2018.18896484375 -36.263366699219 -36.57306897549004
2018.221801757812 -36.533908843994 -37.25059933608724
2018.254638671875 -37.601997375488 -37.934296521162096
2018.287475585938 -38.264614105225 -38.61929890363457
2018.3203125 -39.376655578613 -39.30483550176525
2018.353149414062 -40.13321685791 -39.98814198433559
2018.385986328125 -41.568984985352 -40.6587508377534
2018.4189453125 -41.921356201172 -41.30968942292496
2018.451782226562 -42.018898010254 -41.930105672488985
2018.484619140625 -42.673305511475 -42.52002321983513
2018.517456054688 -43.873683929443 -43.076731277989275
2018.55029296875 -44.564945220947 -43.599130126473725
2018.583129882812 -44.108039855957 -44.085261242748494
2018.615966796875 -47.468547821045 -44.5364055005071
2018.64892578125 -45.543064117432 -44.95968732592363
2018.681762695312 -44.979667663574 -45.360622029596485
2018.714599609375 -46.234859466553 -45.748916816385616
2018.747436523438 -46.411647796631 -46.129199247665504
2018.7802734375 -46.672176361084 -46.5010832688922
2018.813110351562 -45.992206573486 -46.87354244998753
2018.845947265625 -47.143486022949 -47.24787069948131
2018.87890625 -47.23530960083 -47.64442054453257
2018.911743164062 -47.596904754639 -48.10207075396172
2018.944580078125 -48.602874755859 -48.560381455835454
2018.977416992188 -48.637672424316 -49.05144183945809
2019.010986328125 -49.413982391357 -49.6503491013061
2019.043823242188 -49.453502655029 -50.248193748443555
2019.109497070312 -51.167552947998 -51.601267087456065
2019.1259765625 -51.396949768066 -51.93781222001824
2019.142333984375 -52.202739715576 -52.31783559960028
2019.175170898438 -53.152168273926 -53.10664821549
2019.191650390625 -53.35998916626 -53.54497564741515
2019.208129882812 -54.155506134033 -53.99519114177097
2019.224487304688 -54.251075744629 -54.451164052569716
2019.240966796875 -54.942047119141 -54.907577788392224
2019.25732421875 -55.610935211182 -55.35218483712271
2019.273803710938 -55.818874359131 -55.80839173067412
2019.290161132812 -56.524559020996 -56.255566029844225
2019.306640625 -56.820541381836 -56.672728218278394
2019.323120117188 -57.318809509277 -57.06817093824158
2019.339477539062 -57.596176147461 -57.43577156642618
2019.35595703125 -58.070461273193 -57.77416271485412
2019.372314453125 -58.374641418457 -58.077118815187305
2019.388793945312 -58.635231018066 -58.354863725704874
2019.405151367188 -58.877658843994 -58.5746918119696
2019.421630859375 -59.134506225586 -58.82024796689028
2019.438110351562 -60.534564971924 -59.046276511581524
2019.454467773438 -59.44214630127 -59.255269693949714
2019.470947265625 -58.660423278809 -59.45367395660702
2019.4873046875 -60.099407196045 -59.63640403655635
2019.503784179688 -59.321067810059 -59.790917707735886
2019.520141601562 -59.408561706543 -59.94955383937814
2019.53662109375 -63.413482666016 -60.09966230825453
2019.569458007812 -61.485248565674 -60.381000607693856
2019.602294921875 -60.424221038818 -60.66763804927091
2019.618774414062 -62.287830352783 -60.81574005123853
2019.635131835938 -61.190071105957 -60.96817295030321
2019.651611328125 -60.663642883301 -61.12844802577629
2019.668090820312 -61.032173156738 -61.29024597923623
2019.71728515625 -61.59338760376 -61.77780542699172
2019.733764648438 -61.602779388428 -61.93987634029614
2019.750122070312 -63.989566802979 -62.111501469875044
2019.7666015625 -62.383007049561 -62.27834793381157
2019.799438476562 -62.038196563721 -62.62498833111299
2019.832275390625 -63.720649719238 -62.97326167548822
2019.865112304688 -63.145797729492 -63.33698574388615
2019.898071289062 -63.571411132812 -63.717755111987245
2019.930908203125 -64.014839172363 -64.11187558134067
2019.963745117188 -64.671546936035 -64.5208738500319
2019.99658203125 -64.722099304199 -64.93281526608857
2020.030151367188 -65.105407714844 -65.34333926815536
2020.06298828125 -65.681427001953 -65.7561135824328
2020.095825195312 -66.164024353027 -66.16752063415443
2020.128662109375 -66.673004150391 -66.58238200893494
2020.161499023438 -67.162475585938 -67.00077258795383
2020.177978515625 -67.089073181152 -67.2077517958448
2020.1943359375 -67.751121520996 -67.41744541625378
2020.227294921875 -68.055961608887 -67.82822299891652
2020.260131835938 -67.95125579834 -68.22428706523867
2020.29296875 -68.451416015625 -68.61187838528467
2020.325805664062 -70.447448730469 -68.9819254077876
2020.358642578125 -68.98168182373 -69.33823984457838
2020.391479492188 -70.744247436523 -69.7042812939663
2020.42431640625 -70.097801208496 -70.0756979972208
2020.457275390625 -68.583435058594 -70.45453590543238
2020.490112304688 -69.060623168945 -70.83615141340039
2020.52294921875 -71.118598937988 -71.21812523133866
2020.555786132812 -71.995597839355 -71.59857520785687
2020.572265625 -71.069801330566 -71.80128813510419
2020.588623046875 -70.912803649902 -72.00360444260444
2020.605102539062 -72.672058105469 -72.19255663627102
2020.621459960938 -72.998405456543 -72.39929687748946
2020.654296875 -72.156929016113 -72.80413979574463
2020.687255859375 -74.237411499023 -73.21041415873955
2020.70361328125 -73.244255065918 -73.41722943826174
2020.720092773438 -73.662010192871 -73.60174984360994
2020.7529296875 -74.0830078125 -73.97242134635992
2020.785766601562 -74.854331970215 -74.32277378845382
2020.818603515625 -74.395645141602 -74.65956698918906
2020.851440429688 -75.769752502441 -74.98922074041897
2020.917236328125 -75.428619384766 -75.62082679037131
2020.950073242188 -76.186904907227 -75.91911584461194
2020.98291015625 -76.169143676758 -76.20810839420066
2021.013671875 -76.574676513672 -76.47631858568691
2021.046508789062 -76.055374145508 -76.73858656714009
2021.079345703125 -77.03295135498 -76.97882424007682
2021.1123046875 -77.845153808594 -77.2160143614725
2021.145141601562 -77.782051086426 -77.44426025819655
2021.177978515625 -77.433807373047 -77.66698401175188
2021.210815429688 -78.590408325195 -77.89137910594177
2021.24365234375 -78.574569702148 -78.11750105815312
2021.276489257812 -77.941040039062 -78.34132760697013
2021.309326171875 -77.984558105469 -78.57430238906765
2021.34228515625 -78.664520263672 -78.83974101734314
2021.358642578125 -79.405853271484 -79.02151131346294
2021.391479492188 -77.237243652344 -79.34650569804866
2021.407958984375 -78.546325683594 -79.54160144635853
2021.440795898438 -77.535522460938 -79.8761375670685
2021.4736328125 -76.905975341797 -80.22455711255655
2021.506469726562 -80.767669677734 -80.58773037224256
2021.539306640625 -78.591247558594 -80.96631873950973
2021.572265625 -80.215019226074 -81.38444966680456
2021.605102539062 -82.211845397949 -81.78273141123223
2021.637939453125 -82.325256347656 -82.19591538603008
2021.670776367188 -82.961875915527 -82.62247156533378
2021.736450195312 -82.486602783203 -83.51528382149455
2021.769287109375 -84.564796447754 -83.9607311774696
2021.80224609375 -83.905952453613 -84.3990849905041
2021.835083007812 -85.158149719238 -84.82800150390752
2021.867919921875 -85.09546661377 -85.2420046162464
2021.966430664062 -87.203269958496 -86.47544697517216
2022.0 -86.95760345459 -86.88351155070708
2022.065673828125 -88.459823608398 -87.69664188349786
2022.098510742188 -87.247352600098 -88.07976158749753
2022.197143554688 -89.238296508789 -89.1912871322354
2022.22998046875 -89.581886291504 -89.541213138406
2022.262817382812 -90.487693786621 -89.8762990313261
2022.295654296875 -90.889274597168 -90.19350554903681
2022.328491210938 -90.480850219727 -90.49077403527099
2022.394287109375 -91.30354309082 -91.0485947381839
2022.558471679688 -91.271842956543 -92.4703084097577
2022.591430664062 -94.343467712402 -92.74871237150639
2022.68994140625 -91.037712097168 -93.52620515909581
2022.722778320312 -94.073516845703 -93.77729992640305
2022.821411132812 -93.730949401855 -94.61343632751246
2022.854248046875 -95.106971740723 -94.91442692358383
2022.887084960938 -94.406890869141 -95.21774166548984
2022.919921875 -96.348922729492 -95.51844628245426
2022.952758789062 -95.873336791992 -95.80999555454454
2022.985595703125 -96.556785583496 -96.09693204693063
2023.019165039062 -96.454597473145 -96.38189239362046
2023.052001953125 -96.661560058594 -96.66855596476655
2023.084838867188 -96.956672668457 -96.92049742579248
2023.11767578125 -97.250160217285 -97.1113161912728
2023.150634765625 -97.540939331055 -97.31887790532252
2023.183471679688 -97.588943481445 -97.4838728334926
2023.21630859375 -98.503623962402 -97.64692561399808
2023.249145507812 -98.486747741699 -97.80860384807393
2023.281982421875 -98.649948120117 -97.96869358101713
2023.314819335938 -98.48046875 -98.12659618507942
2023.34765625 -98.084800720215 -98.28149880445542
2023.380615234375 -98.09797668457 -98.43312885833082
2023.413452148438 -98.343688964844 -98.57978671016241
2023.4462890625 -97.834075927734 -98.72178724851437
2023.57763671875 -96.661193847656 -99.24842738666425
