2014.804931640625 -0.0 -9.850345958101062
2014.837768554688 -15.445497512817 -10.34802351669876
2014.903442382812 -11.541228294373 -11.34039462007042
2014.96923828125 -11.353034973145 -12.330107373093403
2015.03564453125 8.623601913452 -13.323652075561212
2015.101318359375 -24.316789627075 -14.30039126069596
2015.265625 25.724283218384 -16.71537015955694
2015.331298828125 -37.779933929443 -17.668072116139765
2015.39697265625 -52.918899536133 -18.613296515540643
2016.021850585938 -11.337014198303 -37.082841062264976
2016.1533203125 -42.378887176514 -35.29254479703018
2016.350463867188 -33.493846893311 -33.79593195020572
2016.416137695312 -49.334308624268 -33.43228840946991
2016.547607421875 -29.063220977783 -32.632185763760354
2016.744750976562 -35.615489959717 -31.670868884207742
2016.777587890625 -28.951143264771 -31.61631979284069
2016.810424804688 -32.305732727051 -31.61186259839196
2016.84326171875 -30.859834671021 -31.695384485400687
2016.876098632812 -33.33016204834 -31.771394330941213
2016.908935546875 -32.080425262451 -31.808831926167358
2016.941772460938 -31.14638710022 -31.826370423372328
2016.974731445312 -30.655477523804 -31.780785988720115
2017.005493164062 -31.940099716187 -31.6908670468916
2017.038330078125 -31.835241317749 -31.61145573091815
2017.071166992188 -31.496128082275 -31.535581158037722
2017.10400390625 -31.616254806519 -31.41318824722416
2017.136840820312 -33.230541229248 -31.32749762308474
2017.169799804688 -33.262981414795 -31.296977655228794
2017.20263671875 -32.718212127686 -31.311421768336352
2017.235473632812 -28.436689376831 -31.353059955153963
2017.268310546875 -25.128940582275 -31.404065846890884
2017.301147460938 -30.538715362549 -31.398301415297873
2017.333984375 -25.648666381836 -31.26522826791424
2017.366821289062 -41.280807495117 -31.03095145594782
2017.399780273438 -36.18236541748 -30.724836527866326
2017.4326171875 -32.384971618652 -30.393910458283973
2017.498291015625 -55.862510681152 -29.82904556069489
2017.531127929688 -13.223120689392 -29.6224365443741
2017.56396484375 -38.226020812988 -29.382210108333425
2017.596801757812 -28.218255996704 -29.003371491318568
2017.629760742188 -27.513103485107 -28.43461795766523
2017.66259765625 -31.358058929443 -27.68344399102845
2017.695434570312 -24.656309127808 -26.836603757707465
2017.728271484375 -25.986991882324 -25.9737433953587
2017.761108398438 -24.781240463257 -25.102488191993462
2017.7939453125 -23.46012878418 -24.217132705066813
2017.826782226562 -24.33727645874 -23.327722232336907
2017.859741210938 -23.055320739746 -22.434213637791725
2017.892578125 -20.670690536499 -21.55371835074226
2017.925415039062 -21.199289321899 -20.68475913646726
2017.958251953125 -19.93816947937 -19.822008413653183
2017.991088867188 -19.084274291992 -18.975751754901683
2018.024658203125 -18.215198516846 -18.158316758619044
2018.057495117188 -16.622896194458 -17.430111184857946
2018.09033203125 -16.061502456665 -16.79001030089199
2018.123168945312 -15.56994342804 -16.270950092671214
2018.156005859375 -12.460238456726 -15.92703172841739
2018.18896484375 -16.462259292603 -15.787409031482667
2018.221801757812 -12.522041320801 -15.869842374715935
2018.254638671875 -11.4736328125 -16.174044840105786
2018.287475585938 -12.083148002625 -16.685475020550896
2018.3203125 -15.865984916687 -17.383968010477492
2018.353149414062 -16.332935333252 -18.290842190243193
2018.385986328125 -14.128582000732 -19.398673717970606
2018.4189453125 -17.578660964966 -20.63577035976544
2018.451782226562 -23.596168518066 -21.884852227662027
2018.484619140625 -21.559591293335 -23.08975898433224
2018.517456054688 -28.731693267822 -24.25568551817892
2018.55029296875 -27.98616027832 -25.35601965619933
2018.583129882812 -32.499061584473 -26.335994348175753
2018.615966796875 -45.349296569824 -27.177229779704902
2018.64892578125 -32.86011505127 -27.88082879205332
2018.681762695312 -32.815048217773 -28.445510261962152
2018.714599609375 -28.214279174805 -28.858578059789004
2018.747436523438 -29.915571212769 -29.101781042553668
2018.7802734375 -25.393363952637 -29.171394423358834
2018.813110351562 -37.171661376953 -29.038081500487362
2018.845947265625 -29.059587478638 -28.763177560899194
2018.87890625 -28.759601593018 -28.377583096881683
2018.911743164062 -28.451549530029 -28.00093815903909
2018.944580078125 -27.319868087769 -27.66333779851608
2018.977416992188 -27.94847869873 -27.37099801843948
2019.010986328125 -26.305892944336 -27.0290906876987
2019.043823242188 -26.527360916138 -26.646774725080746
2019.109497070312 -25.859966278076 -25.928853332020154
2019.1259765625 -25.776655197144 -25.750993020304875
2019.142333984375 -24.619209289551 -25.612341700260586
2019.175170898438 -25.584897994995 -25.346226019217088
2019.191650390625 -24.721662521362 -25.254933124144276
2019.208129882812 -26.411745071411 -25.183861329427383
2019.224487304688 -24.223785400391 -25.110610270488344
2019.240966796875 -23.741737365723 -25.065026177319897
2019.25732421875 -25.060037612915 -25.03313443653443
2019.273803710938 -25.747970581055 -24.993876981684817
2019.290161132812 -24.050579071045 -24.965424590188142
2019.306640625 -26.871704101562 -24.999043267166364
2019.323120117188 -22.842664718628 -25.106479321886514
2019.339477539062 -26.052215576172 -25.299843969028714
2019.35595703125 -25.263721466064 -25.580902565425617
2019.372314453125 -24.109775543213 -25.932704780407963
2019.388793945312 -25.834119796753 -26.362213802593537
2019.405151367188 -23.621259689331 -26.923573784528813
2019.421630859375 -22.705764770508 -27.42738946101074
2019.438110351562 -30.394460678101 -27.95056678539286
2019.454467773438 -27.727521896362 -28.485392873821997
2019.470947265625 -34.428394317627 -29.024124722257064
2019.4873046875 -34.953475952148 -29.488760977841892
2019.503784179688 -12.695770263672 -29.636044892667588
2019.520141601562 -20.653125762939 -29.94681433699688
2019.53662109375 -37.053241729736 -30.228328529922024
2019.569458007812 -30.616176605225 -30.775329621476125
2019.602294921875 -33.741287231445 -31.26099325640858
2019.618774414062 -18.765954971313 -31.51852233481731
2019.635131835938 -35.280166625977 -31.697791287494095
2019.651611328125 -26.882848739624 -31.85575544611096
2019.668090820312 -28.731925964355 -31.973843358147082
2019.71728515625 -30.186967849731 -32.28321941918254
2019.733764648438 -31.983074188232 -32.359059901414575
2019.750122070312 -36.879261016846 -32.38318394411373
2019.7666015625 -35.871826171875 -32.416450588192426
2019.799438476562 -31.816421508789 -32.384889454237715
2019.832275390625 -34.310939788818 -32.365645789950705
2019.865112304688 -33.119335174561 -32.34903560632824
2019.898071289062 -32.856002807617 -32.34382794641221
2019.930908203125 -31.670824050903 -32.32640066136449
2019.963745117188 -30.30034828186 -32.31671957095903
2019.99658203125 -31.784530639648 -32.33853550756016
2020.030151367188 -30.0530834198 -32.26462131010107
2020.06298828125 -32.074920654297 -32.43442900563805
2020.095825195312 -32.470489501953 -32.64743927351138
2020.128662109375 -33.41870880127 -32.97599383405517
2020.161499023438 -31.651372909546 -33.427172653589125
2020.177978515625 -33.3180809021 -33.74887128299381
2020.1943359375 -32.621006011963 -33.981732679724885
2020.227294921875 -33.613498687744 -34.62117402400894
2020.260131835938 -35.947486877441 -35.30929852202698
2020.29296875 -34.990940093994 -36.018083780923604
2020.325805664062 -38.959976196289 -36.767455735132565
2020.358642578125 -35.102931976318 -37.505654796340465
2020.391479492188 -40.168197631836 -38.2077872398015
2020.42431640625 -38.522163391113 -38.86505977399651
2020.457275390625 -39.705883026123 -39.331279504810205
2020.490112304688 -48.105018615723 -39.59487006360197
2020.52294921875 -32.208606719971 -39.777553630724114
2020.555786132812 -40.958312988281 -39.92772572273066
2020.572265625 -58.91919708252 -39.88263088509498
2020.588623046875 -49.799049377441 -39.8112792459898
2020.605102539062 -40.631187438965 -39.921010660399915
2020.621459960938 -51.462821960449 -39.803574914549074
2020.654296875 -44.885635375977 -39.687394907630164
2020.687255859375 -36.164165496826 -39.44261816919449
2020.70361328125 -37.986377716064 -39.31264548417492
2020.720092773438 -38.572376251221 -39.04916472064384
2020.7529296875 -39.637580871582 -38.542309761617176
2020.785766601562 -42.083312988281 -37.96723650480175
2020.818603515625 -36.906467437744 -37.361339738969995
2020.851440429688 -33.496269226074 -36.736184887272096
2020.917236328125 -36.194843292236 -35.57534032931079
2020.950073242188 -35.662658691406 -35.12664286034001
2020.98291015625 -34.837005615234 -34.75439947295555
2021.013671875 -33.790096282959 -34.35230591917556
2021.046508789062 -29.160190582275 -34.08793222493383
2021.079345703125 -33.119972229004 -34.0732268531907
2021.1123046875 -32.015483856201 -34.080249100397126
2021.145141601562 -33.595947265625 -34.186574487346796
2021.177978515625 -33.314636230469 -34.366925450357385
2021.210815429688 -34.526973724365 -34.61992603134584
2021.24365234375 -29.828420639038 -34.83543427750465
2021.276489257812 -37.249652862549 -35.33407115295108
2021.309326171875 -38.114765167236 -35.96675411895445
2021.34228515625 -36.342552185059 -36.71043822156887
2021.358642578125 -36.950229644775 -37.14737450539617
2021.391479492188 -34.562965393066 -37.929517170807436
2021.407958984375 -36.442359924316 -38.30031574872893
2021.440795898438 -38.226879119873 -38.954356816374904
2021.4736328125 -39.216911315918 -39.442639000869306
2021.506469726562 -42.071556091309 -39.754047219213625
2021.539306640625 -47.241577148438 -39.9548387888108
2021.572265625 -45.347076416016 -39.97539012651387
2021.605102539062 -49.154258728027 -40.21550517617673
2021.637939453125 -42.71452331543 -40.41329420498881
2021.670776367188 -33.232292175293 -40.529774280010685
2021.736450195312 -41.516460418701 -40.33980722613794
2021.769287109375 -38.987651824951 -40.26567827435822
2021.80224609375 -40.372207641602 -40.084562335319916
2021.835083007812 -37.666492462158 -39.877488688354916
2021.867919921875 -45.24739074707 -39.66156895207976
2021.966430664062 -36.447048187256 -39.02830727601605
2022.0 -36.476257324219 -38.905277093872904
2022.065673828125 -41.428123474121 -38.68057067222016
2022.098510742188 -38.305976867676 -38.66297692856438
2022.197143554688 -30.891714096069 -38.65338102199889
2022.22998046875 -40.689804077148 -38.702642481957675
2022.262817382812 -27.707378387451 -38.83322607876716
2022.295654296875 -34.423183441162 -39.20992465957102
2022.328491210938 -34.102699279785 -40.03532821024972
2022.394287109375 -49.763187408447 -42.0825466214141
2022.558471679688 -61.930618286133 -44.481883020521884
2022.591430664062 -29.166048049927 -45.08783182991452
2022.68994140625 -69.86548614502 -48.531062955504666
2022.722778320312 -64.237617492676 -50.62278244728871
2022.821411132812 -49.206859588623 -53.057944728717025
2022.854248046875 -54.099529266357 -52.03428427438336
2022.887084960938 -52.522514343262 -50.7900685042951
2022.919921875 -51.515186309814 -49.64396585243796
2022.952758789062 -49.967296600342 -48.52288863357275
2022.985595703125 -46.161201477051 -47.45938846681291
2023.019165039062 -45.278953552246 -46.517441587180144
2023.052001953125 -40.934299468994 -45.58029438716287
2023.084838867188 -42.07275390625 -44.89673634310804
2023.11767578125 -44.855442047119 -44.51777360889719
2023.150634765625 -41.242076873779 -43.99296050944129
2023.183471679688 -42.040786743164 -43.65198757373462
2023.21630859375 -34.587142944336 -43.30427522866618
2023.249145507812 -37.223461151123 -42.96197317484418
2023.281982421875 -39.589279174805 -42.633359761995365
2023.314819335938 -45.035549163818 -42.32541090238551
2023.34765625 -41.562919616699 -42.043912213874336
2023.380615234375 -49.264682769775 -41.790789530845466
2023.413452148438 -47.302017211914 -41.56905699048202
2023.4462890625 -35.165641784668 -41.37536602420329
2023.57763671875 -61.980167388916 -40.794281887135796
