2014.804931640625 0.0 10.924907243540572
2014.837768554688 15.24550151825 10.279114003757705
2014.903442382812 10.651785850525 8.992472126752716
2014.96923828125 8.282274246216 7.709778180447807
2015.03564453125 1.749081730843 6.420873024226813
2015.101318359375 6.043786525726 5.1508709036497455
2015.265625 0.513284683228 1.9891541932522132
2015.331298828125 -1.256741881371 0.7292552299384965
2015.39697265625 7.476097583771 -0.5296797460781499
2016.021850585938 -13.474982261658 -12.369614685039512
2016.1533203125 -11.684055328369 -14.590507278398276
2016.350463867188 -18.698373794556 -17.979639367252297
2016.416137695312 3.237535715103 -19.055657286350193
2016.547607421875 -30.545722961426 -21.346971595735845
2016.744750976562 -26.190132141113 -25.570120454017275
2016.777587890625 -30.002235412598 -26.14405553195511
2016.810424804688 -25.534852981567 -26.60049650859832
2016.84326171875 -27.343255996704 -26.638669750078506
2016.876098632812 -26.614671707153 -26.528097639038112
2016.908935546875 -26.214395523071 -26.438423633405403
2016.941772460938 -25.932405471802 -26.366353881929978
2016.974731445312 -25.894990921021 -26.299040489764586
2017.005493164062 -26.311376571655 -26.277618889728952
2017.038330078125 -26.322818756104 -26.23219282263693
2017.071166992188 -25.053255081177 -26.193941474575897
2017.10400390625 -25.784217834473 -26.28958135075433
2017.136840820312 -25.977344512939 -26.513874150754173
2017.169799804688 -25.830219268799 -26.84052903355363
2017.20263671875 -27.011583328247 -27.309247550328113
2017.235473632812 -25.075517654419 -27.94118232105437
2017.268310546875 -26.442499160767 -28.71965180971811
2017.301147460938 -27.852993011475 -29.604486744576253
2017.333984375 -28.757360458374 -30.579846572581662
2017.366821289062 -26.121841430664 -31.64095707422038
2017.399780273438 -33.74129486084 -32.77750256008371
2017.4326171875 -33.57787322998 -33.972764436621944
2017.498291015625 -38.055576324463 -36.52929490524755
2017.531127929688 -38.174072265625 -37.84716327053118
2017.56396484375 -38.907173156738 -39.14912174053675
2017.596801757812 -39.452224731445 -40.39121303983528
2017.629760742188 -44.205299377441 -41.54425423712782
2017.66259765625 -44.773902893066 -42.57662420841434
2017.695434570312 -43.051532745361 -43.49444620348458
2017.728271484375 -45.649261474609 -44.30518128875513
2017.761108398438 -46.794834136963 -45.01795446542471
2017.7939453125 -47.079330444336 -45.64574911210763
2017.826782226562 -45.835380554199 -46.20290877626078
2017.859741210938 -49.383171081543 -46.68085286643467
2017.892578125 -47.562301635742 -47.05638174654248
2017.925415039062 -47.384189605713 -47.344105491720406
2017.958251953125 -47.568153381348 -47.57821581559495
2017.991088867188 -47.839294433594 -47.792445517759965
2018.024658203125 -48.207565307617 -47.99542052429618
2018.057495117188 -48.126190185547 -48.1884325510915
2018.09033203125 -48.531574249268 -48.41754134299504
2018.123168945312 -48.515102386475 -48.70852868389824
2018.156005859375 -46.961208343506 -49.07816537999836
2018.18896484375 -48.452960968018 -49.537951119474954
2018.221801757812 -47.375007629395 -50.13973692635913
2018.254638671875 -51.479583740234 -50.921070436352416
2018.287475585938 -50.969039916992 -51.88483611553716
2018.3203125 -48.252048492432 -52.99079244697121
2018.353149414062 -43.876628875732 -54.20779404867695
2018.385986328125 -55.48558807373 -55.51892680282064
2018.4189453125 -51.552165985107 -56.91504043635907
2018.451782226562 -55.81530380249 -58.37647367651944
2018.484619140625 -73.039268493652 -59.896519368001904
2018.517456054688 -64.798057556152 -61.46913658868267
2018.55029296875 -60.729118347168 -63.09708885922338
2018.583129882812 -64.116821289062 -64.768597671175
2018.615966796875 -66.327667236328 -66.45521300418046
2018.64892578125 -70.916473388672 -68.0957171251369
2018.681762695312 -73.444061279297 -69.63395920447992
2018.714599609375 -64.742576599121 -71.06267040761689
2018.747436523438 -72.400375366211 -72.36407979821988
2018.7802734375 -75.436515808105 -73.56298568154502
2018.813110351562 -77.711616516113 -74.64984781263615
2018.845947265625 -78.596900939941 -75.76813176592465
2018.87890625 -77.316101074219 -76.75098259511134
2018.911743164062 -78.358436584473 -77.43854783696261
2018.944580078125 -77.799362182617 -78.04363071736623
2018.977416992188 -78.132286071777 -78.5483278520984
2019.010986328125 -78.611351013184 -78.92083066512006
2019.043823242188 -79.49755859375 -79.20976196181121
2019.109497070312 -80.373252868652 -79.76496547538399
2019.1259765625 -80.251083374023 -79.9307818002253
2019.142333984375 -81.012596130371 -80.08231225632547
2019.175170898438 -80.340599060059 -80.38756036418977
2019.191650390625 -80.073577880859 -80.51535450032065
2019.208129882812 -80.002372741699 -80.63676532845913
2019.224487304688 -80.702049255371 -80.74151818054949
2019.240966796875 -80.545433044434 -80.86906183591908
2019.25732421875 -80.558815002441 -81.01935923155357
2019.273803710938 -81.173843383789 -81.14444509967164
2019.290161132812 -79.942985534668 -81.29093734117119
2019.306640625 -82.317329406738 -81.53678566179856
2019.323120117188 -83.035858154297 -81.81179899981828
2019.339477539062 -81.505737304688 -82.08835962787093
2019.35595703125 -80.744247436523 -82.3556291681296
2019.372314453125 -81.16828918457 -82.60642706536319
2019.388793945312 -84.513069152832 -82.86951664014812
2019.405151367188 -82.167190551758 -83.24320221879528
2019.421630859375 -85.442443847656 -83.68127372248935
2019.438110351562 -84.263900756836 -84.22645497001459
2019.454467773438 -85.42992401123 -84.88028218404651
2019.470947265625 -79.662391662598 -85.62191466719368
2019.4873046875 -81.56526184082 -86.40146839534657
2019.503784179688 -83.335372924805 -87.29898001509844
2019.520141601562 -81.251274108887 -88.05307157667603
2019.53662109375 -89.016815185547 -88.8289014769824
2019.569458007812 -93.011917114258 -90.4326225433481
2019.602294921875 -92.091995239258 -92.15473956499592
2019.618774414062 -93.0537109375 -93.03468114699119
2019.635131835938 -95.007713317871 -93.93957898707758
2019.651611328125 -96.88062286377 -94.80144681699026
2019.668090820312 -93.669731140137 -95.6822697285092
2019.71728515625 -99.456275939941 -97.88706087710828
2019.733764648438 -98.762161254883 -98.54726749282018
2019.750122070312 -101.115570068359 -99.10288273074029
2019.7666015625 -98.743995666504 -99.69580582027437
2019.799438476562 -101.952575683594 -100.69645280677545
2019.832275390625 -108.565093994141 -101.63302789649615
2019.865112304688 -102.977386474609 -102.44998018048902
2019.898071289062 -103.546531677246 -103.14359507226506
2019.930908203125 -105.45393371582 -103.67797628107083
2019.963745117188 -105.977142333984 -104.01148175197943
2019.99658203125 -105.11572265625 -104.26485756617045
2020.030151367188 -105.420547485352 -104.62553562562765
2020.06298828125 -104.706718444824 -104.65471376264121
2020.095825195312 -104.535690307617 -104.66598191689086
2020.128662109375 -105.32039642334 -104.66199604876651
2020.161499023438 -104.749740600586 -104.69120595285051
2020.177978515625 -104.545585632324 -104.77687663531209
2020.1943359375 -105.301116943359 -104.78141249503864
2020.227294921875 -102.036361694336 -105.00536422601601
2020.260131835938 -101.067794799805 -105.46782592132197
2020.29296875 -104.849189758301 -106.03093605772402
2020.325805664062 -102.78084564209 -106.84301046646293
2020.358642578125 -107.798629760742 -108.26505159197833
2020.391479492188 -105.51953125 -109.88748233705482
2020.42431640625 -108.161750793457 -111.62170861794134
2020.457275390625 -109.064971923828 -113.61901074275785
2020.490112304688 -111.995025634766 -115.90287159445816
2020.52294921875 -120.32494354248 -118.29915097833273
2020.555786132812 -116.747917175293 -120.75604423515158
2020.572265625 -124.51163482666 -121.96656032930815
2020.588623046875 -128.724884033203 -123.09861054468925
2020.605102539062 -125.354835510254 -124.3648498214404
2020.621459960938 -127.648948669434 -125.41083553616372
2020.654296875 -131.061279296875 -127.54885362664318
2020.687255859375 -132.172027587891 -129.39790667352062
2020.70361328125 -132.774688720703 -130.3381179614266
2020.720092773438 -131.998382568359 -130.8438729209459
2020.7529296875 -134.495132446289 -131.97994869190083
2020.785766601562 -134.747894287109 -132.89964582914118
2020.818603515625 -135.129104614258 -133.670286751609
2020.851440429688 -135.106094360352 -134.3142887578567
2020.917236328125 -135.009765625 -135.27339248851712
2020.950073242188 -135.413940429688 -135.68777190495163
2020.98291015625 -135.838531494141 -136.17447782053026
2021.013671875 -135.825424194336 -136.60989153635984
2021.046508789062 -135.847244262695 -137.27903583319446
2021.079345703125 -137.335372924805 -138.31894798222456
2021.1123046875 -136.225524902344 -139.4301772521298
2021.145141601562 -138.171371459961 -140.70770710820562
2021.177978515625 -139.806549072266 -142.12253562866144
2021.210815429688 -140.864471435547 -143.62959975522037
2021.24365234375 -140.410858154297 -144.9998556936877
2021.276489257812 -145.283203125 -146.7518935429452
2021.309326171875 -149.157821655273 -148.6623806635957
2021.34228515625 -151.029037475586 -150.73508395524786
2021.358642578125 -155.547225952148 -151.8009734596839
2021.391479492188 -151.880325317383 -153.8819992996366
2021.407958984375 -156.556259155273 -154.83058191089017
2021.440795898438 -156.456146240234 -156.72161460268958
2021.4736328125 -159.505111694336 -158.28127327785475
2021.506469726562 -180.531127929688 -159.4127686484349
2021.539306640625 -169.264312744141 -160.24834676819174
2021.572265625 -166.123336791992 -160.57761620670092
2021.605102539062 -177.793609619141 -161.4281672878042
2021.637939453125 -168.378677368164 -162.24105332731426
2021.670776367188 -166.651000976562 -163.01039522548083
2021.736450195312 -173.243896484375 -163.9564449456149
2021.769287109375 -164.095230102539 -164.38952258446557
2021.80224609375 -165.494659423828 -164.45649175543286
2021.835083007812 -162.381896972656 -164.3864942818403
2021.867919921875 -165.725616455078 -163.97892442346387
2021.966430664062 -164.229019165039 -162.61559063468795
2022.0 -167.604507446289 -162.23767461433826
2022.065673828125 -158.796127319336 -161.5024231173746
2022.098510742188 -153.537078857422 -161.2547068514355
2022.197143554688 -157.110076904297 -160.6269002328009
2022.22998046875 -156.733535766602 -160.44298271470896
2022.262817382812 -160.486679077148 -160.29140556523149
2022.295654296875 -157.639938354492 -160.20298921770453
2022.328491210938 -157.437484741211 -160.21824069635957
2022.394287109375 -162.695114135742 -160.5509614832066
2022.558471679688 -162.713180541992 -162.2897584059815
2022.591430664062 -172.872131347656 -162.72295174520758
2022.68994140625 -155.074310302734 -164.11535707281948
2022.722778320312 -160.212188720703 -164.51228489360923
2022.821411132812 -165.295104980469 -165.8572321896535
2022.854248046875 -164.849273681641 -166.5850308216942
2022.887084960938 -166.640609741211 -167.47662432738787
2022.919921875 -167.644165039062 -168.33973966115553
2022.952758789062 -168.955383300781 -169.40053113404957
2022.985595703125 -169.846939086914 -170.71065748794223
2023.019165039062 -172.836685180664 -172.0697241003836
2023.052001953125 -173.102203369141 -173.39479406075296
2023.084838867188 -174.754837036133 -174.72534760462685
2023.11767578125 -175.992767333984 -176.05108329339575
2023.150634765625 -177.799850463867 -177.38438840894506
2023.183471679688 -180.439010620117 -178.7317411034026
2023.21630859375 -179.73518371582 -180.1488913599537
2023.249145507812 -179.006942749023 -181.61407899851275
2023.281982421875 -183.168014526367 -183.10084328338374
2023.314819335938 -185.438293457031 -184.59499619669182
2023.34765625 -185.422821044922 -186.08991628769024
2023.380615234375 -183.519012451172 -187.5882616426437
2023.413452148438 -199.624801635742 -189.0786142389278
2023.4462890625 -189.456909179688 -190.56812111629287
2023.57763671875 -201.790451049805 -196.56685587838464
