2014.804931640625 -0.0 -0.5198806274789202
2014.837768554688 -6.688258171082 -0.6564838006025892
2014.903442382812 0.299646288157 -0.9345695113690901
2014.96923828125 -3.985319137573 -1.2200536297506954
2015.03564453125 15.669889450073 -1.5157431309922278
2015.101318359375 -17.000110626221 -1.815708930467255
2015.265625 28.773324966431 -2.597003230790679
2015.331298828125 1.913016080856 -2.919753410529664
2015.39697265625 -30.781923294067 -3.2465665457314534
2016.021850585938 -1.953069329262 -4.751705476599474
2016.1533203125 -21.964366912842 -6.2555790525529
2016.350463867188 -8.952878952026 -8.19691889586366
2016.416137695312 -32.961524963379 -8.87703036110516
2016.547607421875 -13.322268486023 -10.344786439574117
2016.744750976562 -5.680713176727 -11.868722856747395
2016.777587890625 -11.709398269653 -12.057812252463497
2016.810424804688 -12.056651115417 -12.218972929507895
2016.84326171875 -8.049565315247 -12.400990029193618
2016.876098632812 -13.782000541687 -12.69924604726813
2016.908935546875 -10.710671424866 -13.057147282838015
2016.941772460938 -14.046035766602 -13.409217917552798
2016.974731445312 -14.165596961975 -13.901970056781488
2017.005493164062 -13.645956993103 -14.37453793897241
2017.038330078125 -16.083837509155 -14.888331075953115
2017.071166992188 -16.289543151855 -15.398044906882074
2017.10400390625 -15.430438041687 -15.855383232426885
2017.136840820312 -16.300813674927 -16.29371806141367
2017.169799804688 -18.027740478516 -16.721585074084935
2017.20263671875 -18.077020645142 -17.125410824274674
2017.235473632812 -17.550819396973 -17.49784221802217
2017.268310546875 -16.422529220581 -17.84414805119762
2017.301147460938 -19.760953903198 -18.17735557385821
2017.333984375 -16.278263092041 -18.52795227285915
2017.366821289062 -17.700860977173 -18.909448008083714
2017.399780273438 -22.342132568359 -19.31749824769245
2017.4326171875 -18.96572303772 -19.7288600607497
2017.498291015625 -31.264785766602 -20.501233769243246
2017.531127929688 -17.066013336182 -20.86461477351404
2017.56396484375 -26.106462478638 -21.208931675043594
2017.596801757812 -19.766120910645 -21.52517448470938
2017.629760742188 -24.391626358032 -21.805938291712494
2017.66259765625 -22.826835632324 -22.03316435856286
2017.695434570312 -23.655303955078 -22.16792699734428
2017.728271484375 -23.148590087891 -22.175352782187836
2017.761108398438 -22.473382949829 -22.045887814584862
2017.7939453125 -22.620140075684 -21.792483881780953
2017.826782226562 -22.633632659912 -21.45856440757022
2017.859741210938 -21.858673095703 -21.06538226506318
2017.892578125 -20.841482162476 -20.625515608085596
2017.925415039062 -20.527202606201 -20.157879985378987
2017.958251953125 -19.853921890259 -19.670920120486958
2017.991088867188 -18.301546096802 -19.188716473735447
2018.024658203125 -18.323608398438 -18.742265333586953
2018.057495117188 -17.345678329468 -18.403289050749034
2018.09033203125 -17.177787780762 -18.20941871321118
2018.123168945312 -17.016597747803 -18.20901738069775
2018.156005859375 -15.678213119507 -18.417204506478335
2018.18896484375 -18.092300415039 -18.81978821720129
2018.221801757812 -14.504246711731 -19.405876313654975
2018.254638671875 -16.729690551758 -20.17227233447087
2018.287475585938 -16.392023086548 -21.108586511558226
2018.3203125 -20.008028030396 -22.185497046953447
2018.353149414062 -20.920240402222 -23.379165794089772
2018.385986328125 -22.447813034058 -24.63582104759759
2018.4189453125 -27.417427062988 -25.910338531272597
2018.451782226562 -27.676244735718 -27.164491871056814
2018.484619140625 -32.406898498535 -28.38418946718095
2018.517456054688 -33.6340675354 -29.56071097160795
2018.55029296875 -35.157913208008 -30.663200873821967
2018.583129882812 -33.616966247559 -31.6541694512729
2018.615966796875 -46.308967590332 -32.51437607991616
2018.64892578125 -35.238861083984 -33.22912514874589
2018.681762695312 -32.732177734375 -33.7749597563329
2018.714599609375 -35.122192382812 -34.13573978111857
2018.747436523438 -35.736957550049 -34.31311012026055
2018.7802734375 -33.458606719971 -34.345281276282485
2018.813110351562 -38.368087768555 -34.26172558379204
2018.845947265625 -34.394268035889 -34.153323958817616
2018.87890625 -34.830459594727 -34.00875417715277
2018.911743164062 -34.23051071167 -33.8176263963166
2018.944580078125 -33.02912902832 -33.62661491792493
2018.977416992188 -33.148517608643 -33.38824510873237
2019.010986328125 -31.631883621216 -33.16366267982895
2019.043823242188 -32.657176971436 -32.9205078824565
2019.109497070312 -32.632183074951 -32.728307511931284
2019.1259765625 -31.999116897583 -32.68497876253166
2019.142333984375 -33.116207122803 -32.76641344742407
2019.175170898438 -31.5612449646 -32.97552496880352
2019.191650390625 -30.45760345459 -33.19771437190978
2019.208129882812 -32.369976043701 -33.488482789381024
2019.224487304688 -33.142669677734 -33.75446021566548
2019.240966796875 -34.470207214355 -34.1906980057018
2019.25732421875 -34.516448974609 -34.707533079607735
2019.273803710938 -34.099445343018 -35.165683644910914
2019.290161132812 -35.818641662598 -35.70272176475987
2019.306640625 -35.892242431641 -36.48560502104354
2019.323120117188 -36.814960479736 -37.35206848727767
2019.339477539062 -36.76212310791 -38.26106895336697
2019.35595703125 -37.048324584961 -39.20100942929715
2019.372314453125 -38.577247619629 -40.13320681347633
2019.388793945312 -41.314754486084 -41.075673137585824
2019.405151367188 -42.825534820557 -42.005566503821605
2019.421630859375 -42.877838134766 -42.93545212858188
2019.438110351562 -47.174724578857 -43.867811770792855
2019.454467773438 -44.931262969971 -44.76893518192962
2019.470947265625 -47.702606201172 -45.62599071564472
2019.4873046875 -49.16580581665 -46.386235474976964
2019.503784179688 -46.157569885254 -46.88603089446604
2019.520141601562 -46.011528015137 -47.49185291211524
2019.53662109375 -56.774269104004 -48.023369436524696
2019.569458007812 -49.74613571167 -48.82153690048663
2019.602294921875 -56.266933441162 -49.30940997790908
2019.618774414062 -51.37141418457 -49.56880347187072
2019.635131835938 -53.778663635254 -49.79049042644516
2019.651611328125 -49.271831512451 -49.84760339955293
2019.668090820312 -49.580974578857 -49.98142458209468
2019.71728515625 -50.237064361572 -49.91021216007627
2019.733764648438 -49.12085723877 -49.79926649212973
2019.750122070312 -53.49418258667 -49.53008056425095
2019.7666015625 -51.086219787598 -49.306539986537054
2019.799438476562 -48.506076812744 -48.673433614959364
2019.832275390625 -48.47322845459 -48.03322972647912
2019.865112304688 -46.965900421143 -47.39675510465378
2019.898071289062 -47.868629455566 -46.79087155803921
2019.930908203125 -46.182540893555 -46.23044933744147
2019.963745117188 -43.362133026123 -45.76198425700403
2019.99658203125 -44.035747528076 -45.35213272945502
2020.030151367188 -42.507778167725 -44.83311289700735
2020.06298828125 -44.12629699707 -44.62075000709484
2020.095825195312 -44.402412414551 -44.44966445213584
2020.128662109375 -44.025230407715 -44.388285868346415
2020.161499023438 -43.011219024658 -44.429029417537926
2020.177978515625 -44.069107055664 -44.5282101149818
2020.1943359375 -43.348960876465 -44.55693076776963
2020.227294921875 -43.494495391846 -44.759930073928075
2020.260131835938 -47.106956481934 -45.00741720374436
2020.29296875 -45.159126281738 -45.274743896353066
2020.325805664062 -47.107219696045 -45.577614630900484
2020.358642578125 -45.313529968262 -45.95657742591963
2020.391479492188 -46.356700897217 -46.41977305971158
2020.42431640625 -45.137531280518 -46.92457491060943
2020.457275390625 -46.464237213135 -47.41374308366709
2020.490112304688 -48.574268341064 -47.86055185800189
2020.52294921875 -46.973720550537 -48.291512516487764
2020.555786132812 -45.641990661621 -48.74933675817848
2020.572265625 -55.578414916992 -48.978999875062975
2020.588623046875 -55.101749420166 -49.19183831421011
2020.605102539062 -50.07027053833 -49.4439746630039
2020.621459960938 -54.523120880127 -49.63895527585763
2020.654296875 -51.201591491699 -50.055484327307205
2020.687255859375 -46.41149520874 -50.40299979410592
2020.70361328125 -51.930194854736 -50.59317995132334
2020.720092773438 -48.999614715576 -50.64051294949979
2020.7529296875 -51.687000274658 -50.77514311626672
2020.785766601562 -53.847747802734 -50.81674385752188
2020.818603515625 -51.691326141357 -50.78051705068481
2020.851440429688 -49.718406677246 -50.688022396865115
2020.917236328125 -50.780578613281 -50.512011897696055
2020.950073242188 -50.349605560303 -50.44780607596054
2020.98291015625 -51.482368469238 -50.40027254719272
2021.013671875 -49.531829833984 -50.335980785819
2021.046508789062 -48.613288879395 -50.312058943189435
2021.079345703125 -49.08092880249 -50.42546465262563
2021.1123046875 -49.111015319824 -50.56305079647055
2021.145141601562 -51.654651641846 -50.78791755966849
2021.177978515625 -51.11975479126 -51.10684022645342
2021.210815429688 -49.333850860596 -51.51403074514204
2021.24365234375 -49.740161895752 -51.87923384512883
2021.276489257812 -51.288707733154 -52.51138200705298
2021.309326171875 -55.90461730957 -53.264536672344526
2021.34228515625 -51.538768768311 -54.12935488878031
2021.358642578125 -55.260612487793 -54.639009876300946
2021.391479492188 -48.937244415283 -55.55940428100641
2021.407958984375 -52.746555328369 -55.98084571189741
2021.440795898438 -55.830341339111 -56.76608963663452
2021.4736328125 -60.811443328857 -57.4788397412458
2021.506469726562 -70.846389770508 -58.144914958692354
2021.539306640625 -62.032051086426 -58.78347263692787
2021.572265625 -75.373352050781 -59.28260833344826
2021.605102539062 -69.211097717285 -59.93641957007212
2021.637939453125 -63.781749725342 -60.553228925118745
2021.670776367188 -58.046539306641 -61.11401599051697
2021.736450195312 -58.856761932373 -61.85470313369209
2021.769287109375 -65.883995056152 -62.20245216455232
2021.80224609375 -63.477321624756 -62.438613924165665
2021.835083007812 -61.72546005249 -62.64344457137553
2021.867919921875 -64.195838928223 -62.76408765227079
2021.966430664062 -61.777656555176 -62.87321854544631
2022.0 -63.032241821289 -62.89980934479812
2022.065673828125 -64.36083984375 -63.03425381596244
2022.098510742188 -65.044090270996 -63.20593782146816
2022.197143554688 -60.468578338623 -63.95738555757591
2022.22998046875 -64.359718322754 -64.2642480005964
2022.262817382812 -58.006282806396 -64.62320579643445
2022.295654296875 -60.189609527588 -65.05612066788697
2022.328491210938 -58.076557159424 -65.57898954422889
2022.394287109375 -68.500335693359 -66.71213288582342
2022.558471679688 -72.353492736816 -68.88203915572886
2022.591430664062 -48.504825592041 -69.51739274664172
2022.68994140625 -78.306106567383 -71.90899572705568
2022.722778320312 -82.165061950684 -72.64176021570805
2022.821411132812 -71.741493225098 -73.77731866917077
2022.854248046875 -75.77774810791 -73.79453541509477
2022.887084960938 -76.068878173828 -73.68460361361919
2022.919921875 -73.982444763184 -73.60341982963482
2022.952758789062 -75.640823364258 -73.45956442388976
2022.985595703125 -71.345779418945 -73.27839125638555
2023.019165039062 -71.412696838379 -73.16382212988249
2023.052001953125 -71.645782470703 -73.04848439003688
2023.084838867188 -71.610420227051 -73.07511969799354
2023.11767578125 -73.61791229248 -73.33701589719922
2023.150634765625 -71.543487548828 -73.52541537752523
2023.183471679688 -72.724044799805 -73.88040579438317
2023.21630859375 -71.815574645996 -74.24302723938268
2023.249145507812 -71.750610351562 -74.61411262585344
2023.281982421875 -73.704231262207 -74.99608262932487
2023.314819335938 -75.036689758301 -75.39190381928057
2023.34765625 -74.732429504395 -75.80446468749322
2023.380615234375 -79.537902832031 -76.2379378802151
2023.413452148438 -79.193267822266 -76.69119561127681
2023.4462890625 -78.795608520508 -77.16602088570795
2023.57763671875 -94.933685302734 -79.24169227813105
