2014.804931640625 0.0 17.299923722934217
2014.837768554688 16.289682388306 15.538019171774067
2014.903442382812 9.92795085907 12.009657134447139
2014.96923828125 7.460366249084 8.468033750318048
2015.03564453125 -3.656502008438 4.8863773671180475
2015.101318359375 8.830771446228 1.3371408172405599
2015.265625 -5.20929145813 -7.571703975070922
2015.331298828125 5.391200065613 -11.14290158190684
2015.39697265625 20.486511230469 -14.719311828573833
2016.021850585938 -53.773544311523 -47.62790983696221
2016.1533203125 -54.073581695557 -54.68292830888166
2016.350463867188 -62.967144012451 -67.69642934067704
2016.416137695312 -67.980758666992 -71.95921908567858
2016.547607421875 -81.86882019043 -80.55062786033258
2016.744750976562 -98.440582275391 -93.75479757048998
2016.777587890625 -96.935920715332 -95.69063876589843
2016.810424804688 -99.252151489258 -97.60672760968326
2016.84326171875 -101.736442565918 -99.43828974231683
2016.876098632812 -101.979934692383 -101.05532577397146
2016.908935546875 -101.856941223145 -102.5808816474352
2016.941772460938 -103.21940612793 -104.1065682759584
2016.974731445312 -104.058288574219 -105.49186845869677
2017.005493164062 -107.447402954102 -106.78541840937936
2017.038330078125 -110.121704101562 -108.14663050460871
2017.071166992188 -108.15161895752 -109.5156075633716
2017.10400390625 -110.469932556152 -111.01911351063004
2017.136840820312 -111.660995483398 -112.61439140694164
2017.169799804688 -113.125518798828 -114.27556807182154
2017.20263671875 -115.540901184082 -116.00245327968778
2017.235473632812 -116.213493347168 -117.80358443549036
2017.268310546875 -117.983741760254 -119.68897461591887
2017.301147460938 -120.341583251953 -121.66916316289941
2017.333984375 -123.492919921875 -123.7525271963613
2017.366821289062 -125.842430114746 -125.93322374839362
2017.399780273438 -127.936912536621 -128.1883201621789
2017.4326171875 -130.253448486328 -130.47736491995335
2017.498291015625 -134.564163208008 -135.15841314444742
2017.531127929688 -136.205917358398 -137.53120554212452
2017.56396484375 -140.447982788086 -139.90862471967245
2017.596801757812 -143.036148071289 -142.27160126320783
2017.629760742188 -146.829849243164 -144.613832322273
2017.66259765625 -147.647445678711 -146.9031114740357
2017.695434570312 -146.440185546875 -149.1348183446628
2017.728271484375 -151.314849853516 -151.2893345065456
2017.761108398438 -155.129974365234 -153.35911263216002
2017.7939453125 -157.104278564453 -155.3505668291798
2017.826782226562 -158.370895385742 -157.27087002227577
2017.859741210938 -161.268341064453 -159.11987767070755
2017.892578125 -161.575988769531 -160.8726542671204
2017.925415039062 -163.362518310547 -162.5462829643043
2017.958251953125 -164.360916137695 -164.1481513180257
2017.991088867188 -165.788131713867 -165.6829307837878
2018.024658203125 -167.248077392578 -167.18317384034435
2018.057495117188 -169.030319213867 -168.60462651227044
2018.09033203125 -170.470993041992 -170.03736474497165
2018.123168945312 -171.498229980469 -171.54438844813228
2018.156005859375 -171.072784423828 -173.15850797171595
2018.18896484375 -174.043960571289 -174.88907382050238
2018.221801757812 -174.727554321289 -176.70675646302098
2018.254638671875 -177.853012084961 -178.5875494211049
2018.287475585938 -178.05680847168 -180.51116411512774
2018.3203125 -179.912658691406 -182.4770544024166
2018.353149414062 -179.105651855469 -184.51278343429283
2018.385986328125 -187.124267578125 -186.64513290420336
2018.4189453125 -188.941635131836 -188.89322707274155
2018.451782226562 -190.617050170898 -191.23879361929752
2018.484619140625 -194.579483032227 -193.67654859820442
2018.517456054688 -196.308181762695 -196.1874989611538
2018.55029296875 -197.586578369141 -198.74836609076385
2018.583129882812 -198.799423217773 -201.31418496236782
2018.615966796875 -201.319885253906 -203.83805215735399
2018.64892578125 -208.830932617188 -206.30263100648773
2018.681762695312 -210.943695068359 -208.69352137926828
2018.714599609375 -203.298675537109 -211.03988170945755
2018.747436523438 -213.826187133789 -213.36375090523418
2018.7802734375 -217.95051574707 -215.68541984351398
2018.813110351562 -219.856201171875 -217.97025320941447
2018.845947265625 -223.028259277344 -220.29432960967125
2018.87890625 -222.584564208984 -222.47413491882335
2018.911743164062 -224.238555908203 -224.40320988281312
2018.944580078125 -226.295196533203 -226.25279937145515
2018.977416992188 -227.509414672852 -228.03947116600835
2019.010986328125 -229.259201049805 -229.8082048166307
2019.043823242188 -231.883987426758 -231.49883529435306
2019.109497070312 -235.584045410156 -234.95114119752452
2019.1259765625 -235.895843505859 -235.84152612925647
2019.142333984375 -236.987991333008 -236.71855469144566
2019.175170898438 -238.705413818359 -238.4851674263076
2019.191650390625 -239.217681884766 -239.36471110064625
2019.208129882812 -239.393157958984 -240.24491620871967
2019.224487304688 -240.897933959961 -241.10357021566494
2019.240966796875 -242.084777832031 -241.99473155010054
2019.25732421875 -242.306976318359 -242.88878748298953
2019.273803710938 -243.469879150391 -243.77560817034185
2019.290161132812 -244.20491027832 -244.6721440921521
2019.306640625 -245.814178466797 -245.61316419878534
2019.323120117188 -246.757553100586 -246.5665551402858
2019.339477539062 -248.458206176758 -247.5219125999209
2019.35595703125 -247.641815185547 -248.49213374459566
2019.372314453125 -249.690582275391 -249.4640339779931
2019.388793945312 -251.304443359375 -250.47316296950507
2019.405151367188 -249.846252441406 -251.61170616188537
2019.421630859375 -252.691314697266 -252.78011530139224
2019.438110351562 -252.509170532227 -254.01169090425051
2019.454467773438 -255.815521240234 -255.30457533575208
2019.470947265625 -253.824508666992 -256.67880090463785
2019.4873046875 -256.475372314453 -258.0905992771902
2019.503784179688 -252.853149414062 -259.5782987728305
2019.520141601562 -254.63655090332 -260.9690483267248
2019.53662109375 -263.476867675781 -262.39190465703746
2019.569458007812 -267.062377929688 -265.30256807461814
2019.602294921875 -263.284271240234 -268.2471481168763
2019.618774414062 -268.894439697266 -269.73517270915687
2019.635131835938 -273.177429199219 -271.2127237955065
2019.651611328125 -273.978363037109 -272.62171160701104
2019.668090820312 -271.620086669922 -274.0592860140891
2019.71728515625 -279.659057617188 -277.9613874253112
2019.733764648438 -279.556457519531 -279.19439873506326
2019.750122070312 -283.044067382812 -280.32450634311806
2019.7666015625 -281.292083740234 -281.49034300468657
2019.799438476562 -284.359649658203 -283.6238247366152
2019.832275390625 -291.642639160156 -285.6802496828431
2019.865112304688 -288.828277587891 -287.59167331948333
2019.898071289062 -290.064178466797 -289.369933573353
2019.930908203125 -292.783020019531 -290.9634657215582
2019.963745117188 -294.133422851562 -292.31937690875895
2019.99658203125 -294.856231689453 -293.58824069068845
2020.030151367188 -295.926849365234 -295.01087149339855
2020.06298828125 -296.410827636719 -296.0145304423595
2020.095825195312 -296.977386474609 -296.96807709344296
2020.128662109375 -298.564605712891 -297.8485419695131
2020.161499023438 -299.100006103516 -298.70378572552397
2020.177978515625 -299.250701904297 -299.1387149702018
2020.1943359375 -299.992553710938 -299.55381976835184
2020.227294921875 -299.528381347656 -300.47643012386
2020.260131835938 -298.956115722656 -301.5894973591905
2020.29296875 -301.154571533203 -302.81361470071363
2020.325805664062 -302.2958984375 -304.2535413645763
2020.358642578125 -305.184753417969 -306.1752900455835
2020.391479492188 -304.714202880859 -308.16455304141425
2020.42431640625 -307.007446289062 -310.18244549213927
2020.457275390625 -307.206115722656 -312.3812804527776
2020.490112304688 -312.309295654297 -314.8314674070975
2020.52294921875 -316.672760009766 -317.4427351014799
2020.555786132812 -318.819976806641 -320.18094069041547
2020.572265625 -321.575286865234 -321.66584018386294
2020.588623046875 -326.120727539062 -323.13367249306066
2020.605102539062 -325.102447509766 -324.5630587909144
2020.621459960938 -325.988067626953 -326.0326323068325
2020.654296875 -329.759155273438 -328.9072858682426
2020.687255859375 -331.998443603516 -331.59617324277104
2020.70361328125 -334.820526123047 -332.9439804279415
2020.720092773438 -335.290100097656 -333.9794129607754
2020.7529296875 -337.315490722656 -336.1465776172272
2020.785766601562 -340.578155517578 -338.19147172442223
2020.818603515625 -342.805419921875 -340.1633468500944
2020.851440429688 -345.101501464844 -342.0675511581932
2020.917236328125 -345.661590576172 -345.6238652720676
2020.950073242188 -346.987121582031 -347.2256730478455
2020.98291015625 -349.149719238281 -348.80427006172715
2021.013671875 -349.670715332031 -350.2825860608672
2021.046508789062 -351.887664794922 -351.85993795355915
2021.079345703125 -352.819763183594 -353.6473997216317
2021.1123046875 -353.517974853516 -355.5063964599686
2021.145141601562 -356.702880859375 -357.4523294920027
2021.177978515625 -357.861419677734 -359.4657687671934
2021.210815429688 -359.662780761719 -361.5219989657798
2021.24365234375 -358.460693359375 -363.49290464085675
2021.276489257812 -363.310363769531 -365.67718143335856
2021.309326171875 -368.467834472656 -367.9563232056981
2021.34228515625 -370.778991699219 -370.3413244278551
2021.358642578125 -372.690338134766 -371.56116012014246
2021.391479492188 -373.750549316406 -373.96420285649475
2021.407958984375 -374.843933105469 -375.12463056673835
2021.440795898438 -376.482086181641 -377.44335380010955
2021.4736328125 -381.6474609375 -379.62540613635997
2021.506469726562 -395.875701904297 -381.6197528781676
2021.539306640625 -390.692047119141 -383.45791350780036
2021.572265625 -387.803131103516 -385.0310268097806
2021.605102539062 -398.250732421875 -386.8317626040514
2021.637939453125 -391.949493408203 -388.5894072761913
2021.670776367188 -391.470947265625 -390.28665050410007
2021.736450195312 -398.479034423828 -393.2087011644081
2021.769287109375 -394.881652832031 -394.680368525692
2021.80224609375 -396.854217529297 -395.92250633782857
2021.835083007812 -395.621765136719 -397.1323081040716
2021.867919921875 -400.626922607422 -398.189258907761
2021.966430664062 -401.391906738281 -401.1676698523118
2022.0 -402.485748291016 -402.1205960054127
2022.065673828125 -403.1201171875 -404.01501484558884
2022.098510742188 -405.156555175781 -404.94705539456885
2022.197143554688 -407.7578125 -407.8156974154929
2022.22998046875 -411.246246337891 -408.77497057635804
2022.262817382812 -409.967956542969 -409.7374675877828
2022.295654296875 -409.256958007812 -410.7092098015661
2022.328491210938 -409.628967285156 -411.697785669663
2022.394287109375 -413.468170166016 -413.7449400619173
2022.558471679688 -419.821472167969 -419.1386247631081
2022.591430664062 -426.532287597656 -420.18033307548563
2022.68994140625 -414.677612304688 -423.52469541203146
2022.722778320312 -422.525482177734 -424.6787445354707
2022.821411132812 -427.817596435547 -428.27759586182003
2022.854248046875 -428.241088867188 -429.66355260110856
2022.887084960938 -430.201202392578 -431.1828180372339
2022.919921875 -431.452270507812 -432.6822143370465
2022.952758789062 -433.758941650391 -434.34353840239805
2022.985595703125 -435.974639892578 -436.25594949184944
2023.019165039062 -438.082122802734 -438.2633687497086
2023.052001953125 -439.470306396484 -440.2118946557562
2023.084838867188 -441.855712890625 -442.23274054859826
2023.11767578125 -443.896636962891 -444.2903848879181
2023.150634765625 -446.211303710938 -446.3434210441121
2023.183471679688 -448.714630126953 -448.4053500741958
2023.21630859375 -450.505889892578 -450.4692226255428
2023.249145507812 -452.018005371094 -452.53643375702745
2023.281982421875 -455.140655517578 -454.60744193015427
2023.314819335938 -458.819519042969 -456.68238335446375
2023.34765625 -458.468597412109 -458.7604588351786
2023.380615234375 -458.469940185547 -460.8472127521944
2023.413452148438 -476.092498779297 -462.92539173736486
2023.4462890625 -457.684326171875 -465.0022370917414
2023.57763671875 -481.293640136719 -473.2948199593209
