2014.804931640625 -0.0 -14.75694837811169
2014.837768554688 -7.148192405701 -15.885285787967709
2014.903442382812 -14.473489761353 -18.12032522998805
2014.96923828125 -20.922956466675 -20.33063648332858
2015.03564453125 -21.666471481323 -22.532936290076016
2015.101318359375 -28.085916519165 -24.683832054362945
2015.265625 -31.5231590271 -29.955335933298674
2015.331298828125 -35.938507080078 -32.02195368125052
2015.39697265625 -39.009490966797 -34.06754868641853
2016.021850585938 -67.61483001709 -52.0037535715593
2016.1533203125 -54.846374511719 -55.663068359384965
2016.350463867188 -80.872756958008 -61.01458730704868
2016.416137695312 -75.44921875 -61.9114172790183
2016.547607421875 -67.137763977051 -63.93242944138159
2016.744750976562 -64.920677185059 -66.38082089489367
2016.777587890625 -64.639495849609 -66.53809019166835
2016.810424804688 -73.431594848633 -66.70998247969462
2016.84326171875 -65.028549194336 -66.93377332222785
2016.876098632812 -63.41678237915 -67.36926713287934
2016.908935546875 -66.293151855469 -67.95714335583546
2016.941772460938 -67.426475524902 -68.54840250219098
2016.974731445312 -68.97127532959 -69.34572994964782
2017.005493164062 -68.230361938477 -70.23927722844707
2017.038330078125 -70.463348388672 -71.12990566103785
2017.071166992188 -71.628639221191 -72.05140138062058
2017.10400390625 -72.978973388672 -73.14170292370103
2017.136840820312 -69.572189331055 -74.29703632591014
2017.169799804688 -80.697204589844 -75.50113540878691
2017.20263671875 -79.52734375 -76.7369634372061
2017.235473632812 -74.76358795166 -77.9933234914662
2017.268310546875 -80.938682556152 -79.23610044796801
2017.301147460938 -80.055267333984 -80.42400428118063
2017.333984375 -80.193885803223 -81.55033835569222
2017.366821289062 -83.860969543457 -82.6116594846647
2017.399780273438 -82.574630737305 -83.59760263883186
2017.4326171875 -86.679740905762 -84.47517285056468
2017.498291015625 -89.987510681152 -85.89235913791823
2017.531127929688 -89.007453918457 -86.46937376661887
2017.56396484375 -87.072128295898 -86.96717094606898
2017.596801757812 -84.472518920898 -87.36223235824679
2017.629760742188 -93.918327331543 -87.6406068417734
2017.66259765625 -91.141304016113 -87.77364698162735
2017.695434570312 -89.03409576416 -87.76263990155188
2017.728271484375 -86.836463928223 -87.61690889187494
2017.761108398438 -87.407325744629 -87.3718391131325
2017.7939453125 -86.725982666016 -87.08216206774644
2017.826782226562 -87.028450012207 -86.77728677888778
2017.859741210938 -88.278045654297 -86.45384770260283
2017.892578125 -85.343193054199 -86.11266854604821
2017.925415039062 -84.768157958984 -85.77285505544918
2017.958251953125 -85.029922485352 -85.46731243944728
2017.991088867188 -84.847869873047 -85.22113545716317
2018.024658203125 -83.611068725586 -85.03637540709953
2018.057495117188 -84.480850219727 -84.92630986299615
2018.09033203125 -84.903663635254 -84.90626656677392
2018.123168945312 -84.120910644531 -84.99739961159925
2018.156005859375 -83.026145935059 -85.20182038462642
2018.18896484375 -84.544082641602 -85.51559418581056
2018.221801757812 -85.211952209473 -85.917802612209
2018.254638671875 -85.177665710449 -86.37384515467129
2018.287475585938 -84.31566619873 -86.86380472170246
2018.3203125 -87.090202331543 -87.38076936580593
2018.353149414062 -87.658638000488 -87.92242452347541
2018.385986328125 -91.596351623535 -88.50285691142824
2018.4189453125 -90.775970458984 -89.13472091987478
2018.451782226562 -89.10538482666 -89.8127847634763
2018.484619140625 -92.128578186035 -90.53166283601618
2018.517456054688 -91.444366455078 -91.27347220613716
2018.55029296875 -89.297828674316 -91.96185044995977
2018.583129882812 -91.079360961914 -92.48773626089596
2018.615966796875 -93.230209350586 -92.7910297546507
2018.64892578125 -91.246910095215 -92.89272599513818
2018.681762695312 -98.17601776123 -92.85736423921243
2018.714599609375 -110.128898620605 -92.7333583729813
2018.747436523438 -100.8642578125 -92.5448031063397
2018.7802734375 -98.469833374023 -92.33407660509418
2018.813110351562 -100.03108215332 -92.0863367330351
2018.845947265625 -92.21150970459 -91.92857294838782
2018.87890625 -90.834869384766 -91.60301124738605
2018.911743164062 -88.489074707031 -91.00281846597083
2018.944580078125 -89.535209655762 -90.20707653002691
2018.977416992188 -89.106338500977 -89.3805083442811
2019.010986328125 -84.242851257324 -88.73891928787427
2019.043823242188 -84.559265136719 -88.083481424621
2019.109497070312 -97.192832946777 -87.20341742064919
2019.1259765625 -93.964996337891 -87.06069343239305
2019.142333984375 -88.503440856934 -86.95426098218573
2019.175170898438 -83.99063873291 -86.90604021909121
2019.191650390625 -88.889846801758 -86.86864103344399
2019.208129882812 -86.114646911621 -86.78776541607003
2019.224487304688 -83.053352355957 -86.65328432796596
2019.240966796875 -89.003364562988 -86.43680407400687
2019.25732421875 -83.431327819824 -86.22635800414467
2019.273803710938 -84.84252166748 -85.98390683212581
2019.290161132812 -85.670394897461 -85.81718565644034
2019.306640625 -87.168441772461 -85.72647932807658
2019.323120117188 -82.655586242676 -85.64803056180317
2019.339477539062 -87.479469299316 -85.58494827463649
2019.35595703125 -87.079360961914 -85.54565473220677
2019.372314453125 -89.457595825195 -85.54286858127175
2019.388793945312 -84.014701843262 -85.55721415057863
2019.405151367188 -79.000114440918 -85.61043868782467
2019.421630859375 -85.542594909668 -85.68005755199047
2019.438110351562 -85.315635681152 -85.79306244021086
2019.454467773438 -85.581359863281 -85.97902924453824
2019.470947265625 -84.37614440918 -86.24994545661868
2019.4873046875 -87.537986755371 -86.59421048807013
2019.503784179688 -83.892639160156 -87.11330071972084
2019.520141601562 -87.918106079102 -87.54392529676021
2019.53662109375 -84.421913146973 -88.07502805111052
2019.569458007812 -91.739181518555 -89.57299589519707
2019.602294921875 -88.46607208252 -91.57343638411218
2019.618774414062 -94.709213256836 -92.49606610136439
2019.635131835938 -89.491020202637 -93.41271191234111
2019.651611328125 -105.335815429688 -94.39552844739963
2019.668090820312 -90.788780212402 -95.33039215891404
2019.71728515625 -105.030944824219 -98.06355358070174
2019.733764648438 -105.629844665527 -98.93403348365008
2019.750122070312 -98.009132385254 -99.64100652004691
2019.7666015625 -101.141143798828 -100.42415026196612
2019.799438476562 -101.86255645752 -101.75634899078355
2019.832275390625 -106.290412902832 -103.07541431621338
2019.865112304688 -106.988250732422 -104.25017354584975
2019.898071289062 -106.253326416016 -105.24976627894557
2019.930908203125 -103.114433288574 -106.07232363882612
2019.963745117188 -107.776374816895 -106.73986518592625
2019.99658203125 -104.312721252441 -107.35840731828057
2020.030151367188 -114.85774230957 -108.04315780142402
2020.06298828125 -107.036979675293 -108.73632443566788
2020.095825195312 -111.336631774902 -109.50920538427953
2020.128662109375 -109.949981689453 -110.40046252040858
2020.161499023438 -111.681144714355 -111.43769480937054
2020.177978515625 -109.489028930664 -112.09955032863269
2020.1943359375 -106.969848632812 -112.60007420118853
2020.227294921875 -111.845756530762 -113.853159257427
2020.260131835938 -112.08177947998 -115.17194043240949
2020.29296875 -115.88981628418 -116.49803155513021
2020.325805664062 -122.372665405273 -117.91121932352794
2020.358642578125 -120.963645935059 -119.37867569611863
2020.391479492188 -118.874923706055 -120.88127041865977
2020.42431640625 -125.003791809082 -122.40633876941449
2020.457275390625 -124.882598876953 -123.86042020352522
2020.490112304688 -124.41520690918 -125.09908287430713
2020.52294921875 -131.752151489258 -126.09403046183498
2020.555786132812 -125.16130065918 -126.83914129631077
2020.572265625 -122.9755859375 -126.98995608004695
2020.588623046875 -134.709655761719 -127.09453375739159
2020.605102539062 -131.797027587891 -127.42801412612874
2020.621459960938 -129.385299682617 -127.47108364053035
2020.654296875 -130.872314453125 -127.7093849405346
2020.687255859375 -135.703125 -127.7974216511239
2020.70361328125 -129.203750610352 -127.83710715062557
2020.720092773438 -125.23454284668 -127.72107259727399
2020.7529296875 -126.806854248047 -127.54774982755637
2020.785766601562 -125.594909667969 -127.29741610998596
2020.818603515625 -127.53385925293 -126.99577468908396
2020.851440429688 -125.545715332031 -126.65284494814033
2020.917236328125 -128.053253173828 -125.98456415011121
2020.950073242188 -124.750366210938 -125.80717820184093
2020.98291015625 -123.185569763184 -125.67034182181463
2021.013671875 -128.874893188477 -125.52501533695869
2021.046508789062 -122.406524658203 -125.45233259194382
2021.079345703125 -126.452713012695 -125.50412079319578
2021.1123046875 -121.868324279785 -125.62357789806961
2021.145141601562 -125.983848571777 -125.84128102027319
2021.177978515625 -125.922409057617 -126.16793187588094
2021.210815429688 -125.933792114258 -126.5941891594372
2021.24365234375 -125.975410461426 -126.9681125686661
2021.276489257812 -122.699714660645 -127.62468818140347
2021.309326171875 -125.525573730469 -128.3750715740719
2021.34228515625 -130.587341308594 -129.19906543481494
2021.358642578125 -128.228759765625 -129.63745340366907
2021.391479492188 -135.157821655273 -130.4568197545988
2021.407958984375 -131.523223876953 -130.8469128833077
2021.440795898438 -124.11304473877 -131.60917574226906
2021.4736328125 -136.436218261719 -132.28764468002151
2021.506469726562 -148.530715942383 -132.86050019313444
2021.539306640625 -135.747970581055 -133.3381519282645
2021.572265625 -133.295928955078 -133.55871494872156
2021.605102539062 -138.140274047852 -133.96170330284804
2021.637939453125 -136.463027954102 -134.27549827345646
2021.670776367188 -134.385314941406 -134.49438919569258
2021.736450195312 -134.374145507812 -134.68201853315028
2021.769287109375 -129.853820800781 -134.75992608127066
2021.80224609375 -134.685775756836 -134.82365217056702
2021.835083007812 -134.48014831543 -134.8500190275217
2021.867919921875 -143.852630615234 -134.8458329976374
2021.966430664062 -131.849334716797 -134.7051713266949
2022.0 -138.378784179688 -134.69787761178722
2022.065673828125 -133.869567871094 -134.73855967983965
2022.098510742188 -140.443954467773 -134.85614949064274
2022.197143554688 -133.89192199707 -135.42175186578038
2022.22998046875 -124.576133728027 -135.67543477653257
2022.262817382812 -120.738410949707 -135.9676284291856
2022.295654296875 -127.935699462891 -136.27293225704355
2022.328491210938 -141.567520141602 -136.51821748065328
2022.394287109375 -111.43123626709 -136.55278541365604
2022.558471679688 -138.796539306641 -135.9223115902608
2022.591430664062 -147.737091064453 -136.29380748100897
2022.68994140625 -147.997619628906 -137.30397809916224
2022.722778320312 -143.955520629883 -137.1103971657431
2022.821411132812 -139.283538818359 -135.28713149680814
2022.854248046875 -128.287628173828 -134.61575983968538
2022.887084960938 -132.911666870117 -133.98154166860587
2022.919921875 -131.529663085938 -133.35118412121855
2022.952758789062 -130.357360839844 -132.6757971417559
2022.985595703125 -130.522247314453 -132.11753162725236
2023.019165039062 -130.694641113281 -131.62836533409498
2023.052001953125 -132.538803100586 -131.13532903384774
2023.084838867188 -127.339500427246 -130.81437725147794
2023.11767578125 -133.473968505859 -130.57515877418868
2023.150634765625 -132.107620239258 -130.33026729495887
2023.183471679688 -128.13606262207 -130.10833968050142
2023.21630859375 -128.916412353516 -129.83784601585273
2023.249145507812 -136.046325683594 -129.5364109156608
2023.281982421875 -129.494598388672 -129.22399352363385
2023.314819335938 -126.501258850098 -128.9081093142016
2023.34765625 -130.057556152344 -128.590918068023
2023.380615234375 -127.210311889648 -128.27214681965296
2023.413452148438 -136.995269775391 -127.95388553902657
2023.4462890625 -108.834594726562 -127.63450144922854
2023.57763671875 -124.824287414551 -126.32181707636215
