2014.804931640625 -0.0 0.9189000791992713
2014.837768554688 -2.243141174316 0.04269315494275421
2014.903442382812 -0.54854619503 -1.715768662245427
2014.96923828125 -3.65912270546 -3.485274799550014
2015.03564453125 6.905060768127 -5.278783682161418
2015.101318359375 -17.883741378784 -7.0596100878753765
2015.265625 14.767895698547 -11.54164949516568
2015.331298828125 -10.467782974243 -13.341098121831582
2015.39697265625 -25.660352706909 -15.142797445321438
2016.021850585938 -26.215351104736 -31.794307153423127
2016.1533203125 -43.587329864502 -36.6062894172907
2016.350463867188 -40.68200302124 -42.82031944643825
2016.416137695312 -46.76208114624 -44.341205636235586
2016.547607421875 -52.245872497559 -47.40812972444944
2016.744750976562 -47.786819458008 -51.46531904068029
2016.777587890625 -52.065662384033 -52.144905993780284
2016.810424804688 -55.643081665039 -52.79051655968088
2016.84326171875 -52.524906158447 -53.28636372577864
2016.876098632812 -56.547988891602 -53.70735043935771
2016.908935546875 -54.39281463623 -54.1440701197242
2016.941772460938 -54.353813171387 -54.60453114013739
2016.974731445312 -54.625556945801 -55.09129489138914
2017.005493164062 -55.277805328369 -55.57790428174349
2017.038330078125 -54.88423538208 -56.075259610712415
2017.071166992188 -57.173881530762 -56.555094275297094
2017.10400390625 -55.849018096924 -57.193995157771226
2017.136840820312 -56.481651306152 -57.95582764340313
2017.169799804688 -58.171810150146 -58.78925638147041
2017.20263671875 -59.673984527588 -59.70207831022901
2017.235473632812 -55.703861236572 -60.73437967512915
2017.268310546875 -55.983829498291 -61.903009862382405
2017.301147460938 -62.422416687012 -63.19717120906884
2017.333984375 -60.076725006104 -64.56798798844126
2017.366821289062 -65.276741027832 -65.95825442153438
2017.399780273438 -69.643714904785 -67.33881214286059
2017.4326171875 -62.964183807373 -68.70845551066499
2017.498291015625 -80.407035827637 -71.39469687461536
2017.531127929688 -73.024490356445 -72.68252932919383
2017.56396484375 -78.724166870117 -73.89698818456338
2017.596801757812 -76.245574951172 -75.02650095720485
2017.629760742188 -78.612991333008 -76.0582710259273
2017.66259765625 -79.140655517578 -76.8782318515173
2017.695434570312 -78.043266296387 -77.4168097122643
2017.728271484375 -80.596488952637 -77.64557777940891
2017.761108398438 -78.793922424316 -77.6605003886082
2017.7939453125 -77.948127746582 -77.5562700576602
2017.826782226562 -78.614135742188 -77.3656362474754
2017.859741210938 -78.42455291748 -77.08964671073424
2017.892578125 -76.793449401855 -76.7250657420665
2017.925415039062 -76.728187561035 -76.30335864732021
2017.958251953125 -75.389762878418 -75.83643763194424
2017.991088867188 -75.015716552734 -75.3517083600864
2018.024658203125 -74.566688537598 -74.89768443103189
2018.057495117188 -74.02661895752 -74.56267568190076
2018.09033203125 -73.944480895996 -74.35931391496885
2018.123168945312 -73.247627258301 -74.304310405884
2018.156005859375 -70.22380065918 -74.42951741439626
2018.18896484375 -73.628852844238 -74.74493894560315
2018.221801757812 -71.759307861328 -75.23101776882939
2018.254638671875 -70.048477172852 -75.85948319591085
2018.287475585938 -72.461578369141 -76.60535093793877
2018.3203125 -75.631019592285 -77.44543586568564
2018.353149414062 -76.900863647461 -78.39556624921917
2018.385986328125 -75.681900024414 -79.47576693121891
2018.4189453125 -78.487983703613 -80.71238046306624
2018.451782226562 -83.130737304688 -82.07983456524464
2018.484619140625 -84.428657531738 -83.51527284556498
2018.517456054688 -86.108039855957 -84.95551370972002
2018.55029296875 -88.61686706543 -86.34997740067155
2018.583129882812 -88.668869018555 -87.65300738907524
2018.615966796875 -94.886543273926 -88.84617583042058
2018.64892578125 -90.14380645752 -89.91689226879691
2018.681762695312 -92.288154602051 -90.85447537470242
2018.714599609375 -97.201759338379 -91.66792373152916
2018.747436523438 -94.04866027832 -92.35888120512014
2018.7802734375 -92.99006652832 -92.9486699369681
2018.813110351562 -98.118644714355 -93.4015029025095
2018.845947265625 -94.787269592285 -93.81145024472542
2018.87890625 -95.655563354492 -94.07932707338561
2018.911743164062 -95.245399475098 -94.17003455978497
2018.944580078125 -93.716041564941 -94.24013967035904
2018.977416992188 -94.162071228027 -94.21170886532654
2019.010986328125 -89.599212646484 -94.1515459753196
2019.043823242188 -94.324256896973 -94.03675581642919
2019.109497070312 -93.778038024902 -93.84833070730085
2019.1259765625 -93.430709838867 -93.81300828535689
2019.142333984375 -93.947616577148 -93.84832544363216
2019.175170898438 -93.474945068359 -93.97170205177169
2019.191650390625 -92.968635559082 -94.08283178167771
2019.208129882812 -94.903694152832 -94.2250713358022
2019.224487304688 -94.016967773438 -94.34927707998682
2019.240966796875 -94.418190002441 -94.55525876854186
2019.25732421875 -94.724403381348 -94.80219592046264
2019.273803710938 -94.002258300781 -95.01859189373829
2019.290161132812 -94.453727722168 -95.26296670358693
2019.306640625 -96.355972290039 -95.6126598411224
2019.323120117188 -94.297996520996 -95.9907883890031
2019.339477539062 -95.252136230469 -96.37646830393808
2019.35595703125 -97.215316772461 -96.76336229674135
2019.372314453125 -96.483779907227 -97.1368863001594
2019.388793945312 -99.439178466797 -97.50954263075073
2019.405151367188 -98.18042755127 -97.84043568913488
2019.421630859375 -98.082145690918 -98.20158838041661
2019.438110351562 -100.014472961426 -98.55948561416548
2019.454467773438 -98.591789245605 -98.89653269486755
2019.470947265625 -102.114608764648 -99.20884504482763
2019.4873046875 -99.30281829834 -99.48318880402505
2019.503784179688 -95.489036560059 -99.67669321249458
2019.520141601562 -97.755271911621 -99.89780308944692
2019.53662109375 -102.71760559082 -100.10719257578226
2019.569458007812 -100.529067993164 -100.54141497245982
2019.602294921875 -106.010520935059 -101.11470296722021
2019.618774414062 -99.988746643066 -101.39580794300116
2019.635131835938 -102.324554443359 -101.67531498158833
2019.651611328125 -99.829093933105 -101.97451304021169
2019.668090820312 -101.295211791992 -102.25124671749435
2019.71728515625 -103.816024780273 -103.11133035313
2019.733764648438 -102.889938354492 -103.4004458237477
2019.750122070312 -104.330955505371 -103.67389009500162
2019.7666015625 -106.846801757812 -103.95109625881823
2019.799438476562 -104.538581848145 -104.46731236999481
2019.832275390625 -102.712951660156 -104.98363901015536
2019.865112304688 -106.75154876709 -105.48828481025875
2019.898071289062 -106.534034729004 -105.98084876012243
2019.930908203125 -106.624053955078 -106.44541173666198
2019.963745117188 -106.377433776855 -106.89749793675777
2019.99658203125 -107.292594909668 -107.3505657911844
2020.030151367188 -107.246353149414 -107.80292801536527
2020.06298828125 -108.321166992188 -108.28169858298165
2020.095825195312 -108.642013549805 -108.77196184381398
2020.128662109375 -109.457733154297 -109.27101611639343
2020.161499023438 -109.536415100098 -109.7668538071014
2020.177978515625 -110.080856323242 -110.00217502728296
2020.1943359375 -109.922424316406 -110.24834254973848
2020.227294921875 -110.74340057373 -110.7018951884958
2020.260131835938 -111.301551818848 -111.12170331216551
2020.29296875 -111.620506286621 -111.54576077936245
2020.325805664062 -115.679786682129 -111.95594379967122
2020.358642578125 -111.950813293457 -112.39403735627539
2020.391479492188 -114.42472076416 -112.90797920193434
2020.42431640625 -111.746955871582 -113.47021039087356
2020.457275390625 -111.38843536377 -114.03198504462635
2020.490112304688 -114.03288269043 -114.58311023384726
2020.52294921875 -112.443099975586 -115.1284859611245
2020.555786132812 -117.515419006348 -115.67842894043685
2020.572265625 -122.976844787598 -115.9438828816767
2020.588623046875 -113.584503173828 -116.1729412601768
2020.605102539062 -118.946563720703 -116.45094136913333
2020.621459960938 -119.890251159668 -116.6535966159023
2020.654296875 -119.895835876465 -117.10706318318171
2020.687255859375 -116.297676086426 -117.49399728012635
2020.70361328125 -111.885475158691 -117.72671307385238
2020.720092773438 -121.12931060791 -117.74603333026042
2020.7529296875 -118.286102294922 -117.85423974623477
2020.785766601562 -119.693351745605 -117.82423284228435
2020.818603515625 -118.289840698242 -117.68177363818945
2020.851440429688 -116.971641540527 -117.46107222205718
2020.917236328125 -118.083465576172 -116.91954982791458
2020.950073242188 -116.894302368164 -116.68442016673643
2020.98291015625 -116.645233154297 -116.50174653161545
2021.013671875 -113.653900146484 -116.29213926240722
2021.046508789062 -112.713531494141 -116.1532536964082
2021.079345703125 -115.71728515625 -116.15170658781985
2021.1123046875 -115.000900268555 -116.15518804382134
2021.145141601562 -115.680130004883 -116.2262362415475
2021.177978515625 -115.592102050781 -116.36678367649841
2021.210815429688 -117.309700012207 -116.58202475083976
2021.24365234375 -113.890922546387 -116.7967426693741
2021.276489257812 -118.753639221191 -117.20202336576415
2021.309326171875 -118.499694824219 -117.67599063386156
2021.34228515625 -115.892654418945 -118.20377615597424
2021.358642578125 -118.303894042969 -118.52771077465866
2021.391479492188 -118.617652893066 -119.16482624125939
2021.407958984375 -118.55493927002 -119.53070836982387
2021.440795898438 -117.728134155273 -120.17544393673998
2021.4736328125 -120.492462158203 -120.73798680338214
2021.506469726562 -124.127006530762 -121.17297059254524
2021.539306640625 -129.34407043457 -121.5023216582627
2021.572265625 -127.635612487793 -121.62254994745071
2021.605102539062 -131.803466796875 -121.95152994267791
2021.637939453125 -124.79956817627 -122.2809148946502
2021.670776367188 -128.359878540039 -122.59816363867046
2021.736450195312 -122.556198120117 -122.95085659301593
2021.769287109375 -125.746269226074 -123.1397206821491
2021.80224609375 -121.563423156738 -123.15634795061396
2021.835083007812 -121.096618652344 -123.1366798586095
2021.867919921875 -123.881286621094 -122.96966276422776
2021.966430664062 -123.817436218262 -122.25112120442805
2022.0 -121.556823730469 -122.00448874536904
2022.065673828125 -123.767852783203 -121.54497191800388
2022.098510742188 -120.639091491699 -121.32760974333071
2022.197143554688 -118.006683349609 -120.67341844304596
2022.22998046875 -123.71117401123 -120.44656587914402
2022.262817382812 -117.017784118652 -120.22267172615447
2022.295654296875 -119.211921691895 -120.08063299876375
2022.328491210938 -120.367774963379 -120.17172469038034
2022.394287109375 -120.088409423828 -120.96684752334922
2022.558471679688 -128.834777832031 -122.30988003129502
2022.591430664062 -107.699127197266 -122.54289715104
2022.68994140625 -116.647689819336 -123.42416151268736
2022.722778320312 -135.77995300293 -123.8226646403891
2022.821411132812 -124.432693481445 -125.26361148767047
2022.854248046875 -126.006576538086 -125.47178947981043
2022.887084960938 -124.175872802734 -125.5176194225136
2022.919921875 -128.37092590332 -125.5397222361893
2022.952758789062 -125.732284545898 -125.56524660822909
2022.985595703125 -126.523254394531 -125.59161688288559
2023.019165039062 -125.34977722168 -125.63919769266037
2023.052001953125 -124.758522033691 -125.69011529961777
2023.084838867188 -124.994697570801 -125.76506980778315
2023.11767578125 -125.682289123535 -125.85540407147067
2023.150634765625 -128.285934448242 -125.92672378380541
2023.183471679688 -124.357940673828 -125.99949815923617
2023.21630859375 -123.5830078125 -126.06713078025916
2023.249145507812 -125.835624694824 -126.13363336704704
2023.281982421875 -126.253746032715 -126.20208399793641
2023.314819335938 -127.776496887207 -126.2744276822663
2023.34765625 -127.025840759277 -126.35155759811336
2023.380615234375 -128.884521484375 -126.43351361938721
2023.413452148438 -124.056755065918 -126.518570154715
2023.4462890625 -126.179985046387 -126.60515047811737
2023.57763671875 -135.80241394043 -126.95399845085541
