2014.804931640625 -0.0 5.960919663869921
2014.837768554688 -2.534690618515 5.396804125480978
2014.903442382812 -0.544640660286 4.264376018061547
2014.96923828125 0.661183297634 3.1240190663387826
2015.03564453125 1.920032262802 1.96716605022597
2015.101318359375 3.089531898499 0.8179454737875111
2015.265625 11.804360389709 -2.0744672900455066
2015.331298828125 6.030461788177 -3.236189569286522
2015.39697265625 -0.835435569286 -4.400233489198945
2016.021850585938 -13.820551872253 -14.91770815703667
2016.1533203125 -24.15308380127 -17.450088799109505
2016.350463867188 -22.611988067627 -21.77666209251647
2016.416137695312 -48.317970275879 -23.38772431191421
2016.547607421875 -24.439842224121 -26.420517567257473
2016.744750976562 -27.496953964233 -30.84867757056136
2016.777587890625 -30.366039276123 -31.530221034711467
2016.810424804688 -28.2509765625 -32.326193473837684
2016.84326171875 -32.69469833374 -33.632206063204144
2016.876098632812 -36.105564117432 -35.177498762016405
2016.908935546875 -36.900455474854 -36.70885217859356
2016.941772460938 -38.914924621582 -38.20647169239165
2016.974731445312 -40.458820343018 -39.727098470107165
2017.005493164062 -41.354705810547 -41.07975959282845
2017.038330078125 -42.682968139648 -42.55358531433507
2017.071166992188 -44.896884918213 -44.003190882321185
2017.10400390625 -45.397300720215 -45.28121631357577
2017.136840820312 -47.543025970459 -46.46934020994815
2017.169799804688 -49.712841033936 -47.61310800293035
2017.20263671875 -49.480533599854 -48.697090131872415
2017.235473632812 -50.926830291748 -49.71519719490873
2017.268310546875 -50.604614257812 -50.65646906889026
2017.301147460938 -52.668537139893 -51.519161221724914
2017.333984375 -50.956665039062 -52.307604198014936
2017.366821289062 -53.638172149658 -53.03391985784914
2017.399780273438 -55.049575805664 -53.72926151879352
2017.4326171875 -53.65841293335 -54.42076100416968
2017.498291015625 -57.637020111084 -55.87571679912941
2017.531127929688 -55.364101409912 -56.65373458475517
2017.56396484375 -56.93603515625 -57.458561726121914
2017.596801757812 -56.714473724365 -58.28723786546305
2017.629760742188 -57.648014068604 -59.14277205075067
2017.66259765625 -58.509677886963 -60.02217853221774
2017.695434570312 -61.01354598999 -60.92705137243864
2017.728271484375 -62.730068206787 -61.86370568706465
2017.761108398438 -63.648571014404 -62.82006698485666
2017.7939453125 -63.398811340332 -63.77376134371328
2017.826782226562 -65.593574523926 -64.71083844175725
2017.859741210938 -65.846969604492 -65.62832649307364
2017.892578125 -67.582786560059 -66.50107844643881
2017.925415039062 -68.860137939453 -67.32696272142522
2017.958251953125 -67.909683227539 -68.10584192973502
2017.991088867188 -69.018821716309 -68.84051056498937
2018.024658203125 -69.743141174316 -69.55421552336756
2018.057495117188 -70.983848571777 -70.224760786284
2018.09033203125 -70.567626953125 -70.88021354259439
2018.123168945312 -71.027648925781 -71.52619908697268
2018.156005859375 -71.569206237793 -72.17232583142366
2018.18896484375 -73.545822143555 -72.84145596419444
2018.221801757812 -72.767143249512 -73.54200831388243
2018.254638671875 -74.719779968262 -74.28317353738511
2018.287475585938 -73.725715637207 -75.05605458995566
2018.3203125 -75.762855529785 -75.8523743009627
2018.353149414062 -74.432174682617 -76.68404936037636
2018.385986328125 -78.482727050781 -77.56219468601947
2018.4189453125 -77.474815368652 -78.4912826055437
2018.451782226562 -78.46802520752 -79.46985481605466
2018.484619140625 -83.027770996094 -80.50598388724288
2018.517456054688 -80.494606018066 -81.58985439395198
2018.55029296875 -82.915107727051 -82.70751014116892
2018.583129882812 -81.84716796875 -83.8422292608268
2018.615966796875 -92.500495910645 -84.98065971183587
2018.64892578125 -85.957946777344 -86.12086004796176
2018.681762695312 -87.72412109375 -87.2544925538775
2018.714599609375 -82.210105895996 -88.38831180320778
2018.747436523438 -89.992835998535 -89.53080663307708
2018.7802734375 -91.71021270752 -90.68136981487112
2018.813110351562 -91.109794616699 -91.84230986856451
2018.845947265625 -93.953140258789 -93.02006484732685
2018.87890625 -93.902908325195 -94.17974687799583
2018.911743164062 -94.509735107422 -95.3239143842938
2018.944580078125 -96.527473449707 -96.45421720933398
2018.977416992188 -96.999282836914 -97.58766496993687
2019.010986328125 -98.393951416016 -98.76904271620396
2019.043823242188 -100.151611328125 -99.92585535380469
2019.109497070312 -102.669052124023 -102.30275188420954
2019.1259765625 -102.905311584473 -102.92259673581574
2019.142333984375 -103.767425537109 -103.51332961414157
2019.175170898438 -104.988342285156 -104.69674118146713
2019.191650390625 -105.276809692383 -105.25042929229826
2019.208129882812 -105.983703613281 -105.77752475170675
2019.224487304688 -106.580337524414 -106.29977047373816
2019.240966796875 -106.76774597168 -106.78333224169016
2019.25732421875 -107.787887573242 -107.25223044835502
2019.273803710938 -107.799240112305 -107.73685173148648
2019.290161132812 -109.058723449707 -108.20543568145143
2019.306640625 -107.768035888672 -108.6495284998951
2019.323120117188 -108.75186920166 -109.08964479606229
2019.339477539062 -110.853202819824 -109.52631516314457
2019.35595703125 -109.557060241699 -109.9602206770838
2019.372314453125 -109.597686767578 -110.38307244954719
2019.388793945312 -111.445289611816 -110.80693408508522
2019.405151367188 -109.604789733887 -111.24830094772013
2019.421630859375 -112.500297546387 -111.70294265069816
2019.438110351562 -112.597274780273 -112.18209139540669
2019.454467773438 -112.553207397461 -112.67745797694367
2019.470947265625 -112.426109313965 -113.16221440552346
2019.4873046875 -114.672424316406 -113.59168880875342
2019.503784179688 -111.697624206543 -113.91416769610682
2019.520141601562 -114.206283569336 -114.28060435849058
2019.53662109375 -118.840515136719 -114.62630554302869
2019.569458007812 -117.643989562988 -115.20313086175675
2019.602294921875 -119.349281311035 -115.53175270198216
2019.618774414062 -116.859855651855 -115.72115303502541
2019.635131835938 -116.103805541992 -115.89660674917275
2019.651611328125 -114.694557189941 -115.95590942841271
2019.668090820312 -117.895347595215 -116.0841286946732
2019.71728515625 -116.604125976562 -116.12268272323308
2019.733764648438 -113.441429138184 -116.07483674514165
2019.750122070312 -118.036918640137 -115.9676419545796
2019.7666015625 -115.380325317383 -115.8748678584162
2019.799438476562 -115.522659301758 -115.63238183157061
2019.832275390625 -117.536750793457 -115.38246916317104
2019.865112304688 -114.786308288574 -115.12529720187737
2019.898071289062 -114.618309020996 -114.84940926765707
2019.930908203125 -114.651664733887 -114.53848984583253
2019.963745117188 -114.611045837402 -114.18394818116612
2019.99658203125 -113.66455078125 -113.8188569427311
2020.030151367188 -113.561134338379 -113.45656504593381
2020.06298828125 -113.317344665527 -113.08412537547296
2020.095825195312 -112.731292724609 -112.71190371277565
2020.128662109375 -112.167961120605 -112.33394020632413
2020.161499023438 -112.173492431641 -111.94281313778136
2020.177978515625 -111.543281555176 -111.72655051314732
2020.1943359375 -111.433601379395 -111.52763844045475
2020.227294921875 -110.129791259766 -111.09281923803826
2020.260131835938 -112.088455200195 -110.68370931804498
2020.29296875 -110.457893371582 -110.31180022211721
2020.325805664062 -110.587799072266 -110.00732755824696
2020.358642578125 -109.355987548828 -109.87802317472185
2020.391479492188 -108.397216796875 -109.78675335655923
2020.42431640625 -107.269958496094 -109.69524692636885
2020.457275390625 -104.756454467773 -109.63935596329378
2020.490112304688 -106.857292175293 -109.64091630481992
2020.52294921875 -111.31827545166 -109.69864460062433
2020.555786132812 -109.546905517578 -109.84727674481776
2020.572265625 -109.550590515137 -110.00297140304342
2020.588623046875 -109.50439453125 -110.16938764688119
2020.605102539062 -111.614051818848 -110.28341403207017
2020.621459960938 -114.393089294434 -110.47487355660361
2020.654296875 -104.738380432129 -110.85048161713986
2020.687255859375 -109.543899536133 -111.23826198468934
2020.70361328125 -111.978965759277 -111.42968871158929
2020.720092773438 -110.512420654297 -111.57352714170271
2020.7529296875 -111.607635498047 -111.8338242938158
2020.785766601562 -113.845405578613 -112.01957542105906
2020.818603515625 -112.209732055664 -112.14809587919525
2020.851440429688 -114.208854675293 -112.2360325935181
2020.917236328125 -114.025512695312 -112.27241654316073
2020.950073242188 -112.803344726562 -112.1852894834106
2020.98291015625 -112.507774353027 -112.04041443962348
2021.013671875 -112.48641204834 -111.95697197958754
2021.046508789062 -110.664306640625 -111.7066874562566
2021.079345703125 -111.447875976562 -111.35450336111109
2021.1123046875 -110.914367675781 -110.97981109665177
2021.145141601562 -112.051078796387 -110.56917768247362
2021.177978515625 -110.114166259766 -110.13639009917206
2021.210815429688 -111.932846069336 -109.7090791707985
2021.24365234375 -107.231391906738 -109.29359337411658
2021.276489257812 -107.965911865234 -108.90695634669754
2021.309326171875 -109.317665100098 -108.59156025384074
2021.34228515625 -108.884796142578 -108.36113902512918
2021.358642578125 -107.34642791748 -108.3747655589009
2021.391479492188 -103.505401611328 -108.29776375001404
2021.407958984375 -106.420455932617 -108.37392678112964
2021.440795898438 -103.668479919434 -108.40928869547218
2021.4736328125 -104.501205444336 -108.5435136398096
2021.506469726562 -107.89672088623 -108.76164579247252
2021.539306640625 -107.173454284668 -109.023272711208
2021.572265625 -109.142425537109 -109.37281386003808
2021.605102539062 -113.177619934082 -109.64785121477793
2021.637939453125 -109.868751525879 -109.96328359156803
2021.670776367188 -110.58472442627 -110.32701850173459
2021.736450195312 -113.61775970459 -111.07378877898758
2021.769287109375 -113.239067077637 -111.4360508046824
2021.80224609375 -111.016639709473 -111.74378992185356
2021.835083007812 -111.804466247559 -112.04771800623725
2021.867919921875 -111.463088989258 -112.32127203012844
2021.966430664062 -115.185127258301 -113.30876661354532
2022.0 -112.805961608887 -113.68123807357534
2022.065673828125 -113.782279968262 -114.34895826858454
2022.098510742188 -112.646751403809 -114.66248565014178
2022.197143554688 -113.867202758789 -115.38773264398151
2022.22998046875 -116.083610534668 -115.59454478742991
2022.262817382812 -117.817611694336 -115.78171557569715
2022.295654296875 -117.968826293945 -115.92851990024616
2022.328491210938 -118.444702148438 -116.00132425356888
2022.394287109375 -123.239128112793 -115.90766201961704
2022.558471679688 -115.124954223633 -115.37681386167026
2022.591430664062 -120.378402709961 -115.35351004425712
2022.68994140625 -119.083869934082 -114.93915387667714
2022.722778320312 -117.323440551758 -114.64502201183383
2022.821411132812 -112.201484680176 -113.68945771409012
2022.854248046875 -112.426734924316 -113.43902809474707
2022.887084960938 -112.442253112793 -113.23325598882894
2022.919921875 -111.134979248047 -112.99886961588786
2022.952758789062 -110.934226989746 -112.78234995187951
2022.985595703125 -110.722297668457 -112.85657723719854
2023.019165039062 -111.713768005371 -113.14711037561815
2023.052001953125 -112.347244262695 -113.37727101466123
2023.084838867188 -112.911888122559 -114.02223963011176
2023.11767578125 -114.496208190918 -114.97334167247485
2023.150634765625 -111.784576416016 -115.77560691287384
2023.183471679688 -114.809059143066 -116.74268801959084
2023.21630859375 -113.578735351562 -117.70460927124424
2023.249145507812 -111.673728942871 -118.67113252040339
2023.281982421875 -117.860893249512 -119.64697294755112
2023.314819335938 -121.809028625488 -120.63453140942849
2023.34765625 -120.31526184082 -121.63555825537193
2023.380615234375 -124.412033081055 -122.65468052368459
2023.413452148438 -124.89640045166 -123.68506105564151
2023.4462890625 -125.869735717773 -124.73012858322215
2023.57763671875 -152.196929931641 -129.02723383010786
