2014.804931640625 0.0 9.370180271539256
2014.837768554688 9.380111694336 7.824409971736991
2014.903442382812 11.895490646362 4.732657481733076
2014.96923828125 -0.127714112401 1.6343947413370756
2015.03564453125 -2.883054733276 -1.494103161560466
2015.101318359375 -11.474154472351 -4.589915076204711
2015.265625 -10.878889083862 -12.340783191148699
2015.331298828125 -15.856636047363 -15.43855191315219
2015.39697265625 -13.895040512085 -18.534318424545827
2016.021850585938 -50.722724914551 -47.51109028052306
2016.1533203125 -52.974857330322 -53.85765496094554
2016.350463867188 -80.221801757812 -63.04831301703852
2016.416137695312 -59.465000152588 -65.65987177054572
2016.547607421875 -80.31729888916 -71.1759518268169
2016.744750976562 -81.803405761719 -81.34913909560039
2016.777587890625 -85.420539855957 -82.0845322269482
2016.810424804688 -88.66886138916 -82.76434131175573
2016.84326171875 -84.306732177734 -83.30739061390607
2016.876098632812 -82.583641052246 -83.66914974513537
2016.908935546875 -81.493728637695 -84.09528384269235
2016.941772460938 -81.555702209473 -84.57924192226689
2016.974731445312 -83.133041381836 -85.08432208068558
2017.005493164062 -84.995269775391 -85.72130952531658
2017.038330078125 -86.391975402832 -86.29157228399617
2017.071166992188 -84.120597839355 -86.89329050001413
2017.10400390625 -87.028602600098 -87.88902212621988
2017.136840820312 -87.032119750977 -89.07470068334365
2017.169799804688 -88.707633972168 -90.36980151026049
2017.20263671875 -90.319999694824 -91.77643174109781
2017.235473632812 -90.914169311523 -93.28691980435092
2017.268310546875 -97.599472045898 -94.87427275862333
2017.301147460938 -94.832427978516 -96.50464862481388
2017.333984375 -98.83406829834 -98.14932130605297
2017.366821289062 -99.034217834473 -99.78014385935249
2017.399780273438 -102.555625915527 -101.36286949771298
2017.4326171875 -103.680137634277 -102.85655796135747
2017.498291015625 -108.865875244141 -105.5602741814866
2017.531127929688 -109.896263122559 -106.76076474882092
2017.56396484375 -108.954460144043 -107.86134816452932
2017.596801757812 -109.811561584473 -108.85880866820804
2017.629760742188 -111.561988830566 -109.74459191535186
2017.66259765625 -112.114387512207 -110.47730345906724
2017.695434570312 -110.032653808594 -111.05824109586311
2017.728271484375 -111.582443237305 -111.4994787309613
2017.761108398438 -112.431121826172 -111.85837528202381
2017.7939453125 -113.392936706543 -112.20158685012642
2017.826782226562 -112.025482177734 -112.5702507712599
2017.859741210938 -113.895324707031 -112.96509386990164
2017.892578125 -111.477096557617 -113.38775058550995
2017.925415039062 -112.084678649902 -113.8556250641233
2017.958251953125 -114.095718383789 -114.40844452564197
2017.991088867188 -113.727233886719 -115.077759642173
2018.024658203125 -114.27661895752 -115.88417273580895
2018.057495117188 -115.889259338379 -116.78064157918918
2018.09033203125 -117.781089782715 -117.79656839842936
2018.123168945312 -117.733932495117 -118.95245134366894
2018.156005859375 -116.171920776367 -120.24141540053213
2018.18896484375 -119.459526062012 -121.64286105394424
2018.221801757812 -121.399932861328 -123.1283839297766
2018.254638671875 -126.479278564453 -124.66678993204552
2018.287475585938 -127.173484802246 -126.22788877739812
2018.3203125 -126.63809967041 -127.79186275132616
2018.353149414062 -126.878372192383 -129.35694418216178
2018.385986328125 -135.348083496094 -130.9143274253942
2018.4189453125 -135.506988525391 -132.428907229338
2018.451782226562 -134.495376586914 -133.83931160559752
2018.484619140625 -145.264724731445 -135.13663648523635
2018.517456054688 -138.116165161133 -136.34394598115654
2018.55029296875 -137.393310546875 -137.4858218270825
2018.583129882812 -139.537719726562 -138.55233762352213
2018.615966796875 -133.433029174805 -139.52558426545303
2018.64892578125 -145.827819824219 -140.38252891722144
2018.681762695312 -144.480255126953 -141.1133463050005
2018.714599609375 -137.004928588867 -141.75200241571068
2018.747436523438 -142.322326660156 -142.33590582358843
2018.7802734375 -144.413284301758 -142.87982619774718
2018.813110351562 -145.468460083008 -143.3848711146046
2018.845947265625 -145.993377685547 -143.89749683827725
2018.87890625 -143.392425537109 -144.34232458953895
2018.911743164062 -143.125961303711 -144.7832027982549
2018.944580078125 -145.167907714844 -145.22251982786716
2018.977416992188 -144.176651000977 -145.68742829832433
2019.010986328125 -145.080825805664 -146.21211618334587
2019.043823242188 -146.227081298828 -146.68082415302047
2019.109497070312 -148.281982421875 -148.12436826703805
2019.1259765625 -147.982711791992 -148.52675160407495
2019.142333984375 -148.9404296875 -148.9956571705136
2019.175170898438 -149.428985595703 -149.98218882926693
2019.191650390625 -150.094284057617 -150.54999366316682
2019.208129882812 -149.919036865234 -151.15496995223063
2019.224487304688 -151.428466796875 -151.74375829459515
2019.240966796875 -152.71549987793 -152.41880828985217
2019.25732421875 -152.638336181641 -153.10487064210986
2019.273803710938 -153.264450073242 -153.77972268111057
2019.290161132812 -154.156951904297 -154.48315969892755
2019.306640625 -154.567535400391 -155.20658920479883
2019.323120117188 -156.265930175781 -155.8969058130101
2019.339477539062 -157.637619018555 -156.5309077884102
2019.35595703125 -157.394424438477 -157.10339126110398
2019.372314453125 -160.249893188477 -157.59342754311345
2019.388793945312 -159.145004272461 -158.02299203288194
2019.405151367188 -158.79704284668 -158.38176578375305
2019.421630859375 -160.208282470703 -158.8612533700156
2019.438110351562 -159.537246704102 -159.395179713565
2019.454467773438 -160.751571655273 -159.99373933825566
2019.470947265625 -154.857803344727 -160.65695300076894
2019.4873046875 -156.836669921875 -161.34588898058166
2019.503784179688 -155.422027587891 -162.16374771368473
2019.520141601562 -157.638778686523 -162.80850657958877
2019.53662109375 -163.816619873047 -163.47175255670317
2019.569458007812 -166.986251831055 -164.8907800617336
2019.602294921875 -169.04914855957 -166.47801164719243
2019.618774414062 -165.935928344727 -167.30186379127994
2019.635131835938 -169.128448486328 -168.16557936183875
2019.651611328125 -170.698440551758 -169.0093805070487
2019.668090820312 -168.022567749023 -169.87809418188655
2019.71728515625 -174.408264160156 -172.11789572376603
2019.733764648438 -172.667724609375 -172.77770632744406
2019.750122070312 -172.948379516602 -173.31259241572187
2019.7666015625 -173.498672485352 -173.88853427045433
2019.799438476562 -176.452880859375 -174.8676600603059
2019.832275390625 -181.067596435547 -175.81678072805278
2019.865112304688 -177.101470947266 -176.6983877545212
2019.898071289062 -177.814910888672 -177.51206216313594
2019.930908203125 -178.560485839844 -178.22566129428765
2019.963745117188 -179.304534912109 -178.8342595167931
2019.99658203125 -179.684997558594 -179.40432807611114
2020.030151367188 -179.889511108398 -180.00329079459985
2020.06298828125 -179.940078735352 -180.50962255767485
2020.095825195312 -180.781875610352 -181.0966232589297
2020.128662109375 -182.086074829102 -181.8588868164573
2020.161499023438 -181.392776489258 -182.85464234133633
2020.177978515625 -182.66667175293 -183.62795125990564
2020.1943359375 -182.851669311523 -184.10377538625065
2020.227294921875 -181.614410400391 -185.6144548147453
2020.260131835938 -179.959991455078 -187.35671927687073
2020.29296875 -185.364562988281 -189.1014110154441
2020.325805664062 -185.852386474609 -191.0352476234806
2020.358642578125 -192.588073730469 -193.33223715753303
2020.391479492188 -193.191833496094 -195.7579144850469
2020.42431640625 -197.13427734375 -198.38290338920777
2020.457275390625 -205.269500732422 -201.30759399444554
2020.490112304688 -203.337005615234 -204.27556211654198
2020.52294921875 -208.669158935547 -207.00639157904305
2020.555786132812 -209.601257324219 -209.48977806474983
2020.572265625 -217.982147216797 -210.4346666410032
2020.588623046875 -221.823379516602 -211.31831441544577
2020.605102539062 -215.622024536133 -212.59107138958933
2020.621459960938 -222.872268676758 -213.39140637367814
2020.654296875 -228.587173461914 -215.21312610885704
2020.687255859375 -223.745864868164 -216.73880152775808
2020.70361328125 -221.950561523438 -217.5949050162316
2020.720092773438 -219.506607055664 -217.88695846825027
2020.7529296875 -220.81884765625 -218.76006683751143
2020.785766601562 -221.450454711914 -219.39062404435631
2020.818603515625 -221.271286010742 -219.72992463337462
2020.851440429688 -220.857086181641 -219.78203003836163
2020.917236328125 -217.287643432617 -219.5657115912871
2020.950073242188 -217.880279541016 -219.60889393075573
2020.98291015625 -219.4833984375 -219.88195732612022
2021.013671875 -217.68017578125 -220.0883228989449
2021.046508789062 -217.116760253906 -220.8151625995887
2021.079345703125 -220.14729309082 -222.21720529123905
2021.1123046875 -218.379776000977 -223.61586399270192
2021.145141601562 -222.175643920898 -225.23942501082635
2021.177978515625 -222.596374511719 -227.06825358672785
2021.210815429688 -224.454040527344 -229.05838121669197
2021.24365234375 -224.71028137207 -230.8967636834944
2021.276489257812 -232.100036621094 -233.30144856352402
2021.309326171875 -237.482192993164 -235.91306904981562
2021.34228515625 -237.797912597656 -238.6178203947266
2021.358642578125 -241.708374023438 -239.79540712906103
2021.391479492188 -245.877655029297 -242.07360700556703
2021.407958984375 -242.739379882812 -242.9117617675036
2021.440795898438 -250.814880371094 -244.76976454792802
2021.4736328125 -256.213958740234 -246.29710584308577
2021.506469726562 -266.475280761719 -247.49751063523487
2021.539306640625 -255.499557495117 -248.46511516046627
2021.572265625 -253.071090698242 -248.8025773761071
2021.605102539062 -264.700256347656 -249.70328311026762
2021.637939453125 -255.636810302734 -250.54526627401788
2021.670776367188 -252.488723754883 -251.27273932504878
2021.736450195312 -256.242065429688 -251.67494523637245
2021.769287109375 -250.882720947266 -251.71653840246438
2021.80224609375 -251.473739624023 -251.41455926220019
2021.835083007812 -249.87190246582 -251.0534067166804
2021.867919921875 -251.164657592773 -250.65677004540504
2021.966430664062 -249.909805297852 -249.70506328159635
2022.0 -247.378265380859 -249.5002540984895
2022.065673828125 -248.790100097656 -249.01449263587915
2022.098510742188 -246.285873413086 -248.9483864040956
2022.197143554688 -246.818008422852 -249.04997278243175
2022.22998046875 -248.728576660156 -249.24915889757827
2022.262817382812 -247.617706298828 -249.56981643176627
2022.295654296875 -247.63542175293 -250.01952725332552
2022.328491210938 -247.654159545898 -250.5873324113282
2022.394287109375 -250.777725219727 -251.8585483781104
2022.558471679688 -258.343414306641 -255.12145539749434
2022.591430664062 -265.043853759766 -255.8720437941279
2022.68994140625 -247.542419433594 -258.4599365524469
2022.722778320312 -259.638061523438 -259.3344067663524
2022.821411132812 -261.233947753906 -261.7265224176459
2022.854248046875 -260.371978759766 -262.6328058609818
2022.887084960938 -262.027038574219 -263.67685710568804
2022.919921875 -262.230041503906 -264.7075395309594
2022.952758789062 -264.285308837891 -265.88789024118716
2022.985595703125 -266.691833496094 -267.35381439157686
2023.019165039062 -268.817352294922 -268.9253365125566
2023.052001953125 -270.321716308594 -270.43642782309973
2023.084838867188 -271.470458984375 -272.0826325624789
2023.11767578125 -273.062683105469 -273.7561449214997
2023.150634765625 -275.430755615234 -275.42464863903035
2023.183471679688 -277.369964599609 -277.04574162022993
2023.21630859375 -279.650726318359 -278.5721471560088
2023.249145507812 -282.15380859375 -280.0385047300307
2023.281982421875 -282.389739990234 -281.4819382673484
2023.314819335938 -285.26806640625 -282.91937757835046
2023.34765625 -285.774169921875 -284.3558108993718
2023.380615234375 -284.092681884766 -285.7956186816127
2023.413452148438 -299.100372314453 -287.22490699513224
2023.4462890625 -280.724243164062 -288.6460821820221
2023.57763671875 -290.22265625 -294.2027028673175
