2014.804931640625 0.0 0.7279150358632863
2014.837768554688 4.484560489655 -0.44255997269086766
2014.903442382812 4.870235443115 -2.7807314073891813
2014.96923828125 -4.7298412323 -5.1194339392558055
2015.03564453125 -5.733991622925 -7.475907540521543
2015.101318359375 -20.71314239502 -9.802672844404958
2015.265625 -18.026247024536 -15.612447987901627
2015.331298828125 -24.674842834473 -17.932851677936664
2015.39697265625 -35.751728057861 -20.253722986254207
2016.021850585938 -40.402126312256 -42.577224601535804
2016.1533203125 -47.493549346924 -46.75148112291186
2016.350463867188 -61.209945678711 -53.21277151542147
2016.416137695312 -61.023170471191 -55.4256922511525
2016.547607421875 -58.592655181885 -59.920710424998646
2016.744750976562 -65.62516784668 -66.10065536162296
2016.777587890625 -64.740333557129 -67.14133932209715
2016.810424804688 -71.835350036621 -68.20020877730508
2016.84326171875 -69.846878051758 -69.31302881835627
2016.876098632812 -71.102882385254 -70.52218798868505
2016.908935546875 -71.172721862793 -71.79932772506385
2016.941772460938 -71.392196655273 -73.09757356581956
2016.974731445312 -72.983169555664 -74.44295480801338
2017.005493164062 -75.563591003418 -75.80741702550569
2017.038330078125 -76.853782653809 -77.2038609632146
2017.071166992188 -77.583938598633 -78.6077704643109
2017.10400390625 -79.594833374023 -80.2571678931123
2017.136840820312 -80.37833404541 -82.03434836701791
2017.169799804688 -81.855972290039 -83.89365732756582
2017.20263671875 -85.329635620117 -85.83827488409786
2017.235473632812 -85.655723571777 -87.88038577949915
2017.268310546875 -89.036796569824 -90.02518296212709
2017.301147460938 -91.592399597168 -92.2739172840289
2017.333984375 -94.645698547363 -94.6211351585565
2017.366821289062 -98.122406005859 -97.0285853881252
2017.399780273438 -99.930168151855 -99.43988964367475
2017.4326171875 -99.763381958008 -101.78883773666773
2017.498291015625 -105.849876403809 -106.28828849034252
2017.531127929688 -112.175689697266 -108.44552146421104
2017.56396484375 -113.022308349609 -110.54774583007617
2017.596801757812 -117.26326751709 -112.59115522520776
2017.629760742188 -116.609771728516 -114.57570436757824
2017.66259765625 -117.596000671387 -116.46140183797831
2017.695434570312 -117.70157623291 -118.22700679029752
2017.728271484375 -119.68815612793 -119.82353398797599
2017.761108398438 -121.78719329834 -121.22858427108905
2017.7939453125 -123.929496765137 -122.46928207855605
2017.826782226562 -123.839393615723 -123.59333974605472
2017.859741210938 -126.208015441895 -124.63182073085235
2017.892578125 -126.809478759766 -125.61440587499428
2017.925415039062 -128.069885253906 -126.57371848441075
2017.958251953125 -128.510971069336 -127.52757758084752
2017.991088867188 -128.782913208008 -128.47644611653158
2018.024658203125 -127.812644958496 -129.43738508095342
2018.057495117188 -128.958877563477 -130.38263387305622
2018.09033203125 -130.7744140625 -131.37585597314697
2018.123168945312 -131.363662719727 -132.4645573223707
2018.156005859375 -130.39990234375 -133.6775896313811
2018.18896484375 -135.080123901367 -135.02079646362066
2018.221801757812 -134.139755249023 -136.47460401493703
2018.254638671875 -137.408477783203 -138.02976560697945
2018.287475585938 -137.842727661133 -139.68290743391717
2018.3203125 -138.813613891602 -141.4231652386216
2018.353149414062 -141.286697387695 -143.24036182189434
2018.385986328125 -147.372451782227 -145.12862612462504
2018.4189453125 -148.428329467773 -147.093934345894
2018.451782226562 -150.406692504883 -149.0956293706098
2018.484619140625 -150.408843994141 -151.09717886650557
2018.517456054688 -151.912200927734 -153.06388257140478
2018.55029296875 -154.420654296875 -154.97647144891874
2018.583129882812 -159.036010742188 -156.80154621219873
2018.615966796875 -158.528182983398 -158.52022201203886
2018.64892578125 -161.735397338867 -160.13846470813783
2018.681762695312 -165.179046630859 -161.6612841541172
2018.714599609375 -155.676208496094 -163.11613968537048
2018.747436523438 -164.585876464844 -164.520208929003
2018.7802734375 -167.25227355957 -165.88665454792235
2018.813110351562 -169.124130249023 -167.18679079432016
2018.845947265625 -170.638336181641 -168.4612383861769
2018.87890625 -168.440841674805 -169.62221260729083
2018.911743164062 -169.225982666016 -170.7115713598339
2018.944580078125 -172.191101074219 -171.76751834697168
2018.977416992188 -172.085235595703 -172.84176718575173
2019.010986328125 -173.051574707031 -174.04348103908697
2019.043823242188 -174.295791625977 -175.19219009042908
2019.109497070312 -177.955078125 -177.99695676760368
2019.1259765625 -177.869232177734 -178.7045308831506
2019.142333984375 -178.244247436523 -179.52849251945798
2019.175170898438 -180.345886230469 -181.23733693959164
2019.191650390625 -181.651123046875 -182.24829523820162
2019.208129882812 -181.554840087891 -183.3436657565864
2019.224487304688 -183.915756225586 -184.4200016548991
2019.240966796875 -186.160079956055 -185.66946520826622
2019.25732421875 -185.694152832031 -186.95431155270185
2019.273803710938 -187.452133178711 -188.21470861211964
2019.290161132812 -188.536315917969 -189.53104779306713
2019.306640625 -190.782516479492 -190.9236956165702
2019.323120117188 -192.508590698242 -192.29706425224387
2019.339477539062 -193.275909423828 -193.65080836882146
2019.35595703125 -195.297607421875 -195.0144264410732
2019.372314453125 -199.742385864258 -196.36979488111288
2019.388793945312 -198.87060546875 -197.74464787368566
2019.405151367188 -201.554794311523 -199.10631084664416
2019.421630859375 -197.880584716797 -200.50228734915285
2019.438110351562 -200.296524047852 -201.87315571845537
2019.454467773438 -202.868240356445 -203.18964053523416
2019.470947265625 -203.098785400391 -204.4722297791149
2019.4873046875 -207.711349487305 -205.7066152234274
2019.503784179688 -206.828247070312 -206.87893346324037
2019.520141601562 -207.115829467773 -208.06152832303877
2019.53662109375 -213.488342285156 -209.23063776426415
2019.569458007812 -214.691223144531 -211.4486364666843
2019.602294921875 -211.978088378906 -213.2937556229239
2019.618774414062 -216.131790161133 -214.2148333645496
2019.635131835938 -217.106872558594 -215.08321226427904
2019.651611328125 -217.408721923828 -215.74187731645887
2019.668090820312 -216.775344848633 -216.5073307940501
2019.71728515625 -220.313751220703 -218.21776528739895
2019.733764648438 -218.978454589844 -218.7007861561788
2019.750122070312 -221.846450805664 -219.03780985712638
2019.7666015625 -218.100662231445 -219.42902782111398
2019.799438476562 -218.975677490234 -220.03048681552792
2019.832275390625 -223.43505859375 -220.6009512974354
2019.865112304688 -221.586868286133 -221.10885056520448
2019.898071289062 -221.243804931641 -221.55219343057263
2019.930908203125 -222.652420043945 -221.94139217487185
2019.963745117188 -222.383911132812 -222.31072428320888
2019.99658203125 -222.567367553711 -222.68334494068773
2020.030151367188 -222.826736450195 -223.066543797292
2020.06298828125 -223.136871337891 -223.43507648525588
2020.095825195312 -223.518600463867 -223.8353931274142
2020.128662109375 -224.025848388672 -224.29784701079708
2020.161499023438 -223.689651489258 -224.83303943218348
2020.177978515625 -224.911529541016 -225.17933139815622
2020.1943359375 -225.485000610352 -225.44380265884212
2020.227294921875 -226.03239440918 -226.19908008766242
2020.260131835938 -223.97087097168 -227.16343181050354
2020.29296875 -226.178421020508 -228.21334045116964
2020.325805664062 -227.902984619141 -229.43598251601597
2020.358642578125 -231.119384765625 -230.9565182470399
2020.391479492188 -230.841552734375 -232.53363301007028
2020.42431640625 -230.111221313477 -234.16426527173206
2020.457275390625 -229.885940551758 -235.93006249303488
2020.490112304688 -239.375061035156 -237.8355732544619
2020.52294921875 -240.247970581055 -239.7949190686385
2020.555786132812 -241.461822509766 -241.7503183631911
2020.572265625 -240.431121826172 -242.67880002420364
2020.588623046875 -247.44953918457 -243.56066552754731
2020.605102539062 -245.530654907227 -244.5410767737671
2020.621459960938 -251.117294311523 -245.36902989568543
2020.654296875 -246.715911865234 -247.05515329148815
2020.687255859375 -251.743011474609 -248.5726622764953
2020.70361328125 -251.445617675781 -249.32999485923497
2020.720092773438 -251.137130737305 -249.87791038918562
2020.7529296875 -250.471969604492 -251.02635353176754
2020.785766601562 -254.404678344727 -252.05519574239204
2020.818603515625 -254.009002685547 -252.98096026735746
2020.851440429688 -254.157150268555 -253.80767000304607
2020.917236328125 -255.80403137207 -255.30921548123374
2020.950073242188 -256.305572509766 -256.09510599860056
2020.98291015625 -256.748809814453 -256.9376486719157
2021.013671875 -254.800354003906 -257.67950475470224
2021.046508789062 -257.486785888672 -258.61246671549907
2021.079345703125 -257.562286376953 -259.780911542956
2021.1123046875 -258.187286376953 -260.9803375722452
2021.145141601562 -263.277648925781 -262.2904315683663
2021.177978515625 -262.314392089844 -263.6909225042515
2021.210815429688 -263.139556884766 -265.15452047782776
2021.24365234375 -264.2119140625 -266.5987048210412
2021.276489257812 -267.469116210938 -268.2356932211388
2021.309326171875 -271.388031005859 -269.89999504522234
2021.34228515625 -274.125518798828 -271.55962945114027
2021.358642578125 -273.434631347656 -272.3249682532729
2021.391479492188 -273.551422119141 -273.8755709390301
2021.407958984375 -277.296783447266 -274.568059157661
2021.440795898438 -276.587982177734 -275.98346677715887
2021.4736328125 -275.576080322266 -277.2464446295172
2021.506469726562 -290.554840087891 -278.3300810880308
2021.539306640625 -284.23974609375 -279.27209684436633
2021.572265625 -280.711486816406 -279.88890310040455
2021.605102539062 -290.924774169922 -280.69084448908484
2021.637939453125 -284.127563476562 -281.4064497957929
2021.670776367188 -284.125610351562 -282.03924862558665
2021.736450195312 -285.931518554688 -282.8681194780026
2021.769287109375 -283.390167236328 -283.26880399472003
2021.80224609375 -281.658508300781 -283.5050820573807
2021.835083007812 -287.3017578125 -283.7243393331753
2021.867919921875 -283.099975585938 -283.82763144215977
2021.966430664062 -282.177459716797 -284.0454480172849
2022.0 -285.958801269531 -284.2503360247281
2022.065673828125 -281.771789550781 -284.6472875522321
2022.098510742188 -285.410705566406 -285.2215551788388
2022.197143554688 -284.384124755859 -287.7153650394479
2022.22998046875 -282.820007324219 -288.61924092428177
2022.262817382812 -283.082672119141 -289.54066208339594
2022.295654296875 -285.478851318359 -290.4753451134766
2022.328491210938 -285.287231445312 -291.45066526749446
2022.394287109375 -291.013671875 -293.51732034966153
2022.558471679688 -302.019012451172 -298.9942059942795
2022.591430664062 -299.868560791016 -300.31490275735166
2022.68994140625 -304.556243896484 -304.7002066185855
2022.722778320312 -307.440521240234 -306.06134937382814
2022.821411132812 -310.170104980469 -309.71963256859476
2022.854248046875 -313.529754638672 -310.8152331548576
2022.887084960938 -312.319885253906 -311.87466813897754
2022.919921875 -312.238586425781 -312.96675769337287
2022.952758789062 -315.018768310547 -314.0518770281844
2022.985595703125 -315.536346435547 -315.0458243064976
2023.019165039062 -316.406524658203 -316.03889542610966
2023.052001953125 -316.833923339844 -316.9912903968214
2023.084838867188 -317.365051269531 -317.9484026735177
2023.11767578125 -317.422424316406 -318.95771884365814
2023.150634765625 -319.833374023438 -319.9451272476875
2023.183471679688 -320.51318359375 -320.9771079216446
2023.21630859375 -320.709533691406 -322.043124981295
2023.249145507812 -323.009674072266 -323.13290716538415
2023.281982421875 -323.913848876953 -324.2359185150944
2023.314819335938 -326.327301025391 -325.34678823329614
2023.34765625 -325.614929199219 -326.4630552666803
2023.380615234375 -326.696472167969 -327.58765907262193
2023.413452148438 -330.266876220703 -328.71206064747685
2023.4462890625 -328.635864257812 -329.84075046237626
2023.57763671875 -336.302124023438 -334.40546013540967
