2014.804931640625 -0.0 0.46240723244356674
2014.837768554688 -6.782437324524 0.049886808852270585
2014.903442382812 1.313368558884 -0.7747065370766985
2014.96923828125 -1.819802045822 -1.5996640362893733
2015.03564453125 19.094467163086 -2.4307647332364546
2015.101318359375 -18.041652679443 -3.2509358354660516
2015.265625 19.703218460083 -5.29314190089884
2015.331298828125 4.279411315918 -6.104624531125759
2015.39697265625 -16.041307449341 -6.912852679732277
2016.021850585938 -14.701550483704 -15.826838748343924
2016.1533203125 -17.474689483643 -16.385834101694154
2016.350463867188 -2.221351861954 -17.03980195578968
2016.416137695312 -34.930667877197 -17.26008852158332
2016.547607421875 -26.059745788574 -17.897490775799422
2016.744750976562 -14.122089385986 -18.70697900382587
2016.777587890625 -19.962980270386 -18.54221943423886
2016.810424804688 -18.878652572632 -18.38489377397233
2016.84326171875 -18.171432495117 -18.242838603880532
2016.876098632812 -20.221754074097 -18.134444785665163
2016.908935546875 -17.817953109741 -18.119170353536532
2016.941772460938 -18.114826202393 -18.160360014484578
2016.974731445312 -17.74547958374 -18.252266218550304
2017.005493164062 -16.550550460815 -18.4557850209437
2017.038330078125 -16.710029602051 -18.60653931623377
2017.071166992188 -15.218032836914 -18.75124824612722
2017.10400390625 -17.500194549561 -19.181180082587748
2017.136840820312 -18.482006072998 -19.793163748556164
2017.169799804688 -20.677177429199 -20.531261903451153
2017.20263671875 -19.719915390015 -21.423243243992385
2017.235473632812 -21.648372650146 -22.5238907388088
2017.268310546875 -16.715116500854 -23.89003367242024
2017.301147460938 -25.195056915283 -25.50023261280275
2017.333984375 -21.81657409668 -27.2211770061438
2017.366821289062 -28.806144714355 -28.870491306373324
2017.399780273438 -36.17403793335 -30.37241519554582
2017.4326171875 -24.902404785156 -31.721983049650365
2017.498291015625 -45.781475067139 -34.142883443131424
2017.531127929688 -41.617645263672 -35.27856366529414
2017.56396484375 -41.612842559814 -36.35656163072409
2017.596801757812 -41.054508209229 -37.362749714926224
2017.629760742188 -43.984672546387 -38.24551490616205
2017.66259765625 -39.2375831604 -38.72836004986041
2017.695434570312 -40.680713653564 -38.61341107279385
2017.728271484375 -39.529499053955 -37.910364586532246
2017.761108398438 -36.994598388672 -36.88959583457586
2017.7939453125 -37.072444915771 -35.7383886407892
2017.826782226562 -34.579368591309 -34.5460680006532
2017.859741210938 -33.121189117432 -33.33745551768348
2017.892578125 -33.042068481445 -32.14803062286678
2017.925415039062 -30.777616500854 -30.997467915632487
2017.958251953125 -28.108320236206 -29.898394111959878
2017.991088867188 -26.886352539062 -28.86671946436994
2018.024658203125 -26.436758041382 -27.91323848820185
2018.057495117188 -26.289791107178 -27.137541139248427
2018.09033203125 -24.387466430664 -26.53871856394809
2018.123168945312 -24.307544708252 -26.1494147591861
2018.156005859375 -22.832975387573 -26.043722903154855
2018.18896484375 -27.277029037476 -26.29186715547645
2018.221801757812 -23.114610671997 -26.952275081247503
2018.254638671875 -22.741260528564 -28.011817107749778
2018.287475585938 -24.810327529907 -29.390338520180787
2018.3203125 -25.432605743408 -30.9936203831006
2018.353149414062 -29.887535095215 -32.79016799038042
2018.385986328125 -28.233587265015 -34.77589657488303
2018.4189453125 -31.095443725586 -36.96276674626306
2018.451782226562 -36.455272674561 -39.306886941402
2018.484619140625 -47.24243927002 -41.778195164753015
2018.517456054688 -42.988166809082 -44.35589759337472
2018.55029296875 -48.551742553711 -46.968562511502256
2018.583129882812 -51.715793609619 -49.47517325644022
2018.615966796875 -56.573719024658 -51.781460211973815
2018.64892578125 -58.755638122559 -53.85266983348254
2018.681762695312 -59.361747741699 -55.67463226706494
2018.714599609375 -64.623672485352 -57.25868504014153
2018.747436523438 -59.929077148438 -58.62668495678665
2018.7802734375 -60.337482452393 -59.827265780317795
2018.813110351562 -67.860984802246 -60.80644869812801
2018.845947265625 -64.847648620605 -61.72448661075871
2018.87890625 -62.598747253418 -62.32150446907913
2018.911743164062 -63.056297302246 -62.702804085504376
2018.944580078125 -61.429107666016 -63.06946685452945
2018.977416992188 -64.780464172363 -63.43091283452542
2019.010986328125 -60.897411346436 -63.89993474555306
2019.043823242188 -63.396938323975 -64.29268105050261
2019.109497070312 -63.790241241455 -65.49061084802814
2019.1259765625 -63.28706741333 -65.7913586219643
2019.142333984375 -64.293395996094 -66.22939940250292
2019.175170898438 -69.610389709473 -67.16004186872726
2019.191650390625 -71.423835754395 -67.73197837084005
2019.208129882812 -66.657730102539 -68.32080748098336
2019.224487304688 -67.341651916504 -68.93616397505474
2019.240966796875 -69.591781616211 -69.4992166959828
2019.25732421875 -70.101463317871 -70.03321097534881
2019.273803710938 -73.459785461426 -70.61954361798308
2019.290161132812 -73.967399597168 -71.13815084122479
2019.306640625 -72.610107421875 -71.57355285992114
2019.323120117188 -71.012138366699 -72.03650476312903
2019.339477539062 -71.828018188477 -72.53471018648746
2019.35595703125 -72.422225952148 -73.05511492311386
2019.372314453125 -71.878112792969 -73.562424466408
2019.388793945312 -72.769493103027 -74.06007899282919
2019.405151367188 -72.97533416748 -74.6452007102914
2019.421630859375 -74.833114624023 -75.2075166500747
2019.438110351562 -77.595695495605 -75.81242301636665
2019.454467773438 -75.836280822754 -76.44523096964552
2019.470947265625 -78.691635131836 -77.09487677527038
2019.4873046875 -78.053131103516 -77.73639698607325
2019.503784179688 -69.714500427246 -78.31880346382607
2019.520141601562 -77.203315734863 -78.94386023969705
2019.53662109375 -85.680351257324 -79.55558179309054
2019.569458007812 -81.495719909668 -80.70353787642874
2019.602294921875 -81.417778015137 -81.7248738738211
2019.618774414062 -82.401191711426 -82.24521432920737
2019.635131835938 -83.831581115723 -82.74664469214746
2019.651611328125 -82.847137451172 -83.22071141006236
2019.668090820312 -83.595680236816 -83.70767330166146
2019.71728515625 -83.445785522461 -85.12585017726637
2019.733764648438 -85.788177490234 -85.58849204526993
2019.750122070312 -88.124290466309 -86.03423868345058
2019.7666015625 -84.670112609863 -86.47717369535629
2019.799438476562 -88.709091186523 -87.31997076662313
2019.832275390625 -87.20516204834 -88.14911899734543
2019.865112304688 -89.853561401367 -88.95823826544456
2019.898071289062 -91.089912414551 -89.75738926684215
2019.930908203125 -90.519714355469 -90.57237696528506
2019.963745117188 -91.037017822266 -91.46099364638928
2019.99658203125 -92.094268798828 -92.41377716691805
2020.030151367188 -92.620765686035 -93.32213135756507
2020.06298828125 -93.264282226562 -94.31610560017201
2020.095825195312 -93.674194335938 -95.30888770140227
2020.128662109375 -94.904769897461 -96.34391835940265
2020.161499023438 -97.02904510498 -97.41017296729483
2020.177978515625 -98.248458862305 -97.95753783546672
2020.1943359375 -99.563926696777 -98.49323135959415
2020.227294921875 -101.164688110352 -99.57998060510566
2020.260131835938 -101.280487060547 -100.65568329428866
2020.29296875 -99.90771484375 -101.75549184200672
2020.325805664062 -109.251594543457 -102.82712356434564
2020.358642578125 -103.710411071777 -103.81914160022392
2020.391479492188 -106.447799682617 -104.79806841639089
2020.42431640625 -104.279586791992 -105.75197649873338
2020.457275390625 -106.32487487793 -106.70073193125653
2020.490112304688 -106.611747741699 -107.67196541442365
2020.52294921875 -109.044807434082 -108.67846115769164
2020.555786132812 -110.031105041504 -109.7025463443088
2020.572265625 -108.719177246094 -110.22845599708897
2020.588623046875 -107.766860961914 -110.72813987965779
2020.605102539062 -113.382270812988 -111.22808572419058
2020.621459960938 -112.778884887695 -111.71007795889798
2020.654296875 -111.135276794434 -112.67500489285338
2020.687255859375 -115.08122253418 -113.59204275072693
2020.70361328125 -116.102256774902 -114.06830419712146
2020.720092773438 -120.794242858887 -114.41557722469669
2020.7529296875 -114.946922302246 -115.14809665359768
2020.785766601562 -115.467308044434 -115.78598785395722
2020.818603515625 -117.442016601562 -116.33468975525412
2020.851440429688 -117.09839630127 -116.81411584229245
2020.917236328125 -119.218254089355 -117.59017594011989
2020.950073242188 -117.657920837402 -117.98128987707445
2020.98291015625 -118.883056640625 -118.4332560855996
2021.013671875 -119.091239929199 -118.8217291035199
2021.046508789062 -116.514022827148 -119.32523940509125
2021.079345703125 -116.229515075684 -119.91386224611371
2021.1123046875 -120.509201049805 -120.47494890866803
2021.145141601562 -119.517456054688 -121.06233640201285
2021.177978515625 -121.39527130127 -121.71676826831381
2021.210815429688 -125.740592956543 -122.4743905037185
2021.24365234375 -120.570335388184 -123.23036915615346
2021.276489257812 -126.667991638184 -124.2502100033851
2021.309326171875 -124.981704711914 -125.39497611369134
2021.34228515625 -122.855575561523 -126.61621039676041
2021.358642578125 -128.053024291992 -127.25450867046294
2021.391479492188 -124.85627746582 -128.44843806859961
2021.407958984375 -125.523475646973 -129.04564667265737
2021.440795898438 -121.073516845703 -130.17209394543465
2021.4736328125 -133.667221069336 -131.18516853439093
2021.506469726562 -137.790023803711 -132.04331653696073
2021.539306640625 -135.269592285156 -132.77330717120003
2021.572265625 -144.913192749023 -133.1266560342469
2021.605102539062 -142.215637207031 -133.81838721478834
2021.637939453125 -134.585067749023 -134.48595277389472
2021.670776367188 -141.363128662109 -135.081859932878
2021.736450195312 -138.85823059082 -135.58932103814448
2021.769287109375 -136.010482788086 -135.7454933359239
2021.80224609375 -135.812042236328 -135.6570214786157
2021.835083007812 -132.500854492188 -135.52083828022043
2021.867919921875 -135.702346801758 -135.25936852374397
2021.966430664062 -136.938720703125 -134.4128628848058
2022.0 -134.542602539062 -134.1747108608349
2022.065673828125 -134.17919921875 -133.70893010596666
2022.098510742188 -129.584609985352 -133.61670406956586
2022.197143554688 -126.421279907227 -133.81400871635617
2022.22998046875 -134.432556152344 -134.10484671673385
2022.262817382812 -130.277404785156 -134.51271826526903
2022.295654296875 -131.57844543457 -135.00845102899152
2022.328491210938 -131.089874267578 -135.57116378690665
2022.394287109375 -134.815521240234 -136.7847714165327
2022.558471679688 -144.321487426758 -139.92305352364102
2022.591430664062 -125.431701660156 -140.75146852424874
2022.68994140625 -145.235916137695 -143.40548106126028
2022.722778320312 -150.143173217773 -144.35299263739014
2022.821411132812 -142.807113647461 -146.42814312783105
2022.854248046875 -157.15364074707 -146.83063657390704
2022.887084960938 -145.143264770508 -147.2005836551762
2022.919921875 -153.710205078125 -147.54479787654063
2022.952758789062 -150.068435668945 -147.90017000952798
2022.985595703125 -148.180526733398 -148.4178027989994
2023.019165039062 -145.371124267578 -149.03386296758276
2023.052001953125 -147.032730102539 -149.61715934334865
2023.084838867188 -148.575256347656 -150.41922606295378
2023.11767578125 -148.957336425781 -151.32939253505506
2023.150634765625 -153.599151611328 -152.22073357306854
2023.183471679688 -153.758743286133 -153.19871959063906
2023.21630859375 -150.470352172852 -154.21049060947522
2023.249145507812 -158.019821166992 -155.24128530452202
2023.281982421875 -156.766998291016 -156.28289454960483
2023.314819335938 -155.323486328125 -157.33146114544974
2023.34765625 -157.796127319336 -158.38525028791298
2023.380615234375 -159.763107299805 -159.44800960680206
2023.413452148438 -159.889389038086 -160.512150322992
2023.4462890625 -168.622100830078 -161.58184851278378
2023.57763671875 -166.067047119141 -165.91291423241734
