2014.804931640625 0.0 2.6401804558489546
2014.837768554688 1.938272476196 1.4922406858517367
2014.903442382812 0.43421536684 -0.8017414851509586
2014.96923828125 -0.724096000195 -3.096811664166607
2015.03564453125 2.734839439392 -5.409425333490557
2015.101318359375 -15.322418212891 -7.692703853672592
2015.265625 -13.315026283264 -13.388899072738667
2015.331298828125 -23.553384780884 -15.65981519517231
2015.39697265625 -20.653018951416 -17.92815502060708
2016.021850585938 -39.464653015137 -38.97722738375809
2016.1533203125 -44.110652923584 -43.02895849825058
2016.350463867188 -58.529399871826 -48.02067215856816
2016.416137695312 -54.795673370361 -49.39420508831242
2016.547607421875 -58.303073883057 -52.47205552787795
2016.744750976562 -50.805969238281 -56.87693006224904
2016.777587890625 -60.228668212891 -57.11680409556684
2016.810424804688 -58.976680755615 -57.36072016662955
2016.84326171875 -55.014919281006 -57.634883142613106
2016.876098632812 -58.499713897705 -57.99349000236504
2016.908935546875 -55.389770507812 -58.4849939235267
2016.941772460938 -55.915863037109 -59.04050439686079
2016.974731445312 -58.504627227783 -59.66213191606233
2017.005493164062 -59.369045257568 -60.341983206707795
2017.038330078125 -60.487125396729 -61.01729938252396
2017.071166992188 -60.739521026611 -61.713194136980064
2017.10400390625 -62.010040283203 -62.59768564617379
2017.136840820312 -62.855670928955 -63.564207364718186
2017.169799804688 -66.16096496582 -64.57465108330308
2017.20263671875 -66.050689697266 -65.59444903592693
2017.235473632812 -65.863189697266 -66.59173092769247
2017.268310546875 -67.689651489258 -67.54123296086154
2017.301147460938 -70.810218811035 -68.4358734207083
2017.333984375 -69.168922424316 -69.27114380276173
2017.366821289062 -70.510276794434 -70.05194478973051
2017.399780273438 -74.491722106934 -70.79155102377229
2017.4326171875 -69.406997680664 -71.48181340263245
2017.498291015625 -79.563835144043 -72.6907303861496
2017.531127929688 -73.449035644531 -73.22405772540036
2017.56396484375 -76.20174407959 -73.71455111571359
2017.596801757812 -75.091873168945 -74.1629003205048
2017.629760742188 -74.077598571777 -74.57827447032754
2017.66259765625 -75.224044799805 -74.95206205173406
2017.695434570312 -76.372695922852 -75.2757681759362
2017.728271484375 -75.942039489746 -75.56305614142691
2017.761108398438 -74.305892944336 -75.83853806706031
2017.7939453125 -75.364715576172 -76.11765741109856
2017.826782226562 -76.961357116699 -76.41968045062265
2017.859741210938 -76.535591125488 -76.74705707431198
2017.892578125 -75.722755432129 -77.10801997326242
2017.925415039062 -77.000091552734 -77.50772822813914
2017.958251953125 -77.474273681641 -77.9456574106117
2017.991088867188 -78.330657958984 -78.42287824158788
2018.024658203125 -78.685173034668 -78.95634991300844
2018.057495117188 -79.434524536133 -79.52084411623295
2018.09033203125 -80.010948181152 -80.13625098898386
2018.123168945312 -80.852630615234 -80.81846754302418
2018.156005859375 -79.827819824219 -81.57638714204145
2018.18896484375 -83.018608093262 -82.40673396186985
2018.221801757812 -82.139656066895 -83.29110665018682
2018.254638671875 -83.506912231445 -84.22916276704076
2018.287475585938 -83.79451751709 -85.22467529786972
2018.3203125 -85.197799682617 -86.27475308653628
2018.353149414062 -84.489822387695 -87.38021685131446
2018.385986328125 -89.741416931152 -88.53757529996648
2018.4189453125 -91.187255859375 -89.74691361917387
2018.451782226562 -90.246742248535 -90.98153610666706
2018.484619140625 -91.537803649902 -92.22246610891713
2018.517456054688 -92.692481994629 -93.45709083068324
2018.55029296875 -96.106689453125 -94.67116699839653
2018.583129882812 -96.84986114502 -95.84299239530652
2018.615966796875 -96.810966491699 -96.96094709131465
2018.64892578125 -100.111694335938 -98.02640713462013
2018.681762695312 -99.580513000488 -99.04508903057484
2018.714599609375 -101.234825134277 -100.03628746254611
2018.747436523438 -101.067909240723 -101.00796168030912
2018.7802734375 -100.527923583984 -101.95255576002603
2018.813110351562 -109.480323791504 -102.84234330901445
2018.845947265625 -103.866706848145 -103.69371895643575
2018.87890625 -104.872665405273 -104.50774789092796
2018.911743164062 -105.548797607422 -105.28380157528308
2018.944580078125 -105.339111328125 -106.05957296424472
2018.977416992188 -107.409370422363 -106.84524253850458
2019.010986328125 -108.340400695801 -107.5820709869793
2019.043823242188 -109.083503723145 -108.27088567435021
2019.109497070312 -109.249725341797 -109.42394348616386
2019.1259765625 -109.22038269043 -109.73134879934568
2019.142333984375 -111.98560333252 -109.93928552075309
2019.175170898438 -111.079444885254 -110.3098678651848
2019.191650390625 -109.65576171875 -110.40170695061096
2019.208129882812 -114.123001098633 -110.45053063177156
2019.224487304688 -111.602386474609 -110.51248195984718
2019.240966796875 -109.56494140625 -110.48564011525377
2019.25732421875 -111.011817932129 -110.43192481850978
2019.273803710938 -110.674865722656 -110.40098763621842
2019.290161132812 -110.245704650879 -110.31976870947501
2019.306640625 -111.478248596191 -110.18138887588903
2019.323120117188 -109.55419921875 -110.04394974994047
2019.339477539062 -108.356384277344 -109.91177846714832
2019.35595703125 -109.269989013672 -109.78110179809083
2019.372314453125 -110.513862609863 -109.65717258474703
2019.388793945312 -110.303039550781 -109.5484099576118
2019.405151367188 -107.719535827637 -109.48407982487925
2019.421630859375 -109.758850097656 -109.42185827985755
2019.438110351562 -108.166244506836 -109.40023522622387
2019.454467773438 -111.699295043945 -109.43334570135143
2019.470947265625 -107.22533416748 -109.53735115216303
2019.4873046875 -110.369270324707 -109.70760682878169
2019.503784179688 -103.730369567871 -110.02609369723298
2019.520141601562 -107.767280578613 -110.25641088068564
2019.53662109375 -109.96549987793 -110.51348781016867
2019.569458007812 -110.023429870605 -111.13006870585633
2019.602294921875 -115.62784576416 -111.94854087066035
2019.618774414062 -107.085037231445 -112.34126708619823
2019.635131835938 -113.186767578125 -112.74939909080891
2019.651611328125 -111.566101074219 -113.21204229848304
2019.668090820312 -114.218368530273 -113.66056854136582
2019.71728515625 -115.197479248047 -115.19903221358452
2019.733764648438 -115.867752075195 -115.75466166200066
2019.750122070312 -115.942733764648 -116.35445046765739
2019.7666015625 -117.291145324707 -116.93307446457005
2019.799438476562 -116.735939025879 -118.12287217205744
2019.832275390625 -117.422302246094 -119.31455672315943
2019.865112304688 -120.939071655273 -120.53036701476562
2019.898071289062 -122.777763366699 -121.77063290286938
2019.930908203125 -123.489067077637 -123.01494755254912
2019.963745117188 -124.546867370605 -124.2588912854365
2019.99658203125 -124.315170288086 -125.49464629587233
2020.030151367188 -127.17650604248 -126.78498833800047
2020.06298828125 -128.683746337891 -127.99067812839687
2020.095825195312 -129.493774414062 -129.16600573009376
2020.128662109375 -130.295944213867 -130.27880978331666
2020.161499023438 -131.581039428711 -131.31909453477115
2020.177978515625 -131.619766235352 -131.7684669317077
2020.1943359375 -133.768005371094 -132.29081390163637
2020.227294921875 -133.272796630859 -133.20381447855715
2020.260131835938 -135.246597290039 -134.03733296842003
2020.29296875 -136.039276123047 -134.83095581155789
2020.325805664062 -136.881546020508 -135.54376132942605
2020.358642578125 -134.388748168945 -136.15965703180922
2020.391479492188 -139.090087890625 -136.77105159614302
2020.42431640625 -135.52848815918 -137.3507844563264
2020.457275390625 -138.124176025391 -137.88348952263374
2020.490112304688 -140.820892333984 -138.39550251779332
2020.52294921875 -136.507919311523 -138.92162602027526
2020.555786132812 -138.13069152832 -139.47678212874018
2020.572265625 -136.621170043945 -139.77048429901728
2020.588623046875 -143.819732666016 -140.0494021277626
2020.605102539062 -142.087463378906 -140.32549832313154
2020.621459960938 -141.827224731445 -140.593630806569
2020.654296875 -137.617279052734 -141.11418322180668
2020.687255859375 -139.890640258789 -141.58731969766166
2020.70361328125 -142.781234741211 -141.83686077480255
2020.720092773438 -145.74870300293 -141.9962176306995
2020.7529296875 -143.298751831055 -142.35745422236533
2020.785766601562 -145.222595214844 -142.69462984091055
2020.818603515625 -140.740478515625 -143.00758975822066
2020.851440429688 -144.490676879883 -143.27691972941346
2020.917236328125 -143.366241455078 -143.7141764496267
2020.950073242188 -143.829071044922 -143.95617470295616
2020.98291015625 -144.084457397461 -144.26510402227353
2021.013671875 -143.726760864258 -144.5033855237204
2021.046508789062 -137.439346313477 -144.88940960071056
2021.079345703125 -145.298110961914 -145.48811083231328
2021.1123046875 -143.880233764648 -146.1259468846038
2021.145141601562 -144.302581787109 -146.85454928499877
2021.177978515625 -145.578765869141 -147.6580763995201
2021.210815429688 -148.446472167969 -148.53463563016868
2021.24365234375 -147.594696044922 -149.32381641488186
2021.276489257812 -149.38508605957 -150.4265810872965
2021.309326171875 -152.017623901367 -151.6654917858912
2021.34228515625 -151.918334960938 -153.02751067397008
2021.358642578125 -154.977874755859 -153.78141664270538
2021.391479492188 -157.12321472168 -155.29614790420106
2021.407958984375 -154.750595092773 -156.1126297646833
2021.440795898438 -156.279022216797 -157.67956634224154
2021.4736328125 -157.808486938477 -159.19836065773802
2021.506469726562 -159.429107666016 -160.61303043151796
2021.539306640625 -167.093887329102 -161.88785655756715
2021.572265625 -168.826995849609 -162.89109410396424
2021.605102539062 -169.860870361328 -164.06031383936931
2021.637939453125 -167.248153686523 -165.14436998352406
2021.670776367188 -170.845962524414 -166.1063446071202
2021.736450195312 -169.416213989258 -167.3427288401948
2021.769287109375 -171.15739440918 -168.02639064926964
2021.80224609375 -171.214706420898 -168.46065236301192
2021.835083007812 -167.827423095703 -168.93032807884774
2021.867919921875 -171.903778076172 -169.106725221579
2021.966430664062 -168.617919921875 -169.19782124195123
2022.0 -167.819808959961 -169.10695103372024
2022.065673828125 -168.729064941406 -168.92759370405767
2022.098510742188 -169.535217285156 -168.80382373098786
2022.197143554688 -172.62467956543 -168.46504430938202
2022.22998046875 -168.024475097656 -168.37421532535328
2022.262817382812 -165.512100219727 -168.2990719448488
2022.295654296875 -169.230651855469 -168.24514858060977
2022.328491210938 -172.233413696289 -168.22776782920417
2022.394287109375 -165.044769287109 -168.33373016738395
2022.558471679688 -174.975234985352 -168.82081515045314
2022.591430664062 -142.887466430664 -168.8097457247884
2022.68994140625 -167.749420166016 -168.80933427493088
2022.722778320312 -178.424499511719 -168.80382437211884
2022.821411132812 -167.975952148438 -169.62527074820366
2022.854248046875 -169.589721679688 -170.0265299660831
2022.887084960938 -170.398681640625 -170.39331504149416
2022.919921875 -172.318939208984 -170.74030774001645
2022.952758789062 -174.193817138672 -171.0941908254108
2022.985595703125 -171.430358886719 -171.42062848452852
2023.019165039062 -171.770980834961 -171.74632472652306
2023.052001953125 -172.012466430664 -172.07402600170784
2023.084838867188 -172.056716918945 -172.38202596625368
2023.11767578125 -174.140930175781 -172.75282442312877
2023.150634765625 -172.256072998047 -173.1306677508514
2023.183471679688 -173.175201416016 -173.57374427613723
2023.21630859375 -171.316421508789 -174.02273375863524
2023.249145507812 -171.252197265625 -174.4711858245173
2023.281982421875 -173.339447021484 -174.91907210444762
2023.314819335938 -176.268844604492 -175.3692405021235
2023.34765625 -175.083770751953 -175.82547511060963
2023.380615234375 -182.300506591797 -176.2926835756716
2023.413452148438 -164.51399230957 -176.7703395953989
2023.4462890625 -180.093887329102 -177.26211801576727
2023.57763671875 -197.638702392578 -179.367513024019
