2014.804931640625 0.0 12.73800323184475
2014.837768554688 12.734037399292 12.702341458458287
2014.903442382812 14.617615699768 12.63444997560301
2014.96923828125 11.6162109375 12.571059995397489
2015.03564453125 14.300180435181 12.511516774040938
2015.101318359375 4.61094045639 12.456708874357115
2015.265625 21.221797943115 12.33266483555334
2015.331298828125 9.465644836426 12.285662811067743
2015.39697265625 0.345159709454 12.238136801899227
2016.021850585938 13.823266029358 11.541713946761414
2016.1533203125 -1.169271707535 12.215523419857034
2016.350463867188 10.190866470337 12.46660551533865
2016.416137695312 -6.911837100983 12.232118370193831
2016.547607421875 13.417113304138 11.796112762393468
2016.744750976562 12.842175483704 11.235021805397892
2016.777587890625 11.990922927856 11.140978395280516
2016.810424804688 9.572553634644 10.970172403187302
2016.84326171875 11.463202476501 10.610711804178116
2016.876098632812 9.687860488892 10.156731481383241
2016.908935546875 10.490378379822 9.677243748486145
2016.941772460938 9.773761749268 9.193179294228626
2016.974731445312 9.550675392151 8.668108926199887
2017.005493164062 7.130802631378 8.155497118200268
2017.038330078125 7.249633789062 7.617735972236185
2017.071166992188 7.133809566498 7.081144495161978
2017.10400390625 6.930467128754 6.513649477732449
2017.136840820312 6.509708404541 5.921394021515202
2017.169799804688 5.356957912445 5.3044187466200325
2017.20263671875 4.885545730591 4.669869913246975
2017.235473632812 4.811376094818 4.034973005309302
2017.268310546875 2.604445457458 3.431138699804787
2017.301147460938 2.310917615891 2.885238641522313
2017.333984375 2.35759973526 2.4012428008596367
2017.366821289062 3.243121623993 1.968438744371902
2017.399780273438 0.240111708641 1.5616161874658754
2017.4326171875 -2.101746797562 1.1552524838387963
2017.498291015625 -4.293975830078 0.31035299367030117
2017.531127929688 1.184378385544 -0.1045839873874874
2017.56396484375 -0.257242560387 -0.487856665590533
2017.596801757812 2.582602500916 -0.8307519424651415
2017.629760742188 -1.270274281502 -1.136975896606186
2017.66259765625 0.097359851003 -1.4047691123122583
2017.695434570312 -1.796775698662 -1.6438604652181816
2017.728271484375 -4.0660405159 -1.8778610287966953
2017.761108398438 -3.783541202545 -2.1304807594316135
2017.7939453125 -3.535232067108 -2.401426487253977
2017.826782226562 -2.372640371323 -2.6761349942701864
2017.859741210938 -2.127470254898 -2.938695400291815
2017.892578125 -2.781447887421 -3.1654167767697685
2017.925415039062 -4.080099582672 -3.359963073693691
2017.958251953125 -3.392088413239 -3.5443781021310015
2017.991088867188 -3.375609636307 -3.746512889600236
2018.024658203125 -3.287209749222 -4.001126287842503
2018.057495117188 -4.15207862854 -4.319886680457264
2018.09033203125 -4.68234872818 -4.733553307977587
2018.123168945312 -4.575531005859 -5.262417012296525
2018.156005859375 -2.913822412491 -5.916488015876484
2018.18896484375 -5.407275676727 -6.697901648111316
2018.221801757812 -4.85452747345 -7.612238478442275
2018.254638671875 -8.303833007812 -8.658053823843852
2018.287475585938 -7.282057285309 -9.856705779714924
2018.3203125 -10.092956542969 -11.219623161679642
2018.353149414062 -8.741870880127 -12.726311146932671
2018.385986328125 -13.339765548706 -14.331479839741393
2018.4189453125 -14.908041954041 -16.0050545491022
2018.451782226562 -17.789215087891 -17.679175038588312
2018.484619140625 -24.434766769409 -19.312692360376733
2018.517456054688 -21.886196136475 -20.893688954440822
2018.55029296875 -29.757593154907 -22.417807542404745
2018.583129882812 -27.983400344849 -23.85523491536275
2018.615966796875 -27.150640487671 -25.185559714533102
2018.64892578125 -27.537591934204 -26.397378369190143
2018.681762695312 -29.755498886108 -27.473849154542194
2018.714599609375 -18.70859336853 -28.40170620952201
2018.747436523438 -28.921270370483 -29.145764113858768
2018.7802734375 -30.925022125244 -29.71860247581615
2018.813110351562 -33.192958831787 -30.162839520785145
2018.845947265625 -32.598655700684 -30.571010508992106
2018.87890625 -29.881282806396 -30.938903062134603
2018.911743164062 -29.850082397461 -31.31807335863794
2018.944580078125 -31.397529602051 -31.6653432632463
2018.977416992188 -30.146484375 -32.00161678378949
2019.010986328125 -31.448360443115 -32.427353947364516
2019.043823242188 -32.50972366333 -32.812346292094816
2019.109497070312 -34.411052703857 -34.11526167345227
2019.1259765625 -34.08464050293 -34.48238829189371
2019.142333984375 -34.527637481689 -34.924684958917545
2019.175170898438 -35.15421295166 -35.85352593824219
2019.191650390625 -35.772029876709 -36.38669770982732
2019.208129882812 -35.577758789062 -36.95163515196494
2019.224487304688 -36.956443786621 -37.502532211166844
2019.240966796875 -38.436073303223 -38.145821459107694
2019.25732421875 -38.187404632568 -38.835803398193384
2019.273803710938 -39.611583709717 -39.50253394133393
2019.290161132812 -40.514892578125 -40.213289916771444
2019.306640625 -40.743000030518 -41.093544270899486
2019.323120117188 -40.623294830322 -42.05785435870235
2019.339477539062 -44.550724029541 -43.069353683360674
2019.35595703125 -42.574798583984 -44.1185943847636
2019.372314453125 -41.346340179443 -45.176410645347985
2019.388793945312 -45.439807891846 -46.2611848103376
2019.405151367188 -44.238277435303 -47.43916995346404
2019.421630859375 -49.366485595703 -48.59812488687696
2019.438110351562 -52.800884246826 -49.80120519970369
2019.454467773438 -52.126472473145 -51.03872162573587
2019.470947265625 -51.881160736084 -52.306580007115336
2019.4873046875 -54.017333984375 -53.54230860247312
2019.503784179688 -51.879127502441 -54.68386233981363
2019.520141601562 -55.815818786621 -55.84567672909187
2019.53662109375 -62.327487945557 -56.9278308829773
2019.569458007812 -60.766098022461 -58.63391135933252
2019.602294921875 -53.730155944824 -59.64293169654467
2019.618774414062 -65.010368347168 -60.226837488165366
2019.635131835938 -64.097610473633 -60.79334582026768
2019.651611328125 -63.098747253418 -61.10938569111048
2019.668090820312 -67.850296020508 -61.6185454357322
2019.71728515625 -63.932353973389 -62.43194943181442
2019.733764648438 -62.152053833008 -62.578722603598905
2019.750122070312 -65.723747253418 -62.453818358642835
2019.7666015625 -61.020503997803 -62.42483870437663
2019.799438476562 -61.570808410645 -62.073861871151756
2019.832275390625 -65.349700927734 -61.65777306057773
2019.865112304688 -60.970325469971 -61.16937057311344
2019.898071289062 -60.81755065918 -60.65073448727329
2019.930908203125 -60.1471824646 -60.12444613711822
2019.963745117188 -59.123668670654 -59.595341082732325
2019.99658203125 -59.326114654541 -59.07366212553692
2020.030151367188 -57.290893554688 -58.53372930003706
2020.06298828125 -57.904293060303 -58.08316765295766
2020.095825195312 -57.634819030762 -57.683954188657474
2020.128662109375 -57.723239898682 -57.38599569763745
2020.161499023438 -55.227165222168 -57.220708132498515
2020.177978515625 -56.812183380127 -57.274302990309664
2020.1943359375 -55.983303070068 -57.183015205888125
2020.227294921875 -54.282886505127 -57.30018716187217
2020.260131835938 -56.886348724365 -57.6093143912554
2020.29296875 -56.073230743408 -57.996927391757
2020.325805664062 -57.441913604736 -58.5821693985344
2020.358642578125 -58.409393310547 -59.54888427186699
2020.391479492188 -57.980701446533 -60.66263886510251
2020.42431640625 -62.438968658447 -61.900333066887754
2020.457275390625 -58.519695281982 -63.304847023273695
2020.490112304688 -63.095924377441 -64.8480896052627
2020.52294921875 -66.693687438965 -66.44991940222633
2020.555786132812 -67.304893493652 -68.09934903951114
2020.572265625 -67.441047668457 -68.91963515693806
2020.588623046875 -71.791625976562 -69.70902482790054
2020.605102539062 -71.825103759766 -70.54950571795676
2020.621459960938 -76.040962219238 -71.30596387295785
2020.654296875 -73.942230224609 -72.81304459797869
2020.687255859375 -75.716262817383 -74.14382803263699
2020.70361328125 -76.784202575684 -74.82550207305665
2020.720092773438 -74.996246337891 -75.20841307873047
2020.7529296875 -76.653358459473 -76.0495076234926
2020.785766601562 -79.047691345215 -76.72745064937554
2020.818603515625 -78.956726074219 -77.29279606724438
2020.851440429688 -80.199836730957 -77.76156048497938
2020.917236328125 -78.867416381836 -78.43681977176904
2020.950073242188 -78.302131652832 -78.6929276100138
2020.98291015625 -79.167655944824 -78.93681583556088
2021.013671875 -78.23804473877 -79.15703513701334
2021.046508789062 -78.494300842285 -79.35068167310035
2021.079345703125 -79.322158813477 -79.56521016038583
2021.1123046875 -78.371040344238 -79.77297243885175
2021.145141601562 -80.69172668457 -80.0314532526015
2021.177978515625 -79.946838378906 -80.36824161268832
2021.210815429688 -83.378028869629 -80.78319831761627
2021.24365234375 -77.024703979492 -81.17268643854112
2021.276489257812 -80.753189086914 -81.75840571072513
2021.309326171875 -85.023872375488 -82.47379253142421
2021.34228515625 -79.217514038086 -83.31022396150286
2021.358642578125 -81.134010314941 -83.89671717277889
2021.391479492188 -81.118995666504 -84.91988522631608
2021.407958984375 -81.824684143066 -85.55915804353656
2021.440795898438 -86.131523132324 -86.6544344013127
2021.4736328125 -87.521354675293 -87.78411585455258
2021.506469726562 -105.980369567871 -88.96006062712792
2021.539306640625 -90.529365539551 -90.18323026230792
2021.572265625 -95.051559448242 -91.46561828879206
2021.605102539062 -108.886611938477 -92.79154344968838
2021.637939453125 -96.546234130859 -94.15700139614133
2021.670776367188 -94.729667663574 -95.53066198154981
2021.736450195312 -96.412551879883 -98.01751337957047
2021.769287109375 -97.016540527344 -99.18027240611879
2021.80224609375 -102.499855041504 -100.25566710710444
2021.835083007812 -100.127975463867 -101.33002137410827
2021.867919921875 -107.094291687012 -102.36054831428976
2021.966430664062 -109.211738586426 -105.23383141068445
2022.0 -106.066917419434 -106.13955932652212
2022.065673828125 -105.507034301758 -108.00149328286226
2022.098510742188 -110.063423156738 -108.85369577003993
2022.197143554688 -112.935104370117 -111.15459626490663
2022.22998046875 -117.014465332031 -111.76233766392578
2022.262817382812 -112.987487792969 -112.272096209561
2022.295654296875 -112.896553039551 -112.67114499972101
2022.328491210938 -113.127395629883 -112.9580448197447
2022.394287109375 -119.930366516113 -113.40489993292448
2022.558471679688 -107.430633544922 -115.24354343030406
2022.591430664062 -118.288261413574 -115.51127543049758
2022.68994140625 -111.698844909668 -116.1452320967953
2022.722778320312 -109.649833679199 -116.16290796035729
2022.821411132812 -115.192779541016 -117.59508693177287
2022.854248046875 -116.474937438965 -118.59628144830239
2022.887084960938 -116.981971740723 -119.72647381042704
2022.919921875 -120.436653137207 -120.8464492433283
2022.952758789062 -121.268333435059 -122.1501338318189
2022.985595703125 -122.345352172852 -124.00952503735583
2023.019165039062 -125.43505859375 -126.22660176935061
2023.052001953125 -127.382186889648 -128.39542995649703
2023.084838867188 -129.873016357422 -130.89141707160522
2023.11767578125 -131.779632568359 -133.5634259465592
2023.150634765625 -130.836822509766 -136.12577302154853
2023.183471679688 -136.810974121094 -138.76921963623082
2023.21630859375 -133.729293823242 -141.4076590186501
2023.249145507812 -131.372116088867 -144.05379433172527
2023.281982421875 -145.243423461914 -146.7138110966431
2023.314819335938 -153.983093261719 -149.39090222482386
2023.34765625 -151.613754272461 -152.08639888627582
2023.380615234375 -155.227294921875 -154.80785872008744
2023.413452148438 -157.246887207031 -157.5321232336476
2023.4462890625 -174.517623901367 -160.26650812680415
2023.57763671875 -211.223785400391 -171.26963982871547
