2014.804931640625 0.0 11.244860124463905
2014.837768554688 14.62885761261 9.814676719842913
2014.903442382812 6.291995048523 6.954736639905136
2014.96923828125 2.803949832916 4.089834322688887
2015.03564453125 -4.281997203827 1.1986875492003666
2015.101318359375 3.122622013092 -1.659858505699266
2015.265625 -8.763261795044 -8.80570691299694
2015.331298828125 -1.735946297646 -11.658925709451385
2015.39697265625 7.64617395401 -14.510078805369066
2016.021850585938 -45.622859954834 -41.7123172408257
2016.1533203125 -46.750640869141 -48.01533166192859
2016.350463867188 -60.2463722229 -55.78896269503323
2016.416137695312 -52.524913787842 -58.14470554415116
2016.547607421875 -63.502498626709 -63.00892283271947
2016.744750976562 -77.138900756836 -70.55078241248505
2016.777587890625 -74.233062744141 -71.44198830785623
2016.810424804688 -72.518226623535 -72.3476579300073
2016.84326171875 -75.676780700684 -73.26314489716624
2016.876098632812 -73.775688171387 -74.10546683725013
2016.908935546875 -74.555557250977 -74.90809838167476
2016.941772460938 -75.366477966309 -75.72427547196683
2016.974731445312 -75.658470153809 -76.43055412567426
2017.005493164062 -77.188232421875 -77.10365865058272
2017.038330078125 -79.186851501465 -77.80743380664859
2017.071166992188 -77.351654052734 -78.52577232388785
2017.10400390625 -78.751922607422 -79.3631794686569
2017.136840820312 -79.247512817383 -80.27061802289738
2017.169799804688 -79.834083557129 -81.22316291340536
2017.20263671875 -81.672317504883 -82.22092443295674
2017.235473632812 -81.89217376709 -83.27397950980598
2017.268310546875 -84.768684387207 -84.39328009607706
2017.301147460938 -84.492866516113 -85.5846677305679
2017.333984375 -87.494293212891 -86.85223115962675
2017.366821289062 -87.025749206543 -88.19127759411448
2017.399780273438 -89.103141784668 -89.58161095485265
2017.4326171875 -91.596328735352 -90.98659132001717
2017.498291015625 -92.460540771484 -93.82598103858597
2017.531127929688 -95.167106628418 -95.25253883752555
2017.56396484375 -96.796905517578 -96.68115052119364
2017.596801757812 -98.352798461914 -98.10658133185643
2017.629760742188 -101.669357299805 -99.53014114386204
2017.66259765625 -101.963325500488 -100.93059586051181
2017.695434570312 -98.398880004883 -102.30427504019009
2017.728271484375 -102.417297363281 -103.63555214069625
2017.761108398438 -105.905174255371 -104.92245189579214
2017.7939453125 -107.51326751709 -106.1701551156179
2017.826782226562 -107.772933959961 -107.37829280591266
2017.859741210938 -109.516334533691 -108.54557369375684
2017.892578125 -109.778709411621 -109.66144686410833
2017.925415039062 -111.145713806152 -110.73816736630027
2017.958251953125 -111.921783447266 -111.78765655219965
2017.991088867188 -113.020927429199 -112.82026042293163
2018.024658203125 -113.657646179199 -113.85618681798162
2018.057495117188 -114.987686157227 -114.84849810209796
2018.09033203125 -116.037796020508 -115.83299692892106
2018.123168945312 -116.559791564941 -116.84305656427577
2018.156005859375 -116.913520812988 -117.91007637227779
2018.18896484375 -118.576454162598 -119.05700352277569
2018.221801757812 -119.267402648926 -120.26987759210328
2018.254638671875 -121.70964050293 -121.5236992213406
2018.287475585938 -122.490577697754 -122.7982793068643
2018.3203125 -122.562744140625 -124.08051931795076
2018.353149414062 -122.068267822266 -125.37480608513305
2018.385986328125 -131.544387817383 -126.68805482919794
2018.4189453125 -129.21028137207 -128.02878238297276
2018.451782226562 -130.02507019043 -129.3761988649154
2018.484619140625 -132.209457397461 -130.72182889764701
2018.517456054688 -132.507583618164 -132.05435428133325
2018.55029296875 -132.296295166016 -133.36684933008164
2018.583129882812 -135.338790893555 -134.64015486760783
2018.615966796875 -132.147048950195 -135.85512572362222
2018.64892578125 -138.097198486328 -137.00498702535373
2018.681762695312 -139.13410949707 -138.0909758617367
2018.714599609375 -130.735687255859 -139.13998511481742
2018.747436523438 -139.988159179688 -140.17317808577246
2018.7802734375 -142.302215576172 -141.20153120526004
2018.813110351562 -142.576904296875 -142.22147219403917
2018.845947265625 -144.552551269531 -143.24856653436515
2018.87890625 -143.866760253906 -144.229600250639
2018.911743164062 -144.380187988281 -145.1840025812987
2018.944580078125 -146.095993041992 -146.12064549259009
2018.977416992188 -146.373794555664 -147.06484613918016
2019.010986328125 -147.20149230957 -148.06047347779955
2019.043823242188 -148.951385498047 -149.01691399882287
2019.109497070312 -151.948104858398 -151.14877079785438
2019.1259765625 -151.582244873047 -151.7067826833941
2019.142333984375 -151.930114746094 -152.2964029501551
2019.175170898438 -153.254150390625 -153.5035812937127
2019.191650390625 -153.663497924805 -154.14793137976082
2019.208129882812 -154.047958374023 -154.8134275508501
2019.224487304688 -154.837020874023 -155.45794952909847
2019.240966796875 -156.323165893555 -156.16536673124037
2019.25732421875 -156.268127441406 -156.8829282283061
2019.273803710938 -157.456207275391 -157.5911771340622
2019.290161132812 -157.79377746582 -158.32765572619067
2019.306640625 -159.347885131836 -159.10242111263477
2019.323120117188 -160.000411987305 -159.8761978843957
2019.339477539062 -161.454071044922 -160.6412621044858
2019.35595703125 -161.126251220703 -161.4086646599283
2019.372314453125 -163.023986816406 -162.16690973595473
2019.388793945312 -163.893600463867 -162.9375826501534
2019.405151367188 -162.119567871094 -163.75816114700373
2019.421630859375 -164.213409423828 -164.60603639000908
2019.438110351562 -165.376846313477 -165.48305836775666
2019.454467773438 -166.529434204102 -166.38578445427902
2019.470947265625 -164.97917175293 -167.3287323701354
2019.4873046875 -167.672393798828 -168.28166002599752
2019.503784179688 -164.289688110352 -169.25981210294876
2019.520141601562 -164.540130615234 -170.18527568098747
2019.53662109375 -173.750549316406 -171.13083624126935
2019.569458007812 -176.173538208008 -173.07537690865803
2019.602294921875 -172.171752929688 -174.98809537031354
2019.618774414062 -175.925216674805 -175.9441611781512
2019.635131835938 -178.60514831543 -176.88428453162646
2019.651611328125 -179.00846862793 -177.72904739476667
2019.668090820312 -175.687088012695 -178.60765132616606
2019.71728515625 -182.453323364258 -180.8007598764863
2019.733764648438 -183.064987182617 -181.46515537911324
2019.750122070312 -186.390548706055 -182.03817659016656
2019.7666015625 -182.045745849609 -182.64503917849888
2019.799438476562 -184.483947753906 -183.70645280787096
2019.832275390625 -190.913375854492 -184.7350872984569
2019.865112304688 -186.298492431641 -185.66498088905357
2019.898071289062 -187.192657470703 -186.4733912913534
2019.930908203125 -188.4501953125 -187.12458202607309
2019.963745117188 -188.659805297852 -187.60637118920437
2019.99658203125 -188.616790771484 -188.0204921709776
2020.030151367188 -189.357925415039 -188.50585522255355
2020.06298828125 -188.701400756836 -188.74212658746342
2020.095825195312 -188.888076782227 -188.94747517944043
2020.128662109375 -189.472991943359 -189.10287692489376
2020.161499023438 -189.731216430664 -189.23494922595012
2020.177978515625 -189.41340637207 -189.29955966347188
2020.1943359375 -189.807312011719 -189.35974310068383
2020.227294921875 -189.314758300781 -189.536780825577
2020.260131835938 -187.594039916992 -189.85128128953247
2020.29296875 -189.369018554688 -190.22732727007792
2020.325805664062 -189.481857299805 -190.74476036811822
2020.358642578125 -191.1064453125 -191.63198817866186
2020.391479492188 -189.474685668945 -192.64282915029185
2020.42431640625 -190.107421875 -193.71557776297112
2020.457275390625 -191.135070800781 -194.93420311421573
2020.490112304688 -194.518783569336 -196.3356444092478
2020.52294921875 -197.455978393555 -197.8600471441931
2020.555786132812 -198.677215576172 -199.4979514917062
2020.572265625 -196.288696289062 -200.42973751197087
2020.588623046875 -202.890472412109 -201.3439649036662
2020.605102539062 -202.725280761719 -202.21715799560636
2020.621459960938 -203.734924316406 -203.13132346929652
2020.654296875 -206.68733215332 -204.9260248882208
2020.687255859375 -206.519287109375 -206.61386451497347
2020.70361328125 -208.854888916016 -207.46477273428889
2020.720092773438 -208.835037231445 -208.0989058386631
2020.7529296875 -210.335693359375 -209.4215921549309
2020.785766601562 -212.764801025391 -210.62931985339503
2020.818603515625 -212.814056396484 -211.7574224549284
2020.851440429688 -214.549957275391 -212.81897029969605
2020.917236328125 -214.499435424805 -214.76229812717855
2020.950073242188 -215.612991333008 -215.6373328537206
2020.98291015625 -216.786895751953 -216.51157361962143
2021.013671875 -216.8466796875 -217.32920510761505
2021.046508789062 -217.490036010742 -218.2394572834177
2021.079345703125 -218.944274902344 -219.3485287769782
2021.1123046875 -218.84001159668 -220.52005622604383
2021.145141601562 -221.137115478516 -221.78428116892235
2021.177978515625 -221.44287109375 -223.12401927299294
2021.210815429688 -222.918533325195 -224.51631213503882
2021.24365234375 -222.523468017578 -225.8303464596495
2021.276489257812 -225.378326416016 -227.3609554853535
2021.309326171875 -229.444580078125 -228.97099649099772
2021.34228515625 -231.073806762695 -230.64985478699523
2021.358642578125 -232.966705322266 -231.46942997434329
2021.391479492188 -233.418792724609 -233.08822248766225
2021.407958984375 -234.110061645508 -233.8308741896092
2021.440795898438 -235.135971069336 -235.35797634483137
2021.4736328125 -239.597625732422 -236.74169052960252
2021.506469726562 -249.753295898438 -237.91941656241485
2021.539306640625 -245.797027587891 -238.93073268272678
2021.572265625 -241.362762451172 -239.6789657312254
2021.605102539062 -249.147216796875 -240.66275759686448
2021.637939453125 -244.042938232422 -241.61749099488483
2021.670776367188 -244.134582519531 -242.53238897332136
2021.736450195312 -249.87028503418 -244.03071562740405
2021.769287109375 -243.979797363281 -244.757283479621
2021.80224609375 -245.095001220703 -245.3290176679205
2021.835083007812 -244.018890380859 -245.8701486720999
2021.867919921875 -248.974273681641 -246.32313501508168
2021.966430664062 -248.966415405273 -247.59083808563037
2022.0 -248.471130371094 -247.97757868003313
2022.065673828125 -248.212173461914 -248.76173537483479
2022.098510742188 -248.934204101562 -249.12519120216075
2022.197143554688 -249.710266113281 -250.26051728697084
2022.22998046875 -252.519134521484 -250.62906157042423
2022.262817382812 -252.479446411133 -250.98895669357458
2022.295654296875 -250.588241577148 -251.34954242369045
2022.328491210938 -248.644897460938 -251.72639526823357
2022.394287109375 -251.985412597656 -252.56839973169153
2022.558471679688 -254.880722045898 -254.9623569244802
2022.591430664062 -260.01513671875 -255.3867791866725
2022.68994140625 -247.223770141602 -256.81485471985286
2022.722778320312 -254.086608886719 -257.35344714438094
2022.821411132812 -259.058044433594 -259.1803313079606
2022.854248046875 -258.663726806641 -259.9046686725988
2022.887084960938 -260.072143554688 -260.7081413721551
2022.919921875 -260.168518066406 -261.48433584540453
2022.952758789062 -262.584564208984 -262.3817919834592
2022.985595703125 -263.982452392578 -263.415981642237
2023.019165039062 -265.091552734375 -264.43546925619677
2023.052001953125 -265.458435058594 -265.4440354293915
2023.084838867188 -266.745666503906 -266.3438902972084
2023.11767578125 -266.901458740234 -267.13346999587947
2023.150634765625 -269.821380615234 -267.9683941235852
2023.183471679688 -269.689575195312 -268.7344879001089
2023.21630859375 -273.406463623047 -269.5016687216433
2023.249145507812 -274.541137695312 -270.26700854777243
2023.281982421875 -271.672546386719 -271.0274478659577
2023.314819335938 -272.903869628906 -271.7800274199893
2023.34765625 -270.953186035156 -272.5216212092887
2023.380615234375 -269.507537841797 -273.2518291975321
2023.413452148438 -283.121948242188 -273.96439021841275
2023.4462890625 -260.835418701172 -274.66354298008076
2023.57763671875 -260.366180419922 -277.3568243066964
