2014.804931640625 -0.0 -1.4392893653732106
2014.837768554688 -9.976061820984 -2.416266940014915
2014.903442382812 -10.305811882019 -4.370857174807323
2014.96923828125 -8.647682189941 -6.33071318122167
2015.03564453125 -13.560907363892 -8.311242890924529
2015.101318359375 0.365841031075 -10.27248448348068
2015.265625 -23.631423950195 -15.187592749351202
2015.331298828125 -12.568468093872 -17.153678925142366
2015.39697265625 4.740267276764 -19.119175662320274
2016.021850585938 -36.791831970215 -38.00907813554008
2016.1533203125 -43.078147888184 -42.111836068999075
2016.350463867188 -49.007778167725 -46.31684621514543
2016.416137695312 -31.943733215332 -47.53771723128359
2016.547607421875 -52.674255371094 -50.36121181544721
2016.744750976562 -64.687461853027 -53.940987431012445
2016.777587890625 -57.164722442627 -54.227566465291446
2016.810424804688 -58.207695007324 -54.473581566584805
2016.84326171875 -56.349773406982 -54.52517027404292
2016.876098632812 -54.03963470459 -54.397300881642266
2016.908935546875 -53.847290039062 -54.2397260568886
2016.941772460938 -52.628513336182 -54.105536413621216
2016.974731445312 -52.111640930176 -53.83894011357271
2017.005493164062 -53.468235015869 -53.624591551859474
2017.038330078125 -53.465560913086 -53.36474677646053
2017.071166992188 -51.498706817627 -53.12237237621882
2017.10400390625 -52.417797088623 -53.06881721285793
2017.136840820312 -51.793823242188 -53.13974370347988
2017.169799804688 -52.544700622559 -53.299729517688846
2017.20263671875 -53.042301177979 -53.56201957085277
2017.235473632812 -53.187965393066 -53.92280524711608
2017.268310546875 -53.532371520996 -54.35896510040473
2017.301147460938 -54.487575531006 -54.8439174007888
2017.333984375 -53.089008331299 -55.36419597585268
2017.366821289062 -54.867099761963 -55.90284323805637
2017.399780273438 -58.001132965088 -56.44017402850718
2017.4326171875 -58.355949401855 -56.956269226563286
2017.498291015625 -59.324520111084 -57.93525621160354
2017.531127929688 -59.729110717773 -58.3994772381935
2017.56396484375 -58.033172607422 -58.8419670647425
2017.596801757812 -60.021553039551 -59.241749000857126
2017.629760742188 -61.625534057617 -59.57916004930776
2017.66259765625 -59.429698944092 -59.839249749417085
2017.695434570312 -59.73314666748 -60.02956130634869
2017.728271484375 -58.367160797119 -60.16797506925598
2017.761108398438 -61.298709869385 -60.27902136434411
2017.7939453125 -60.715545654297 -60.37616820465613
2017.826782226562 -60.972946166992 -60.463418148914954
2017.859741210938 -62.330009460449 -60.5387354800935
2017.892578125 -60.127983093262 -60.59867605919968
2017.925415039062 -60.184577941895 -60.65037795167191
2017.958251953125 -60.566295623779 -60.706470777972335
2017.991088867188 -61.006580352783 -60.765597404984476
2018.024658203125 -60.5041847229 -60.82587105652636
2018.057495117188 -61.198936462402 -60.89111224911487
2018.09033203125 -60.854232788086 -60.984163993134004
2018.123168945312 -60.500118255615 -61.129075475991485
2018.156005859375 -59.848743438721 -61.324780305637724
2018.18896484375 -60.682567596436 -61.56757226097199
2018.221801757812 -61.878116607666 -61.86119552288816
2018.254638671875 -62.540412902832 -62.217129162949675
2018.287475585938 -60.452014923096 -62.6442283899631
2018.3203125 -62.849414825439 -63.15141198364374
2018.353149414062 -61.879421234131 -63.747351384477184
2018.385986328125 -68.182998657227 -64.43457177925474
2018.4189453125 -65.237968444824 -65.20290124405382
2018.451782226562 -61.198589324951 -66.01230385103436
2018.484619140625 -73.705665588379 -66.84384990012582
2018.517456054688 -65.751541137695 -67.69430712305014
2018.55029296875 -67.396751403809 -68.5655997547528
2018.583129882812 -67.796195983887 -69.45868446048068
2018.615966796875 -70.712516784668 -70.36319745065238
2018.64892578125 -74.180511474609 -71.27220716280453
2018.681762695312 -74.370048522949 -72.17844123476232
2018.714599609375 -73.466461181641 -73.06785015584529
2018.747436523438 -72.729164123535 -73.91924397945787
2018.7802734375 -75.085609436035 -74.71989502347996
2018.813110351562 -77.81950378418 -75.44893984569262
2018.845947265625 -77.058799743652 -76.16046438258792
2018.87890625 -77.483558654785 -76.77171501411458
2018.911743164062 -77.621765136719 -77.27601480497194
2018.944580078125 -77.41650390625 -77.77817581627282
2018.977416992188 -78.290374755859 -78.26928232534371
2019.010986328125 -78.412727355957 -78.70221430870365
2019.043823242188 -79.039276123047 -79.06949217884262
2019.109497070312 -79.840713500977 -79.84552335840922
2019.1259765625 -79.890586853027 -80.0548855478458
2019.142333984375 -80.476547241211 -80.27317660766421
2019.175170898438 -80.55786895752 -80.71462880872967
2019.191650390625 -81.079330444336 -80.94629053406298
2019.208129882812 -80.987281799316 -81.18665735351779
2019.224487304688 -81.095756530762 -81.42227753460917
2019.240966796875 -81.874534606934 -81.67484708995111
2019.25732421875 -81.800437927246 -81.92683851665615
2019.273803710938 -82.187408447266 -82.17787750192832
2019.290161132812 -82.102882385254 -82.43170993683454
2019.306640625 -82.246437072754 -82.67955081881223
2019.323120117188 -82.9169921875 -82.91233453850353
2019.339477539062 -83.918144226074 -83.12630746000144
2019.35595703125 -83.351028442383 -83.3369142942341
2019.372314453125 -88.420486450195 -83.54702799726878
2019.388793945312 -85.008338928223 -83.77145111895587
2019.405151367188 -82.540405273438 -84.04103115732221
2019.421630859375 -83.817604064941 -84.32429299919498
2019.438110351562 -86.137847900391 -84.61788654832249
2019.454467773438 -82.476852416992 -84.91485034642402
2019.470947265625 -79.447273254395 -85.24232244315314
2019.4873046875 -82.980590820312 -85.62969288071142
2019.503784179688 -88.36336517334 -86.1532013443605
2019.520141601562 -83.623863220215 -86.59749205787726
2019.53662109375 -87.315811157227 -87.08299677710488
2019.569458007812 -91.469024658203 -88.16036833575214
2019.602294921875 -84.769142150879 -89.3243107458554
2019.618774414062 -85.98420715332 -89.90841214856846
2019.635131835938 -93.789199829102 -90.50919842689754
2019.651611328125 -92.576293945312 -91.14667393621625
2019.668090820312 -89.196640014648 -91.77669596772598
2019.71728515625 -95.161811828613 -93.61571568725343
2019.733764648438 -94.621170043945 -94.20638223975968
2019.750122070312 -92.421585083008 -94.75010090595262
2019.7666015625 -95.535202026367 -95.30336854703462
2019.799438476562 -97.305694580078 -96.30251399689266
2019.832275390625 -99.548568725586 -97.24894162803106
2019.865112304688 -98.852912902832 -98.10713960698394
2019.898071289062 -99.052932739258 -98.8765569190687
2019.930908203125 -100.284210205078 -99.54481159057782
2019.963745117188 -101.020629882812 -100.06947166937402
2019.99658203125 -101.014015197754 -100.53814267441658
2020.030151367188 -101.960823059082 -101.07311737279339
2020.06298828125 -101.387428283691 -101.38605223128255
2020.095825195312 -101.42015838623 -101.67502768251221
2020.128662109375 -102.269920349121 -101.93607076328323
2020.161499023438 -103.109321594238 -102.19384666855862
2020.177978515625 -102.210205078125 -102.34740488509856
2020.1943359375 -102.634300231934 -102.47589483360453
2020.227294921875 -102.415145874023 -102.81958881672003
2020.260131835938 -99.159660339355 -103.249786654015
2020.29296875 -103.46036529541 -103.6963478616243
2020.325805664062 -101.745239257812 -104.22321602072698
2020.358642578125 -104.700157165527 -104.96021666152046
2020.391479492188 -103.732093811035 -105.762815887553
2020.42431640625 -104.948905944824 -106.63846713735357
2020.457275390625 -106.945167541504 -107.68105158734043
2020.490112304688 -108.745056152344 -108.90670704578382
2020.52294921875 -110.147758483887 -110.22759043683037
2020.555786132812 -111.648170471191 -111.57970485663286
2020.572265625 -110.012535095215 -112.24206186783185
2020.588623046875 -114.064254760742 -112.86759381079405
2020.605102539062 -114.63899230957 -113.54412547835821
2020.621459960938 -113.788070678711 -114.13223759049717
2020.654296875 -117.899368286133 -115.32071160242783
2020.687255859375 -118.651214599609 -116.39297834876734
2020.70361328125 -118.593727111816 -116.94462480046248
2020.720092773438 -117.672096252441 -117.29311855283574
2020.7529296875 -118.804405212402 -118.04941896330683
2020.785766601562 -119.980735778809 -118.6966286419421
2020.818603515625 -119.653861999512 -119.26465712103332
2020.851440429688 -120.7431640625 -119.76031106244987
2020.917236328125 -121.059036254883 -120.52188590640749
2020.950073242188 -120.72501373291 -120.81557755925745
2020.98291015625 -121.256935119629 -121.10815632686052
2021.013671875 -120.880958557129 -121.39637488326242
2021.046508789062 -121.335456848145 -121.76543474408197
2021.079345703125 -121.738304138184 -122.3562247292071
2021.1123046875 -121.486991882324 -123.06422715450552
2021.145141601562 -123.204010009766 -123.93818750255683
2021.177978515625 -122.861206054688 -124.94845673388824
2021.210815429688 -122.718971252441 -126.0411505180997
2021.24365234375 -122.683067321777 -126.99257265417926
2021.276489257812 -124.013282775879 -128.26932101038128
2021.309326171875 -130.167678833008 -129.6512409944944
2021.34228515625 -126.195755004883 -131.13137472765493
2021.358642578125 -131.55354309082 -131.93292210985615
2021.391479492188 -137.368835449219 -133.47254666638693
2021.407958984375 -132.719223022461 -134.27373263543384
2021.440795898438 -138.408355712891 -135.84411499391692
2021.4736328125 -137.498123168945 -137.32859414939483
2021.506469726562 -147.433700561523 -138.60564327842107
2021.539306640625 -143.87580871582 -139.65993393805704
2021.572265625 -141.950271606445 -140.317923008865
2021.605102539062 -144.477478027344 -141.2453140416692
2021.637939453125 -143.90071105957 -142.12637897269312
2021.670776367188 -147.539749145508 -142.92506313080162
2021.736450195312 -147.350219726562 -143.94533860746557
2021.769287109375 -142.859588623047 -144.31523704662013
2021.80224609375 -143.235427856445 -144.52430767318586
2021.835083007812 -145.103042602539 -144.69969066505172
2021.867919921875 -146.649948120117 -144.8260623293938
2021.966430664062 -150.600021362305 -145.35808094282908
2022.0 -140.671676635742 -145.61488182186096
2022.065673828125 -146.207992553711 -146.05043932008886
2022.098510742188 -140.582336425781 -146.39258812545137
2022.197143554688 -146.314270019531 -147.5938829320508
2022.22998046875 -146.100723266602 -148.04703460557045
2022.262817382812 -141.47981262207 -148.50557164458354
2022.295654296875 -140.334716796875 -148.96087014453477
2022.328491210938 -150.687530517578 -149.41918493329888
2022.394287109375 -135.17985534668 -150.36309330404515
2022.558471679688 -153.091644287109 -152.744899960787
2022.591430664062 -164.230667114258 -153.3908432623741
2022.68994140625 -156.595901489258 -155.0845912921879
2022.722778320312 -156.394546508789 -155.34297577849728
2022.821411132812 -158.544509887695 -155.53426717101706
2022.854248046875 -155.047103881836 -155.4865542604731
2022.887084960938 -158.018478393555 -155.4258028115276
2022.919921875 -153.447204589844 -155.39332745235592
2022.952758789062 -155.184524536133 -155.29539754155243
2022.985595703125 -156.01741027832 -155.12675010692664
2023.019165039062 -154.623611450195 -154.94794275090425
2023.052001953125 -154.190368652344 -154.75673617399448
2023.084838867188 -152.745880126953 -154.56885313750607
2023.11767578125 -153.704452514648 -154.36937818987218
2023.150634765625 -154.663452148438 -154.1636638912532
2023.183471679688 -154.286712646484 -153.93947110019374
2023.21630859375 -154.66975402832 -153.67519419641545
2023.249145507812 -156.240783691406 -153.39092554971484
2023.281982421875 -153.404388427734 -153.1025544578664
2023.314819335938 -154.093505859375 -152.8146358459974
2023.34765625 -152.360015869141 -152.5271076918854
2023.380615234375 -150.980545043945 -152.2371717972638
2023.413452148438 -160.225845336914 -151.94527150042742
2023.4462890625 -142.632843017578 -151.64931706971663
2023.57763671875 -149.351898193359 -150.41129118285028
