2014.804931640625  -11.805345041050662
2014.837768554688  -12.425771993439778
2014.903442382812  -13.667193409477864
2014.96923828125  -14.91199477286493
2015.03564453125  -16.16998968265926
2015.101318359375  -17.41654714442217
2015.265625  -20.550077346772703
2015.331298828125  -21.810281568962477
2015.39697265625  -23.07603573729041
2016.021850585938  -34.637006328316104
2016.1533203125  -37.055117277692496
2016.350463867188  -41.650279878274034
2016.416137695312  -43.20485673335653
2016.547607421875  -46.274567601591215
2016.744750976562  -50.33251470710306
2016.777587890625  -51.2278563120685
2016.810424804688  -52.13948093493227
2016.84326171875  -53.05699684167996
2016.876098632812  -53.94412811880459
2016.908935546875  -54.91360318091922
2016.941772460938  -55.94878486595281
2016.974731445312  -56.99403798380887
2017.005493164062  -58.07446018965955
2017.038330078125  -59.16220430052142
2017.071166992188  -60.29133299970817
2017.10400390625  -61.690236399328626
2017.136840820312  -63.207223372885615
2017.169799804688  -64.8109471407773
2017.20263671875  -66.45206551871635
2017.235473632812  -68.09398700374966
2017.268310546875  -69.70694624275899
2017.301147460938  -71.23645981979593
2017.333984375  -72.6595760260044
2017.366821289062  -73.92606999329463
2017.399780273438  -75.01510959892275
2017.4326171875  -75.95283881618181
2017.498291015625  -77.46730412702594
2017.531127929688  -78.06169280260767
2017.56396484375  -78.58434423031765
2017.596801757812  -79.06416938836747
2017.629760742188  -79.49174831311394
2017.66259765625  -79.8207531352954
2017.695434570312  -80.07512085859915
2017.728271484375  -80.31652969035234
2017.761108398438  -80.59111954035957
2017.7939453125  -80.93145235694766
2017.826782226562  -81.35368043483888
2017.859741210938  -81.8637387374769
2017.892578125  -82.4524121960711
2017.925415039062  -83.104143859894
2017.958251953125  -83.80543672519569
2017.991088867188  -84.54737620000627
2018.024658203125  -85.3528525028358
2018.057495117188  -86.18276986804433
2018.09033203125  -87.06417020607375
2018.123168945312  -88.01523607302927
2018.156005859375  -89.0416371878197
2018.18896484375  -90.12853336789446
2018.221801757812  -91.24847998953327
2018.254638671875  -92.4109126974601
2018.287475585938  -93.63062660734654
2018.3203125  -94.91135614778771
2018.353149414062  -96.2618010169377
2018.385986328125  -97.68704444253497
2018.4189453125  -99.18832217853054
2018.451782226562  -100.7309581523498
2018.484619140625  -102.28138304621989
2018.517456054688  -103.80577674034689
2018.55029296875  -105.2749235926611
2018.583129882812  -106.67196116670002
2018.615966796875  -107.99733230903254
2018.64892578125  -109.2642023377121
2018.681762695312  -110.47382947758918
2018.714599609375  -111.6384372314558
2018.747436523438  -112.76408903856078
2018.7802734375  -113.83755574678493
2018.813110351562  -114.79787394126964
2018.845947265625  -115.68798859314593
2018.87890625  -116.44062450855371
2018.911743164062  -117.04319599868822
2018.944580078125  -117.60058270422626
2018.977416992188  -118.14157370693296
2019.010986328125  -118.66133336867077
2019.043823242188  -119.18664269527088
2019.109497070312  -120.16178269414836
2019.1259765625  -120.37339261018441
2019.142333984375  -120.57309443237095
2019.175170898438  -120.97301703586685
2019.191650390625  -121.16681467292366
2019.208129882812  -121.35063515941366
2019.224487304688  -121.52826290662306
2019.240966796875  -121.70358720325544
2019.25732421875  -121.86980326245636
2019.273803710938  -122.05250766147951
2019.290161132812  -122.22583950312512
2019.306640625  -122.3624974018884
2019.323120117188  -122.4914735228445
2019.339477539062  -122.61053569916413
2019.35595703125  -122.71283950213889
2019.372314453125  -122.79420028499119
2019.388793945312  -122.86020901799712
2019.405151367188  -122.91576793863699
2019.421630859375  -123.00035663732918
2019.438110351562  -123.12024942596773
2019.454467773438  -123.28894759933846
2019.470947265625  -123.51764977330237
2019.4873046875  -123.80128728570095
2019.503784179688  -124.20376317462653
2019.520141601562  -124.53365193866087
2019.53662109375  -124.90479275035702
2019.569458007812  -125.7706777564499
2019.602294921875  -126.75439274451716
2019.618774414062  -127.23797162166176
2019.635131835938  -127.74201845193164
2019.651611328125  -128.31954073790985
2019.668090820312  -128.87175273453389
2019.71728515625  -130.58932326310472
2019.733764648438  -131.15732843219578
2019.750122070312  -131.6792266524056
2019.7666015625  -132.2135211473518
2019.799438476562  -133.2011653248626
2019.832275390625  -134.16857620670257
2019.865112304688  -135.10212781129772
2019.898071289062  -136.00100147057123
2019.930908203125  -136.85277479095654
2019.963745117188  -137.66121078274904
2019.99658203125  -138.44899322912127
2020.030151367188  -139.25961749056015
2020.06298828125  -139.98436470614345
2020.095825195312  -140.7025900988718
2020.128662109375  -141.4309448460949
2020.161499023438  -142.17824986454664
2020.177978515625  -142.56524942100594
2020.1943359375  -142.9381233493207
2020.227294921875  -143.713418111305
2020.260131835938  -144.49460568380172
2020.29296875  -145.27217710211818
2020.325805664062  -146.0488229986344
2020.358642578125  -146.8159089478622
2020.391479492188  -147.57486737880652
2020.42431640625  -148.33654200542776
2020.457275390625  -149.10894572568733
2020.490112304688  -149.86643031559188
2020.52294921875  -150.58781801318025
2020.555786132812  -151.24142987122622
2020.572265625  -151.4948286776116
2020.588623046875  -151.71918892099075
2020.605102539062  -152.0165324553897
2020.621459960938  -152.2057647416981
2020.654296875  -152.6199513971847
2020.687255859375  -152.9787390602323
2020.70361328125  -153.15774017893432
2020.720092773438  -153.30006817792082
2020.7529296875  -153.61763914592487
2020.785766601562  -153.94591236407447
2020.818603515625  -154.29271203616324
2020.851440429688  -154.65193867112606
2020.917236328125  -155.422947461181
2020.950073242188  -155.94286130480336
2020.98291015625  -156.52617460883866
2021.013671875  -157.02406782484218
2021.046508789062  -157.72506193668116
2021.079345703125  -158.5667809395161
2021.1123046875  -159.43417456912553
2021.145141601562  -160.3533521922486
2021.177978515625  -161.31187297808336
2021.210815429688  -162.2913117896722
2021.24365234375  -163.26211691061846
2021.276489257812  -164.28732423550522
2021.309326171875  -165.33185355394326
2021.34228515625  -166.39259673872726
2021.358642578125  -166.90040811169285
2021.391479492188  -167.9273010153821
2021.407958984375  -168.412871473872
2021.440795898438  -169.37910276666537
2021.4736328125  -170.2173769283073
2021.506469726562  -170.83578646562313
2021.539306640625  -171.24877450712157
2021.572265625  -171.40787697362518
2021.605102539062  -171.79415517434686
2021.637939453125  -172.14788761814768
2021.670776367188  -172.45405059042903
2021.736450195312  -172.82702226505506
2021.769287109375  -173.037168012306
2021.80224609375  -173.17495181514164
2021.835083007812  -173.31697752904452
2021.867919921875  -173.4265772319391
2021.966430664062  -173.70864529463796
2022.0  -173.8398430167904
2022.065673828125  -174.0659848546548
2022.098510742188  -174.21184663017607
2022.197143554688  -174.60786120727235
2022.22998046875  -174.73825912707855
2022.262817382812  -174.86920500160934
2022.295654296875  -175.0105349310398
2022.328491210938  -175.17351498684562
2022.394287109375  -175.54703309108143
2022.558471679688  -176.31712149391691
2022.591430664062  -176.4534657126422
2022.68994140625  -176.8741316009627
2022.722778320312  -177.05023116462914
2022.821411132812  -177.69195129140004
2022.854248046875  -177.77729925533484
2022.887084960938  -177.7360412467089
2022.919921875  -177.6724771879619
2022.952758789062  -177.54984595783222
2022.985595703125  -177.34161624586366
2023.019165039062  -177.12047469183665
2023.052001953125  -176.90534893302765
2023.084838867188  -176.71325056668255
2023.11767578125  -176.5416423875894
2023.150634765625  -176.36075864535084
2023.183471679688  -176.19608438946523
2023.21630859375  -176.0521175903349
2023.249145507812  -175.92167658000287
2023.281982421875  -175.79773864136422
2023.314819335938  -175.67707050945046
2023.34765625  -175.55865726349597
2023.380615234375  -175.44190199699432
2023.413452148438  -175.3278048848881
2023.4462890625  -175.21577678741536
2023.57763671875  -174.7938360082054
