2014.804931640625 0.0 10.481701673258346
2014.837768554688 11.258980751038 10.559916769856889
2014.903442382812 12.151313781738 10.719390347842824
2014.96923828125 8.566336631775 10.883003223225971
2015.03564453125 12.141538619995 11.051550305258054
2015.101318359375 -1.382751584053 11.221413198816338
2015.265625 19.967498779297 11.657754560178107
2015.331298828125 10.70180606842 11.835237207913154
2015.39697265625 -13.949537277222 12.013407869745766
2016.021850585938 15.203755378723 13.514823656033741
2016.1533203125 3.530836343765 14.350072394199156
2016.350463867188 22.552734375 15.381434542930766
2016.416137695312 -4.967492103577 15.371770530958324
2016.547607421875 19.879043579102 15.817738992826683
2016.744750976562 15.990072250366 15.598832282470573
2016.777587890625 16.084842681885 15.260360403413973
2016.810424804688 12.37294960022 14.919288608567127
2016.84326171875 14.606600761414 14.57510947992368
2016.876098632812 13.299410820007 14.237089889933229
2016.908935546875 14.246344566345 13.869544402541958
2016.941772460938 14.46800994873 13.478825002516704
2016.974731445312 14.372111320496 13.082111413645588
2017.005493164062 12.646579742432 12.65637398162806
2017.038330078125 12.414288520813 12.240362443669738
2017.071166992188 12.344188690186 11.827751105217825
2017.10400390625 11.632091522217 11.27948383957339
2017.136840820312 11.951824188232 10.649210156015846
2017.169799804688 10.918041229248 9.958380209636497
2017.20263671875 9.63458442688 9.207023347388967
2017.235473632812 10.09920501709 8.393562477290748
2017.268310546875 7.492987155914 7.551075960449963
2017.301147460938 6.672211647034 6.757857947687082
2017.333984375 4.943174362183 6.083322937854495
2017.366821289062 6.239003658295 5.527877151301378
2017.399780273438 3.176868677139 5.031183065273939
2017.4326171875 0.300601989031 4.541586698911948
2017.498291015625 -3.978664398193 3.5872296978841676
2017.531127929688 -1.666909098625 3.174673202782437
2017.56396484375 1.823579311371 2.8319279531116526
2017.596801757812 5.082998275757 2.569655375285311
2017.629760742188 3.380288362503 2.3952061301978214
2017.66259765625 3.154761552811 2.333138913603927
2017.695434570312 1.771837234497 2.3929347128410985
2017.728271484375 -0.657997071743 2.5579927915955207
2017.761108398438 1.056847453117 2.7725832985027785
2017.7939453125 1.712910294533 3.0011430884209704
2017.826782226562 3.678908586502 3.236044059488384
2017.859741210938 3.47555398941 3.4831216498083037
2017.892578125 3.990224599838 3.757188228408425
2017.925415039062 3.39831495285 4.068491576635033
2017.958251953125 4.728603839874 4.39661210125321
2017.991088867188 5.551423072815 4.703345612308791
2018.024658203125 6.107436180115 4.953718384731793
2018.057495117188 5.372650146484 5.109124812416567
2018.09033203125 5.381902694702 5.135885508704893
2018.123168945312 5.985826969147 5.016630965903536
2018.156005859375 8.55207824707 4.741013768670549
2018.18896484375 6.07337808609 4.293023489286521
2018.221801757812 6.574828147888 3.683155247868066
2018.254638671875 3.855916500092 2.9387106694464533
2018.287475585938 4.789216518402 2.039681438950152
2018.3203125 2.637185811996 0.9601333345597706
2018.353149414062 4.576978206635 -0.3063930914765944
2018.385986328125 -3.149311542511 -1.731624004542036
2018.4189453125 -0.535156309605 -3.282001186852307
2018.451782226562 -2.973914146423 -4.887162866743396
2018.484619140625 -8.842511177063 -6.49773164096594
2018.517456054688 -7.046775817871 -8.087317958178746
2018.55029296875 -17.73722076416 -9.64136416228804
2018.583129882812 -15.032510757446 -11.109360140919048
2018.615966796875 -15.092590332031 -12.44878079623053
2018.64892578125 -15.259253501892 -13.645632419944317
2018.681762695312 -16.891002655029 -14.701323912632713
2018.714599609375 -8.650127410889 -15.630572341853922
2018.747436523438 -17.251777648926 -16.407976112935774
2018.7802734375 -19.439373016357 -17.01907049338026
2018.813110351562 -20.689674377441 -17.42742833128854
2018.845947265625 -21.182067871094 -17.738879028484813
2018.87890625 -17.605154037476 -17.93521500941792
2018.911743164062 -17.023416519165 -18.05513003221512
2018.944580078125 -18.080757141113 -18.12278129661406
2018.977416992188 -16.239852905273 -18.1049788000813
2019.010986328125 -17.296091079712 -18.133508325374216
2019.043823242188 -17.677230834961 -18.132561968485675
2019.109497070312 -18.758165359497 -18.64847439260149
2019.1259765625 -18.196290969849 -18.804755550024414
2019.142333984375 -18.408838272095 -19.07020391674803
2019.175170898438 -18.878768920898 -19.65669887544908
2019.191650390625 -19.132415771484 -20.059999573048067
2019.208129882812 -18.744745254517 -20.520849845885454
2019.224487304688 -20.377248764038 -20.9646506532499
2019.240966796875 -21.992155075073 -21.551044426428636
2019.25732421875 -20.97861289978 -22.194386710132537
2019.273803710938 -22.079345703125 -22.799716138096546
2019.290161132812 -23.555303573608 -23.462687677406436
2019.306640625 -24.1604347229 -24.313004364047043
2019.323120117188 -23.971546173096 -25.246516687034386
2019.339477539062 -27.70013999939 -26.228989249381396
2019.35595703125 -26.017959594727 -27.252799510012082
2019.372314453125 -26.56268119812 -28.286619511159575
2019.388793945312 -28.024694442749 -29.34747778218728
2019.405151367188 -28.24723815918 -30.47612893965089
2019.421630859375 -32.57506942749 -31.600764944657904
2019.438110351562 -36.289642333984 -32.763101625861346
2019.454467773438 -33.872478485107 -33.95042785727991
2019.470947265625 -36.215160369873 -35.159069428668055
2019.4873046875 -36.156997680664 -36.33517603508103
2019.503784179688 -34.601863861084 -37.42145158169994
2019.520141601562 -38.050945281982 -38.518452004905974
2019.53662109375 -44.334209442139 -39.51829044092259
2019.569458007812 -43.194766998291 -40.967266212727466
2019.602294921875 -35.010459899902 -41.621677615473764
2019.618774414062 -46.163646697998 -42.05433400508648
2019.635131835938 -45.843612670898 -42.474199045054796
2019.651611328125 -45.50341796875 -42.62359689954973
2019.668090820312 -49.007751464844 -42.98386641421044
2019.71728515625 -44.675968170166 -43.318684435643334
2019.733764648438 -42.709606170654 -43.30947413433663
2019.750122070312 -45.830570220947 -43.03682443907184
2019.7666015625 -40.379020690918 -42.85977368741529
2019.799438476562 -41.400444030762 -42.25204861608791
2019.832275390625 -46.291309356689 -41.588639894977625
2019.865112304688 -40.5412940979 -40.88721527746557
2019.898071289062 -40.182945251465 -40.19110828413874
2019.930908203125 -39.28165435791 -39.52773691720477
2019.963745117188 -38.528358459473 -38.90361375485242
2019.99658203125 -38.429084777832 -38.29160424284126
2020.030151367188 -36.711856842041 -37.65461521744856
2020.06298828125 -36.761714935303 -37.1356427587331
2020.095825195312 -36.419075012207 -36.686339252511125
2020.128662109375 -36.502838134766 -36.36608383725957
2020.161499023438 -34.525852203369 -36.19393254697135
2020.177978515625 -35.67163848877 -36.25470857676295
2020.1943359375 -34.856719970703 -36.153255633571405
2020.227294921875 -33.725448608398 -36.27314604662966
2020.260131835938 -34.158016204834 -36.60066696333159
2020.29296875 -35.436763763428 -37.01641758538281
2020.325805664062 -36.492031097412 -37.64455390715133
2020.358642578125 -37.494491577148 -38.66550680761389
2020.391479492188 -38.683246612549 -39.863642673236285
2020.42431640625 -40.615627288818 -41.219840577933965
2020.457275390625 -36.918399810791 -42.77005589351682
2020.490112304688 -42.253871917725 -44.439120924850684
2020.52294921875 -47.188987731934 -46.104602631839754
2020.555786132812 -45.953563690186 -47.734790237969456
2020.572265625 -46.337051391602 -48.4747053688136
2020.588623046875 -53.150974273682 -49.17267799011856
2020.605102539062 -53.2568359375 -50.00114989818251
2020.621459960938 -54.6467628479 -50.65314847823336
2020.654296875 -56.54471206665 -52.01326745543854
2020.687255859375 -55.436462402344 -53.16428587170691
2020.70361328125 -56.413833618164 -53.76315251522271
2020.720092773438 -54.043655395508 -54.00139524818509
2020.7529296875 -54.931499481201 -54.57574064032747
2020.785766601562 -56.531085968018 -54.95569567196655
2020.818603515625 -56.461040496826 -55.177772353690635
2020.851440429688 -57.562644958496 -55.2458402691392
2020.917236328125 -56.093292236328 -55.02236510894137
2020.950073242188 -54.293853759766 -54.871114025485525
2020.98291015625 -54.72318649292 -54.722090890968516
2021.013671875 -54.0319480896 -54.579534349483886
2021.046508789062 -53.413204193115 -54.41248259383403
2021.079345703125 -53.901802062988 -54.338741560841655
2021.1123046875 -52.292804718018 -54.29739213022926
2021.145141601562 -53.784084320068 -54.34243549598057
2021.177978515625 -54.133201599121 -54.463533726616575
2021.210815429688 -56.855308532715 -54.64756286316986
2021.24365234375 -51.341609954834 -54.80820145028593
2021.276489257812 -50.121444702148 -55.16293786284641
2021.309326171875 -56.74987411499 -55.64863823336161
2021.34228515625 -52.027187347412 -56.25389567379466
2021.358642578125 -58.682613372803 -56.69207614707721
2021.391479492188 -55.523723602295 -57.47848264270432
2021.407958984375 -53.962310791016 -57.984481229733916
2021.440795898438 -59.093524932861 -58.847897192739445
2021.4736328125 -55.829132080078 -59.71909345078773
2021.506469726562 -77.205444335938 -60.58116264693804
2021.539306640625 -62.313014984131 -61.433887898286386
2021.572265625 -64.170394897461 -62.210639904975814
2021.605102539062 -77.332473754883 -63.06806839680984
2021.637939453125 -68.864738464355 -63.90182648490539
2021.670776367188 -65.931106567383 -64.68944241858794
2021.736450195312 -65.170341491699 -65.86502106533575
2021.769287109375 -67.380584716797 -66.40784980275278
2021.80224609375 -67.934982299805 -66.788212244993
2021.835083007812 -67.881996154785 -67.16772455689988
2021.867919921875 -68.663223266602 -67.47782322498432
2021.966430664062 -67.34033203125 -68.4335631259241
2022.0 -68.102600097656 -68.78263412325254
2022.065673828125 -68.846481323242 -69.42103070996907
2022.098510742188 -67.480056762695 -69.75307769726368
2022.197143554688 -70.818557739258 -70.61182325612116
2022.22998046875 -74.974052429199 -70.85894583939142
2022.262817382812 -69.653678894043 -71.08736981450174
2022.295654296875 -71.42643737793 -71.3118979408335
2022.328491210938 -72.323822021484 -71.55733737195379
2022.394287109375 -76.423477172852 -72.18128490263828
2022.558471679688 -70.628326416016 -74.18112228637817
2022.591430664062 -86.584655761719 -74.49123569617748
2022.68994140625 -70.384536743164 -75.25785916178265
2022.722778320312 -73.196937561035 -75.38940265389448
2022.821411132812 -77.267875671387 -76.70161499667022
2022.854248046875 -79.162178039551 -77.6755859661635
2022.887084960938 -77.60865020752 -78.81976725922793
2022.919921875 -78.130187988281 -80.01904214994742
2022.952758789062 -79.706954956055 -81.30668654518516
2022.985595703125 -80.7998046875 -82.82843797340196
2023.019165039062 -83.246444702148 -84.55362755064246
2023.052001953125 -84.914772033691 -86.16204207965639
2023.084838867188 -87.023155212402 -88.13395990101341
2023.11767578125 -89.109344482422 -90.40972758354549
2023.150634765625 -89.001091003418 -92.54732832997564
2023.183471679688 -93.536819458008 -94.86605828963141
2023.21630859375 -92.421714782715 -97.18847742122668
2023.249145507812 -91.477958679199 -99.52181244762382
2023.281982421875 -101.17601776123 -101.87044579221588
2023.314819335938 -106.059753417969 -104.23700315482185
2023.34765625 -105.346473693848 -106.62313272480945
2023.380615234375 -109.292236328125 -109.03808942535069
2023.413452148438 -115.486251831055 -111.46441629621168
2023.4462890625 -126.499519348145 -113.91076297888313
2023.57763671875 -136.671859741211 -123.84903913199526
