2014.804931640625 0.0 12.852870560803183
2014.837768554688 10.134021759033 11.33320241401159
2014.903442382812 10.864918708801 8.290862850694499
2014.96923828125 4.395809650421 5.238902168643849
2015.03564453125 1.088111162186 2.154436223708621
2015.101318359375 -5.73511838913 -0.9001737904290029
2015.265625 -4.603039264679 -8.556445923706185
2015.331298828125 -10.773568153381 -11.618792936100435
2015.39697265625 -11.867238998413 -14.680006178053457
2016.021850585938 -44.657794952393 -43.26482430250319
2016.1533203125 -52.188388824463 -49.6986946509759
2016.350463867188 -74.83472442627 -58.79135869596607
2016.416137695312 -48.562366485596 -61.22170026589985
2016.547607421875 -67.019309997559 -66.48931923894541
2016.744750976562 -75.169960021973 -74.09627784393597
2016.777587890625 -79.277160644531 -74.74347943001574
2016.810424804688 -81.605819702148 -75.41201277913294
2016.84326171875 -78.975402832031 -76.09801644311126
2016.876098632812 -76.98844909668 -76.69073724874156
2016.908935546875 -76.104690551758 -77.27414544978767
2016.941772460938 -75.610664367676 -77.88128592266987
2016.974731445312 -76.25659942627 -78.36859226050414
2017.005493164062 -78.192504882812 -78.92280724581884
2017.038330078125 -79.346298217773 -79.43189361844233
2017.071166992188 -77.293792724609 -79.96980267450182
2017.10400390625 -79.743225097656 -80.85277455549775
2017.136840820312 -80.083000183105 -81.90589997110513
2017.169799804688 -81.09008026123 -83.05918121379749
2017.20263671875 -83.174781799316 -84.32857489930666
2017.235473632812 -83.497634887695 -85.71685323702519
2017.268310546875 -89.16349029541 -87.20175004172081
2017.301147460938 -87.341888427734 -88.75408955931427
2017.333984375 -90.780075073242 -90.35719024000167
2017.366821289062 -90.659927368164 -91.98353295875107
2017.399780273438 -94.664779663086 -93.57904510334494
2017.4326171875 -95.517333984375 -95.08135489778098
2017.498291015625 -100.125587463379 -97.784248874989
2017.531127929688 -101.585807800293 -98.99151007127276
2017.56396484375 -101.168479919434 -100.1119971545444
2017.596801757812 -102.428779602051 -101.13973177707004
2017.629760742188 -106.324493408203 -102.06367020363072
2017.66259765625 -105.29133605957 -102.84259546430653
2017.695434570312 -101.531959533691 -103.471131096785
2017.728271484375 -103.441703796387 -103.94579483673076
2017.761108398438 -105.285942077637 -104.30680346452638
2017.7939453125 -106.240028381348 -104.6089141829889
2017.826782226562 -104.711730957031 -104.89362660736718
2017.859741210938 -106.717361450195 -105.16710779217098
2017.892578125 -104.042297363281 -105.43753787747494
2017.925415039062 -104.663208007812 -105.72910420256522
2017.958251953125 -106.046264648438 -106.07927561413649
2017.991088867188 -105.558639526367 -106.511555507505
2018.024658203125 -105.611442565918 -107.0352766303926
2018.057495117188 -107.002182006836 -107.62666196412391
2018.09033203125 -107.903427124023 -108.32461154570031
2018.123168945312 -107.934555053711 -109.15246497691368
2018.156005859375 -106.697196960449 -110.10175924438478
2018.18896484375 -109.372840881348 -111.16562357907566
2018.221801757812 -110.712280273438 -112.3362383031114
2018.254638671875 -114.278442382812 -113.60271713979671
2018.287475585938 -114.857604980469 -114.9507990539415
2018.3203125 -114.723892211914 -116.35480916702718
2018.353149414062 -115.835113525391 -117.80897941490052
2018.385986328125 -121.499526977539 -119.31330787651815
2018.4189453125 -122.374458312988 -120.84774047680929
2018.451782226562 -120.561058044434 -122.36217025747398
2018.484619140625 -129.804718017578 -123.84206928318734
2018.517456054688 -126.23225402832 -125.29271612003404
2018.55029296875 -125.987579345703 -126.71999069000782
2018.583129882812 -129.078567504883 -128.09922444512483
2018.615966796875 -124.773284912109 -129.40296096003584
2018.64892578125 -136.469223022461 -130.61487648908204
2018.681762695312 -135.619522094727 -131.72378949692697
2018.714599609375 -127.796615600586 -132.74701455453416
2018.747436523438 -134.474975585938 -133.70130135818408
2018.7802734375 -136.882232666016 -134.60497630462223
2018.813110351562 -137.859191894531 -135.44972711984352
2018.845947265625 -139.266052246094 -136.3199876293709
2018.87890625 -136.519058227539 -137.06340442141
2018.911743164062 -136.501037597656 -137.68937469954318
2018.944580078125 -138.305480957031 -138.28750118847597
2018.977416992188 -137.784271240234 -138.88025585909116
2019.010986328125 -137.875885009766 -139.5135570955543
2019.043823242188 -139.450546264648 -140.08488314485282
2019.109497070312 -141.941009521484 -141.71289353226146
2019.1259765625 -141.535003662109 -142.15151703187658
2019.142333984375 -142.546295166016 -142.68463896286963
2019.175170898438 -143.208084106445 -143.81731044859038
2019.191650390625 -143.688430786133 -144.4891411179062
2019.208129882812 -143.763931274414 -145.21257361477902
2019.224487304688 -145.333969116211 -145.91305287783018
2019.240966796875 -147.043167114258 -146.72798888943368
2019.25732421875 -146.704513549805 -147.56337652462514
2019.273803710938 -147.82698059082 -148.37773467145493
2019.290161132812 -148.466156005859 -149.2338032654947
2019.306640625 -149.921630859375 -150.14021704773478
2019.323120117188 -151.412368774414 -151.0179048300655
2019.339477539062 -152.849243164062 -151.84113424214598
2019.35595703125 -153.250518798828 -152.60791057365836
2019.372314453125 -155.30989074707 -153.29161973195107
2019.388793945312 -154.602737426758 -153.91630044783156
2019.405151367188 -156.094146728516 -154.46043899496303
2019.421630859375 -156.111206054688 -155.12109338681543
2019.438110351562 -155.845245361328 -155.8184799534265
2019.454467773438 -157.295776367188 -156.5578532311069
2019.470947265625 -152.167510986328 -157.34528611318416
2019.4873046875 -153.203094482422 -158.14905533807814
2019.503784179688 -152.22233581543 -159.07137038605143
2019.520141601562 -156.447540283203 -159.84220508226423
2019.53662109375 -161.095428466797 -160.62792966157193
2019.569458007812 -164.399963378906 -162.27184394209308
2019.602294921875 -165.455230712891 -164.0414862197662
2019.618774414062 -164.084762573242 -164.94666789791975
2019.635131835938 -166.9521484375 -165.87696202711624
2019.651611328125 -168.661773681641 -166.75193375159756
2019.668090820312 -166.450302124023 -167.6559089926611
2019.71728515625 -172.128692626953 -169.88169491530473
2019.733764648438 -170.191497802734 -170.5214129514738
2019.750122070312 -172.934417724609 -170.99961367490258
2019.7666015625 -170.774963378906 -171.53937953576707
2019.799438476562 -173.680938720703 -172.39516913018835
2019.832275390625 -178.815139770508 -173.215224638922
2019.865112304688 -174.714370727539 -173.93922002948986
2019.898071289062 -174.945495605469 -174.56569798663074
2019.930908203125 -175.660293579102 -175.0676272535122
2019.963745117188 -176.000045776367 -175.4489638407582
2019.99658203125 -176.089721679688 -175.79231537192518
2020.030151367188 -176.156677246094 -176.16408708038028
2020.06298828125 -175.702301025391 -176.43935629746747
2020.095825195312 -176.381164550781 -176.78817710226133
2020.128662109375 -177.435287475586 -177.29677355281177
2020.161499023438 -176.887023925781 -178.0345152660796
2020.177978515625 -177.345092773438 -178.68505806149318
2020.1943359375 -177.895080566406 -179.03599754432332
2020.227294921875 -176.747467041016 -180.30655926406936
2020.260131835938 -174.895385742188 -181.81299441009168
2020.29296875 -179.626281738281 -183.32815028551033
2020.325805664062 -180.223281860352 -185.04273275064642
2020.358642578125 -186.171752929688 -187.1446540953253
2020.391479492188 -186.414581298828 -189.37404202735743
2020.42431640625 -190.420532226562 -191.79510653281903
2020.457275390625 -197.046813964844 -194.5459643394535
2020.490112304688 -196.54264831543 -197.43585105064153
2020.52294921875 -201.284942626953 -200.13538319405882
2020.555786132812 -202.31755065918 -202.56524034676013
2020.572265625 -208.441650390625 -203.47900001835097
2020.588623046875 -213.155242919922 -204.32363736404645
2020.605102539062 -207.836303710938 -205.54112163304706
2020.621459960938 -213.594604492188 -206.29832604231672
2020.654296875 -219.680847167969 -208.01851657702863
2020.687255859375 -216.576675415039 -209.43997832457606
2020.70361328125 -214.724380493164 -210.24109777122254
2020.720092773438 -212.423141479492 -210.4922466281283
2020.7529296875 -213.382568359375 -211.28651928113305
2020.785766601562 -213.732467651367 -211.87305577681133
2020.818603515625 -213.864929199219 -212.2345406862973
2020.851440429688 -213.142929077148 -212.34719369409433
2020.917236328125 -209.606994628906 -212.15774674410238
2020.950073242188 -210.754943847656 -212.16943481790335
2020.98291015625 -212.23469543457 -212.3975665682391
2021.013671875 -210.800506591797 -212.58298691118486
2021.046508789062 -209.870803833008 -213.27060864906002
2021.079345703125 -212.589096069336 -214.62906561508487
2021.1123046875 -210.910034179688 -216.0114894179235
2021.145141601562 -214.284637451172 -217.61733670329036
2021.177978515625 -214.980865478516 -219.4344028036861
2021.210815429688 -216.623977661133 -221.4121372437361
2021.24365234375 -217.083755493164 -223.1726934256193
2021.276489257812 -223.585632324219 -225.54221095350317
2021.309326171875 -228.649124145508 -228.1619090629574
2021.34228515625 -229.388198852539 -230.94773495891334
2021.358642578125 -234.843170166016 -232.18488438973029
2021.391479492188 -236.873352050781 -234.52266696818225
2021.407958984375 -236.435455322266 -235.37806853114776
2021.440795898438 -244.047119140625 -237.32907167778944
2021.4736328125 -244.442398071289 -238.96712963050442
2021.506469726562 -256.226715087891 -240.2633859860401
2021.539306640625 -248.059799194336 -241.30823885135328
2021.572265625 -246.889739990234 -241.7449225892974
2021.605102539062 -254.227355957031 -242.7216999124634
2021.637939453125 -246.730499267578 -243.62952192280576
2021.670776367188 -244.39208984375 -244.40352031259707
2021.736450195312 -251.990142822266 -244.9698572984785
2021.769287109375 -245.063262939453 -245.09955225574495
2021.80224609375 -245.729110717773 -244.93809219221424
2021.835083007812 -244.004470825195 -244.72794089525104
2021.867919921875 -245.615997314453 -244.47909900226747
2021.966430664062 -245.053466796875 -243.96418059744906
2022.0 -238.879653930664 -243.8611948304666
2022.065673828125 -243.353561401367 -243.59043380569761
2022.098510742188 -240.82209777832 -243.57495648789197
2022.197143554688 -240.999389648438 -243.7722816216607
2022.22998046875 -244.165283203125 -243.9515322412832
2022.262817382812 -243.463424682617 -244.22098443490663
2022.295654296875 -242.925155639648 -244.59718913208923
2022.328491210938 -243.165344238281 -245.08887913024824
2022.394287109375 -244.342895507812 -246.2796368396873
2022.558471679688 -251.785018920898 -249.6147541962981
2022.591430664062 -261.822326660156 -250.31402157034557
2022.68994140625 -240.787200927734 -252.68323913734193
2022.722778320312 -252.148284912109 -253.50069326024897
2022.821411132812 -255.437698364258 -256.0739081182681
2022.854248046875 -255.57698059082 -257.1348577812181
2022.887084960938 -256.936889648438 -258.34117151169477
2022.919921875 -257.430633544922 -259.52461122745194
2022.952758789062 -259.386779785156 -260.89423833996045
2022.985595703125 -261.485626220703 -262.58156012173026
2023.019165039062 -263.929016113281 -264.3957964325003
2023.052001953125 -265.565216064453 -266.13746128023087
2023.084838867188 -267.500427246094 -268.0536950178245
2023.11767578125 -269.883605957031 -270.0954826490412
2023.150634765625 -271.769805908203 -272.1050281714947
2023.183471679688 -274.727905273438 -274.18853580569845
2023.21630859375 -274.736389160156 -276.3270508088049
2023.249145507812 -276.270172119141 -278.5092204004708
2023.281982421875 -280.699890136719 -280.71723169841533
2023.314819335938 -284.916961669922 -282.94019647132154
2023.34765625 -284.734680175781 -285.1721904549728
2023.380615234375 -284.955169677734 -287.41806655616773
2023.413452148438 -295.816955566406 -289.6599549010815
2023.4462890625 -288.791809082031 -291.90668372747876
2023.57763671875 -307.347381591797 -300.9626847362907
