2014.804931640625 -0.0 -2.9886664547142066
2014.837768554688 -25.965293884277 -4.040707823229338
2014.903442382812 -7.038904190063 -6.134605862212347
2014.96923828125 -7.342348098755 -8.219244489640325
2015.03564453125 24.125171661377 -10.310449995746913
2015.101318359375 -12.190762519836 -12.36686866642353
2015.265625 18.435171127319 -17.4696602362389
2015.331298828125 -32.692066192627 -19.497714222024523
2015.39697265625 -41.414329528809 -21.523291913577904
2016.021850585938 -13.936889648438 -42.73096109344116
2016.1533203125 -40.270645141602 -46.40893971227894
2016.350463867188 -109.792449951172 -50.167266810137676
2016.416137695312 -65.33423614502 -51.27057302825793
2016.547607421875 -55.295757293701 -53.84593526342453
2016.744750976562 -55.003025054932 -56.63043361206699
2016.777587890625 -53.637660980225 -56.60361371550635
2016.810424804688 -71.389144897461 -56.59888535036275
2016.84326171875 -56.567085266113 -56.68730963592905
2016.876098632812 -60.063968658447 -57.02048059381583
2016.908935546875 -54.853763580322 -57.56513578127965
2016.941772460938 -54.819694519043 -58.15391498061679
2016.974731445312 -55.267780303955 -58.93067829176679
2017.005493164062 -57.862747192383 -59.98730124332907
2017.038330078125 -59.151821136475 -60.93948162195918
2017.071166992188 -59.615520477295 -61.921497272532434
2017.10400390625 -58.252716064453 -63.571554697755644
2017.136840820312 -62.014114379883 -65.58032268710438
2017.169799804688 -64.017219543457 -67.80365746290725
2017.20263671875 -69.538970947266 -70.26534845308208
2017.235473632812 -69.571281433105 -73.01136535642554
2017.268310546875 -72.573585510254 -76.07824780308076
2017.301147460938 -79.907279968262 -79.47026329978883
2017.333984375 -80.646240234375 -83.0981799165176
2017.366821289062 -87.415863037109 -86.79260108292756
2017.399780273438 -89.469032287598 -90.34951292691588
2017.4326171875 -94.606399536133 -93.55474697894005
2017.498291015625 -120.119636535645 -98.75667773500635
2017.531127929688 -114.717391967773 -100.87504000577945
2017.56396484375 -111.160369873047 -102.77906741122962
2017.596801757812 -115.48477935791 -104.50631096431208
2017.629760742188 -113.464866638184 -106.0605671845526
2017.66259765625 -118.091926574707 -107.27567001666404
2017.695434570312 -112.662811279297 -107.86649654542919
2017.728271484375 -108.768280029297 -107.45440626577519
2017.761108398438 -104.874885559082 -106.10191539504466
2017.7939453125 -104.631439208984 -104.28229157384705
2017.826782226562 -103.644638061523 -102.38529787441433
2017.859741210938 -102.223655700684 -100.49475382039296
2017.892578125 -97.371482849121 -98.66229353385752
2017.925415039062 -92.371566772461 -96.92937720699177
2017.958251953125 -95.779937744141 -95.35972889277818
2017.991088867188 -89.173553466797 -94.05968019438892
2018.024658203125 -88.439918518066 -93.15127068463482
2018.057495117188 -89.874664306641 -92.79085818745813
2018.09033203125 -90.485450744629 -93.0162529873142
2018.123168945312 -88.019638061523 -93.82559892050564
2018.156005859375 -85.668045043945 -95.18114099029177
2018.18896484375 -91.890777587891 -97.03911527343631
2018.221801757812 -89.275482177734 -99.3346114096832
2018.254638671875 -90.056816101074 -102.01614489361468
2018.287475585938 -98.65071105957 -105.07975840455032
2018.3203125 -104.310684204102 -108.53663927418225
2018.353149414062 -109.160736083984 -112.36293243830039
2018.385986328125 -119.851211547852 -116.42384100964445
2018.4189453125 -121.004615783691 -120.43932338702696
2018.451782226562 -129.165969848633 -124.02562462840491
2018.484619140625 -130.786682128906 -127.05140118997089
2018.517456054688 -135.557464599609 -129.56627657430505
2018.55029296875 -145.500137329102 -131.66277157899583
2018.583129882812 -146.708221435547 -133.3769160493195
2018.615966796875 -149.074905395508 -134.74867857884863
2018.64892578125 -151.205169677734 -135.7645084367848
2018.681762695312 -140.950408935547 -136.40032933364725
2018.714599609375 -142.313323974609 -136.6313595751798
2018.747436523438 -137.98469543457 -136.38265682171772
2018.7802734375 -136.045104980469 -135.59528781226342
2018.813110351562 -135.330551147461 -134.20521496552487
2018.845947265625 -132.275115966797 -132.41440348065154
2018.87890625 -129.221115112305 -130.39627750924305
2018.911743164062 -129.068237304688 -128.5640470717603
2018.944580078125 -126.761169433594 -126.81471572787227
2018.977416992188 -122.78116607666 -125.2148586915471
2019.010986328125 -122.329574584961 -124.03166768496459
2019.043823242188 -118.714721679688 -122.8130090775731
2019.109497070312 -118.559921264648 -121.43438267086397
2019.1259765625 -117.657829284668 -121.03672769327284
2019.142333984375 -117.012481689453 -121.0944954754019
2019.175170898438 -118.48412322998 -121.41343887121421
2019.191650390625 -121.050964355469 -122.05169092881115
2019.208129882812 -121.040939331055 -122.96012922123111
2019.224487304688 -124.621917724609 -123.8852444136853
2019.240966796875 -126.491302490234 -125.28135258486247
2019.25732421875 -123.714393615723 -126.82655563903269
2019.273803710938 -125.330513000488 -128.26974578765552
2019.290161132812 -124.659851074219 -129.82565961546112
2019.306640625 -132.338912963867 -131.72640170486562
2019.323120117188 -129.190704345703 -133.7112672777737
2019.339477539062 -134.948791503906 -135.7645712705946
2019.35595703125 -137.923782348633 -137.9238321235639
2019.372314453125 -144.517059326172 -140.12232791542203
2019.388793945312 -140.995254516602 -142.3795640737685
2019.405151367188 -147.017761230469 -144.54325849670195
2019.421630859375 -143.492523193359 -146.7369350347444
2019.438110351562 -152.710601806641 -148.85731392000324
2019.454467773438 -147.958618164062 -150.78332413031114
2019.470947265625 -157.705032348633 -152.50148314104712
2019.4873046875 -162.45458984375 -153.96942187397283
2019.503784179688 -156.889297485352 -154.82204878087845
2019.520141601562 -150.000793457031 -155.94687715963997
2019.53662109375 -165.379486083984 -156.9063825833268
2019.569458007812 -161.572525024414 -158.25057222746068
2019.602294921875 -167.727233886719 -158.63973081512256
2019.618774414062 -156.5791015625 -158.85769334696064
2019.635131835938 -166.246520996094 -158.93633939583304
2019.651611328125 -160.340667724609 -158.60003507203066
2019.668090820312 -155.188217163086 -158.44755591760568
2019.71728515625 -156.837310791016 -157.17067360974104
2019.733764648438 -159.431045532227 -156.62030925420896
2019.750122070312 -158.043273925781 -155.8934682093173
2019.7666015625 -157.323226928711 -155.2211606000398
2019.799438476562 -148.924026489258 -153.71035728595913
2019.832275390625 -153.259170532227 -152.22676341516038
2019.865112304688 -151.60041809082 -150.84931180754427
2019.898071289062 -151.186889648438 -149.63734717004232
2019.930908203125 -146.164672851562 -148.68441065968784
2019.963745117188 -143.05143737793 -148.1465954220011
2019.99658203125 -145.579513549805 -147.79087982254427
2020.030151367188 -141.876235961914 -147.137139932377
2020.06298828125 -143.544067382812 -147.318865274717
2020.095825195312 -147.210403442383 -147.64137367929138
2020.128662109375 -146.260269165039 -148.35887751209404
2020.161499023438 -146.837020874023 -149.55131425966857
2020.177978515625 -149.472640991211 -150.61486624463336
2020.1943359375 -146.877365112305 -151.23365467858696
2020.227294921875 -150.29182434082 -153.37849276814424
2020.260131835938 -152.856826782227 -155.8691297236408
2020.29296875 -156.934112548828 -158.45942730304094
2020.325805664062 -156.280319213867 -161.30653255745963
2020.358642578125 -162.875518798828 -164.37573107171622
2020.391479492188 -169.978225708008 -167.4753884803339
2020.42431640625 -169.917816162109 -170.57686180987997
2020.457275390625 -177.629943847656 -173.48131594559914
2020.490112304688 -184.748306274414 -176.05708607937615
2020.52294921875 -179.793701171875 -178.34138039401205
2020.555786132812 -179.617492675781 -180.26623474493726
2020.572265625 -199.403594970703 -180.69717441669087
2020.588623046875 -192.233612060547 -180.99218682668567
2020.605102539062 -182.760604858398 -181.88746814832453
2020.621459960938 -191.306930541992 -181.97995644450907
2020.654296875 -190.306350708008 -182.46593349707544
2020.687255859375 -174.662338256836 -182.46127942341872
2020.70361328125 -180.220458984375 -182.44868423926104
2020.720092773438 -186.843368530273 -181.9600176712042
2020.7529296875 -188.860397338867 -181.1002840240327
2020.785766601562 -183.326110839844 -179.9802156793862
2020.818603515625 -176.388229370117 -178.68165025992937
2020.851440429688 -175.207427978516 -177.27035770705558
2020.917236328125 -177.811126708984 -174.62105432771895
2020.950073242188 -171.254135131836 -173.67707267771425
2020.98291015625 -173.826095581055 -173.02433787435095
2021.013671875 -165.256072998047 -172.21748706756432
2021.046508789062 -161.508178710938 -171.97660141243122
2021.079345703125 -169.035629272461 -172.64111507249225
2021.1123046875 -166.543640136719 -173.40919339098988
2021.145141601562 -170.934234619141 -174.5581841072592
2021.177978515625 -171.607818603516 -176.04698302032367
2021.210815429688 -172.556549072266 -177.8280161454282
2021.24365234375 -169.810852050781 -179.46228228597639
2021.276489257812 -183.263061523438 -182.08935460738246
2021.309326171875 -189.969436645508 -185.07076890250607
2021.34228515625 -184.197540283203 -188.31015212948944
2021.358642578125 -190.44596862793 -189.9499091850656
2021.391479492188 -195.414398193359 -193.06688821015408
2021.407958984375 -194.579116821289 -194.22421154893436
2021.440795898438 -193.177383422852 -196.25792292685662
2021.4736328125 -207.81364440918 -197.4705739197895
2021.506469726562 -228.19873046875 -198.21151345167542
2021.539306640625 -223.211349487305 -198.75294666255658
2021.572265625 -221.225372314453 -198.47970199539952
2021.605102539062 -225.684143066406 -199.11702771174473
2021.637939453125 -215.838424682617 -199.67728113177128
2021.670776367188 -208.728942871094 -200.17816733744573
2021.736450195312 -203.023178100586 -200.1896986641093
2021.769287109375 -198.455825805664 -200.25131414602788
2021.80224609375 -197.400527954102 -199.65672621642736
2021.835083007812 -194.620010375977 -198.92176005627604
2021.867919921875 -199.022567749023 -198.01541413183668
2021.966430664062 -192.434478759766 -196.24232062719076
2022.0 -194.455825805664 -196.32215630785174
2022.065673828125 -192.007263183594 -196.21036562804744
2022.098510742188 -193.464401245117 -196.90351745916206
2022.197143554688 -191.135833740234 -199.60542785283968
2022.22998046875 -195.338287353516 -200.5772218583216
2022.262817382812 -183.567230224609 -201.6731945651149
2022.295654296875 -194.914947509766 -202.92446797222016
2022.328491210938 -199.683929443359 -204.3542475672227
2022.394287109375 -213.608306884766 -207.54724252935097
2022.558471679688 -220.526809692383 -215.98190443241376
2022.591430664062 -218.749160766602 -218.04298313280285
2022.68994140625 -249.7177734375 -223.98669186993004
2022.722778320312 -249.72932434082 -225.6849721380227
2022.821411132812 -230.007369995117 -229.62162089619838
2022.854248046875 -231.988128662109 -230.61738942428346
2022.887084960938 -234.468276977539 -231.52575880923175
2022.919921875 -238.666915893555 -232.64223359339488
2022.952758789062 -237.672698974609 -233.63591989961924
2022.985595703125 -235.331634521484 -234.0337876943497
2023.019165039062 -231.707183837891 -234.44412221869817
2023.052001953125 -231.526123046875 -234.82866706302806
2023.084838867188 -231.582061767578 -235.51614101450275
2023.11767578125 -235.476364135742 -236.6376677031723
2023.150634765625 -234.498672485352 -237.5737569034974
2023.183471679688 -237.280212402344 -238.75615341287772
2023.21630859375 -231.002059936523 -239.92351681895016
2023.249145507812 -233.242935180664 -241.09381546360214
2023.281982421875 -239.602615356445 -242.28109674431605
2023.314819335938 -242.853912353516 -243.49679593410661
2023.34765625 -250.335861206055 -244.74967897201304
2023.380615234375 -257.261871337891 -246.0502324341792
2023.413452148438 -250.644302368164 -247.38941300834472
2023.4462890625 -247.568771362305 -248.7676772400477
2023.57763671875 -290.763061523438 -254.5601193523588
