2014.804931640625 0.0 16.651299683760264
2014.837768554688 15.125408172607 16.062204877042607
2014.903442382812 16.080600738525 14.884616074290133
2014.96923828125 11.844554901123 13.706212137739202
2015.03564453125 15.11921787262 12.51895021471287
2015.101318359375 1.805830717087 11.347877610432652
2015.265625 25.564725875854 8.43710708269354
2015.331298828125 13.573061943054 7.283604054991557
2015.39697265625 -9.843548774719 6.137200510121817
2016.021850585938 4.980217933655 -8.841834113551894
2016.1533203125 -12.795144081116 -9.909510537137056
2016.350463867188 -9.804891586304 -10.355447606448
2016.416137695312 -27.61946105957 -10.642746957368075
2016.547607421875 -3.125119686127 -11.124031379106578
2016.744750976562 -8.765920639038 -11.563568355427476
2016.777587890625 -10.499618530273 -11.675284701692485
2016.810424804688 -13.638021469116 -11.908410658360882
2016.84326171875 -12.523100852966 -12.625192674223797
2016.876098632812 -14.791966438293 -13.508490223173652
2016.908935546875 -13.686260223389 -14.41689861989347
2016.941772460938 -14.638904571533 -15.348083604922273
2016.974731445312 -15.261967658997 -16.287152755202445
2017.005493164062 -17.163074493408 -17.20116943257593
2017.038330078125 -18.184860229492 -18.150423345670536
2017.071166992188 -18.855346679688 -19.092655014929722
2017.10400390625 -19.520313262939 -20.1391626297555
2017.136840820312 -20.156667709351 -21.260248713187668
2017.169799804688 -22.006351470947 -22.43837207695319
2017.20263671875 -23.120517730713 -23.66749253728511
2017.235473632812 -23.776430130005 -24.952584795547246
2017.268310546875 -26.03904914856 -26.29148391187736
2017.301147460938 -27.628183364868 -27.673833764719387
2017.333984375 -28.92147064209 -29.082936406066825
2017.366821289062 -28.910614013672 -30.495295152075705
2017.399780273438 -33.310710906982 -31.909410954650962
2017.4326171875 -34.022048950195 -33.318830313657465
2017.498291015625 -42.500400543213 -36.098610589889326
2017.531127929688 -37.46603012085 -37.42892632132578
2017.56396484375 -39.756542205811 -38.69433586711004
2017.596801757812 -40.295143127441 -39.887575446581366
2017.629760742188 -42.53865814209 -41.00813218341543
2017.66259765625 -41.228363037109 -42.02347807337018
2017.695434570312 -44.218189239502 -42.92022522584381
2017.728271484375 -46.324584960938 -43.6943529974436
2017.761108398438 -46.083808898926 -44.37601766330029
2017.7939453125 -45.958698272705 -44.99927036664733
2017.826782226562 -45.390258789062 -45.58921558859721
2017.859741210938 -45.465129852295 -46.14541418225542
2017.892578125 -46.36502456665 -46.649672199326034
2017.925415039062 -47.862205505371 -47.116629176464905
2017.958251953125 -47.299835205078 -47.57315856603224
2017.991088867188 -47.734378814697 -48.04642942363568
2018.024658203125 -47.825149536133 -48.5774102717439
2018.057495117188 -48.931762695312 -49.16716725081146
2018.09033203125 -49.663417816162 -49.86056171803806
2018.123168945312 -50.047328948975 -50.68289811736305
2018.156005859375 -48.475975036621 -51.65346609354659
2018.18896484375 -51.581645965576 -52.7781161453221
2018.221801757812 -51.031593322754 -54.03818112937555
2018.254638671875 -54.727504730225 -55.41760909308697
2018.287475585938 -53.742282867432 -56.92722356329183
2018.3203125 -57.077842712402 -58.5691122868498
2018.353149414062 -55.277313232422 -60.32682195943178
2018.385986328125 -62.049499511719 -62.17076522142133
2018.4189453125 -62.363605499268 -64.08709995063204
2018.451782226562 -67.559013366699 -66.01527930082821
2018.484619140625 -71.422180175781 -67.92088231607386
2018.517456054688 -69.142189025879 -69.78847357896602
2018.55029296875 -77.51782989502 -71.6076419753965
2018.583129882812 -76.947868347168 -73.34073670447872
2018.615966796875 -76.124771118164 -74.95927599523414
2018.64892578125 -77.871192932129 -76.45560945004743
2018.681762695312 -79.351570129395 -77.82408927648474
2018.714599609375 -70.694091796875 -79.07599466201772
2018.747436523438 -79.103271484375 -80.19598710671977
2018.7802734375 -82.476905822754 -81.19994496603155
2018.813110351562 -85.274238586426 -82.11468089993049
2018.845947265625 -85.436256408691 -82.99578217859501
2018.87890625 -83.125648498535 -83.84039685930362
2018.911743164062 -83.40843963623 -84.70301400176496
2018.944580078125 -85.287078857422 -85.5454817361896
2018.977416992188 -84.418701171875 -86.37937708271217
2019.010986328125 -86.296920776367 -87.29566018179389
2019.043823242188 -87.848083496094 -88.14937640614254
2019.109497070312 -90.565391540527 -90.37366223271081
2019.1259765625 -90.504760742188 -90.97311848176821
2019.142333984375 -91.140335083008 -91.65013489121222
2019.175170898438 -92.724075317383 -93.0552739158386
2019.191650390625 -93.255302429199 -93.83222897598414
2019.208129882812 -93.033615112305 -94.6463529913615
2019.224487304688 -94.993133544922 -95.44317260868459
2019.240966796875 -96.746429443359 -96.34733212950998
2019.25732421875 -96.536956787109 -97.29940311349564
2019.273803710938 -97.829650878906 -98.223419311812
2019.290161132812 -99.383880615234 -99.1882467920612
2019.306640625 -99.747604370117 -100.33026770253974
2019.323120117188 -100.142288208008 -101.55095207939885
2019.339477539062 -104.175407409668 -102.81859976580942
2019.35595703125 -102.718231201172 -104.13343886663444
2019.372314453125 -103.528350830078 -105.46053381277919
2019.388793945312 -105.572525024414 -106.81813786445984
2019.405151367188 -105.527336120605 -108.25273463350982
2019.421630859375 -111.267181396484 -109.6800163939715
2019.438110351562 -114.425941467285 -111.1377302223526
2019.454467773438 -112.90306854248 -112.59713957663752
2019.470947265625 -113.33765411377 -114.04317043250354
2019.4873046875 -116.936904907227 -115.41744437198005
2019.503784179688 -114.576904296875 -116.66717594833909
2019.520141601562 -118.385559082031 -117.97436933035878
2019.53662109375 -125.04940032959 -119.22226433545458
2019.569458007812 -124.854217529297 -121.36846334835798
2019.602294921875 -118.763397216797 -122.92375707227913
2019.618774414062 -130.656585693359 -123.74041227603782
2019.635131835938 -126.94718170166 -124.53017447975853
2019.651611328125 -127.310272216797 -125.09120113763998
2019.668090820312 -131.713577270508 -125.82748126347029
2019.71728515625 -129.412368774414 -127.38627498219888
2019.733764648438 -128.164474487305 -127.79779604165181
2019.750122070312 -131.462905883789 -127.95121562649358
2019.7666015625 -126.671379089355 -128.2005958067153
2019.799438476562 -127.563987731934 -128.42112286224545
2019.832275390625 -131.973556518555 -128.58831557332786
2019.865112304688 -128.290451049805 -128.68806257838855
2019.898071289062 -128.655990600586 -128.7481560918284
2019.930908203125 -128.705963134766 -128.8043817016913
2019.963745117188 -128.372802734375 -128.89606245701387
2019.99658203125 -129.122619628906 -129.02150803937766
2020.030151367188 -127.932441711426 -129.13421077412733
2020.06298828125 -129.082443237305 -129.37719808629916
2020.095825195312 -129.459854125977 -129.66944476502778
2020.128662109375 -129.997787475586 -130.06676598424448
2020.161499023438 -128.524917602539 -130.5979610031028
2020.177978515625 -130.397064208984 -131.00104660316637
2020.1943359375 -130.122924804688 -131.26082063344262
2020.227294921875 -129.686431884766 -132.10620074631152
2020.260131835938 -132.677978515625 -133.1789516160191
2020.29296875 -132.564468383789 -134.3519094469892
2020.325805664062 -134.228408813477 -135.74341406636722
2020.358642578125 -135.864227294922 -137.51583256574585
2020.391479492188 -136.61083984375 -139.40758333009958
2020.42431640625 -141.096832275391 -141.38289075200777
2020.457275390625 -135.921020507812 -143.48146322776716
2020.490112304688 -144.469665527344 -145.6861214585826
2020.52294921875 -148.545959472656 -147.93885872276283
2020.555786132812 -148.398315429688 -150.2222650847434
2020.572265625 -151.85627746582 -151.31360940380102
2020.588623046875 -156.008407592773 -152.36704532334764
2020.605102539062 -154.770538330078 -153.52380652310623
2020.621459960938 -158.779220581055 -154.5308270876616
2020.654296875 -156.771759033203 -156.57252583583795
2020.687255859375 -159.274871826172 -158.4290913183905
2020.70361328125 -162.164642333984 -159.3542585056685
2020.720092773438 -159.580093383789 -160.03032602368924
2020.7529296875 -162.182601928711 -161.4268128681071
2020.785766601562 -164.327529907227 -162.67616754042274
2020.818603515625 -165.229827880859 -163.8115954212423
2020.851440429688 -166.699234008789 -164.8425108559783
2020.917236328125 -168.014053344727 -166.64177437598835
2020.950073242188 -167.13655090332 -167.42889775997202
2020.98291015625 -168.280090332031 -168.1722487973972
2021.013671875 -168.837753295898 -168.87979829885174
2021.046508789062 -169.298965454102 -169.53937329963017
2021.079345703125 -170.237686157227 -170.17517588065212
2021.1123046875 -169.285491943359 -170.80257361433576
2021.145141601562 -171.994995117188 -171.4332013955051
2021.177978515625 -172.346817016602 -172.0802763605194
2021.210815429688 -176.189163208008 -172.7526201209607
2021.24365234375 -170.922332763672 -173.4288720722657
2021.276489257812 -171.276885986328 -174.18462759294295
2021.309326171875 -177.209564208984 -175.0241896740889
2021.34228515625 -175.784591674805 -175.97808104389594
2021.358642578125 -175.607421875 -176.619042235027
2021.391479492188 -175.485397338867 -177.8409826526174
2021.407958984375 -175.861434936523 -178.59490364153527
2021.440795898438 -178.654434204102 -179.9721866100689
2021.4736328125 -178.425521850586 -181.43498773552272
2021.506469726562 -194.003829956055 -182.95339591619725
2021.539306640625 -185.567520141602 -184.49507944680335
2021.572265625 -192.12126159668 -186.08056855366902
2021.605102539062 -196.029586791992 -187.643274559053
2021.637939453125 -190.199478149414 -189.23220721425767
2021.670776367188 -189.823089599609 -190.84177425622718
2021.736450195312 -195.175170898438 -193.9532794227463
2021.769287109375 -196.37158203125 -195.49116344756584
2021.80224609375 -197.521682739258 -196.9405786120205
2021.835083007812 -197.23388671875 -198.371160449064
2021.867919921875 -200.093734741211 -199.7381228148817
2021.966430664062 -205.540878295898 -203.73330013343343
2022.0 -204.406600952148 -205.08127832055376
2022.065673828125 -207.042541503906 -207.73715614113482
2022.098510742188 -209.414901733398 -209.02972871941589
2022.197143554688 -212.62565612793 -212.78580659731819
2022.22998046875 -216.501129150391 -213.98671397469593
2022.262817382812 -213.852447509766 -215.16418432279593
2022.295654296875 -216.375610351562 -216.32260994685186
2022.328491210938 -218.29443359375 -217.468494923844
2022.394287109375 -225.380279541016 -219.76456244471822
2022.558471679688 -223.681030273438 -225.6878987720917
2022.591430664062 -232.964324951172 -226.83420271435153
2022.68994140625 -230.64225769043 -230.210926028391
2022.722778320312 -229.159423828125 -231.31261780718796
2022.821411132812 -233.682907104492 -235.40887190350898
2022.854248046875 -237.218795776367 -237.07106552222777
2022.887084960938 -236.188446044922 -238.82718835637422
2022.919921875 -239.041442871094 -240.53651767305774
2022.952758789062 -240.773834228516 -242.3047636115774
2022.985595703125 -242.264022827148 -244.36188394323594
2023.019165039062 -245.527908325195 -246.60019366564873
2023.052001953125 -247.974182128906 -248.74512839973897
2023.084838867188 -250.828903198242 -251.1971977420949
2023.11767578125 -253.541931152344 -253.81871138440076
2023.150634765625 -253.662704467773 -256.38468289004925
2023.183471679688 -258.683990478516 -259.0307867510206
2023.21630859375 -261.000732421875 -261.67837627417475
2023.249145507812 -259.566436767578 -264.3318456764234
2023.281982421875 -267.381378173828 -266.9938625634707
2023.314819335938 -272.605377197266 -269.6663103649646
2023.34765625 -272.845855712891 -272.3497601355221
2023.380615234375 -275.315460205078 -275.05312498214835
2023.413452148438 -290.825469970703 -277.7546817489453
2023.4462890625 -280.231750488281 -280.46269544669184
2023.57763671875 -310.461090087891 -291.3346344297777
