2014.804931640625 -0.0 -2.363607199452364
2014.837768554688 -7.487356185913 -2.9123390435519543
2014.903442382812 -0.155682265759 -4.004728551206026
2014.96923828125 -6.859164237976 -5.091546918518547
2015.03564453125 15.84019947052 -6.180133641127815
2015.101318359375 -27.306592941284 -7.247616642487566
2015.265625 27.657493591309 -9.870902890803196
2015.331298828125 -29.006015777588 -10.896833439526702
2015.39697265625 -41.021839141846 -11.907609940131232
2016.021850585938 -4.138233661652 -30.397677058742204
2016.1533203125 -26.763704299927 -28.397130516923202
2016.350463867188 -32.878063201904 -24.68581977181299
2016.416137695312 -50.033763885498 -23.373846263115485
2016.547607421875 -6.911456108093 -20.949160089082184
2016.744750976562 -19.931488037109 -17.34927284128259
2016.777587890625 -14.972951889038 -16.25441885531942
2016.810424804688 -19.452369689941 -15.221280585307051
2016.84326171875 -8.890159606934 -14.265802515635873
2016.876098632812 -14.674107551575 -13.340459158428501
2016.908935546875 -11.118838310242 -12.490233664175824
2016.941772460938 -9.795842170715 -11.6681717843672
2016.974731445312 -10.004496574402 -10.858285541272467
2017.005493164062 -9.646096229553 -10.222094425686372
2017.038330078125 -7.833607196808 -9.482751571173193
2017.071166992188 -8.024479866028 -8.798026072661747
2017.10400390625 -7.808712482452 -8.452069591169378
2017.136840820312 -4.789805412292 -8.330809803049494
2017.169799804688 -9.132985115051 -8.330477719988334
2017.20263671875 -9.206673622131 -8.43062415498181
2017.235473632812 -6.116096496582 -8.635192990711351
2017.268310546875 -1.417262792587 -8.996421192798863
2017.301147460938 -6.584939002991 -9.577706899992855
2017.333984375 -3.955368995667 -10.376120480771919
2017.366821289062 -14.431805610657 -11.314004526135207
2017.399780273438 -15.437631607056 -12.291849575194641
2017.4326171875 -9.313326835632 -13.22651535593449
2017.498291015625 -26.805904388428 -14.924746280145536
2017.531127929688 -9.019890785217 -15.725901970083596
2017.56396484375 -22.17200088501 -16.476317770736944
2017.596801757812 -21.167463302612 -17.1312926499391
2017.629760742188 -20.546871185303 -17.6778307145108
2017.66259765625 -23.487030029297 -18.0749959331666
2017.695434570312 -19.550453186035 -18.291206093859806
2017.728271484375 -18.058441162109 -18.248285997789086
2017.761108398438 -18.142004013062 -17.931976593480062
2017.7939453125 -16.878646850586 -17.43604592803786
2017.826782226562 -16.480857849121 -16.871386516296813
2017.859741210938 -17.149417877197 -16.26483411720066
2017.892578125 -15.789198875427 -15.64759794939014
2017.925415039062 -14.651536941528 -15.065237361235774
2017.958251953125 -13.791969299316 -14.526413276872217
2017.991088867188 -13.533462524414 -14.035141120942837
2018.024658203125 -13.363534927368 -13.597246243950696
2018.057495117188 -12.674191474915 -13.253062963602416
2018.09033203125 -11.138339042664 -12.998873734609857
2018.123168945312 -13.46036529541 -12.837890245522317
2018.156005859375 -4.174295425415 -12.802809981263454
2018.18896484375 -12.791614532471 -12.938714837770608
2018.221801757812 -12.861296653748 -13.266158801410823
2018.254638671875 -7.470296859741 -13.784672476282955
2018.287475585938 -11.549751281738 -14.502435810924531
2018.3203125 -12.800530433655 -15.423784321218251
2018.353149414062 -15.581601142883 -16.548462930399506
2018.385986328125 -14.540558815002 -17.865875094969095
2018.4189453125 -14.112467765808 -19.356645333964472
2018.451782226562 -19.293865203857 -20.962823928328316
2018.484619140625 -23.852767944336 -22.622810353052124
2018.517456054688 -23.468152999878 -24.291082974177993
2018.55029296875 -31.693912506104 -25.94107145122856
2018.583129882812 -31.114137649536 -27.521024002969323
2018.615966796875 -34.361743927002 -28.986908000006256
2018.64892578125 -29.085216522217 -30.31903241093578
2018.681762695312 -34.164161682129 -31.48551710559703
2018.714599609375 -34.618648529053 -32.46394991440528
2018.747436523438 -38.044193267822 -33.234604254215114
2018.7802734375 -30.434648513794 -33.82268102713175
2018.813110351562 -39.069946289062 -34.182113980437016
2018.845947265625 -35.021728515625 -34.436383165366415
2018.87890625 -35.875133514404 -34.54084157745888
2018.911743164062 -35.570808410645 -34.4706195347701
2018.944580078125 -34.462791442871 -34.37536012015087
2018.977416992188 -34.894027709961 -34.15841022305795
2019.010986328125 -33.555644989014 -33.85068589096655
2019.043823242188 -32.940036773682 -33.49845162150559
2019.109497070312 -32.763584136963 -32.66089160023272
2019.1259765625 -30.477378845215 -32.44475641740823
2019.142333984375 -33.079319000244 -32.24672227148105
2019.175170898438 -33.585918426514 -31.873990730575493
2019.191650390625 -32.449535369873 -31.72772164880559
2019.208129882812 -30.522581100464 -31.615737042196663
2019.224487304688 -31.773139953613 -31.500960546240112
2019.240966796875 -31.895895004272 -31.44648369316038
2019.25732421875 -29.859031677246 -31.43104421837848
2019.273803710938 -27.892818450928 -31.365070152026956
2019.290161132812 -30.044673919678 -31.294421092903615
2019.306640625 -34.687114715576 -31.385910328800513
2019.323120117188 -28.22123336792 -31.55911303259871
2019.339477539062 -31.032096862793 -31.79917445873745
2019.35595703125 -32.171718597412 -32.10031790997259
2019.372314453125 -31.925165176392 -32.440562695238015
2019.388793945312 -33.552276611328 -32.82634720543702
2019.405151367188 -31.494403839111 -33.23973978340651
2019.421630859375 -31.819795608521 -33.635140213297575
2019.438110351562 -37.088310241699 -34.05220784022731
2019.454467773438 -37.90478515625 -34.52145106166866
2019.470947265625 -32.372638702393 -35.05360044963165
2019.4873046875 -37.968608856201 -35.61011835192529
2019.503784179688 -27.399127960205 -36.12269710466057
2019.520141601562 -28.768194198608 -36.588077404671616
2019.53662109375 -40.915634155273 -37.007921179720384
2019.569458007812 -32.936317443848 -37.73434349354601
2019.602294921875 -44.804107666016 -38.43182792212092
2019.618774414062 -45.163589477539 -38.80076756902303
2019.635131835938 -38.345405578613 -39.15300832208963
2019.651611328125 -41.774806976318 -39.423332059931305
2019.668090820312 -36.751155853271 -39.72368681992887
2019.71728515625 -38.176666259766 -40.256685424645376
2019.733764648438 -40.879314422607 -40.353264744696304
2019.750122070312 -43.272960662842 -40.3275266033319
2019.7666015625 -44.636791229248 -40.344457521452135
2019.799438476562 -39.979949951172 -40.22564054197999
2019.832275390625 -39.40474319458 -40.09221658545757
2019.865112304688 -40.62232208252 -39.946125631909
2019.898071289062 -40.150489807129 -39.826294664817574
2019.930908203125 -39.44792175293 -39.70936948214028
2019.963745117188 -38.616641998291 -39.569416807762785
2019.99658203125 -38.879753112793 -39.386151308673924
2020.030151367188 -37.033081054688 -39.15750690888859
2020.06298828125 -38.922569274902 -39.038976613921356
2020.095825195312 -40.841701507568 -38.953960808217566
2020.128662109375 -39.967071533203 -38.91158011424258
2020.161499023438 -39.716991424561 -38.89308843043304
2020.177978515625 -38.373767852783 -38.8769919404888
2020.1943359375 -37.759239196777 -38.870817695126526
2020.227294921875 -35.037776947021 -38.82840311673029
2020.260131835938 -40.185085296631 -38.74114284858157
2020.29296875 -39.119945526123 -38.634601577203085
2020.325805664062 -41.367542266846 -38.51818696321282
2020.358642578125 -36.681980133057 -38.48621005673071
2020.391479492188 -41.680862426758 -38.53249894352326
2020.42431640625 -36.842945098877 -38.58836344016814
2020.457275390625 -33.730251312256 -38.560741131537384
2020.490112304688 -45.91724395752 -38.39634590137611
2020.52294921875 -31.03631401062 -38.128119850863335
2020.555786132812 -37.945892333984 -37.81489404746719
2020.572265625 -41.356777191162 -37.599999895097035
2020.588623046875 -42.395427703857 -37.371840431138104
2020.605102539062 -36.142639160156 -37.24978628058861
2020.621459960938 -43.106395721436 -36.99550078357543
2020.654296875 -37.675025939941 -36.56306226856311
2020.687255859375 -30.684484481812 -36.04215552528349
2020.70361328125 -38.091865539551 -35.76983923340931
2020.720092773438 -29.105224609375 -35.43171358308071
2020.7529296875 -36.356739044189 -34.765611488023225
2020.785766601562 -33.587646484375 -34.077690332390006
2020.818603515625 -34.843952178955 -33.3877936504215
2020.851440429688 -29.987571716309 -32.70692694600911
2020.917236328125 -31.690288543701 -31.518970745327664
2020.950073242188 -31.358278274536 -31.03088954368124
2020.98291015625 -30.34662437439 -30.60150048005271
2021.013671875 -29.789258956909 -30.179702118793013
2021.046508789062 -28.693189620972 -29.84031521397457
2021.079345703125 -28.525808334351 -29.659271686667587
2021.1123046875 -28.762128829956 -29.49552994494353
2021.145141601562 -29.301242828369 -29.39696645446019
2021.177978515625 -28.109922409058 -29.34934560648909
2021.210815429688 -27.403226852417 -29.345873163974588
2021.24365234375 -27.534944534302 -29.312536782815787
2021.276489257812 -32.220958709717 -29.451494274324453
2021.309326171875 -30.516225814819 -29.686681386698986
2021.34228515625 -30.71692276001 -30.007452449926493
2021.358642578125 -28.851215362549 -30.1814889021474
2021.391479492188 -28.902959823608 -30.45583814877375
2021.407958984375 -30.229568481445 -30.522079138224644
2021.440795898438 -28.91290473938 -30.624833801601312
2021.4736328125 -31.558917999268 -30.539683624472154
2021.506469726562 -37.776412963867 -30.23964698636607
2021.539306640625 -41.968372344971 -29.7612235174766
2021.572265625 -35.240119934082 -28.85735296871422
2021.605102539062 -47.002098083496 -28.285748864999835
2021.637939453125 -29.333757400513 -27.689565049396247
2021.670776367188 -30.678394317627 -27.06729573982638
2021.736450195312 -28.549549102783 -25.590773245887576
2021.769287109375 -21.34405708313 -24.923964661175674
2021.80224609375 -22.16717338562 -24.243976787419417
2021.835083007812 -19.080467224121 -23.530286076717047
2021.867919921875 -20.940010070801 -22.920661580013594
2021.966430664062 -18.976915359497 -21.161764204694904
2022.0 -9.926037788391 -20.67368966476082
2022.065673828125 -21.471786499023 -19.621196133541574
2022.098510742188 -20.227756500244 -19.346041671130035
2022.197143554688 -17.502180099487 -19.09394643400184
2022.22998046875 -18.47674369812 -19.100391997156905
2022.262817382812 -12.847298622131 -19.157242273532027
2022.295654296875 -18.256063461304 -19.252892726761306
2022.328491210938 -16.045307159424 -19.36532665376091
2022.394287109375 -32.456123352051 -19.45358121038061
2022.558471679688 -26.430072784424 -18.930619464954148
2022.591430664062 -21.205406188965 -19.07834726426267
2022.68994140625 -32.861038208008 -20.01982855640839
2022.722778320312 -48.386497497559 -20.204028495747416
2022.821411132812 -19.873563766479 -18.564261972840853
2022.854248046875 -20.954103469849 -17.641078758353693
2022.887084960938 -17.811511993408 -16.698897858743223
2022.919921875 -16.632442474365 -15.867594539218764
2022.952758789062 -17.229187011719 -14.96048444989385
2022.985595703125 -13.081645011902 -13.887275293526217
2023.019165039062 -8.498777389526 -12.975118789151994
2023.052001953125 -8.808307647705 -12.014151693035338
2023.084838867188 -9.555901527405 -11.512238652723905
2023.11767578125 -9.263780593872 -11.480592996542862
2023.150634765625 -5.64862203598 -11.155114625955353
2023.183471679688 -7.034304141998 -11.092672935166883
2023.21630859375 -0.225707679987 -11.008448198700847
2023.249145507812 -1.879921913147 -10.929082422700464
2023.281982421875 -9.289960861206 -10.867234487797228
2023.314819335938 -9.527292251587 -10.829787986137749
2023.34765625 -12.702264785767 -10.821223440424927
2023.380615234375 -16.378080368042 -10.844587807775874
2023.413452148438 -13.71314907074 -10.900077275628888
2023.4462890625 -11.153255462646 -10.985173511333494
2023.57763671875 -38.947116851807 -11.542771966990394
