2014.804931640625 0.0 4.186393163166527
2014.837768554688 2.411491155624 3.5777654077469245
2014.903442382812 0.710013151169 2.3557731402056192
2014.96923828125 1.917770862579 1.1255571491543779
2015.03564453125 8.434741020203 -0.12134315202747098
2015.101318359375 -0.746372580528 -1.3588731608482394
2015.265625 -1.869598031044 -4.4679001382911085
2015.331298828125 -5.450226306915 -5.712932980593226
2015.39697265625 -4.229857444763 -6.957737699770389
2016.021850585938 -20.529525756836 -18.822906535205753
2016.1533203125 -21.500463485718 -21.723887898526044
2016.350463867188 -26.480052947998 -25.3760035702924
2016.416137695312 -26.510515213013 -26.212258413310966
2016.547607421875 -35.724704742432 -27.98886485569543
2016.744750976562 -33.236797332764 -30.592703964436957
2016.777587890625 -35.020690917969 -31.034601890439564
2016.810424804688 -32.885871887207 -31.577288392140737
2016.84326171875 -30.894989013672 -31.914684190060516
2016.876098632812 -31.721328735352 -31.80243704504589
2016.908935546875 -31.70664024353 -31.62492235494619
2016.941772460938 -30.499193191528 -31.467460785192262
2016.974731445312 -30.33144569397 -31.321701474740603
2017.005493164062 -30.879816055298 -31.26441961746058
2017.038330078125 -30.87992477417 -31.171144272730835
2017.071166992188 -30.016700744629 -31.111272725045414
2017.10400390625 -30.525732040405 -31.2409266421822
2017.136840820312 -29.679767608643 -31.492235639120057
2017.169799804688 -31.784732818604 -31.82243317081006
2017.20263671875 -32.699703216553 -32.24649259880972
2017.235473632812 -30.429573059082 -32.76904033665066
2017.268310546875 -27.096673965454 -33.37833260735399
2017.301147460938 -32.097938537598 -34.054997281175844
2017.333984375 -34.936519622803 -34.773825231875165
2017.366821289062 -32.271167755127 -35.500283592072684
2017.399780273438 -39.14672088623 -36.2109100873725
2017.4326171875 -36.627563476562 -36.895149680679474
2017.498291015625 -39.001720428467 -38.217739867188904
2017.531127929688 -39.947471618652 -38.850090069518366
2017.56396484375 -42.620677947998 -39.442742416776994
2017.596801757812 -44.657653808594 -39.97969634536654
2017.629760742188 -40.618900299072 -40.45723870988286
2017.66259765625 -40.325016021729 -40.84378724107861
2017.695434570312 -41.365570068359 -41.13822076064161
2017.728271484375 -40.926322937012 -41.34993282155125
2017.761108398438 -42.782871246338 -41.49634833220852
2017.7939453125 -40.846366882324 -41.58568316528013
2017.826782226562 -42.424453735352 -41.636045864291646
2017.859741210938 -42.54508972168 -41.6640529567204
2017.892578125 -42.116592407227 -41.690959456006155
2017.925415039062 -41.95671081543 -41.72991313006755
2017.958251953125 -41.282470703125 -41.77447634699722
2017.991088867188 -41.795593261719 -41.82874296277617
2018.024658203125 -41.769790649414 -41.926138184514
2018.057495117188 -41.5212059021 -42.091147618445554
2018.09033203125 -40.976264953613 -42.34267891923898
2018.123168945312 -40.555011749268 -42.67883644790103
2018.156005859375 -42.309043884277 -43.12045088542523
2018.18896484375 -43.14476776123 -43.68968381515254
2018.221801757812 -42.563812255859 -44.373682914959424
2018.254638671875 -41.151428222656 -45.15964656695813
2018.287475585938 -44.318870544434 -46.04704513307013
2018.3203125 -48.1643409729 -47.05548578590648
2018.353149414062 -45.941493988037 -48.20090086674983
2018.385986328125 -49.706111907959 -49.47733051368347
2018.4189453125 -45.969173431396 -50.870985761462265
2018.451782226562 -52.11735534668 -52.33349164256251
2018.484619140625 -53.768188476562 -53.836177324868274
2018.517456054688 -52.667858123779 -55.36207247159509
2018.55029296875 -55.482055664062 -56.8975766223856
2018.583129882812 -63.149673461914 -58.433561451213116
2018.615966796875 -60.606666564941 -59.96479687713082
2018.64892578125 -62.964626312256 -61.4796229125882
2018.681762695312 -66.236991882324 -62.93804665727255
2018.714599609375 -65.185485839844 -64.306209038101
2018.747436523438 -65.652946472168 -65.56212774519297
2018.7802734375 -66.554962158203 -66.71326084959833
2018.813110351562 -68.577575683594 -67.6988386782487
2018.845947265625 -70.846130371094 -68.61128578179775
2018.87890625 -72.970809936523 -69.37210460334448
2018.911743164062 -72.683815002441 -69.97339098230053
2018.944580078125 -69.948234558105 -70.58649863798976
2018.977416992188 -72.107597351074 -71.16324897744498
2019.010986328125 -68.508155822754 -71.60913159517723
2019.043823242188 -72.427154541016 -71.94630742149234
2019.109497070312 -72.273086547852 -72.39506236793105
2019.1259765625 -72.315689086914 -72.53150311103767
2019.142333984375 -74.341651916504 -72.72097747102401
2019.175170898438 -72.361724853516 -73.14084783176986
2019.191650390625 -72.312927246094 -73.39870852007758
2019.208129882812 -74.880653381348 -73.68324624207521
2019.224487304688 -72.80339050293 -73.93732923006893
2019.240966796875 -71.811965942383 -74.25725763195142
2019.25732421875 -74.320091247559 -74.58915696116003
2019.273803710938 -73.210708618164 -74.89428358223886
2019.290161132812 -75.748489379883 -75.22105155517238
2019.306640625 -76.297721862793 -75.61588070808953
2019.323120117188 -75.925788879395 -76.02916181629845
2019.339477539062 -77.364593505859 -76.43967707193157
2019.35595703125 -78.349082946777 -76.84170868441227
2019.372314453125 -76.741584777832 -77.22226122876627
2019.388793945312 -78.801208496094 -77.58605939328693
2019.405151367188 -76.15071105957 -77.91310744983865
2019.421630859375 -78.441177368164 -78.28415161283478
2019.438110351562 -78.316864013672 -78.65723799419455
2019.454467773438 -80.622985839844 -79.05161503167453
2019.470947265625 -79.336051940918 -79.49982921665065
2019.4873046875 -76.351974487305 -80.01090910661337
2019.503784179688 -78.068511962891 -80.65115268404566
2019.520141601562 -79.916320800781 -81.1937269721654
2019.53662109375 -81.689117431641 -81.72884231054351
2019.569458007812 -83.968765258789 -82.71998900295752
2019.602294921875 -90.197807312012 -83.60614953111921
2019.618774414062 -84.480178833008 -84.07205972939424
2019.635131835938 -88.500915527344 -84.52462036502382
2019.651611328125 -87.828033447266 -84.86325624779366
2019.668090820312 -85.167785644531 -85.27440761704656
2019.71728515625 -84.843605041504 -86.22073046254243
2019.733764648438 -87.912170410156 -86.4990439548509
2019.750122070312 -86.27465057373 -86.69062962006512
2019.7666015625 -91.954895019531 -86.92935975234954
2019.799438476562 -87.286422729492 -87.39238340456906
2019.832275390625 -85.180297851562 -87.88212040506994
2019.865112304688 -89.010208129883 -88.4363181005992
2019.898071289062 -88.01180267334 -89.08077544971555
2019.930908203125 -88.626937866211 -89.8525027567106
2019.963745117188 -88.849685668945 -90.83382588464038
2019.99658203125 -91.460395812988 -91.90151174993706
2020.030151367188 -91.933670043945 -92.89791622925804
2020.06298828125 -93.020553588867 -94.22292764979919
2020.095825195312 -95.044578552246 -95.6139414582356
2020.128662109375 -96.726165771484 -97.13101966102307
2020.161499023438 -97.012268066406 -98.74876928536716
2020.177978515625 -99.61922454834 -99.63383679281749
2020.1943359375 -99.729598999023 -100.44313264088251
2020.227294921875 -101.652984619141 -102.18964483280813
2020.260131835938 -102.698707580566 -103.93911787764576
2020.29296875 -106.657508850098 -105.70527798903139
2020.325805664062 -110.16561126709 -107.47303915921144
2020.358642578125 -109.803871154785 -109.12162293836738
2020.391479492188 -112.268707275391 -110.69066299720062
2020.42431640625 -111.297966003418 -112.2203375852687
2020.457275390625 -114.60668182373 -113.68184390771182
2020.490112304688 -119.695167541504 -115.0198321392628
2020.52294921875 -113.80623626709 -116.2257559648667
2020.555786132812 -120.639442443848 -117.29269861916566
2020.572265625 -121.456771850586 -117.70546914037733
2020.588623046875 -116.936073303223 -118.07825630247203
2020.605102539062 -119.739860534668 -118.5888991193236
2020.621459960938 -118.892906188965 -118.91236250877272
2020.654296875 -120.383834838867 -119.63643436874654
2020.687255859375 -124.937110900879 -120.23369254218333
2020.70361328125 -121.371421813965 -120.52315070506145
2020.720092773438 -123.376747131348 -120.69467469709477
2020.7529296875 -120.551010131836 -121.07305989490503
2020.785766601562 -121.273796081543 -121.4001528201064
2020.818603515625 -119.966506958008 -121.70115812750075
2020.851440429688 -122.72004699707 -121.98647224338889
2020.917236328125 -122.820381164551 -122.53523693275807
2020.950073242188 -122.083053588867 -122.87513947365221
2020.98291015625 -123.121139526367 -123.29398755083481
2021.013671875 -123.733795166016 -123.65286542694416
2021.046508789062 -121.479278564453 -124.17402272286532
2021.079345703125 -124.562217712402 -124.80886983900078
2021.1123046875 -125.141616821289 -125.45080500389957
2021.145141601562 -124.215774536133 -126.14701768694799
2021.177978515625 -125.795715332031 -126.90590698510631
2021.210815429688 -127.418579101562 -127.7256387151831
2021.24365234375 -128.650588989258 -128.51984768043263
2021.276489257812 -132.566757202148 -129.45993240568848
2021.309326171875 -130.402938842773 -130.44721776856676
2021.34228515625 -128.824844360352 -131.46101759401145
2021.358642578125 -131.210784912109 -131.95848798627424
2021.391479492188 -133.411102294922 -132.9506115859186
2021.407958984375 -131.589340209961 -133.43233303383036
2021.440795898438 -136.354690551758 -134.36641287954885
2021.4736328125 -138.016128540039 -135.2227595811705
2021.506469726562 -135.762100219727 -135.99717635529876
2021.539306640625 -136.818984985352 -136.7251663850783
2021.572265625 -143.127410888672 -137.3602975548753
2021.605102539062 -139.663040161133 -138.06829250703274
2021.637939453125 -139.187896728516 -138.71167251860163
2021.670776367188 -144.792922973633 -139.23651572892254
2021.736450195312 -139.068969726562 -139.7339651580545
2021.769287109375 -141.257278442383 -139.9661006892596
2021.80224609375 -141.001052856445 -140.10203200386647
2021.835083007812 -144.0419921875 -140.2484337062834
2021.867919921875 -143.128128051758 -140.34599576040185
2021.966430664062 -137.923263549805 -140.75164849178677
2022.0 -138.580169677734 -140.93780368931402
2022.065673828125 -140.929840087891 -141.20442619993872
2022.098510742188 -132.92106628418 -141.40565610367688
2022.197143554688 -137.680313110352 -142.3202600199974
2022.22998046875 -142.375610351562 -142.86357092655223
2022.262817382812 -135.929809570312 -143.6254140661098
2022.295654296875 -138.926574707031 -144.7232106936157
2022.328491210938 -144.31965637207 -145.99865271479084
2022.394287109375 -140.910140991211 -147.9249503545271
2022.558471679688 -157.770385742188 -151.44216000979392
2022.591430664062 -171.377624511719 -152.45752385070526
2022.68994140625 -162.504821777344 -156.6957015342684
2022.722778320312 -166.272872924805 -158.16669731407492
2022.821411132812 -160.639144897461 -159.49187799389577
2022.854248046875 -159.74787902832 -159.3899157547686
2022.887084960938 -159.148498535156 -159.3664853728729
2022.919921875 -159.10807800293 -159.43273894643306
2022.952758789062 -157.726791381836 -159.51327292200327
2022.985595703125 -159.023178100586 -159.66704519315962
2023.019165039062 -158.012634277344 -159.90410233712691
2023.052001953125 -159.330337524414 -160.12123900184076
2023.084838867188 -160.36491394043 -160.47746174346264
2023.11767578125 -160.933166503906 -160.95919963051387
2023.150634765625 -159.890365600586 -161.40072473431658
2023.183471679688 -161.034637451172 -161.94284049651012
2023.21630859375 -159.381240844727 -162.55112774248457
2023.249145507812 -163.748428344727 -163.1893888265921
2023.281982421875 -163.943695068359 -163.83600183168826
2023.314819335938 -162.494964599609 -164.4856819955291
2023.34765625 -169.208190917969 -165.1383541738848
2023.380615234375 -172.181625366211 -165.79772450421453
2023.413452148438 -164.662826538086 -166.45906830476378
2023.4462890625 -181.09245300293 -167.12460962068636
2023.57763671875 -170.820953369141 -169.83576929787927
