2014.804931640625 0.0 7.132706333387524
2014.837768554688 12.400309562683 6.152380923192013
2014.903442382812 7.341458797455 4.194693479578101
2014.96923828125 2.490040063858 2.2375244095974214
2015.03564453125 -1.683184504509 0.26629796435131065
2015.101318359375 -7.037379264832 -1.679296822308233
2015.265625 -5.431262016296 -6.527555183030703
2015.331298828125 -11.043731689453 -8.456233460694422
2015.39697265625 -7.378797054291 -10.378853651804894
2016.021850585938 -30.750478744507 -28.195911270877684
2016.1533203125 -37.794185638428 -32.236227116889054
2016.350463867188 -43.88790512085 -37.9136306029643
2016.416137695312 -37.526218414307 -39.42475820355186
2016.547607421875 -33.428741455078 -42.40681934722972
2016.744750976562 -49.808643341064 -47.17828983948647
2016.777587890625 -46.705718994141 -48.0127665960538
2016.810424804688 -50.479339599609 -48.848046998786785
2016.84326171875 -50.311820983887 -49.607125751571765
2016.876098632812 -50.500602722168 -50.19686233864602
2016.908935546875 -50.383346557617 -50.77711329922806
2016.941772460938 -50.693141937256 -51.38268792464469
2016.974731445312 -50.981395721436 -51.999097857279914
2017.005493164062 -52.489345550537 -52.63345133078736
2017.038330078125 -53.107807159424 -53.279805106816596
2017.071166992188 -53.068187713623 -53.93476245347156
2017.10400390625 -54.326519012451 -54.72503620343631
2017.136840820312 -55.013717651367 -55.592678116184246
2017.169799804688 -55.315914154053 -56.51631938884085
2017.20263671875 -57.09595489502 -57.49358547317274
2017.235473632812 -57.209678649902 -58.51595462260121
2017.268310546875 -58.867893218994 -59.580578133243264
2017.301147460938 -60.725917816162 -60.68860697058247
2017.333984375 -62.092910766602 -61.83373859970144
2017.366821289062 -62.815578460693 -63.00557794502756
2017.399780273438 -64.632637023926 -64.18952009536935
2017.4326171875 -66.256813049316 -65.35554821262068
2017.498291015625 -67.351943969727 -67.61409493271842
2017.531127929688 -67.603576660156 -68.7069084559727
2017.56396484375 -72.004951477051 -69.78334630431674
2017.596801757812 -72.632530212402 -70.84062557517466
2017.629760742188 -71.626678466797 -71.8774909445355
2017.66259765625 -73.723625183105 -72.88017551901204
2017.695434570312 -70.041877746582 -73.84909612880654
2017.728271484375 -73.765190124512 -74.78015543538848
2017.761108398438 -76.151145935059 -75.67764317470699
2017.7939453125 -77.191230773926 -76.548041619031
2017.826782226562 -77.725379943848 -77.39373163606626
2017.859741210938 -79.968223571777 -78.21532083183158
2017.892578125 -78.98494720459 -79.01162555413252
2017.925415039062 -79.632331848145 -79.79148638693194
2017.958251953125 -80.477493286133 -80.54902563547834
2017.991088867188 -81.38623046875 -81.28188918379298
2018.024658203125 -82.226058959961 -82.01246752463818
2018.057495117188 -83.023513793945 -82.71895841293112
2018.09033203125 -83.713890075684 -83.44817593313944
2018.123168945312 -84.446250915527 -84.23715403929555
2018.156005859375 -83.162078857422 -85.10902260791265
2018.18896484375 -85.436317443848 -86.06713925546808
2018.221801757812 -85.146049499512 -87.08541199336895
2018.254638671875 -87.531646728516 -88.14423788296689
2018.287475585938 -88.061378479004 -89.23844747081036
2018.3203125 -88.570426940918 -90.36826232157826
2018.353149414062 -86.21891784668 -91.55206221053108
2018.385986328125 -94.699745178223 -92.80663827569674
2018.4189453125 -93.556739807129 -94.14218302602463
2018.451782226562 -95.469345092773 -95.54049308600598
2018.484619140625 -97.259628295898 -96.98876298381386
2018.517456054688 -97.964752197266 -98.46403811877131
2018.55029296875 -98.854026794434 -99.95011896304376
2018.583129882812 -101.645774841309 -101.41909181990462
2018.615966796875 -100.688903808594 -102.84743896606905
2018.64892578125 -105.656585693359 -104.22698969453809
2018.681762695312 -108.245620727539 -105.55202097916603
2018.714599609375 -97.789970397949 -106.84369233834714
2018.747436523438 -108.517776489258 -108.11331154858324
2018.7802734375 -111.270141601562 -109.37058967654939
2018.813110351562 -111.266784667969 -110.59296839847421
2018.845947265625 -114.662445068359 -111.83233485017305
2018.87890625 -112.470840454102 -112.97464112699237
2018.911743164062 -113.887664794922 -113.96992376542855
2018.944580078125 -114.956993103027 -114.90909791442988
2018.977416992188 -115.086296081543 -115.8316618250115
2019.010986328125 -116.511871337891 -116.80116172766657
2019.043823242188 -117.47388458252 -117.73659932702994
2019.109497070312 -119.925453186035 -119.84365942914042
2019.1259765625 -120.062156677246 -120.37411602902277
2019.142333984375 -120.225242614746 -120.97551799191776
2019.175170898438 -122.071548461914 -122.21267952421842
2019.191650390625 -122.42862701416 -122.92181084887876
2019.208129882812 -121.789794921875 -123.68455120324697
2019.224487304688 -123.521141052246 -124.4269807388097
2019.240966796875 -125.737113952637 -125.29609993850916
2019.25732421875 -125.106781005859 -126.19773958683119
2019.273803710938 -126.160942077637 -127.0675140061293
2019.290161132812 -127.423110961914 -127.97720692202415
2019.306640625 -128.907562255859 -128.99955074835785
2019.323120117188 -130.663757324219 -130.0467010955527
2019.339477539062 -131.143463134766 -131.10011751900356
2019.35595703125 -131.324935913086 -132.16799398888193
2019.372314453125 -135.306335449219 -133.22675773524253
2019.388793945312 -133.91374206543 -134.295609116569
2019.405151367188 -135.422286987305 -135.3679389713415
2019.421630859375 -135.904815673828 -136.46797124306676
2019.438110351562 -137.899398803711 -137.57704165874537
2019.454467773438 -139.028915405273 -138.6889879787023
2019.470947265625 -139.393402099609 -139.82737414172342
2019.4873046875 -140.726501464844 -140.96683929134684
2019.503784179688 -139.773803710938 -142.0986211140078
2019.520141601562 -142.398315429688 -143.20054693745408
2019.53662109375 -147.481414794922 -144.2960972209301
2019.569458007812 -149.407531738281 -146.40981866800246
2019.602294921875 -144.212707519531 -148.2960768228067
2019.618774414062 -150.474472045898 -149.2468956707861
2019.635131835938 -152.042709350586 -150.17833894882315
2019.651611328125 -152.164459228516 -150.963080199124
2019.668090820312 -152.029281616211 -151.8376324320312
2019.71728515625 -155.277282714844 -153.92673102341888
2019.733764648438 -155.38818359375 -154.5275728969699
2019.750122070312 -157.473220825195 -154.97329306326688
2019.7666015625 -154.578720092773 -155.4715051989747
2019.799438476562 -155.871032714844 -156.27963577880695
2019.832275390625 -160.228240966797 -157.03547570058726
2019.865112304688 -158.085678100586 -157.71036563133535
2019.898071289062 -158.581527709961 -158.30767596546124
2019.930908203125 -159.466354370117 -158.80752127097873
2019.963745117188 -159.920593261719 -159.2004165365831
2019.99658203125 -160.08039855957 -159.55484798420233
2020.030151367188 -160.339065551758 -159.9631005305364
2020.06298828125 -160.213455200195 -160.23284539152388
2020.095825195312 -160.299362182617 -160.50018114752172
2020.128662109375 -161.020126342773 -160.76764402408486
2020.161499023438 -160.793441772461 -161.06733101532922
2020.177978515625 -161.111450195312 -161.2685889201106
2020.1943359375 -161.601364135742 -161.4143755075223
2020.227294921875 -160.589874267578 -161.8639999755053
2020.260131835938 -159.169464111328 -162.46677983107602
2020.29296875 -162.898574829102 -163.12172666997841
2020.325805664062 -161.134033203125 -163.91445557974959
2020.358642578125 -164.437652587891 -165.0365350610637
2020.391479492188 -163.322357177734 -166.30678063630717
2020.42431640625 -166.045913696289 -167.69001549115342
2020.457275390625 -164.944686889648 -169.2632741071501
2020.490112304688 -169.914169311523 -171.02382263530907
2020.52294921875 -171.514770507812 -172.84859096821162
2020.555786132812 -174.537643432617 -174.69033491052636
2020.572265625 -170.664947509766 -175.5920235972755
2020.588623046875 -179.749755859375 -176.45692326901917
2020.605102539062 -178.748626708984 -177.40830655245315
2020.621459960938 -180.840225219727 -178.2391638917941
2020.654296875 -182.685684204102 -179.9458908824352
2020.687255859375 -182.858352661133 -181.50457151633603
2020.70361328125 -184.606552124023 -182.30632729807309
2020.720092773438 -184.159561157227 -182.82174273380053
2020.7529296875 -183.399276733398 -183.9329414798341
2020.785766601562 -186.138793945312 -184.88112152375723
2020.818603515625 -186.608642578125 -185.68843686060353
2020.851440429688 -188.010345458984 -186.37717091070462
2020.917236328125 -188.206008911133 -187.56105046156517
2020.950073242188 -187.822189331055 -188.13320570993707
2020.98291015625 -188.38493347168 -188.7200009778357
2021.013671875 -188.508026123047 -189.2617605575413
2021.046508789062 -189.001861572266 -189.90773474060063
2021.079345703125 -190.169067382812 -190.7532639413604
2021.1123046875 -190.074142456055 -191.64360744331952
2021.145141601562 -191.490142822266 -192.61598626886746
2021.177978515625 -192.186141967773 -193.66200894545634
2021.210815429688 -194.741790771484 -194.76247201087412
2021.24365234375 -192.108154296875 -195.81039719385993
2021.276489257812 -192.068862915039 -197.04636574839608
2021.309326171875 -198.54963684082 -198.35165811969233
2021.34228515625 -201.301193237305 -199.721800285772
2021.358642578125 -199.555511474609 -200.4341640123224
2021.391479492188 -201.692443847656 -201.85796652323017
2021.407958984375 -200.989990234375 -202.5872741483728
2021.440795898438 -203.902679443359 -204.0166790893417
2021.4736328125 -206.879440307617 -205.32670964120007
2021.506469726562 -218.561737060547 -206.4173067556784
2021.539306640625 -215.312118530273 -207.3363597332172
2021.572265625 -209.370758056641 -207.97763725825237
2021.605102539062 -219.803161621094 -208.87039510782196
2021.637939453125 -214.307769775391 -209.75455257030242
2021.670776367188 -214.092132568359 -210.62923215266719
2021.736450195312 -219.887664794922 -212.12987451581944
2021.769287109375 -213.31330871582 -212.862236298728
2021.80224609375 -213.385284423828 -213.38073794715368
2021.835083007812 -210.826629638672 -213.82193344217882
2021.867919921875 -214.953506469727 -214.0584938231294
2021.966430664062 -216.424758911133 -214.6319749358
2022.0 -216.591232299805 -214.80799412824453
2022.065673828125 -209.841781616211 -215.18960151993574
2022.098510742188 -212.487945556641 -215.40792045661095
2022.197143554688 -214.103713989258 -216.24999152599904
2022.22998046875 -217.074447631836 -216.61236485894133
2022.262817382812 -216.335250854492 -217.03247308976665
2022.295654296875 -214.000717163086 -217.52093057419248
2022.328491210938 -216.646484375 -218.08276393146
2022.394287109375 -217.53547668457 -219.2883961861113
2022.558471679688 -225.567245483398 -222.37783685628082
2022.591430664062 -230.35807800293 -223.07227629810225
2022.68994140625 -222.127548217773 -225.27170176726645
2022.722778320312 -228.854431152344 -226.05758888425916
2022.821411132812 -227.891067504883 -228.13928569589982
2022.854248046875 -228.490356445312 -228.7608120628303
2022.887084960938 -228.728393554688 -229.39647453049017
2022.919921875 -229.125350952148 -230.04021820705762
2022.952758789062 -230.430068969727 -230.72813196782104
2022.985595703125 -232.163482666016 -231.50360027298942
2023.019165039062 -232.089019775391 -232.34300209676172
2023.052001953125 -231.371932983398 -233.14829164514305
2023.084838867188 -234.160949707031 -234.04530094872638
2023.11767578125 -234.097854614258 -234.99076774917347
2023.150634765625 -235.509780883789 -235.91512539350805
2023.183471679688 -237.512420654297 -236.87368652849275
2023.21630859375 -236.644454956055 -237.89167305801243
2023.249145507812 -235.649200439453 -238.9524576641805
2023.281982421875 -240.523010253906 -240.03495819474344
2023.314819335938 -244.4033203125 -241.1279703773545
2023.34765625 -242.024078369141 -242.2259747987112
2023.380615234375 -241.174728393555 -243.3298814396653
2023.413452148438 -252.644027709961 -244.43025886244396
2023.4462890625 -243.729873657227 -245.53157856438824
2023.57763671875 -254.204132080078 -249.97553422466504
