2014.804931640625 0.0 20.49048564531457
2014.837768554688 18.861999511719 18.925572085085182
2014.903442382812 16.906862258911 15.795072382345756
2014.96923828125 9.38569355011 12.658042132110982
2015.03564453125 11.177768707275 9.491454236375347
2015.101318359375 -9.200100898743 6.360243812261407
2015.265625 11.968015670776 -1.4647887807363122
2015.331298828125 -2.70748257637 -4.5855146292284745
2015.39697265625 -22.870578765869 -7.699812912863949
2016.021850585938 -29.233484268188 -37.36087149506939
2016.1533203125 -45.307334899902 -44.62718530514872
2016.350463867188 -55.769676208496 -52.28573227534335
2016.416137695312 -70.33455657959 -54.14650763348126
2016.547607421875 -49.17399597168 -57.96938517050635
2016.744750976562 -62.967128753662 -63.444074516985765
2016.777587890625 -60.207786560059 -64.14805526555192
2016.810424804688 -67.255035400391 -64.91509236748418
2016.84326171875 -66.615188598633 -65.8206380059862
2016.876098632812 -67.833145141602 -66.76519804684305
2016.908935546875 -66.984428405762 -67.72193987584605
2016.941772460938 -68.032569885254 -68.6954372279389
2016.974731445312 -68.190551757812 -69.67523522107699
2017.005493164062 -71.259460449219 -70.62061057788488
2017.038330078125 -72.450248718262 -71.61042527770078
2017.071166992188 -72.06005859375 -72.5945720303017
2017.10400390625 -73.480514526367 -73.68906891552002
2017.136840820312 -73.500831604004 -74.87651596940835
2017.169799804688 -74.889633178711 -76.13988433724401
2017.20263671875 -76.659645080566 -77.4903179928944
2017.235473632812 -77.534934997559 -78.94496890764712
2017.268310546875 -79.74210357666 -80.50611330402592
2017.301147460938 -80.258674621582 -82.14587290700666
2017.333984375 -82.690765380859 -83.81614443216992
2017.366821289062 -84.535842895508 -85.48989932919115
2017.399780273438 -88.523696899414 -87.161050722387
2017.4326171875 -89.153701782227 -88.82246149647109
2017.498291015625 -95.515991210938 -92.11187381066712
2017.531127929688 -97.735725402832 -93.70055264330384
2017.56396484375 -96.14665222168 -95.22475980825307
2017.596801757812 -97.091941833496 -96.6605935732942
2017.629760742188 -96.591621398926 -97.98591500913722
2017.66259765625 -100.629402160645 -99.15734821197772
2017.695434570312 -100.029594421387 -100.17113714163287
2017.728271484375 -103.576759338379 -101.02800006227665
2017.761108398438 -103.579803466797 -101.7649153045778
2017.7939453125 -103.807914733887 -102.42826583032317
2017.826782226562 -102.789985656738 -103.0560095803818
2017.859741210938 -104.693878173828 -103.65440511151418
2017.892578125 -104.607421875 -104.20444165662589
2017.925415039062 -104.955749511719 -104.70277984421556
2017.958251953125 -104.845657348633 -105.16550108023952
2017.991088867188 -104.976135253906 -105.62337077086173
2018.024658203125 -105.023094177246 -106.13104661847
2018.057495117188 -106.67586517334 -106.70291806190369
2018.09033203125 -107.024719238281 -107.41097181360252
2018.123168945312 -107.45970916748 -108.29897571009701
2018.156005859375 -105.642524719238 -109.38015175238242
2018.18896484375 -108.957473754883 -110.64574051449405
2018.221801757812 -108.75260925293 -112.07637587435757
2018.254638671875 -111.813102722168 -113.65439747916164
2018.287475585938 -111.467132568359 -115.3913897005231
2018.3203125 -115.113807678223 -117.28502528549825
2018.353149414062 -114.583755493164 -119.31412771995751
2018.385986328125 -122.135093688965 -121.45550852084132
2018.4189453125 -122.466537475586 -123.70194272890399
2018.451782226562 -126.514053344727 -125.99082165075609
2018.484619140625 -132.708511352539 -128.27129139231735
2018.517456054688 -130.504959106445 -130.50028800828102
2018.55029296875 -138.947128295898 -132.6539333470092
2018.583129882812 -137.487579345703 -134.682502541914
2018.615966796875 -138.110198974609 -136.55234395371448
2018.64892578125 -139.366012573242 -138.2609226370333
2018.681762695312 -142.841201782227 -139.8035926803742
2018.714599609375 -134.716247558594 -141.19098677029265
2018.747436523438 -143.554214477539 -142.40455508966235
2018.7802734375 -145.447875976562 -143.4607267535308
2018.813110351562 -146.913223266602 -144.37493462768845
2018.845947265625 -148.411605834961 -145.2536999097523
2018.87890625 -145.430404663086 -146.05383648733013
2018.911743164062 -145.407363891602 -146.77811662796762
2018.944580078125 -147.602981567383 -147.44615727121183
2018.977416992188 -146.5498046875 -148.0626941675569
2019.010986328125 -147.672180175781 -148.76280395626264
2019.043823242188 -148.596450805664 -149.41926804940175
2019.109497070312 -151.399368286133 -151.27710332866698
2019.1259765625 -151.143630981445 -151.7670696357287
2019.142333984375 -151.576644897461 -152.3750006161768
2019.175170898438 -153.199401855469 -153.6622742901474
2019.191650390625 -153.647338867188 -154.4496397798451
2019.208129882812 -152.862991333008 -155.31735498267463
2019.224487304688 -155.198654174805 -156.15840584167847
2019.240966796875 -157.379440307617 -157.1868314952417
2019.25732421875 -156.983093261719 -158.2851333812813
2019.273803710938 -158.290267944336 -159.32385205191588
2019.290161132812 -160.333221435547 -160.43070738892246
2019.306640625 -160.2431640625 -161.7846000578938
2019.323120117188 -162.024276733398 -163.23548283042402
2019.339477539062 -166.398590087891 -164.75692362796792
2019.35595703125 -163.865280151367 -166.36370616111392
2019.372314453125 -168.012512207031 -168.00781692573395
2019.388793945312 -168.998001098633 -169.71083814476077
2019.405151367188 -168.687362670898 -171.52503414510156
2019.421630859375 -172.33235168457 -173.31668012832608
2019.438110351562 -176.150619506836 -175.13750677547824
2019.454467773438 -177.63948059082 -176.96448642120862
2019.470947265625 -178.781036376953 -178.82390750604418
2019.4873046875 -183.152954101562 -180.68241806045643
2019.503784179688 -181.562286376953 -182.5466140989781
2019.520141601562 -179.971786499023 -184.40713438999018
2019.53662109375 -190.244827270508 -186.24534935184002
2019.569458007812 -190.691589355469 -189.67478214547387
2019.602294921875 -189.72868347168 -192.5234245818592
2019.618774414062 -199.332229614258 -193.94088161997698
2019.635131835938 -198.821655273438 -195.3060386413248
2019.651611328125 -198.777328491211 -196.45192514456443
2019.668090820312 -201.027633666992 -197.73648508837417
2019.71728515625 -202.488082885742 -200.87314435113652
2019.733764648438 -202.221237182617 -201.80541072467838
2019.750122070312 -209.299346923828 -202.46711304565235
2019.7666015625 -201.890274047852 -203.2430548497943
2019.799438476562 -204.970596313477 -204.45508314224256
2019.832275390625 -210.05615234375 -205.61480581704117
2019.865112304688 -207.893005371094 -206.63417672452084
2019.898071289062 -207.856719970703 -207.54964554344244
2019.930908203125 -209.079818725586 -208.38950132417506
2019.963745117188 -208.808166503906 -209.15191439929728
2019.99658203125 -210.160781860352 -209.88105782510326
2020.030151367188 -210.049285888672 -210.6301947970983
2020.06298828125 -211.09358215332 -211.31800293196451
2020.095825195312 -211.849609375 -212.07303920686152
2020.128662109375 -212.995986938477 -212.95196959986353
2020.161499023438 -212.164520263672 -213.97927339074718
2020.177978515625 -214.147888183594 -214.63491341615452
2020.1943359375 -214.758239746094 -215.13368691765456
2020.227294921875 -213.959564208984 -216.4453971472705
2020.260131835938 -213.823806762695 -218.02760386904745
2020.29296875 -216.737030029297 -219.78301708294532
2020.325805664062 -220.303024291992 -221.87093035163625
2020.358642578125 -223.714950561523 -224.62968670067858
2020.391479492188 -224.664749145508 -227.56372057888285
2020.42431640625 -227.668472290039 -230.60971818131267
2020.457275390625 -227.750946044922 -233.9308559090792
2020.490112304688 -231.623748779297 -237.5411331645278
2020.52294921875 -240.777465820312 -241.2594801663948
2020.555786132812 -243.269714355469 -245.00991972135844
2020.572265625 -246.456069946289 -246.90106304473
2020.588623046875 -253.600662231445 -248.7411278159005
2020.605102539062 -252.815383911133 -250.64887160553397
2020.621459960938 -254.554656982422 -252.43946383953315
2020.654296875 -260.565093994141 -255.98785265452514
2020.687255859375 -260.735809326172 -259.19468513231425
2020.70361328125 -264.110473632812 -260.80315430514315
2020.720092773438 -263.508544921875 -261.9021625439262
2020.7529296875 -265.505340576172 -264.2540125722992
2020.785766601562 -269.274475097656 -266.3970683298896
2020.818603515625 -271.964508056641 -268.40577850655967
2020.851440429688 -273.937408447266 -270.26094667990895
2020.917236328125 -273.936981201172 -273.42639649537426
2020.950073242188 -274.6015625 -274.76628565047037
2020.98291015625 -276.431793212891 -276.0648187236365
2021.013671875 -276.747406005859 -277.3055871785075
2021.046508789062 -278.441802978516 -278.5224443342759
2021.079345703125 -279.406646728516 -279.80292183786116
2021.1123046875 -280.014526367188 -281.1236438222537
2021.145141601562 -282.311767578125 -282.503668638323
2021.177978515625 -282.809722900391 -283.93416134507976
2021.210815429688 -285.902038574219 -285.39855524464014
2021.24365234375 -283.173278808594 -286.84014102122194
2021.276489257812 -286.790466308594 -288.4052784191183
2021.309326171875 -291.09521484375 -290.0711022822886
2021.34228515625 -291.241088867188 -291.86820663185637
2021.358642578125 -294.607635498047 -292.89211769438657
2021.391479492188 -294.826293945312 -294.92658792598166
2021.407958984375 -294.652770996094 -296.05441285634436
2021.440795898438 -294.335662841797 -298.19677932514094
2021.4736328125 -297.472198486328 -300.3276676757967
2021.506469726562 -318.044494628906 -302.37939138349805
2021.539306640625 -310.455810546875 -304.3141374644935
2021.572265625 -306.247406005859 -305.9995452930101
2021.605102539062 -320.862548828125 -307.8334867869347
2021.637939453125 -313.170166015625 -309.6226332795061
2021.670776367188 -314.455261230469 -311.35830381519094
2021.736450195312 -317.673553466797 -314.2426983599523
2021.769287109375 -317.209594726562 -315.64193223426804
2021.80224609375 -318.600250244141 -316.72881308488945
2021.835083007812 -316.688415527344 -317.7756754850116
2021.867919921875 -319.875640869141 -318.61605885221525
2021.966430664062 -320.321594238281 -320.9057768630583
2022.0 -322.492401123047 -321.66130729126303
2022.065673828125 -322.231262207031 -323.15473082586715
2022.098510742188 -322.62255859375 -323.9532692679312
2022.197143554688 -326.151672363281 -326.43664423769764
2022.22998046875 -328.399627685547 -327.3015137917141
2022.262817382812 -323.907958984375 -328.1941468577597
2022.295654296875 -325.717742919922 -329.1087340702981
2022.328491210938 -329.594451904297 -330.03567181896665
2022.394287109375 -333.715515136719 -331.8689666970405
2022.558471679688 -338.141937255859 -336.4145543477985
2022.591430664062 -353.023010253906 -337.4064480407865
2022.68994140625 -333.937652587891 -340.44073100884344
2022.722778320312 -341.952514648438 -341.3955318930831
2022.821411132812 -343.758697509766 -343.9648736383946
2022.854248046875 -345.203033447266 -344.9051921133752
2022.887084960938 -344.529266357422 -345.9392859547006
2022.919921875 -345.90185546875 -346.971738576963
2022.952758789062 -346.383850097656 -348.0931372606285
2022.985595703125 -347.717956542969 -349.4301692604147
2023.019165039062 -349.815002441406 -350.8974411665657
2023.052001953125 -351.526947021484 -352.28046499067887
2023.084838867188 -352.743347167969 -353.8960884268809
2023.11767578125 -356.414855957031 -355.75299628743386
2023.150634765625 -355.366790771484 -357.5495311013646
2023.183471679688 -358.749908447266 -359.52151562286434
2023.21630859375 -359.59912109375 -361.56302349717475
2023.249145507812 -360.101867675781 -363.64965790489316
2023.281982421875 -364.766967773438 -365.76079228442546
2023.314819335938 -369.508453369141 -367.8871443109414
2023.34765625 -368.734985351562 -370.02526953094133
2023.380615234375 -369.893341064453 -372.1819442856271
2023.413452148438 -379.968933105469 -374.3418387033467
2023.4462890625 -377.275787353516 -376.5147425771325
2023.57763671875 -390.162689208984 -385.35403737618606
