2014.804931640625 0.0 8.15254842949536
2014.837768554688 1.859977722168 7.881957098472431
2014.903442382812 7.515823841095 7.338762680342534
2014.96923828125 7.547462940216 6.792836014877917
2015.03564453125 8.298201560974 6.24140282578979
2015.101318359375 23.397457122803 5.696758113591062
2015.265625 19.959619522095 4.3413822900933745
2015.331298828125 14.816178321838 3.8039539708038164
2015.39697265625 -8.980332374573 3.269808977797471
2016.021850585938 14.285587310791 -4.768888289701745
2016.1533203125 -3.432005643845 -4.291478090518693
2016.350463867188 -7.356411933899 -3.7589059585012
2016.416137695312 -23.752159118652 -3.8203531425430626
2016.547607421875 9.146819114685 -3.932364853487171
2016.744750976562 4.425952911377 -2.3858580335216555
2016.777587890625 2.476566314697 -1.9896133642290896
2016.810424804688 -3.110465288162 -1.891553927498907
2016.84326171875 -3.416094779968 -2.755420770181212
2016.876098632812 -4.722308635712 -3.9246918480436634
2016.908935546875 -6.357446670532 -5.131226458983422
2016.941772460938 -8.750315666199 -6.383742692927239
2016.974731445312 -6.055944442749 -7.653275625522199
2017.005493164062 -8.204599380493 -8.872208309224582
2017.038330078125 -9.347311019897 -10.153955825161871
2017.071166992188 -8.945068359375 -11.408764131389487
2017.10400390625 -12.421721458435 -12.736367745414194
2017.136840820312 -11.910268783569 -14.117031931176466
2017.169799804688 -15.698010444641 -15.550538764034986
2017.20263671875 -15.546340942383 -17.04236495435473
2017.235473632812 -19.730070114136 -18.56011750304566
2017.268310546875 -22.22102355957 -20.027524868070543
2017.301147460938 -20.0267162323 -21.374686465418133
2017.333984375 -22.933450698853 -22.580679739364424
2017.366821289062 -25.497339248657 -23.646827316634326
2017.399780273438 -29.25213432312 -24.586977078538407
2017.4326171875 -28.230072021484 -25.413383382804444
2017.498291015625 -32.070701599121 -26.7673450289147
2017.531127929688 -28.303615570068 -27.26184131382418
2017.56396484375 -28.486520767212 -27.61770944285013
2017.596801757812 -27.636280059814 -27.83427175742129
2017.629760742188 -29.832347869873 -27.901499023754052
2017.66259765625 -25.67823600769 -27.81294037494294
2017.695434570312 -27.788728713989 -27.622651144593107
2017.728271484375 -28.230018615723 -27.391665677228108
2017.761108398438 -31.502931594849 -27.15773085375186
2017.7939453125 -25.302732467651 -26.924631554796466
2017.826782226562 -26.221212387085 -26.68914850766699
2017.859741210938 -22.095039367676 -26.449146647678514
2017.892578125 -27.253412246704 -26.212604643187724
2017.925415039062 -27.079847335815 -26.000511040256654
2017.958251953125 -24.759801864624 -25.84053430091707
2017.991088867188 -27.310890197754 -25.749321460296827
2018.024658203125 -24.970113754272 -25.737172896252453
2018.057495117188 -24.918455123901 -25.815847659894615
2018.09033203125 -23.755598068237 -26.00257630387932
2018.123168945312 -24.460262298584 -26.302972153503525
2018.156005859375 -24.012094497681 -26.7084165246284
2018.18896484375 -26.747961044312 -27.2440487202853
2018.221801757812 -26.312202453613 -27.935815892654265
2018.254638671875 -29.101516723633 -28.81083321770122
2018.287475585938 -27.621782302856 -29.8699502456069
2018.3203125 -29.46591758728 -31.09405936229663
2018.353149414062 -27.568126678467 -32.45935331159522
2018.385986328125 -33.895854949951 -33.91872631717614
2018.4189453125 -34.967559814453 -35.42569762858633
2018.451782226562 -32.866344451904 -36.9157333933227
2018.484619140625 -40.555641174316 -38.36336722882886
2018.517456054688 -40.479816436768 -39.75912398282474
2018.55029296875 -43.59720993042 -41.09791586828385
2018.583129882812 -45.081516265869 -42.351753303510066
2018.615966796875 -47.201179504395 -43.49593145113969
2018.64892578125 -46.979270935059 -44.51431247544528
2018.681762695312 -47.462799072266 -45.392224532162295
2018.714599609375 -39.260448455811 -46.13080096483425
2018.747436523438 -46.765590667725 -46.72838225090274
2018.7802734375 -49.039966583252 -47.203234075983964
2018.813110351562 -49.507881164551 -47.55566468566488
2018.845947265625 -49.254360198975 -47.85179049744923
2018.87890625 -46.37085723877 -48.06976870503527
2018.911743164062 -47.613052368164 -48.278454773150116
2018.944580078125 -49.173461914062 -48.49590231935881
2018.977416992188 -47.613903045654 -48.70033909999187
2019.010986328125 -48.16947555542 -48.932211776776036
2019.043823242188 -49.965843200684 -49.13555546769468
2019.109497070312 -47.877471923828 -49.883598146526005
2019.1259765625 -48.339561462402 -50.06806318542681
2019.142333984375 -52.268142700195 -50.302060495060935
2019.175170898438 -50.392314910889 -50.80323271848098
2019.191650390625 -51.536209106445 -51.12065060973691
2019.208129882812 -50.232006072998 -51.47804228219167
2019.224487304688 -50.990505218506 -51.83402060562663
2019.240966796875 -52.768409729004 -52.29139847218697
2019.25732421875 -52.795261383057 -52.79448730776015
2019.273803710938 -52.77885055542 -53.26641934330803
2019.290161132812 -54.768901824951 -53.736523771727846
2019.306640625 -51.04243850708 -54.35443698896712
2019.323120117188 -53.736904144287 -55.033412117538745
2019.339477539062 -56.14741897583 -55.74538967388436
2019.35595703125 -56.472064971924 -56.48948597023826
2019.372314453125 -55.46981048584 -57.25724082763458
2019.388793945312 -57.556137084961 -58.06636964358308
2019.405151367188 -58.508880615234 -58.953537962009044
2019.421630859375 -61.53409576416 -59.81709846883828
2019.438110351562 -60.582725524902 -60.703101846148236
2019.454467773438 -61.802177429199 -61.581871232658976
2019.470947265625 -62.713260650635 -62.42934900079469
2019.4873046875 -64.520950317383 -63.211703197454995
2019.503784179688 -59.110458374023 -63.87048423251544
2019.520141601562 -66.828506469727 -64.58933392432535
2019.53662109375 -67.691368103027 -65.26086044304277
2019.569458007812 -66.44019317627 -66.30273471859256
2019.602294921875 -69.239562988281 -66.82786354638154
2019.618774414062 -69.611930847168 -67.11824696134472
2019.635131835938 -67.259262084961 -67.36484179777212
2019.651611328125 -67.693603515625 -67.4152975462618
2019.668090820312 -74.668525695801 -67.57033860000885
2019.71728515625 -68.402015686035 -67.50847489687345
2019.733764648438 -65.895965576172 -67.42554546637318
2019.750122070312 -68.027328491211 -67.2720724867379
2019.7666015625 -69.26106262207 -67.13409929637895
2019.799438476562 -65.044807434082 -66.68707371330268
2019.832275390625 -67.822380065918 -66.12597070566822
2019.865112304688 -66.072242736816 -65.46406091849303
2019.898071289062 -61.142429351807 -64.77485000341458
2019.930908203125 -70.490562438965 -64.09338828558573
2019.963745117188 -67.908195495605 -63.436708749241625
2019.99658203125 -61.760902404785 -62.81235548402226
2020.030151367188 -60.680011749268 -62.158875984947194
2020.06298828125 -59.166389465332 -61.56712086011009
2020.095825195312 -58.965320587158 -60.97762203110377
2020.128662109375 -62.855590820312 -60.417664395409716
2020.161499023438 -59.488910675049 -59.90242814545723
2020.177978515625 -59.607204437256 -59.6741454855005
2020.1943359375 -57.897888183594 -59.41392350408927
2020.227294921875 -58.123447418213 -58.94242917706198
2020.260131835938 -60.42512512207 -58.535114846154954
2020.29296875 -58.246543884277 -58.199719830111405
2020.325805664062 -59.201168060303 -57.9246329639202
2020.358642578125 -57.67004776001 -57.88172866921482
2020.391479492188 -56.756935119629 -57.94434726673605
2020.42431640625 -54.819774627686 -58.01562476701376
2020.457275390625 -54.502227783203 -58.0840117382154
2020.490112304688 -52.350608825684 -58.160946674758364
2020.52294921875 -60.276947021484 -58.269455966857336
2020.555786132812 -58.503784179688 -58.47152307722608
2020.572265625 -59.275485992432 -58.63449509262765
2020.588623046875 -61.37264251709 -58.8042145494593
2020.605102539062 -60.929424285889 -58.97353152602991
2020.621459960938 -62.130748748779 -59.15584859133615
2020.654296875 -55.917476654053 -59.54148840059795
2020.687255859375 -58.214412689209 -59.87386701005736
2020.70361328125 -61.071708679199 -60.015604909019416
2020.720092773438 -58.985870361328 -60.05019844891253
2020.7529296875 -58.537868499756 -60.053173681518274
2020.785766601562 -62.256782531738 -59.925303611347886
2020.818603515625 -63.176959991455 -59.73954915219378
2020.851440429688 -59.886333465576 -59.5488929359777
2020.917236328125 -68.654083251953 -59.31149085314833
2020.950073242188 -61.434310913086 -59.223592386284416
2020.98291015625 -56.524684906006 -59.102495151070286
2021.013671875 -58.178482055664 -58.96190768105029
2021.046508789062 -53.30717086792 -58.76798710437997
2021.079345703125 -59.241508483887 -58.675621381899816
2021.1123046875 -56.531494140625 -58.60950162043427
2021.145141601562 -60.348999023438 -58.66724197345829
2021.177978515625 -60.13436126709 -58.84621948762702
2021.210815429688 -57.441680908203 -59.113326006283806
2021.24365234375 -56.458343505859 -59.370073285680576
2021.276489257812 -55.92126083374 -59.82275387037407
2021.309326171875 -63.151386260986 -60.432695250161125
2021.34228515625 -60.752765655518 -61.266016218293174
2021.358642578125 -60.874683380127 -61.93950638783583
2021.391479492188 -60.534038543701 -63.12788120819977
2021.407958984375 -62.360507965088 -63.88911060018733
2021.440795898438 -59.623706817627 -65.21980409845276
2021.4736328125 -63.918827056885 -66.6219157058665
2021.506469726562 -79.377044677734 -68.03630398649902
2021.539306640625 -70.090377807617 -69.37543137772936
2021.572265625 -76.881500244141 -70.40450344547149
2021.605102539062 -78.310646057129 -71.56684049140297
2021.637939453125 -75.453140258789 -72.69835316637938
2021.670776367188 -74.141250610352 -73.7831554195915
2021.736450195312 -80.447692871094 -75.36494415659685
2021.769287109375 -79.130760192871 -76.08566252607662
2021.80224609375 -79.437301635742 -76.52120464054678
2021.835083007812 -73.145790100098 -76.93054977487051
2021.867919921875 -74.403907775879 -77.17723174649089
2021.966430664062 -80.790397644043 -77.9922007273684
2022.0 -79.645011901855 -78.31269212535639
2022.065673828125 -76.126686096191 -78.87605130843596
2022.098510742188 -75.317039489746 -79.21166470267919
2022.197143554688 -79.733947753906 -80.16723980533602
2022.22998046875 -79.218849182129 -80.47519484540085
2022.262817382812 -81.563140869141 -80.78784786794215
2022.295654296875 -81.327789306641 -81.11299064570385
2022.328491210938 -81.784591674805 -81.4476841974099
2022.394287109375 -87.612411499023 -82.11022245865888
2022.558471679688 -81.447090148926 -83.80454045447306
2022.591430664062 -87.401504516602 -84.17479262267385
2022.68994140625 -81.910217285156 -85.12265578070954
2022.722778320312 -85.930694580078 -85.37977629911052
2022.821411132812 -91.190780639648 -86.3979110323175
2022.854248046875 -82.439018249512 -86.89665497292869
2022.887084960938 -86.019187927246 -87.4708949826995
2022.919921875 -85.87686920166 -87.98013446159099
2022.952758789062 -87.028984069824 -88.50864884373243
2022.985595703125 -88.80744934082 -89.33071976237761
2023.019165039062 -88.78409576416 -90.35607302102738
2023.052001953125 -89.909614562988 -91.2930125196408
2023.084838867188 -92.054733276367 -92.63303402021884
2023.11767578125 -94.061668395996 -94.27995418941973
2023.150634765625 -91.432960510254 -95.82755397160403
2023.183471679688 -97.09033203125 -97.53129126316009
2023.21630859375 -94.280708312988 -99.23640193806203
2023.249145507812 -93.128211975098 -100.94777217728272
2023.281982421875 -101.801887512207 -102.66982293836598
2023.314819335938 -105.716346740723 -104.40629451263004
2023.34765625 -104.534255981445 -106.16016527131576
2023.380615234375 -111.783554077148 -107.93984686918333
2023.413452148438 -111.548789978027 -109.73363734684142
2023.4462890625 -128.327407836914 -111.54716160724814
2023.57763671875 -143.335876464844 -118.95199333272302
