2014.804931640625 -0.0 -12.057762199151334
2014.837768554688 -24.859836578369 -13.304593940704994
2014.903442382812 -16.504745483398 -15.795744850940169
2014.96923828125 -16.842245101929 -18.287654960902252
2015.03564453125 7.519400596619 -20.79789419156307
2015.101318359375 -31.646574020386 -23.27531947280938
2015.265625 5.587682247162 -29.44914509052576
2015.331298828125 -51.124362945557 -31.906161262200627
2015.39697265625 -55.223777770996 -34.356886161646536
2016.021850585938 -28.994386672974 -66.18595364969191
2016.1533203125 -64.706321716309 -68.0737881639151
2016.350463867188 -73.701019287109 -69.54010387103996
2016.416137695312 -81.594413757324 -70.0197728616146
2016.547607421875 -73.309829711914 -71.13510409685588
2016.744750976562 -80.776275634766 -72.39318606659157
2016.777587890625 -70.061370849609 -72.35074975116002
2016.810424804688 -70.715042114258 -72.32992753274264
2016.84326171875 -70.868461608887 -72.40568002884162
2016.876098632812 -74.61011505127 -72.61143371801222
2016.908935546875 -72.318649291992 -72.8859271846889
2016.941772460938 -72.681411743164 -73.1528342584573
2016.974731445312 -70.561790466309 -73.5477994695396
2017.005493164062 -73.262626647949 -73.94878545638883
2017.038330078125 -74.240577697754 -74.37344347198885
2017.071166992188 -74.565063476562 -74.80650861755288
2017.10400390625 -75.45662689209 -75.22536625224168
2017.136840820312 -77.407333374023 -75.66585775906414
2017.169799804688 -79.080787658691 -76.14366012992227
2017.20263671875 -77.875495910645 -76.66670974898231
2017.235473632812 -76.535667419434 -77.28325389781845
2017.268310546875 -72.758644104004 -78.05541495380633
2017.301147460938 -77.958961486816 -79.03752989602859
2017.333984375 -73.668838500977 -80.21111739777187
2017.366821289062 -78.890785217285 -81.47520753020987
2017.399780273438 -81.168769836426 -82.74147114718056
2017.4326171875 -81.117385864258 -83.93225035705026
2017.498291015625 -99.552574157715 -86.07665114275909
2017.531127929688 -92.072914123535 -87.1026711623852
2017.56396484375 -93.970306396484 -88.12228875876947
2017.596801757812 -93.417861938477 -89.10233596670427
2017.629760742188 -93.160736083984 -89.99915529521174
2017.66259765625 -93.095420837402 -90.72146240606335
2017.695434570312 -97.19751739502 -91.18282050297458
2017.728271484375 -89.530082702637 -91.26330699488884
2017.761108398438 -89.895576477051 -91.00719888209555
2017.7939453125 -89.369430541992 -90.58848728862195
2017.826782226562 -91.070457458496 -90.14181343347367
2017.859741210938 -90.39094543457 -89.69338229656762
2017.892578125 -88.87313079834 -89.26437137755669
2017.925415039062 -88.057647705078 -88.8722562478839
2017.958251953125 -88.704734802246 -88.53187509797972
2017.991088867188 -87.677368164062 -88.26119372388719
2018.024658203125 -87.17798614502 -88.06117043899357
2018.057495117188 -87.176223754883 -87.94054767860317
2018.09033203125 -87.717468261719 -87.91524410621228
2018.123168945312 -87.270553588867 -88.03363412856682
2018.156005859375 -83.989952087402 -88.33327907394386
2018.18896484375 -89.209358215332 -88.82292067782122
2018.221801757812 -86.450302124023 -89.48464101216342
2018.254638671875 -87.100326538086 -90.31101892133312
2018.287475585938 -90.083023071289 -91.29015524845325
2018.3203125 -88.643562316895 -92.40051617184346
2018.353149414062 -90.065216064453 -93.62112148254965
2018.385986328125 -93.824340820312 -94.87033402516185
2018.4189453125 -97.694129943848 -96.02415294655141
2018.451782226562 -100.998931884766 -96.99056377375103
2018.484619140625 -99.450164794922 -97.77300889827227
2018.517456054688 -106.110298156738 -98.40011780094275
2018.55029296875 -104.30199432373 -98.91234367027343
2018.583129882812 -102.712852478027 -99.31393721618949
2018.615966796875 -119.810752868652 -99.60415864933795
2018.64892578125 -106.566551208496 -99.76380200168192
2018.681762695312 -100.818473815918 -99.77777190798432
2018.714599609375 -99.111373901367 -99.63063501152413
2018.747436523438 -98.46849822998 -99.32546903151001
2018.7802734375 -94.974159240723 -98.90703825723773
2018.813110351562 -97.263595581055 -98.44851338429484
2018.845947265625 -97.632987976074 -97.96282991518197
2018.87890625 -97.493125915527 -97.56740124246768
2018.911743164062 -97.842239379883 -97.33153085947902
2018.944580078125 -96.49732208252 -97.13973643652531
2018.977416992188 -97.185806274414 -97.0588672826181
2019.010986328125 -96.605194091797 -97.04866621881416
2019.043823242188 -97.031852722168 -97.0278395829484
2019.109497070312 -96.675148010254 -96.9665902664278
2019.1259765625 -96.804008483887 -96.95865641799529
2019.142333984375 -96.00749206543 -96.97710927009312
2019.175170898438 -97.774040222168 -97.0276964881605
2019.191650390625 -96.16764831543 -97.08456990370517
2019.208129882812 -100.384246826172 -97.16920159353192
2019.224487304688 -97.143898010254 -97.25154481107374
2019.240966796875 -95.501968383789 -97.3951980964282
2019.25732421875 -96.704032897949 -97.57237626727253
2019.273803710938 -96.958206176758 -97.7192445000469
2019.290161132812 -97.364196777344 -97.86927882653984
2019.306640625 -97.434020996094 -98.164810214464
2019.323120117188 -97.067947387695 -98.59115253342438
2019.339477539062 -100.000091552734 -99.16094100384959
2019.35595703125 -99.156394958496 -99.86968214543133
2019.372314453125 -98.8828125 -100.6849009994263
2019.388793945312 -98.920104980469 -101.61146347234289
2019.405151367188 -99.799240112305 -102.70211017379894
2019.421630859375 -101.765975952148 -103.71894556530194
2019.438110351562 -112.879829406738 -104.77729917967606
2019.454467773438 -105.49942779541 -105.8774936436222
2019.470947265625 -109.383613586426 -107.00749326002959
2019.4873046875 -113.113090515137 -108.07942198765923
2019.503784179688 -101.388404846191 -108.90286539497711
2019.520141601562 -98.800537109375 -109.83146235180786
2019.53662109375 -112.90421295166 -110.71229090969567
2019.569458007812 -112.383682250977 -112.25938679296893
2019.602294921875 -123.08203125 -113.46721322297321
2019.618774414062 -118.248779296875 -114.10400821952989
2019.635131835938 -117.920967102051 -114.68044974845847
2019.651611328125 -113.604614257812 -115.14589951779419
2019.668090820312 -109.334030151367 -115.64949359261053
2019.71728515625 -116.432815551758 -116.79783244368046
2019.733764648438 -115.810127258301 -117.10233145548243
2019.750122070312 -120.735595703125 -117.30108662156691
2019.7666015625 -119.35472869873 -117.52939379267154
2019.799438476562 -116.356689453125 -117.85819075773158
2019.832275390625 -122.756340026855 -118.20492268625394
2019.865112304688 -118.538536071777 -118.57601657715443
2019.898071289062 -119.493217468262 -118.99745062804249
2019.930908203125 -118.527847290039 -119.455872950856
2019.963745117188 -117.231452941895 -119.99459725687554
2019.99658203125 -119.783790588379 -120.60753588344375
2020.030151367188 -118.534843444824 -121.10614714386175
2020.06298828125 -121.435768127441 -121.9416562458633
2020.095825195312 -122.714706420898 -122.82129219910126
2020.128662109375 -123.18318939209 -123.8440123892743
2020.161499023438 -122.557434082031 -125.01903250873787
2020.177978515625 -125.306030273438 -125.72830789543762
2020.1943359375 -124.970443725586 -126.32504744393498
2020.227294921875 -127.03742980957 -127.73743083951277
2020.260131835938 -130.576110839844 -129.18075135293842
2020.29296875 -130.703002929688 -130.62971275692487
2020.325805664062 -132.683074951172 -132.08077008386107
2020.358642578125 -131.401840209961 -133.3862245081984
2020.391479492188 -136.965072631836 -134.60603425658417
2020.42431640625 -137.584976196289 -135.7843603085679
2020.457275390625 -138.551284790039 -136.82660580502417
2020.490112304688 -146.228378295898 -137.66182102952615
2020.52294921875 -135.068298339844 -138.37068201848984
2020.555786132812 -138.287902832031 -139.00542694317005
2020.572265625 -154.62385559082 -139.17356933811413
2020.588623046875 -151.82373046875 -139.2779222869172
2020.605102539062 -139.716583251953 -139.57234682494968
2020.621459960938 -148.690277099609 -139.60828102552284
2020.654296875 -148.271408081055 -139.79231248056186
2020.687255859375 -131.546569824219 -139.8724662857122
2020.70361328125 -135.763412475586 -139.94529222144445
2020.720092773438 -142.449371337891 -139.8850908566508
2020.7529296875 -142.014831542969 -139.86780627133004
2020.785766601562 -145.144271850586 -139.81278471845295
2020.818603515625 -136.130828857422 -139.70719657773398
2020.851440429688 -134.70426940918 -139.52130049504913
2020.917236328125 -139.135375976562 -139.1863752429216
2020.950073242188 -139.391098022461 -139.2300796290367
2020.98291015625 -139.45344543457 -139.38505544942814
2021.013671875 -138.852676391602 -139.45031660891766
2021.046508789062 -134.389450073242 -139.80675980041573
2021.079345703125 -139.724716186523 -140.5542003608804
2021.1123046875 -138.097961425781 -141.420802183355
2021.145141601562 -141.699935913086 -142.45675540313692
2021.177978515625 -142.136611938477 -143.60390136712843
2021.210815429688 -143.076950073242 -144.8428440745313
2021.24365234375 -140.708755493164 -145.97614223347455
2021.276489257812 -146.365814208984 -147.53182824465
2021.309326171875 -150.259765625 -149.2381419135624
2021.34228515625 -150.713882446289 -151.04378310447123
2021.358642578125 -151.336837768555 -151.88655521239744
2021.391479492188 -157.773712158203 -153.516071095044
2021.407958984375 -154.850570678711 -154.14436863713743
2021.440795898438 -153.88916015625 -155.27895223239017
2021.4736328125 -159.507858276367 -155.93081351258905
2021.506469726562 -162.539688110352 -156.2435715393465
2021.539306640625 -172.113128662109 -156.43689850985902
2021.572265625 -175.035980224609 -156.29883518181896
2021.605102539062 -172.665237426758 -156.5997151319685
2021.637939453125 -159.287048339844 -156.8327449623294
2021.670776367188 -166.204925537109 -156.9667674137877
2021.736450195312 -156.776153564453 -156.8259183421161
2021.769287109375 -154.538436889648 -156.7752461418941
2021.80224609375 -155.342208862305 -156.64814173283742
2021.835083007812 -152.461120605469 -156.50217354983246
2021.867919921875 -160.758285522461 -156.4623429606808
2021.966430664062 -152.640090942383 -156.76705499662154
2022.0 -151.854858398438 -156.99718389869858
2022.065673828125 -163.575744628906 -157.35605742127728
2022.098510742188 -156.256820678711 -157.65075090667722
2022.197143554688 -153.6396484375 -158.74068560971781
2022.22998046875 -161.248153686523 -159.21382101170158
2022.262817382812 -150.964157104492 -159.80115707419012
2022.295654296875 -160.320755004883 -160.6714319789498
2022.328491210938 -156.803146362305 -161.87619993415777
2022.394287109375 -175.366912841797 -164.15489660384225
2022.558471679688 -178.759475708008 -168.15598575832553
2022.591430664062 -153.563232421875 -169.0814021706998
2022.68994140625 -202.825271606445 -173.30776202606629
2022.722778320312 -190.185272216797 -175.76724024617627
2022.821411132812 -177.124328613281 -178.06343258664114
2022.854248046875 -176.961837768555 -177.5910215157078
2022.887084960938 -177.800262451172 -177.0709314016992
2022.919921875 -177.29182434082 -176.59741976371797
2022.952758789062 -178.823547363281 -176.12154404550645
2022.985595703125 -176.255615234375 -175.66495382849726
2023.019165039062 -172.65478515625 -175.27776846105078
2023.052001953125 -174.073196411133 -174.8953042281606
2023.084838867188 -172.795150756836 -174.66558954500292
2023.11767578125 -174.704238891602 -174.68443898652237
2023.150634765625 -172.766296386719 -174.61509752438536
2023.183471679688 -173.689819335938 -174.7074573948454
2023.21630859375 -168.59553527832 -174.79874883307605
2023.249145507812 -170.956771850586 -174.89351892538085
2023.281982421875 -173.882537841797 -174.99676982500088
2023.314819335938 -175.573455810547 -175.11338624532306
2023.34765625 -173.870407104492 -175.24743557581326
2023.380615234375 -181.559646606445 -175.4025440426583
2023.413452148438 -176.646362304688 -175.57989813818892
2023.4462890625 -178.209274291992 -175.78015176133835
2023.57763671875 -204.790786743164 -176.77185051138676
