2014.804931640625 -0.0 -0.2081671857053749
2014.837768554688 -4.73348903656 -1.7252550770106774
2014.903442382812 -4.060878276825 -4.760234812836842
2014.96923828125 -6.491083145142 -7.801602947043107
2015.03564453125 3.297992229462 -10.871661665208288
2015.101318359375 -19.366937637329 -13.908361222592154
2015.265625 9.289356231689 -21.50825876308541
2015.331298828125 -15.206215858459 -24.546696323743653
2015.39697265625 -36.723072052002 -27.585273851878622
2016.021850585938 -46.054271697998 -57.73108458659407
2016.1533203125 -61.534469604492 -63.9526239428169
2016.350463867188 -81.03832244873 -71.96023803176145
2016.416137695312 -78.285980224609 -74.48030329720044
2016.547607421875 -82.68367767334 -79.71741044411674
2016.744750976562 -83.702987670898 -87.37699419032272
2016.777587890625 -85.698387145996 -88.2831282216473
2016.810424804688 -94.076797485352 -89.1802023455272
2016.84326171875 -91.097633361816 -90.07617696389856
2016.876098632812 -94.084335327148 -91.00447131238586
2016.908935546875 -92.31566619873 -91.96305908970047
2016.941772460938 -92.150100708008 -92.94258086950842
2016.974731445312 -92.77417755127 -93.96226985026357
2017.005493164062 -94.79662322998 -94.93023851575069
2017.038330078125 -95.665428161621 -95.94391454206004
2017.071166992188 -95.557014465332 -96.9209702538399
2017.10400390625 -97.53450012207 -98.06620926751323
2017.136840820312 -97.139610290527 -99.42004236656943
2017.169799804688 -101.409034729004 -100.91339956674108
2017.20263671875 -103.18953704834 -102.54691362508157
2017.235473632812 -98.582145690918 -104.32260337222854
2017.268310546875 -100.223678588867 -106.2196476346855
2017.301147460938 -105.075393676758 -108.1859377789644
2017.333984375 -104.682098388672 -110.17882588564105
2017.366821289062 -116.980888366699 -112.17412514903313
2017.399780273438 -115.787734985352 -114.16622606540564
2017.4326171875 -114.478996276855 -116.11824022963134
2017.498291015625 -123.517707824707 -119.83643705868586
2017.531127929688 -126.567665100098 -121.52823496230059
2017.56396484375 -125.182266235352 -123.0196844702571
2017.596801757812 -126.189010620117 -124.28356935583336
2017.629760742188 -129.529449462891 -125.32284982150557
2017.66259765625 -128.826202392578 -126.11763554406724
2017.695434570312 -130.135528564453 -126.7129541685787
2017.728271484375 -128.863494873047 -127.09767353957011
2017.761108398438 -127.21475982666 -127.26186458194452
2017.7939453125 -127.94800567627 -127.2806579806886
2017.826782226562 -126.875877380371 -127.24919965105354
2017.859741210938 -125.747688293457 -127.18570754752594
2017.892578125 -125.921516418457 -127.11151707097672
2017.925415039062 -126.671028137207 -127.05261392287633
2017.958251953125 -126.621589660645 -127.03843053403793
2017.991088867188 -126.314918518066 -127.1054366604523
2018.024658203125 -126.525024414062 -127.31529816430792
2018.057495117188 -127.174758911133 -127.6970741648029
2018.09033203125 -126.822021484375 -128.2921912722565
2018.123168945312 -128.435165405273 -129.13218543695655
2018.156005859375 -125.414260864258 -130.21510422472141
2018.18896484375 -130.26594543457 -131.52196445549367
2018.221801757812 -129.111297607422 -133.01742472336196
2018.254638671875 -128.213485717773 -134.68733581786373
2018.287475585938 -131.274536132812 -136.54019409706424
2018.3203125 -136.980606079102 -138.5729771748993
2018.353149414062 -136.132446289062 -140.7787338620202
2018.385986328125 -140.755096435547 -143.15563776701646
2018.4189453125 -144.556411743164 -145.72284992497913
2018.451782226562 -147.198287963867 -148.4448116373233
2018.484619140625 -151.61328125 -151.27914179825547
2018.517456054688 -155.084838867188 -154.163089787913
2018.55029296875 -160.852294921875 -157.03830968742759
2018.583129882812 -162.484710693359 -159.82700116431073
2018.615966796875 -164.348693847656 -162.47918810224937
2018.64892578125 -165.530624389648 -164.97606737407096
2018.681762695312 -169.027084350586 -167.29234673699423
2018.714599609375 -171.131622314453 -169.434390348961
2018.747436523438 -173.612319946289 -171.3993775156517
2018.7802734375 -172.820373535156 -173.21055982808937
2018.813110351562 -180.678100585938 -174.82615505382213
2018.845947265625 -178.490203857422 -176.37495685004703
2018.87890625 -179.23713684082 -177.80604800607998
2018.911743164062 -179.767578125 -179.0285776148263
2018.944580078125 -179.944244384766 -180.2265571192659
2018.977416992188 -182.123641967773 -181.28856115110068
2019.010986328125 -182.056335449219 -182.2077843993874
2019.043823242188 -182.951873779297 -183.02764249514965
2019.109497070312 -184.388320922852 -184.51922505079543
2019.1259765625 -184.653244018555 -184.9097184617899
2019.142333984375 -186.910247802734 -185.26510143599202
2019.175170898438 -186.178970336914 -185.97264517912626
2019.191650390625 -185.454345703125 -186.3140776915842
2019.208129882812 -188.041778564453 -186.66129391282425
2019.224487304688 -186.999893188477 -186.99929324424133
2019.240966796875 -187.673217773438 -187.35558820533035
2019.25732421875 -187.464614868164 -187.7209047267426
2019.273803710938 -185.470855712891 -188.06234038651596
2019.290161132812 -186.838088989258 -188.39676120122044
2019.306640625 -190.944366455078 -188.78852829993426
2019.323120117188 -186.907653808594 -189.19606317101795
2019.339477539062 -189.64176940918 -189.60964870863614
2019.35595703125 -191.300735473633 -190.03413001617486
2019.372314453125 -189.855712890625 -190.44748776947725
2019.388793945312 -192.633178710938 -190.85039873959
2019.405151367188 -192.281967163086 -191.13087018334684
2019.421630859375 -189.571685791016 -191.41425237673576
2019.438110351562 -193.880752563477 -191.62907478465482
2019.454467773438 -191.550994873047 -191.77277273049035
2019.470947265625 -198.157119750977 -191.85341420720317
2019.4873046875 -193.036437988281 -191.85367382563578
2019.503784179688 -184.093887329102 -191.6787968731744
2019.520141601562 -190.323272705078 -191.59334105719577
2019.53662109375 -197.490020751953 -191.46273460839325
2019.569458007812 -190.619812011719 -191.1054092223645
2019.602294921875 -193.191955566406 -190.7419696617787
2019.618774414062 -184.509674072266 -190.56341663610118
2019.635131835938 -201.799728393555 -190.3639533218863
2019.651611328125 -188.794219970703 -190.1634955468674
2019.668090820312 -190.809356689453 -189.95927088327798
2019.71728515625 -187.392700195312 -189.45815738782625
2019.733764648438 -187.941589355469 -189.30099762603552
2019.750122070312 -190.465072631836 -189.17151123153607
2019.7666015625 -194.401672363281 -189.02153951885015
2019.799438476562 -186.572769165039 -188.7515222296392
2019.832275390625 -187.684204101562 -188.50001338182784
2019.865112304688 -190.355545043945 -188.28981269797293
2019.898071289062 -188.004730224609 -188.12422673048783
2019.930908203125 -188.064682006836 -187.99501922364357
2019.963745117188 -186.431747436523 -187.91498965082152
2019.99658203125 -187.472625732422 -187.84031844063372
2020.030151367188 -187.014282226562 -187.72087404590502
2020.06298828125 -187.629440307617 -187.67091619677208
2020.095825195312 -187.572341918945 -187.63234594280743
2020.128662109375 -188.006744384766 -187.61424878767608
2020.161499023438 -187.690551757812 -187.61241192787162
2020.177978515625 -187.649948120117 -187.59389706406836
2020.1943359375 -187.899505615234 -187.59985800718647
2020.227294921875 -187.913391113281 -187.5425809391297
2020.260131835938 -186.902069091797 -187.40272204382498
2020.29296875 -186.916275024414 -187.22176500127637
2020.325805664062 -190.971054077148 -186.95184339930304
2020.358642578125 -186.436767578125 -186.53454459212136
2020.391479492188 -190.710403442383 -186.11145857501688
2020.42431640625 -185.752243041992 -185.6750275885843
2020.457275390625 -184.847061157227 -185.1371689529695
2020.490112304688 -186.718154907227 -184.45431269740345
2020.52294921875 -179.620101928711 -183.6228019359055
2020.555786132812 -181.318878173828 -182.63425260124993
2020.572265625 -184.955093383789 -182.0285548222399
2020.588623046875 -181.991714477539 -181.39995920058064
2020.605102539062 -184.210586547852 -180.86334822473577
2020.621459960938 -182.629028320312 -180.1943883180008
2020.654296875 -180.906753540039 -178.90418358508413
2020.687255859375 -174.527389526367 -177.52929379442728
2020.70361328125 -176.504211425781 -176.84946426734444
2020.720092773438 -177.697982788086 -176.09320566331962
2020.7529296875 -174.520782470703 -174.6241958425275
2020.785766601562 -173.748001098633 -173.13329678476393
2020.818603515625 -170.651718139648 -171.63996710120185
2020.851440429688 -168.539123535156 -170.16536611175593
2020.917236328125 -167.164779663086 -167.41762330465903
2020.950073242188 -165.296768188477 -166.26977552124566
2020.98291015625 -164.885864257812 -165.2430600516552
2021.013671875 -163.736770629883 -164.19017840518697
2021.046508789062 -159.169967651367 -163.3157365678698
2021.079345703125 -161.488052368164 -162.73233374253772
2021.1123046875 -160.827713012695 -162.18971536235725
2021.145141601562 -160.317489624023 -161.7835887821946
2021.177978515625 -159.549423217773 -161.50366765020098
2021.210815429688 -160.27375793457 -161.34329033862454
2021.24365234375 -158.827056884766 -161.1218232063375
2021.276489257812 -163.741500854492 -161.26705354890927
2021.309326171875 -160.827743530273 -161.60057394606852
2021.34228515625 -159.674896240234 -162.12150268463165
2021.358642578125 -161.624877929688 -162.53490224882304
2021.391479492188 -163.953079223633 -163.2451814857751
2021.407958984375 -160.429565429688 -163.68113613293264
2021.440795898438 -158.246047973633 -164.42789965151763
2021.4736328125 -165.194808959961 -165.18090642808275
2021.506469726562 -163.888900756836 -165.9164773319628
2021.539306640625 -171.089797973633 -166.62982249059536
2021.572265625 -173.167465209961 -167.2815720656135
2021.605102539062 -172.186187744141 -168.01229468163334
2021.637939453125 -168.685089111328 -168.7423626884307
2021.670776367188 -170.080368041992 -169.421080047264
2021.736450195312 -169.048187255859 -170.22799553693275
2021.769287109375 -173.561950683594 -170.51339106173518
2021.80224609375 -170.700744628906 -170.58966829492053
2021.835083007812 -171.604339599609 -170.63634050224442
2021.867919921875 -173.602386474609 -170.4664996074401
2021.966430664062 -173.246566772461 -169.47463235564626
2022.0 -169.603286743164 -168.96003093670927
2022.065673828125 -170.237518310547 -168.17375806160106
2022.098510742188 -167.814392089844 -167.73915967030874
2022.197143554688 -164.828674316406 -166.78895254200907
2022.22998046875 -170.327880859375 -166.5528491010673
2022.262817382812 -163.928451538086 -166.40109166834517
2022.295654296875 -162.244827270508 -166.38647056675356
2022.328491210938 -161.975997924805 -166.56683420139265
2022.394287109375 -163.239074707031 -167.3591592272549
2022.558471679688 -169.737457275391 -169.34019328240745
2022.591430664062 -133.577056884766 -169.73440739810152
2022.68994140625 -158.79216003418 -171.55252182189113
2022.722778320312 -175.025650024414 -172.3493992020562
2022.821411132812 -172.910690307617 -174.57843249562293
2022.854248046875 -176.887878417969 -175.11543968496403
2022.887084960938 -174.08757019043 -175.55752488761152
2022.919921875 -176.356155395508 -175.9927777546811
2022.952758789062 -178.58332824707 -176.35935634012552
2022.985595703125 -178.884811401367 -176.62944470437475
2023.019165039062 -176.639297485352 -176.89389453008565
2023.052001953125 -177.048217773438 -177.17212769657456
2023.084838867188 -177.16780090332 -177.42037191781145
2023.11767578125 -177.860687255859 -177.60279506960325
2023.150634765625 -179.228103637695 -177.7919510403092
2023.183471679688 -177.000305175781 -177.92889396783303
2023.21630859375 -176.257034301758 -178.09790498600995
2023.249145507812 -179.154800415039 -178.29697912295646
2023.281982421875 -178.664108276367 -178.51407189406206
2023.314819335938 -178.716949462891 -178.74000952365145
2023.34765625 -179.525268554688 -178.96931656178626
2023.380615234375 -180.831359863281 -179.1999160921865
2023.413452148438 -174.365997314453 -179.42838352130735
2023.4462890625 -176.640197753906 -179.65443437634502
2023.57763671875 -185.059616088867 -180.56207838994078
