2014.804931640625 0.0 11.788921907139809
2014.837768554688 10.491868019104 11.567355840189308
2014.903442382812 12.473709106445 11.122444844429735
2014.96923828125 7.932027816772 10.674576535959256
2015.03564453125 12.629115104675 10.220663499167173
2015.101318359375 -2.349494218826 9.770615849941004
2015.265625 21.594715118408 8.64394195241449
2015.331298828125 9.734988212585 8.195316805082069
2015.39697265625 -4.561263084412 7.749079730128111
2016.021850585938 13.686414718628 3.3253531145831694
2016.1533203125 1.010295271873 1.8001537293263303
2016.350463867188 1.216051220894 1.2146316253135834
2016.416137695312 -23.373741149902 1.2427602215683935
2016.547607421875 0.000993567752 1.2965235217417872
2016.744750976562 9.201479911804 1.4748002484729994
2016.777587890625 4.80029964447 1.516387817511494
2016.810424804688 1.606344223022 1.570554680738244
2016.84326171875 2.918469190598 1.5332427178868127
2016.876098632812 0.490236014128 1.3511994163994097
2016.908935546875 1.96689414978 1.0811780871717191
2016.941772460938 1.402844429016 0.7940066766651815
2016.974731445312 0.900153636932 0.31461309951545463
2017.005493164062 -0.194522812963 -0.21321323421628502
2017.038330078125 -0.794370353222 -0.7665852902331268
2017.071166992188 -1.428629040718 -1.3185421526663492
2017.10400390625 -1.216564297676 -1.9487918862248312
2017.136840820312 -1.622457146645 -2.631378676733517
2017.169799804688 -3.130698442459 -3.3537838644825113
2017.20263671875 -3.848569154739 -4.128299211578166
2017.235473632812 -4.37778711319 -4.971307371027579
2017.268310546875 -4.61306476593 -5.881776207311815
2017.301147460938 -6.776055335999 -6.848498348484232
2017.333984375 -6.522034645081 -7.840758950901981
2017.366821289062 -8.750418663025 -8.819460351888013
2017.399780273438 -11.796689033508 -9.763658213699658
2017.4326171875 -8.640897750854 -10.665080572574652
2017.498291015625 -16.144552230835 -12.354739809895682
2017.531127929688 -14.913201332092 -13.136440246136928
2017.56396484375 -14.753355026245 -13.862073163148237
2017.596801757812 -18.155403137207 -14.5200436375519
2017.629760742188 -15.200722694397 -15.099555526832317
2017.66259765625 -15.554807662964 -15.571871233009661
2017.695434570312 -15.625459671021 -15.928017525234631
2017.728271484375 -17.332698822021 -16.17332231721412
2017.761108398438 -17.48769569397 -16.341350700396116
2017.7939453125 -16.734624862671 -16.471761793541436
2017.826782226562 -15.826017379761 -16.602122022157726
2017.859741210938 -15.432098388672 -16.739058498860373
2017.892578125 -16.927898406982 -16.88508849184299
2017.925415039062 -17.899114608765 -17.049494572714927
2017.958251953125 -17.156927108765 -17.247857736603926
2017.991088867188 -16.573638916016 -17.499081871511276
2018.024658203125 -16.603647232056 -17.84142334267354
2018.057495117188 -17.665775299072 -18.28356702029006
2018.09033203125 -18.301900863647 -18.854844810160067
2018.123168945312 -18.730304718018 -19.568542136048983
2018.156005859375 -17.496999740601 -20.418695309336595
2018.18896484375 -20.141696929932 -21.39416299716421
2018.221801757812 -19.299341201782 -22.498021463361237
2018.254638671875 -21.676498413086 -23.73591686950825
2018.287475585938 -23.498991012573 -25.089076306542683
2018.3203125 -25.703519821167 -26.512656583130322
2018.353149414062 -25.993499755859 -27.972913738545444
2018.385986328125 -32.171932220459 -29.46619454762098
2018.4189453125 -31.38791847229 -31.00533194172162
2018.451782226562 -33.971477508545 -32.54860862437589
2018.484619140625 -39.747222900391 -34.065725857311904
2018.517456054688 -36.877830505371 -35.543237229927584
2018.55029296875 -42.162532806396 -36.97779447393056
2018.583129882812 -37.524833679199 -38.33991656240052
2018.615966796875 -38.849040985107 -39.60333185431318
2018.64892578125 -41.079902648926 -40.758050469615384
2018.681762695312 -43.424438476562 -41.7963871848764
2018.714599609375 -32.69603729248 -42.73763472959408
2018.747436523438 -43.0732421875 -43.60674712534768
2018.7802734375 -45.193386077881 -44.427974016234614
2018.813110351562 -47.929775238037 -45.22484230725461
2018.845947265625 -49.225025177002 -46.05150560487527
2018.87890625 -46.159358978271 -46.871668059381456
2018.911743164062 -46.937313079834 -47.639004942614676
2018.944580078125 -47.896217346191 -48.36424919994187
2018.977416992188 -47.525646209717 -49.07390034825216
2019.010986328125 -48.888244628906 -49.85475987019609
2019.043823242188 -50.319942474365 -50.5752160761564
2019.109497070312 -52.580509185791 -52.46231064890472
2019.1259765625 -52.420768737793 -52.971196697754365
2019.142333984375 -52.985359191895 -53.54904193912989
2019.175170898438 -54.719417572021 -54.747295756601616
2019.191650390625 -55.210655212402 -55.405007752437974
2019.208129882812 -54.919746398926 -56.091505900641955
2019.224487304688 -55.463497161865 -56.765851223246365
2019.240966796875 -58.321849822998 -57.523887696511736
2019.25732421875 -58.226081848145 -58.3270320975658
2019.273803710938 -58.725276947021 -59.1065480869931
2019.290161132812 -60.753639221191 -59.91678843059284
2019.306640625 -59.57487487793 -60.88921886471797
2019.323120117188 -60.446697235107 -61.942394049673325
2019.339477539062 -63.706764221191 -63.05170298675077
2019.35595703125 -62.896221160889 -64.21449123468008
2019.372314453125 -63.528938293457 -65.39986732453376
2019.388793945312 -65.360885620117 -66.62555859247517
2019.405151367188 -64.462059020996 -67.95966863984403
2019.421630859375 -71.571022033691 -69.26755022224103
2019.438110351562 -73.029731750488 -70.60694223749076
2019.454467773438 -70.272689819336 -71.95376884937542
2019.470947265625 -74.153121948242 -73.30948794462388
2019.4873046875 -76.389007568359 -74.6340637446314
2019.503784179688 -71.971717834473 -75.88804724398544
2019.520141601562 -77.337295532227 -77.17852102333083
2019.53662109375 -83.880554199219 -78.43101528846566
2019.569458007812 -82.268692016602 -80.69633560573233
2019.602294921875 -80.486869812012 -82.57818368823251
2019.618774414062 -88.717414855957 -83.52377159764522
2019.635131835938 -86.820556640625 -84.43797604672629
2019.651611328125 -85.478149414062 -85.19774594651214
2019.668090820312 -92.669807434082 -86.04172809508299
2019.71728515625 -88.941299438477 -87.95684726446719
2019.733764648438 -88.714584350586 -88.49464544481727
2019.750122070312 -93.717422485352 -88.8143384475672
2019.7666015625 -90.094467163086 -89.23018839458594
2019.799438476562 -89.87727355957 -89.78414153929698
2019.832275390625 -94.216857910156 -90.30376137490587
2019.865112304688 -91.300758361816 -90.69613686600913
2019.898071289062 -90.732444763184 -90.9639044664797
2019.930908203125 -91.552642822266 -91.13030346466007
2019.963745117188 -91.293487548828 -91.21704890434991
2019.99658203125 -91.434967041016 -91.2904511984045
2020.030151367188 -90.805236816406 -91.36808054321968
2020.06298828125 -91.486343383789 -91.44482905053174
2020.095825195312 -91.266891479492 -91.54808290983776
2020.128662109375 -91.728446960449 -91.70302743419465
2020.161499023438 -91.452125549316 -91.91921358321378
2020.177978515625 -91.573051452637 -92.09466962268459
2020.1943359375 -91.318397521973 -92.19627112538313
2020.227294921875 -90.909309387207 -92.55023575296863
2020.260131835938 -92.991424560547 -92.99861168762337
2020.29296875 -92.44979095459 -93.48741996830438
2020.325805664062 -94.197616577148 -94.08405877537284
2020.358642578125 -94.005699157715 -94.89478028749878
2020.391479492188 -95.566833496094 -95.80196929923368
2020.42431640625 -94.468681335449 -96.77300154989545
2020.457275390625 -96.606758117676 -97.80492881304632
2020.490112304688 -98.115234375 -98.86274193593799
2020.52294921875 -101.549179077148 -99.91463768981156
2020.555786132812 -98.267143249512 -100.9560434778969
2020.572265625 -103.244293212891 -101.42941537811765
2020.588623046875 -103.957336425781 -101.88525665701492
2020.605102539062 -102.699447631836 -102.42208650281405
2020.621459960938 -106.014099121094 -102.85491014041132
2020.654296875 -105.196815490723 -103.76471858226222
2020.687255859375 -105.558364868164 -104.57485032742748
2020.70361328125 -105.480194091797 -104.9745787487713
2020.720092773438 -103.856391906738 -105.23520820516846
2020.7529296875 -105.698371887207 -105.75676527081991
2020.785766601562 -105.18253326416 -106.16502361868697
2020.818603515625 -108.99471282959 -106.49150771283374
2020.851440429688 -107.799186706543 -106.7613591133974
2020.917236328125 -108.584373474121 -107.2329765675203
2020.950073242188 -107.888389587402 -107.44958871135566
2020.98291015625 -107.935592651367 -107.62664404772529
2021.013671875 -107.018699645996 -107.80797541593276
2021.046508789062 -107.340873718262 -107.88640757856724
2021.079345703125 -107.772659301758 -107.87701477555726
2021.1123046875 -106.775596618652 -107.83759783874757
2021.145141601562 -109.699653625488 -107.76415194635024
2021.177978515625 -109.200477600098 -107.6732524256377
2021.210815429688 -112.356803894043 -107.57292018406581
2021.24365234375 -106.06990814209 -107.50952018673608
2021.276489257812 -107.452514648438 -107.4023005994654
2021.309326171875 -106.568313598633 -107.35004110784098
2021.34228515625 -108.622520446777 -107.39248866046563
2021.358642578125 -100.756332397461 -107.54123655063174
2021.391479492188 -107.351997375488 -107.67925601001131
2021.407958984375 -103.938888549805 -107.8096533795314
2021.440795898438 -98.673095703125 -107.94373088869264
2021.4736328125 -102.882331848145 -108.10975268608232
2021.506469726562 -114.749633789062 -108.31916167912512
2021.539306640625 -108.422561645508 -108.56757101157599
2021.572265625 -108.72900390625 -108.92400069454447
2021.605102539062 -113.404197692871 -109.26387674016034
2021.637939453125 -111.574554443359 -109.67550445748569
2021.670776367188 -105.938377380371 -110.18384564692195
2021.736450195312 -108.507553100586 -111.6305842148657
2021.769287109375 -112.105239868164 -112.43819628897401
2021.80224609375 -111.468124389648 -113.35941704913998
2021.835083007812 -109.373069763184 -114.25580340208124
2021.867919921875 -114.388046264648 -115.27538944770653
2021.966430664062 -117.747337341309 -118.51881993958375
2022.0 -118.766754150391 -119.74552611306721
2022.065673828125 -124.482276916504 -122.06346734553487
2022.098510742188 -123.45442199707 -123.27154460190786
2022.197143554688 -124.296821594238 -126.60433351460458
2022.22998046875 -130.223831176758 -127.5800548125894
2022.262817382812 -129.942825317383 -128.49280157861816
2022.295654296875 -133.387344360352 -129.34642603673532
2022.328491210938 -130.622161865234 -130.12644602097106
2022.394287109375 -139.404495239258 -131.497323043094
2022.558471679688 -136.646194458008 -134.66057557263622
2022.591430664062 -140.852493286133 -135.33253913013948
2022.68994140625 -134.628616333008 -137.06567033709536
2022.722778320312 -139.163711547852 -137.51967752688975
2022.821411132812 -135.613037109375 -139.1208603313278
2022.854248046875 -138.657806396484 -139.81033593194553
2022.887084960938 -138.257919311523 -140.58583999780484
2022.919921875 -139.667663574219 -141.2924230140673
2022.952758789062 -138.983627319336 -142.11259939403038
2022.985595703125 -141.553848266602 -143.37489566585748
2023.019165039062 -143.839920043945 -144.91121896116658
2023.052001953125 -144.898941040039 -146.39947103105953
2023.084838867188 -146.514785766602 -148.37667730776238
2023.11767578125 -150.982986450195 -150.67159340413576
2023.150634765625 -150.274124145508 -152.89529565006825
2023.183471679688 -152.187026977539 -155.27404696986486
2023.21630859375 -150.01025390625 -157.65633673073557
2023.249145507812 -148.150939941406 -160.04700996970274
2023.281982421875 -161.045013427734 -162.4501429538273
2023.314819335938 -166.171295166016 -164.86902884320818
2023.34765625 -166.210662841797 -167.30666655001045
2023.380615234375 -168.498275756836 -169.77369306489172
2023.413452148438 -182.124588012695 -172.25349451461247
2023.4462890625 -196.916412353516 -174.7563185105171
2023.57763671875 -216.253036499023 -184.94559887843684
