2014.804931640625 0.0 10.310329610426466
2014.837768554688 5.743775367737 10.071078563527298
2014.903442382812 11.217966079712 9.579702586615099
2014.96923828125 8.486861228943 9.07075328631745
2015.03564453125 21.35916519165 8.540712074816703
2015.101318359375 -9.030074119568 8.001155911952008
2015.265625 41.937454223633 6.593035819079587
2015.331298828125 10.334441184998 6.0122201090987115
2015.39697265625 -17.118698120117 5.425440016303461
2016.021850585938 10.461088180542 0.9076211625418799
2016.1533203125 -13.815569877625 -2.1848111614572927
2016.350463867188 2.768635034561 -6.839526319864538
2016.416137695312 -25.554351806641 -6.969696017257574
2016.547607421875 -7.345453739166 -7.23030881012604
2016.744750976562 -5.065742492676 -7.555996694098565
2016.777587890625 -8.837656021118 -7.603335290767203
2016.810424804688 -8.388615608215 -7.649773202107779
2016.84326171875 -6.833681583405 -7.697082528113918
2016.876098632812 -8.767194747925 -7.748623445517624
2016.908935546875 -9.580576896667 -7.814728253087437
2016.941772460938 -7.455445766449 -7.8901851907213105
2016.974731445312 -8.541633605957 -7.97789456252484
2017.005493164062 -5.471004962921 -8.076397064435787
2017.038330078125 -8.066788673401 -8.165249996888727
2017.071166992188 -7.914196014404 -8.232983045745993
2017.10400390625 -5.955820083618 -8.345643142622784
2017.136840820312 -8.548803329468 -8.497343303433393
2017.169799804688 -10.643623352051 -8.68552458730434
2017.20263671875 -8.701612472534 -8.946004276862297
2017.235473632812 -8.799683570862 -9.306717216780672
2017.268310546875 -7.377444267273 -9.786952930758048
2017.301147460938 -11.270086288452 -10.385237835161625
2017.333984375 -8.268127441406 -11.082724886977022
2017.366821289062 -10.884058952332 -11.850948175623625
2017.399780273438 -11.846425056458 -12.665474046477229
2017.4326171875 -10.13632774353 -13.506401484367318
2017.498291015625 -16.419822692871 -15.289157428406186
2017.531127929688 -14.440232276917 -16.248125714976307
2017.56396484375 -19.705434799194 -17.235291632515715
2017.596801757812 -19.766408920288 -18.23878414624856
2017.629760742188 -19.128971099854 -19.25136223456544
2017.66259765625 -22.406414031982 -20.24190742614922
2017.695434570312 -19.115301132202 -21.183587623596217
2017.728271484375 -22.23240852356 -22.055059647557332
2017.761108398438 -23.556503295898 -22.85491072772442
2017.7939453125 -23.371007919312 -23.592707337149633
2017.826782226562 -25.888156890869 -24.284624209958675
2017.859741210938 -24.002408981323 -24.947060547184353
2017.892578125 -26.359972000122 -25.5908227465829
2017.925415039062 -28.307651519775 -26.237823292241483
2017.958251953125 -26.168382644653 -26.8894359740223
2017.991088867188 -27.982944488525 -27.53912297774286
2018.024658203125 -27.297115325928 -28.210317738703438
2018.057495117188 -29.086624145508 -28.89154263899327
2018.09033203125 -27.76929473877 -29.645160615661723
2018.123168945312 -28.733118057251 -30.511315551669863
2018.156005859375 -31.007472991943 -31.514298913768965
2018.18896484375 -33.034790039062 -32.66805474245189
2018.221801757812 -30.870769500732 -33.975584188373325
2018.254638671875 -33.841846466064 -35.44063361573544
2018.287475585938 -31.241647720337 -37.05158479663935
2018.3203125 -36.77730178833 -38.78633544962704
2018.353149414062 -37.102291107178 -40.62458935404604
2018.385986328125 -42.276847839355 -42.553820610796954
2018.4189453125 -43.107643127441 -44.569050593349324
2018.451782226562 -46.73025894165 -46.65300080360332
2018.484619140625 -53.652751922607 -48.82209780632448
2018.517456054688 -50.989276885986 -51.06932710870019
2018.55029296875 -53.08797454834 -53.35873196370834
2018.583129882812 -56.337692260742 -55.63611541874301
2018.615966796875 -61.7399559021 -57.84430070468923
2018.64892578125 -56.198608398438 -59.93995291423965
2018.681762695312 -63.497756958008 -61.87889191277659
2018.714599609375 -61.652542114258 -63.65796429851198
2018.747436523438 -68.986534118652 -65.28364927369066
2018.7802734375 -69.56120300293 -66.80275140312291
2018.813110351562 -70.846496582031 -68.19259844968774
2018.845947265625 -73.549041748047 -69.60208811907681
2018.87890625 -73.953170776367 -70.85720965534983
2018.911743164062 -72.274993896484 -71.82044203388513
2018.944580078125 -73.140213012695 -72.76480621013675
2018.977416992188 -73.58528137207 -73.49316148992298
2019.010986328125 -72.884300231934 -74.03633544441001
2019.043823242188 -72.957946777344 -74.4911929253056
2019.109497070312 -76.885032653809 -75.51135536835754
2019.1259765625 -76.181144714355 -75.78384668834877
2019.142333984375 -74.991523742676 -76.13585817349922
2019.175170898438 -75.258636474609 -76.88765525152736
2019.191650390625 -77.627830505371 -77.33713042127877
2019.208129882812 -76.302398681641 -77.81559001836771
2019.224487304688 -77.740509033203 -78.27656892541182
2019.240966796875 -78.93147277832 -78.7966699052327
2019.25732421875 -80.035278320312 -79.33894503903431
2019.273803710938 -79.087554931641 -79.86673487835571
2019.290161132812 -80.453788757324 -80.45008229907828
2019.306640625 -80.833084106445 -81.0948608634458
2019.323120117188 -82.094268798828 -81.73449667166497
2019.339477539062 -82.009986877441 -82.35269855523151
2019.35595703125 -84.246520996094 -82.95206155669914
2019.372314453125 -81.729606628418 -83.52553521958764
2019.388793945312 -83.897705078125 -84.09411205877484
2019.405151367188 -86.866241455078 -84.67019166539494
2019.421630859375 -85.290969848633 -85.28531854295251
2019.438110351562 -86.899490356445 -85.93018757067568
2019.454467773438 -85.541206359863 -86.58688844608474
2019.470947265625 -87.078475952148 -87.23113340689112
2019.4873046875 -86.742607116699 -87.8161949106092
2019.503784179688 -86.990142822266 -88.26326780258567
2019.520141601562 -87.338447570801 -88.73925844990002
2019.53662109375 -92.645637512207 -89.1925648366492
2019.569458007812 -94.731437683105 -90.07173386852473
2019.602294921875 -95.729927062988 -91.0822358004755
2019.618774414062 -90.628791809082 -91.60235464343647
2019.635131835938 -92.013595581055 -92.10245192737169
2019.651611328125 -90.936996459961 -92.53221001224118
2019.668090820312 -90.824371337891 -92.98030665390286
2019.71728515625 -88.008895874023 -94.20847783053341
2019.733764648438 -94.877410888672 -94.61989665346232
2019.750122070312 -98.252769470215 -95.08996378395047
2019.7666015625 -99.159141540527 -95.54563648994343
2019.799438476562 -94.270767211914 -96.57277867944545
2019.832275390625 -94.756172180176 -97.60258695864935
2019.865112304688 -99.130165100098 -98.67867746071092
2019.898071289062 -98.629295349121 -99.81317285350032
2019.930908203125 -100.664825439453 -101.01368451049939
2019.963745117188 -102.607040405273 -102.36629274992181
2019.99658203125 -103.841918945312 -103.77665475312337
2020.030151367188 -104.7998046875 -105.15306648608838
2020.06298828125 -104.160629272461 -106.65963242968228
2020.095825195312 -106.776458740234 -108.15806472043526
2020.128662109375 -111.270439147949 -109.62730811624307
2020.161499023438 -110.562324523926 -111.05178772247567
2020.177978515625 -112.860748291016 -111.6948871292031
2020.1943359375 -114.171661376953 -112.41102994401963
2020.227294921875 -114.861030578613 -113.71551265639599
2020.260131835938 -114.862884521484 -114.95510551673661
2020.29296875 -117.471031188965 -116.15111723858642
2020.325805664062 -125.217926025391 -117.16983802876688
2020.358642578125 -118.792251586914 -117.7798483681056
2020.391479492188 -119.53783416748 -118.15651654744599
2020.42431640625 -121.705337524414 -118.50233689376256
2020.457275390625 -118.010955810547 -118.79021909882317
2020.490112304688 -124.532127380371 -118.94758468313452
2020.52294921875 -110.095390319824 -118.98591043753764
2020.555786132812 -113.242607116699 -118.90111477338877
2020.572265625 -126.007041931152 -118.81905517460963
2020.588623046875 -119.275817871094 -118.74690475672227
2020.605102539062 -119.916915893555 -118.67566193455833
2020.621459960938 -116.850082397461 -118.6109170915824
2020.654296875 -119.357772827148 -118.47250408882127
2020.687255859375 -110.740997314453 -118.34110490118535
2020.70361328125 -117.734260559082 -118.27244386267955
2020.720092773438 -115.646369934082 -118.24257143000638
2020.7529296875 -122.810249328613 -118.16650729799603
2020.785766601562 -117.740409851074 -118.07912669699243
2020.818603515625 -117.122596740723 -117.97170737868205
2020.851440429688 -119.050193786621 -117.85603319954303
2020.917236328125 -118.616104125977 -117.63040875583822
2020.950073242188 -116.522163391113 -117.50817567537932
2020.98291015625 -118.780517578125 -117.37769711692816
2021.013671875 -117.99340057373 -117.26034451274629
2021.046508789062 -113.272926330566 -117.09593116938167
2021.079345703125 -116.55655670166 -116.92683895929571
2021.1123046875 -118.297721862793 -116.74928485462833
2021.145141601562 -116.737075805664 -116.55950137010328
2021.177978515625 -114.23664855957 -116.37578801664014
2021.210815429688 -118.762313842773 -116.2305820945406
2021.24365234375 -116.564842224121 -116.08166110192492
2021.276489257812 -112.538314819336 -116.01701618989924
2021.309326171875 -117.188941955566 -116.0091025033248
2021.34228515625 -114.060287475586 -116.06480178352477
2021.358642578125 -118.89306640625 -116.18811926432357
2021.391479492188 -110.932769775391 -116.37186864663461
2021.407958984375 -114.057304382324 -116.54449188544916
2021.440795898438 -114.09024810791 -116.8020871163931
2021.4736328125 -116.93196105957 -117.11036790925836
2021.506469726562 -119.97891998291 -117.48041244437363
2021.539306640625 -114.702789306641 -117.92628271755288
2021.572265625 -124.700927734375 -118.5294753640244
2021.605102539062 -125.851501464844 -119.07688039248816
2021.637939453125 -118.902465820312 -119.65959980970182
2021.670776367188 -119.120895385742 -120.24794928118953
2021.736450195312 -119.779457092285 -121.31476698158893
2021.769287109375 -121.318710327148 -121.83559501596012
2021.80224609375 -123.432327270508 -122.32508503164752
2021.835083007812 -127.603088378906 -122.79432138849647
2021.867919921875 -123.576499938965 -123.20999598823211
2021.966430664062 -133.594345092773 -124.29410290518224
2022.0 -123.164962768555 -124.56801552112438
2022.065673828125 -127.189529418945 -125.18779563226053
2022.098510742188 -127.028648376465 -125.31735155181697
2022.197143554688 -124.84886932373 -125.06238423693097
2022.22998046875 -128.383728027344 -124.67667448139986
2022.262817382812 -127.902206420898 -124.10753502911416
2022.295654296875 -128.38069152832 -123.34218344198541
2022.328491210938 -123.758323669434 -122.44142147397739
2022.394287109375 -129.931610107422 -120.68519648315205
2022.558471679688 -112.49112701416 -117.15008445972234
2022.591430664062 -108.276710510254 -116.22144993037956
2022.68994140625 -109.190147399902 -112.55332982892851
2022.722778320312 -120.118293762207 -111.25452583967021
2022.821411132812 -108.702835083008 -109.49441949352394
2022.854248046875 -112.373985290527 -109.31098115109639
2022.887084960938 -106.540130615234 -109.14739769894048
2022.919921875 -108.867828369141 -108.99428250547915
2022.952758789062 -110.959655761719 -108.876033563431
2022.985595703125 -107.71509552002 -108.80013097770251
2023.019165039062 -107.710990905762 -108.75880362562333
2023.052001953125 -108.166343688965 -108.70825085660432
2023.084838867188 -108.400672912598 -108.76177799547176
2023.11767578125 -108.670051574707 -109.00022041054581
2023.150634765625 -108.535003662109 -109.19255571230151
2023.183471679688 -109.174446105957 -109.5078534861166
2023.21630859375 -107.512245178223 -109.82667901506584
2023.249145507812 -106.948295593262 -110.14853877898793
2023.281982421875 -109.566276550293 -110.47522262314325
2023.314819335938 -109.530448913574 -110.80948365099331
2023.34765625 -110.363182067871 -111.15416389717741
2023.380615234375 -114.639541625977 -111.51349517924851
2023.413452148438 -114.058792114258 -111.8872148698599
2023.4462890625 -113.367683410645 -112.27717606484686
2023.57763671875 -126.425201416016 -113.97154197299298
