2014.804931640625 0.0 8.384762188969376
2014.837768554688 6.534752368927 8.18542361869647
2014.903442382812 8.37234210968 7.786683946037057
2014.96923828125 7.536839962006 7.38713524473033
2015.03564453125 6.604420661926 6.983700183615706
2015.101318359375 8.157620429993 6.584351246943332
2015.265625 5.221400737762 5.582408381400867
2015.331298828125 9.698659896851 5.180056423221185
2015.39697265625 14.436831474304 4.776205236087954
2016.021850585938 0.901318669319 0.9212783472638022
2016.1533203125 1.396772742271 0.17153765604183577
2016.350463867188 0.162376970053 -1.3370826843284942
2016.416137695312 -7.839608192444 -1.8389145641773594
2016.547607421875 -4.49874830246 -2.897280302629017
2016.744750976562 -4.652245998383 -4.749723119850145
2016.777587890625 -5.129238605499 -4.926425129621501
2016.810424804688 -4.948353290558 -5.07272088671932
2016.84326171875 -5.252601146698 -5.182162324861209
2016.876098632812 -5.58055305481 -5.28376543674682
2016.908935546875 -5.220985412598 -5.388410284864337
2016.941772460938 -5.507979393005 -5.494421873208579
2016.974731445312 -5.616438865662 -5.60314788932641
2017.005493164062 -5.702595710754 -5.70517751915987
2017.038330078125 -5.76545381546 -5.813253137251658
2017.071166992188 -5.776461601257 -5.919487883957628
2017.10400390625 -5.75243473053 -6.027021287830017
2017.136840820312 -6.193282604218 -6.13831633130591
2017.169799804688 -6.907692909241 -6.255177559622335
2017.20263671875 -6.084434509277 -6.380194667133477
2017.235473632812 -6.46949338913 -6.511252217175973
2017.268310546875 -4.815630912781 -6.639061820439295
2017.301147460938 -7.427833080292 -6.755967834796674
2017.333984375 -5.247443675995 -6.862389864204829
2017.366821289062 -6.65460395813 -6.960803749517651
2017.399780273438 -7.618278980255 -7.069873687675216
2017.4326171875 -9.4083776474 -7.206297338980399
2017.498291015625 -7.793326854706 -7.547255257694106
2017.531127929688 -3.774900197983 -7.729697099731369
2017.56396484375 -7.245128631592 -7.90849468091872
2017.596801757812 -6.708103179932 -8.08282160729296
2017.629760742188 -10.017925262451 -8.254255516855132
2017.66259765625 -7.247779369354 -8.427473404520864
2017.695434570312 -9.458389282227 -8.604124455393013
2017.728271484375 -9.463361740112 -8.797067542548998
2017.761108398438 -9.253017425537 -9.011650487153712
2017.7939453125 -9.16837978363 -9.24149083998933
2017.826782226562 -9.584754943848 -9.483705943203297
2017.859741210938 -9.325288772583 -9.734741099919287
2017.892578125 -9.757650375366 -9.985648691533973
2017.925415039062 -9.815807342529 -10.237649592066894
2017.958251953125 -10.296721458435 -10.497372669438942
2017.991088867188 -10.544765472412 -10.771277702789574
2018.024658203125 -10.935183525085 -11.072070681075251
2018.057495117188 -11.415308952332 -11.39229524451805
2018.09033203125 -11.780519485474 -11.738704200993888
2018.123168945312 -12.047834396362 -12.111009852690543
2018.156005859375 -12.069891929626 -12.50379752451141
2018.18896484375 -12.645680427551 -12.910029794394454
2018.221801757812 -12.877570152283 -13.314391117238436
2018.254638671875 -13.808938980103 -13.70855097683865
2018.287475585938 -13.963743209839 -14.090438394621238
2018.3203125 -14.642673492432 -14.458204654103001
2018.353149414062 -16.116153717041 -14.807744198053276
2018.385986328125 -16.912815093994 -15.13991150036608
2018.4189453125 -16.616828918457 -15.459223589039063
2018.451782226562 -15.667555809021 -15.7591627691396
2018.484619140625 -16.864744186401 -16.037854661396548
2018.517456054688 -16.52691078186 -16.2944847843529
2018.55029296875 -16.614604949951 -16.528481162021563
2018.583129882812 -17.315389633179 -16.733332208434728
2018.615966796875 -15.680102348328 -16.906534363426058
2018.64892578125 -16.774446487427 -17.055448412397357
2018.681762695312 -17.084211349487 -17.19365511020696
2018.714599609375 -12.948843955994 -17.33153613828426
2018.747436523438 -17.396890640259 -17.471469810989195
2018.7802734375 -18.03818321228 -17.615414953503446
2018.813110351562 -17.932291030884 -17.7744059695656
2018.845947265625 -18.429738998413 -17.946806805767853
2018.87890625 -17.58224105835 -18.142489535070666
2018.911743164062 -17.422483444214 -18.37800610667475
2018.944580078125 -18.524852752686 -18.608849936232502
2018.977416992188 -18.800992965698 -18.85410141223813
2019.010986328125 -18.481533050537 -19.159232143962896
2019.043823242188 -18.840787887573 -19.447582392739776
2019.109497070312 -20.222982406616 -20.233576463086187
2019.1259765625 -20.201042175293 -20.440757191987288
2019.142333984375 -20.561876296997 -20.67728340198597
2019.175170898438 -21.045848846436 -21.174160148840173
2019.191650390625 -21.226917266846 -21.462238035449058
2019.208129882812 -21.725080490112 -21.76235231668962
2019.224487304688 -21.942640304565 -22.060329709431436
2019.240966796875 -22.414060592651 -22.36868697993901
2019.25732421875 -22.500017166138 -22.67235942416513
2019.273803710938 -23.117492675781 -22.979546805503443
2019.290161132812 -23.015684127808 -23.29047711619397
2019.306640625 -23.824663162231 -23.58715745542346
2019.323120117188 -24.192712783813 -23.86880873640572
2019.339477539062 -24.359899520874 -24.13221034514133
2019.35595703125 -24.891630172729 -24.380045115159117
2019.372314453125 -24.359380722046 -24.60891001280236
2019.388793945312 -25.291584014893 -24.820954259076643
2019.405151367188 -25.952142715454 -24.996383793389224
2019.421630859375 -24.938436508179 -25.174374767577998
2019.438110351562 -25.742443084717 -25.331105594653796
2019.454467773438 -25.315748214722 -25.486894775936427
2019.470947265625 -24.074861526489 -25.694795307917644
2019.4873046875 -25.832902908325 -25.969893975287416
2019.503784179688 -24.671766281128 -26.259494368703205
2019.520141601562 -24.40842628479 -26.470021514509174
2019.53662109375 -30.015966415405 -26.664384676296216
2019.569458007812 -28.947380065918 -27.002543954377717
2019.602294921875 -24.632783889771 -27.29750032476319
2019.618774414062 -28.868469238281 -27.477324744735537
2019.635131835938 -28.932699203491 -27.684216961460013
2019.651611328125 -28.267694473267 -27.819489219213835
2019.668090820312 -27.716659545898 -28.026375534800273
2019.71728515625 -28.808431625366 -28.301503093292943
2019.733764648438 -27.964677810669 -28.315651063234615
2019.750122070312 -29.253408432007 -28.29438797088582
2019.7666015625 -28.084913253784 -28.275913946454484
2019.799438476562 -28.002515792847 -28.222183507001184
2019.832275390625 -29.124364852905 -28.16642829611844
2019.865112304688 -27.86837387085 -28.109294599319245
2019.898071289062 -28.029325485229 -28.051272677074927
2019.930908203125 -27.938837051392 -27.993515387508626
2019.963745117188 -27.858142852783 -27.93821463530748
2019.99658203125 -27.953765869141 -27.88074050131863
2020.030151367188 -27.681812286377 -27.816651160346385
2020.06298828125 -27.61420249939 -27.770431132399754
2020.095825195312 -27.689655303955 -27.731161848692874
2020.128662109375 -27.626918792725 -27.703540432145825
2020.161499023438 -27.919998168945 -27.68528668944996
2020.177978515625 -27.642835617065 -27.680965310026668
2020.1943359375 -27.558296203613 -27.67115393121826
2020.227294921875 -27.470932006836 -27.660687905860122
2020.260131835938 -27.123218536377 -27.664473199923684
2020.29296875 -27.791618347168 -27.682854775362706
2020.325805664062 -28.351791381836 -27.726213697463617
2020.358642578125 -27.458221435547 -27.842246739479037
2020.391479492188 -27.972463607788 -27.996775380523307
2020.42431640625 -26.974613189697 -28.16811793651687
2020.457275390625 -25.826156616211 -28.377730982387106
2020.490112304688 -26.87672996521 -28.62440432251271
2020.52294921875 -28.503526687622 -28.887302604838744
2020.555786132812 -29.219167709351 -29.167100326403737
2020.572265625 -26.90283203125 -29.347962623076864
2020.588623046875 -28.366649627686 -29.526745643314744
2020.605102539062 -29.837671279907 -29.6697403323306
2020.621459960938 -30.687112808228 -29.857477941687158
2020.654296875 -28.129669189453 -30.22063888887145
2020.687255859375 -30.613767623901 -30.582220640615176
2020.70361328125 -31.519340515137 -30.76875332459334
2020.720092773438 -31.069616317749 -30.890577849029743
2020.7529296875 -31.167497634888 -31.132879303932842
2020.785766601562 -32.306327819824 -31.322393842931113
2020.818603515625 -31.583534240723 -31.474607024409604
2020.851440429688 -32.727180480957 -31.591648760925665
2020.917236328125 -32.740230560303 -31.707861050900586
2020.950073242188 -31.858781814575 -31.69114132035517
2020.98291015625 -31.984359741211 -31.647654810870826
2021.013671875 -31.771156311035 -31.637830435947684
2021.046508789062 -31.263879776001 -31.539723037765558
2021.079345703125 -31.674015045166 -31.36681373460631
2021.1123046875 -31.55196762085 -31.178110118013244
2021.145141601562 -31.209497451782 -30.962964716883555
2021.177978515625 -30.945655822754 -30.732646819767446
2021.210815429688 -31.231536865234 -30.50549721079825
2021.24365234375 -30.047861099243 -30.274214088450325
2021.276489257812 -30.281824111938 -30.062104748962298
2021.309326171875 -29.132972717285 -29.89090170308938
2021.34228515625 -29.053979873657 -29.75997048672745
2021.358642578125 -29.568513870239 -29.737083576971827
2021.391479492188 -26.085918426514 -29.62626111329459
2021.407958984375 -27.498531341553 -29.600764285557066
2021.440795898438 -26.084533691406 -29.512693807738685
2021.4736328125 -26.174747467041 -29.464244031829683
2021.506469726562 -29.513584136963 -29.463908555051436
2021.539306640625 -24.690143585205 -29.506853698554483
2021.572265625 -29.092227935791 -29.68021495145421
2021.605102539062 -29.094003677368 -29.772903480392564
2021.637939453125 -29.197744369507 -29.899200103507752
2021.670776367188 -29.441795349121 -30.0856573449391
2021.736450195312 -30.076498031616 -30.733117107664363
2021.769287109375 -32.183929443359 -31.09163322027976
2021.80224609375 -30.990482330322 -31.474877806322862
2021.835083007812 -31.133974075317 -31.850527661131455
2021.867919921875 -32.445156097412 -32.23134910841877
2021.966430664062 -34.039710998535 -33.363290209708964
2022.0 -34.604064941406 -33.74933416694354
2022.065673828125 -34.532108306885 -34.51974218272858
2022.098510742188 -34.656883239746 -34.827255534948875
2022.197143554688 -35.857513427734 -35.5346803691054
2022.22998046875 -37.693389892578 -35.75537895748773
2022.262817382812 -37.033172607422 -35.9596995059062
2022.295654296875 -36.501064300537 -36.13713367733536
2022.328491210938 -38.019359588623 -36.276621005468456
2022.394287109375 -38.43957901001 -36.462115672301124
2022.558471679688 -36.560901641846 -36.850162774754715
2022.591430664062 -37.217235565186 -36.93127737083639
2022.68994140625 -39.56803894043 -36.97953048408696
2022.722778320312 -40.059867858887 -36.97145098125394
2022.821411132812 -36.560306549072 -36.9000815487125
2022.854248046875 -37.532245635986 -36.87039651018275
2022.887084960938 -37.046051025391 -36.838408711197495
2022.919921875 -37.530345916748 -36.82275498837388
2022.952758789062 -36.68669128418 -36.79335250084637
2022.985595703125 -36.394256591797 -36.71351994587806
2023.019165039062 -36.540451049805 -36.616237066485056
2023.052001953125 -36.565380096436 -36.519295910381146
2023.084838867188 -36.171600341797 -36.40440994387631
2023.11767578125 -36.604187011719 -36.252612142217245
2023.150634765625 -36.347148895264 -36.10379273579875
2023.183471679688 -36.089191436768 -35.926449518062626
2023.21630859375 -36.205585479736 -35.74610337116367
2023.249145507812 -35.879985809326 -35.56451312337524
2023.281982421875 -35.835838317871 -35.38203729796874
2023.314819335938 -35.41064453125 -35.19837558171439
2023.34765625 -35.349010467529 -35.012852531399375
2023.380615234375 -35.163063049316 -34.823923690601326
2023.413452148438 -33.534313201904 -34.63202183586736
2023.4462890625 -33.035930633545 -34.43553809167719
2023.57763671875 -29.649820327759 -33.60524989737162
