2014.804931640625 -0.0 -0.6490775377607297
2014.837768554688 -8.387843132019 -1.3276198364202407
2014.903442382812 -3.170972585678 -2.6813219749221293
2014.96923828125 -1.249999403954 -4.032828489370392
2015.03564453125 17.179805755615 -5.391888563329246
2015.101318359375 -12.017071723938 -6.731414900322773
2015.265625 37.072902679443 -10.066263250037164
2015.331298828125 -12.718972206116 -11.393656433046282
2015.39697265625 -48.541744232178 -12.718648359947512
2016.021850585938 -12.577065467834 -25.387840439044638
2016.1533203125 -27.902355194092 -28.245084130979727
2016.350463867188 -32.42170715332 -30.834048896562365
2016.416137695312 -61.071109771729 -31.203907875984143
2016.547607421875 -20.712205886841 -32.04493919526437
2016.744750976562 -37.581764221191 -33.477086295219
2016.777587890625 -32.598026275635 -33.573712573252465
2016.810424804688 -41.249927520752 -33.630611081367924
2016.84326171875 -30.901342391968 -33.5136862766848
2016.876098632812 -35.631309509277 -33.33012659038102
2016.908935546875 -32.647529602051 -33.20756419319462
2016.941772460938 -32.437671661377 -33.11820313559676
2016.974731445312 -32.050178527832 -33.04410690752988
2017.005493164062 -32.312454223633 -33.05444745294994
2017.038330078125 -32.305866241455 -33.04572810178001
2017.071166992188 -32.105228424072 -33.09351821241322
2017.10400390625 -32.15616607666 -33.379742753411634
2017.136840820312 -32.335998535156 -33.90171786076208
2017.169799804688 -34.34496307373 -34.578781359637794
2017.20263671875 -35.385238647461 -35.38249340547303
2017.235473632812 -32.969413757324 -36.33078149035452
2017.268310546875 -28.854990005493 -37.4076763950901
2017.301147460938 -36.256671905518 -38.54241054101743
2017.333984375 -31.086324691772 -39.67925478245594
2017.366821289062 -48.442268371582 -40.80586160905048
2017.399780273438 -44.796993255615 -41.908418030794756
2017.4326171875 -41.620822906494 -42.97026606867657
2017.498291015625 -55.527770996094 -44.94744052951051
2017.531127929688 -48.892028808594 -45.82523504398717
2017.56396484375 -52.567928314209 -46.50539560786971
2017.596801757812 -46.725616455078 -46.932209698883476
2017.629760742188 -50.445919036865 -47.13729239649996
2017.66259765625 -52.498275756836 -47.1192450472263
2017.695434570312 -48.636615753174 -46.94789747100242
2017.728271484375 -49.588012695312 -46.588162069806785
2017.761108398438 -44.626373291016 -45.99322699601084
2017.7939453125 -44.542209625244 -45.23434570788762
2017.826782226562 -45.323223114014 -44.42055050272927
2017.859741210938 -44.013198852539 -43.572629448508145
2017.892578125 -41.682720184326 -42.699868607166906
2017.925415039062 -41.157424926758 -41.81805243285258
2017.958251953125 -41.067924499512 -40.94557643157606
2017.991088867188 -39.818855285645 -40.12333901562454
2018.024658203125 -38.781341552734 -39.38319092561332
2018.057495117188 -38.706653594971 -38.79304787394493
2018.09033203125 -37.191898345947 -38.360195077882885
2018.123168945312 -37.218585968018 -38.15927851398074
2018.156005859375 -34.720169067383 -38.23433149081939
2018.18896484375 -36.948684692383 -38.58149217297485
2018.221801757812 -35.001457214355 -39.15783208223763
2018.254638671875 -31.964193344116 -39.91532219806053
2018.287475585938 -36.010822296143 -40.82110509203069
2018.3203125 -38.970146179199 -41.853323537247526
2018.353149414062 -39.373516082764 -43.043590321877566
2018.385986328125 -38.501640319824 -44.415776574351774
2018.4189453125 -46.913780212402 -45.98237366314609
2018.451782226562 -45.670398712158 -47.70351519691717
2018.484619140625 -50.264808654785 -49.531353009265366
2018.517456054688 -52.025375366211 -51.40727343334471
2018.55029296875 -54.803104400635 -53.26166809749435
2018.583129882812 -57.91918182373 -55.01907763127169
2018.615966796875 -67.771743774414 -56.63858455896869
2018.64892578125 -62.012390136719 -58.09809850913241
2018.681762695312 -61.062213897705 -59.38317901399541
2018.714599609375 -61.708980560303 -60.502951536093505
2018.747436523438 -63.21484375 -61.46690064766175
2018.7802734375 -62.519687652588 -62.285527433112215
2018.813110351562 -68.626762390137 -62.86373184346862
2018.845947265625 -65.01554107666 -63.316036906193084
2018.87890625 -65.020240783691 -63.49424448019055
2018.911743164062 -64.757682800293 -63.42934496929248
2018.944580078125 -63.808853149414 -63.397332954423035
2018.977416992188 -64.544075012207 -63.26914085272589
2019.010986328125 -62.312538146973 -62.94955496739457
2019.043823242188 -62.225967407227 -62.548558015553375
2019.109497070312 -61.053649902344 -61.670631393492165
2019.1259765625 -60.638729095459 -61.43088523725043
2019.142333984375 -61.445121765137 -61.24367204964953
2019.175170898438 -61.304748535156 -60.891681288229385
2019.191650390625 -59.202522277832 -60.78711261062501
2019.208129882812 -61.973781585693 -60.71915806108504
2019.224487304688 -59.779487609863 -60.65067183909625
2019.240966796875 -60.606815338135 -60.637905021469926
2019.25732421875 -60.120552062988 -60.65218672863172
2019.273803710938 -59.850074768066 -60.643078625201156
2019.290161132812 -59.651359558105 -60.64445768464187
2019.306640625 -62.937656402588 -60.74476510910769
2019.323120117188 -59.161029815674 -60.91307698672063
2019.339477539062 -60.72806930542 -61.14276165045701
2019.35595703125 -61.429759979248 -61.427345292529935
2019.372314453125 -60.919189453125 -61.748156375096286
2019.388793945312 -61.574913024902 -62.11183816650941
2019.405151367188 -60.28889465332 -62.55919719435339
2019.421630859375 -61.251499176025 -62.9873122017502
2019.438110351562 -66.183395385742 -63.45636692690449
2019.454467773438 -62.943862915039 -63.95662624917367
2019.470947265625 -65.997138977051 -64.47970986405831
2019.4873046875 -66.169097900391 -64.98141780365115
2019.503784179688 -53.90926361084 -65.36014975880626
2019.520141601562 -61.083850860596 -65.77580404483261
2019.53662109375 -68.503143310547 -66.1724190890253
2019.569458007812 -67.63777923584 -66.94990167812979
2019.602294921875 -73.893630981445 -67.77571203625708
2019.618774414062 -67.326133728027 -68.18878127044684
2019.635131835938 -71.13191986084 -68.57186815901684
2019.651611328125 -66.671279907227 -68.91314217421007
2019.668090820312 -65.005386352539 -69.24042807776338
2019.71728515625 -69.767639160156 -70.00777996946027
2019.733764648438 -71.39875793457 -70.2202039435458
2019.750122070312 -73.040046691895 -70.3455917939326
2019.7666015625 -73.032386779785 -70.50547103107145
2019.799438476562 -71.525810241699 -70.69933936446124
2019.832275390625 -70.037185668945 -70.89230518073788
2019.865112304688 -71.95238494873 -71.05572391390895
2019.898071289062 -71.684448242188 -71.18575481418385
2019.930908203125 -70.999092102051 -71.26934425281662
2019.963745117188 -70.250152587891 -71.35891255359606
2019.99658203125 -71.077278137207 -71.47345518203791
2020.030151367188 -70.334754943848 -71.5333499962775
2020.06298828125 -71.215026855469 -71.75959460117141
2020.095825195312 -72.503150939941 -72.0094967526568
2020.128662109375 -71.700180053711 -72.31389846900616
2020.161499023438 -71.641098022461 -72.65955939757086
2020.177978515625 -73.050537109375 -72.84913525079966
2020.1943359375 -72.449768066406 -73.02262607816401
2020.227294921875 -72.858779907227 -73.37534833960319
2020.260131835938 -74.584274291992 -73.69572652030183
2020.29296875 -74.522918701172 -74.02529990335526
2020.325805664062 -78.179382324219 -74.34767495395445
2020.358642578125 -73.012771606445 -74.69462872514958
2020.391479492188 -76.828155517578 -75.1087619001657
2020.42431640625 -75.242286682129 -75.5289748428343
2020.457275390625 -73.660827636719 -75.88684934092493
2020.490112304688 -75.299621582031 -76.17340725750466
2020.52294921875 -73.638053894043 -76.43108720544579
2020.555786132812 -77.048454284668 -76.70625616859722
2020.572265625 -84.452331542969 -76.85548162753695
2020.588623046875 -82.423553466797 -76.98320529090087
2020.605102539062 -78.948585510254 -77.13773914245976
2020.621459960938 -78.452117919922 -77.24216187220787
2020.654296875 -78.093215942383 -77.4567522183524
2020.687255859375 -74.326782226562 -77.56918653104658
2020.70361328125 -77.127418518066 -77.64806674972723
2020.720092773438 -78.335220336914 -77.52640289419345
2020.7529296875 -80.10033416748 -77.34113770073623
2020.785766601562 -80.835380554199 -77.03054906196486
2020.818603515625 -76.694175720215 -76.62038851877226
2020.851440429688 -76.262138366699 -76.14574147150066
2020.917236328125 -75.784027099609 -75.15966171289546
2020.950073242188 -74.192001342773 -74.64104643517601
2020.98291015625 -75.004020690918 -74.15500898806208
2021.013671875 -73.602508544922 -73.6696339956601
2021.046508789062 -68.745338439941 -73.22984352783692
2021.079345703125 -71.819480895996 -73.0062436446191
2021.1123046875 -71.245803833008 -72.795202262854
2021.145141601562 -72.555923461914 -72.67508743707458
2021.177978515625 -71.139068603516 -72.65489950430114
2021.210815429688 -70.891998291016 -72.73584666491033
2021.24365234375 -69.949035644531 -72.79352555670823
2021.276489257812 -73.140998840332 -73.1497597076152
2021.309326171875 -74.820808410645 -73.68591745056155
2021.34228515625 -74.997520446777 -74.4051066114045
2021.358642578125 -75.145965576172 -74.90581291246252
2021.391479492188 -69.685386657715 -75.83756026409098
2021.407958984375 -71.304489135742 -76.34770304468547
2021.440795898438 -72.441078186035 -77.21330643830089
2021.4736328125 -78.657737731934 -77.95294093488718
2021.506469726562 -86.928695678711 -78.57691893057957
2021.539306640625 -87.604766845703 -79.11425939857345
2021.572265625 -85.22241973877 -79.41126048085
2021.605102539062 -93.907829284668 -79.94585295632096
2021.637939453125 -82.708908081055 -80.46036200304628
2021.670776367188 -84.110847473145 -80.92689842350725
2021.736450195312 -82.571853637695 -81.168411626261
2021.769287109375 -80.641395568848 -81.20482139683153
2021.80224609375 -82.710342407227 -80.99929598006406
2021.835083007812 -78.483222961426 -80.7483182923006
2021.867919921875 -82.284957885742 -80.38070866558614
2021.966430664062 -77.149375915527 -79.1884596318259
2022.0 -77.510459899902 -78.89853837723484
2022.065673828125 -80.488899230957 -78.34921183082496
2022.098510742188 -78.299270629883 -78.33754070052557
2022.197143554688 -72.454177856445 -78.54287068441718
2022.22998046875 -77.065887451172 -78.65344418592532
2022.262817382812 -68.017623901367 -78.81675420563185
2022.295654296875 -69.13777923584 -79.06581600424613
2022.328491210938 -67.50431060791 -79.43954170724116
2022.394287109375 -78.678611755371 -80.47229236094826
2022.558471679688 -84.343406677246 -82.60440547370641
2022.591430664062 -52.31103515625 -83.13833229577804
2022.68994140625 -94.626853942871 -85.11047387554217
2022.722778320312 -97.086730957031 -85.7235587289645
2022.821411132812 -84.718879699707 -87.42242923042508
2022.854248046875 -92.226211547852 -87.73522585118755
2022.887084960938 -89.767082214355 -87.81796029092988
2022.919921875 -87.659164428711 -87.92390324173877
2022.952758789062 -91.470390319824 -87.82387114334301
2022.985595703125 -89.107452392578 -87.43179232129363
2023.019165039062 -86.841499328613 -87.04287153466522
2023.052001953125 -86.520462036133 -86.68062041779658
2023.084838867188 -84.217620849609 -86.3662932857196
2023.11767578125 -85.262001037598 -86.16652583437364
2023.150634765625 -85.820739746094 -85.9315694628925
2023.183471679688 -84.515335083008 -85.77459165085257
2023.21630859375 -80.172584533691 -85.61754481814398
2023.249145507812 -81.422698974609 -85.46287523259281
2023.281982421875 -85.869819641113 -85.3139660147444
2023.314819335938 -85.79012298584 -85.17425743222648
2023.34765625 -83.55973815918 -85.04608436788304
2023.380615234375 -90.91349029541 -84.93057166885447
2023.413452148438 -84.391204833984 -84.82990507724134
2023.4462890625 -86.778137207031 -84.7435347897642
2023.57763671875 -100.477684020996 -84.51977017600296
