2014.804931640625 0.0 1.281226983304526
2014.837768554688 0.776978194714 0.352492083842615
2014.903442382812 0.823134958744 -1.5042144725086553
2014.96923828125 -2.171758651733 -3.3631555467620076
2015.03564453125 -6.069962024689 -5.2379980722295665
2015.101318359375 -4.055822372437 -7.09095253916791
2015.265625 -16.80560874939 -11.721921307344067
2015.331298828125 -15.615766525269 -13.571241627747614
2015.39697265625 -11.464329719543 -15.41987634012728
2016.021850585938 -29.569208145142 -33.88314687246619
2016.1533203125 -38.141193389893 -37.43243791647818
2016.350463867188 -42.083110809326 -42.50865570470529
2016.416137695312 -42.249340057373 -44.10662423374004
2016.547607421875 -47.467330932617 -47.274881169362104
2016.744750976562 -53.712554931641 -52.06887242848362
2016.777587890625 -53.740367889404 -52.91710258282596
2016.810424804688 -55.537437438965 -53.78013568758834
2016.84326171875 -55.236961364746 -54.573582344444404
2016.876098632812 -55.322982788086 -55.23790671962419
2016.908935546875 -55.87516784668 -55.86298068943271
2016.941772460938 -56.027778625488 -56.488950579105186
2016.974731445312 -56.665431976318 -57.05719771890691
2017.005493164062 -57.394607543945 -57.59292865621353
2017.038330078125 -58.227382659912 -58.153244862416415
2017.071166992188 -57.936103820801 -58.71904587897459
2017.10400390625 -59.352684020996 -59.352052266154324
2017.136840820312 -59.798053741455 -60.02980631124348
2017.169799804688 -60.760364532471 -60.73858447163666
2017.20263671875 -60.886413574219 -61.47388713472194
2017.235473632812 -61.904033660889 -62.23249942290634
2017.268310546875 -61.957790374756 -63.01110470644605
2017.301147460938 -63.67590713501 -63.80875719799915
2017.333984375 -64.300872802734 -64.62653106113089
2017.366821289062 -65.638809204102 -65.46124294113608
2017.399780273438 -66.905731201172 -66.30668818944928
2017.4326171875 -67.523208618164 -67.13962958526241
2017.498291015625 -68.553718566895 -68.71130237067499
2017.531127929688 -69.227783203125 -69.43272609038651
2017.56396484375 -70.977462768555 -70.11001004270469
2017.596801757812 -72.122825622559 -70.74102612802169
2017.629760742188 -72.667320251465 -71.3237896744152
2017.66259765625 -72.793067932129 -71.84650083195872
2017.695434570312 -73.400535583496 -72.31074545655302
2017.728271484375 -73.197807312012 -72.71354734897393
2017.761108398438 -73.221084594727 -73.05919493050878
2017.7939453125 -73.552787780762 -73.35677205471032
2017.826782226562 -73.935562133789 -73.61399686377409
2017.859741210938 -74.479995727539 -73.829294679864
2017.892578125 -73.871612548828 -74.01284780457009
2017.925415039062 -73.362739562988 -74.1863289999372
2017.958251953125 -74.235015869141 -74.35980209360707
2017.991088867188 -74.369667053223 -74.53939672356469
2018.024658203125 -74.600784301758 -74.73840569886531
2018.057495117188 -74.78101348877 -74.96011010859196
2018.09033203125 -75.451141357422 -75.21979845545052
2018.123168945312 -75.278816223145 -75.52506122574434
2018.156005859375 -75.280403137207 -75.87790003851204
2018.18896484375 -75.826103210449 -76.27520751934526
2018.221801757812 -75.962188720703 -76.70627325860323
2018.254638671875 -76.157905578613 -77.16487788658304
2018.287475585938 -76.836486816406 -77.65209904570503
2018.3203125 -77.718566894531 -78.17137345414375
2018.353149414062 -78.599296569824 -78.72311274130139
2018.385986328125 -79.877708435059 -79.3035477966551
2018.4189453125 -79.857437133789 -79.90584878858675
2018.451782226562 -80.653411865234 -80.50199471515735
2018.484619140625 -80.999870300293 -81.06806045908945
2018.517456054688 -81.745719909668 -81.58943924752239
2018.55029296875 -83.983535766602 -82.05988553312726
2018.583129882812 -84.202369689941 -82.4749415193895
2018.615966796875 -83.070343017578 -82.83551429477657
2018.64892578125 -84.427528381348 -83.14591312582247
2018.681762695312 -84.560913085938 -83.40978864435957
2018.714599609375 -85.104804992676 -83.63023290950993
2018.747436523438 -84.125885009766 -83.80019020168997
2018.7802734375 -84.168434143066 -83.91270431889704
2018.813110351562 -84.631622314453 -83.95312191061846
2018.845947265625 -84.100807189941 -83.95007221659408
2018.87890625 -83.784408569336 -83.90649727309722
2018.911743164062 -83.287124633789 -83.86427998304029
2018.944580078125 -83.634452819824 -83.81240619722895
2018.977416992188 -83.486137390137 -83.77755152128819
2019.010986328125 -83.667106628418 -83.80625627201792
2019.043823242188 -83.219299316406 -83.82463929343665
2019.109497070312 -83.617210388184 -84.04857977078811
2019.1259765625 -83.69506072998 -84.11018452042848
2019.142333984375 -84.140899658203 -84.21556790992007
2019.175170898438 -83.971740722656 -84.44349208575805
2019.191650390625 -84.513702392578 -84.60899861911834
2019.208129882812 -84.794792175293 -84.7998946246812
2019.224487304688 -84.852340698242 -84.99555392170242
2019.240966796875 -85.496078491211 -85.2250848592003
2019.25732421875 -85.024627685547 -85.45792419127433
2019.273803710938 -85.326225280762 -85.68880971757929
2019.290161132812 -85.748237609863 -85.92490070914174
2019.306640625 -86.140625 -86.16062516404091
2019.323120117188 -86.840896606445 -86.38283453559788
2019.339477539062 -86.812400817871 -86.59339602773727
2019.35595703125 -87.098556518555 -86.79600568675616
2019.372314453125 -89.751266479492 -86.9815544958056
2019.388793945312 -87.306625366211 -87.14367028513293
2019.405151367188 -87.77685546875 -87.21967373097688
2019.421630859375 -87.904441833496 -87.32068739410246
2019.438110351562 -87.64037322998 -87.39482240262379
2019.454467773438 -87.748504638672 -87.43680231966688
2019.470947265625 -87.052810668945 -87.45584763935922
2019.4873046875 -89.275215148926 -87.46754026445647
2019.503784179688 -88.24584197998 -87.47609595645275
2019.520141601562 -85.994621276855 -87.48415871004542
2019.53662109375 -86.817565917969 -87.490266338875
2019.569458007812 -87.149757385254 -87.50709781868213
2019.602294921875 -90.62720489502 -87.56836485579149
2019.618774414062 -87.356857299805 -87.59604456277054
2019.635131835938 -87.536331176758 -87.6320382701566
2019.651611328125 -88.501853942871 -87.70923973653169
2019.668090820312 -86.257110595703 -87.76552458798581
2019.71728515625 -88.508003234863 -88.00087802063659
2019.733764648438 -87.5048828125 -88.08451937273541
2019.750122070312 -87.434036254883 -88.16359765531925
2019.7666015625 -88.672821044922 -88.24377236754127
2019.799438476562 -89.046653747559 -88.38158765104575
2019.832275390625 -88.516960144043 -88.50980580159478
2019.865112304688 -89.042343139648 -88.62829079788767
2019.898071289062 -88.716613769531 -88.74477342042134
2019.930908203125 -89.022476196289 -88.85983025246077
2019.963745117188 -88.889656066895 -88.97668343883454
2019.99658203125 -89.139984130859 -89.09247246578977
2020.030151367188 -88.710777282715 -89.20063658578908
2020.06298828125 -88.969818115234 -89.32309764306335
2020.095825195312 -89.413505554199 -89.46109158952682
2020.128662109375 -89.700759887695 -89.63401087775765
2020.161499023438 -89.606666564941 -89.84568689855436
2020.177978515625 -89.749244689941 -89.9895453814818
2020.1943359375 -89.936782836914 -90.09430001186927
2020.227294921875 -90.161560058594 -90.37888874371866
2020.260131835938 -89.28816986084 -90.6886447360381
2020.29296875 -90.595100402832 -91.00396464456648
2020.325805664062 -91.475852966309 -91.3317980480774
2020.358642578125 -91.531532287598 -91.66294111965311
2020.391479492188 -92.834449768066 -91.99695026421041
2020.42431640625 -94.160949707031 -92.34200754567367
2020.457275390625 -91.75505065918 -92.66634241975719
2020.490112304688 -93.617683410645 -92.9146401720883
2020.52294921875 -93.523292541504 -93.06735803254867
2020.555786132812 -93.175895690918 -93.12603349379113
2020.572265625 -95.129768371582 -93.05033811039613
2020.588623046875 -93.897727966309 -92.95935950576748
2020.605102539062 -93.800659179688 -92.97654436873047
2020.621459960938 -94.135063171387 -92.85446721874362
2020.654296875 -94.893798828125 -92.66108688512693
2020.687255859375 -94.062156677246 -92.39752563909805
2020.70361328125 -92.436424255371 -92.26641201092794
2020.720092773438 -91.460479736328 -92.09190669531846
2020.7529296875 -91.525924682617 -91.7664607297075
2020.785766601562 -91.447448730469 -91.42320315778971
2020.818603515625 -89.617988586426 -91.08190078526081
2020.851440429688 -90.659492492676 -90.76323016807368
2020.917236328125 -89.69010925293 -90.2600000130578
2020.950073242188 -89.668510437012 -90.1461586549481
2020.98291015625 -89.766708374023 -90.08102193910679
2021.013671875 -89.134346008301 -89.9651528159724
2021.046508789062 -88.256996154785 -89.95889401580898
2021.079345703125 -89.801696777344 -90.0736267745304
2021.1123046875 -90.059143066406 -90.21316369469201
2021.145141601562 -89.53825378418 -90.40918705320607
2021.177978515625 -89.81999206543 -90.64565601551034
2021.210815429688 -91.148429870605 -90.91682085719277
2021.24365234375 -91.066192626953 -91.18043549702556
2021.276489257812 -90.441177368164 -91.52332514128035
2021.309326171875 -91.976951599121 -91.86876416414458
2021.34228515625 -92.134140014648 -92.18798560915452
2021.358642578125 -93.406997680664 -92.30432077183322
2021.391479492188 -93.585861206055 -92.56623447975792
2021.407958984375 -93.104194641113 -92.66869399027044
2021.440795898438 -92.059631347656 -92.89260398296128
2021.4736328125 -94.464958190918 -93.03563338284685
2021.506469726562 -94.734909057617 -93.06985129721411
2021.539306640625 -96.260353088379 -92.99462401162461
2021.572265625 -92.074630737305 -92.71374649037915
2021.605102539062 -94.182991027832 -92.57514669511495
2021.637939453125 -93.621650695801 -92.40574212481441
2021.670776367188 -94.778739929199 -92.20002094007937
2021.736450195312 -94.583122253418 -91.63812007489229
2021.769287109375 -91.246406555176 -91.3678001404337
2021.80224609375 -92.568870544434 -91.0420743195161
2021.835083007812 -90.059181213379 -90.70474157455475
2021.867919921875 -90.151260375977 -90.33373854875026
2021.966430664062 -88.757026672363 -89.27720372450771
2022.0 -88.524055480957 -88.95054155423382
2022.065673828125 -89.556030273438 -88.27614671702408
2022.098510742188 -85.924095153809 -87.97578449744302
2022.197143554688 -85.666511535645 -87.08474217122351
2022.22998046875 -86.163055419922 -86.79992159558077
2022.262817382812 -86.197341918945 -86.52223575735201
2022.295654296875 -87.546012878418 -86.25204774282913
2022.328491210938 -85.612983703613 -85.99035138242799
2022.394287109375 -85.911041259766 -85.47696710876892
2022.558471679688 -83.804504394531 -84.19955678250516
2022.591430664062 -86.001403808594 -83.96706190393364
2022.68994140625 -82.278106689453 -83.22508008217085
2022.722778320312 -84.117256164551 -82.95791343004903
2022.821411132812 -82.502220153809 -82.1754838709249
2022.854248046875 -82.02880859375 -81.9412232567515
2022.887084960938 -81.196678161621 -81.72539158866623
2022.919921875 -80.451934814453 -81.49993642136056
2022.952758789062 -80.137886047363 -81.2773353602576
2022.985595703125 -82.472412109375 -81.10459017970152
2023.019165039062 -80.09156036377 -80.95023273156033
2023.052001953125 -80.255020141602 -80.780532175167
2023.084838867188 -80.42520904541 -80.66960901965086
2023.11767578125 -80.650260925293 -80.59281379994084
2023.150634765625 -80.316108703613 -80.50039320143505
2023.183471679688 -80.018852233887 -80.42309557943987
2023.21630859375 -81.039306640625 -80.34548557415872
2023.249145507812 -82.060722351074 -80.2690773250844
2023.281982421875 -80.23120880127 -80.19416206832652
2023.314819335938 -79.805549621582 -80.12038615256813
2023.34765625 -79.826698303223 -80.04729770925276
2023.380615234375 -80.686790466309 -79.97434722890668
2023.413452148438 -81.545631408691 -79.90185531885187
2023.4462890625 -78.648048400879 -79.82895684997949
2023.57763671875 -74.237869262695 -79.52482023319814
