2014.804931640625 -0.0 -6.589424030010163
2014.837768554688 -7.914690494537 -7.667576058539773
2014.903442382812 -8.517735481262 -9.81164271174623
2014.96923828125 -11.505941390991 -11.94242121950439
2015.03564453125 -15.011359214783 -14.074454062106222
2015.101318359375 -12.850887298584 -16.163735405872856
2015.265625 -28.2272605896 -21.3010641918818
2015.331298828125 -28.378496170044 -23.317097460703902
2015.39697265625 -27.842054367065 -25.31085754472079
2016.021850585938 -47.249229431152 -41.80739061696987
2016.1533203125 -51.548461914062 -44.74700807943272
2016.350463867188 -58.785827636719 -48.34228953533313
2016.416137695312 -45.197105407715 -48.446289857972
2016.547607421875 -61.955135345459 -48.48905416842749
2016.744750976562 -39.73518371582 -48.20803412610459
2016.777587890625 -56.852447509766 -48.4631525337479
2016.810424804688 -49.831687927246 -48.72029518945769
2016.84326171875 -51.617671966553 -48.9612045215258
2016.876098632812 -47.189167022705 -49.1291415251799
2016.908935546875 -46.706062316895 -49.35756294703276
2016.941772460938 -47.761707305908 -49.668007067104185
2016.974731445312 -49.830677032471 -49.987597994750594
2017.005493164062 -51.166641235352 -50.35442845603027
2017.038330078125 -50.917686462402 -50.72864835468183
2017.071166992188 -49.006088256836 -51.12336273052361
2017.10400390625 -51.961315155029 -51.69771156193597
2017.136840820312 -50.800216674805 -52.38680894753547
2017.169799804688 -51.792385101318 -53.164450188530914
2017.20263671875 -52.892883300781 -54.02710179843099
2017.235473632812 -54.230247497559 -54.963459730228784
2017.268310546875 -56.009582519531 -55.96765060445678
2017.301147460938 -55.803325653076 -57.02070382631923
2017.333984375 -57.044727325439 -58.099024683968054
2017.366821289062 -58.703277587891 -59.15006608530849
2017.399780273438 -60.856643676758 -60.11288037266738
2017.4326171875 -64.238426208496 -60.94393089904722
2017.498291015625 -64.791816711426 -62.243526903124405
2017.531127929688 -65.447525024414 -62.73243287369602
2017.56396484375 -66.68480682373 -63.120026211400905
2017.596801757812 -64.821846008301 -63.393305207805824
2017.629760742188 -68.51830291748 -63.52204339302649
2017.66259765625 -64.615913391113 -63.4639910408974
2017.695434570312 -63.05867767334 -63.21631714382095
2017.728271484375 -61.986419677734 -62.80201233677841
2017.761108398438 -62.983715057373 -62.29672095488108
2017.7939453125 -62.406444549561 -61.77775987445411
2017.826782226562 -60.589817047119 -61.2821262509429
2017.859741210938 -60.096405029297 -60.82027890745797
2017.892578125 -58.691604614258 -60.42211689412535
2017.925415039062 -58.335174560547 -60.10624289438006
2017.958251953125 -59.833457946777 -59.885572006526345
2017.991088867188 -58.734107971191 -59.760530419451065
2018.024658203125 -58.194538116455 -59.731323040485094
2018.057495117188 -58.843273162842 -59.81062220709813
2018.09033203125 -59.760768890381 -60.01738784621507
2018.123168945312 -58.87809753418 -60.371976922210195
2018.156005859375 -59.552562713623 -60.86860328737306
2018.18896484375 -59.949550628662 -61.47967857450965
2018.221801757812 -61.788425445557 -62.17075694338021
2018.254638671875 -62.426792144775 -62.92049800472529
2018.287475585938 -61.942474365234 -63.719754821856405
2018.3203125 -62.695007324219 -64.54841147020248
2018.353149414062 -65.382354736328 -65.39201658557087
2018.385986328125 -69.738754272461 -66.24406628130275
2018.4189453125 -69.67716217041 -67.10073633178408
2018.451782226562 -68.811309814453 -67.92740219438957
2018.484619140625 -67.939659118652 -68.69757789699057
2018.517456054688 -69.793144226074 -69.39830341359924
2018.55029296875 -70.481971740723 -70.02100955759597
2018.583129882812 -73.998916625977 -70.54936657787084
2018.615966796875 -68.004554748535 -70.96556358389896
2018.64892578125 -73.407676696777 -71.25951542888602
2018.681762695312 -72.993118286133 -71.44636554382667
2018.714599609375 -73.984718322754 -71.55325550260365
2018.747436523438 -71.058731079102 -71.6001277766385
2018.7802734375 -71.799575805664 -71.59485707634478
2018.813110351562 -73.619888305664 -71.51677937890179
2018.845947265625 -72.457420349121 -71.40718433937646
2018.87890625 -71.749374389648 -71.23472549199481
2018.911743164062 -70.606025695801 -71.07478928319006
2018.944580078125 -67.812240600586 -70.89426942897637
2018.977416992188 -70.597213745117 -70.74129280879717
2019.010986328125 -69.214157104492 -70.70856582914466
2019.043823242188 -70.348587036133 -70.62874773149291
2019.109497070312 -70.207023620605 -70.99612490217942
2019.1259765625 -68.411064147949 -71.13811028616205
2019.142333984375 -76.657669067383 -71.39088035644549
2019.175170898438 -71.371246337891 -71.89562567206244
2019.191650390625 -70.15478515625 -72.22058864965848
2019.208129882812 -71.659057617188 -72.5671332646909
2019.224487304688 -71.383781433105 -72.91513675242327
2019.240966796875 -73.501274108887 -73.26854529482297
2019.25732421875 -79.18244934082 -73.58392814648903
2019.273803710938 -73.860458374023 -73.94380593838919
2019.290161132812 -77.624031066895 -74.29670976504498
2019.306640625 -76.811737060547 -74.51928037994702
2019.323120117188 -74.6005859375 -74.70941603591494
2019.339477539062 -74.459419250488 -74.86386283779699
2019.35595703125 -75.846336364746 -74.95516306764812
2019.372314453125 -77.481376647949 -74.96362897761378
2019.388793945312 -74.41968536377 -74.88964344648916
2019.405151367188 -70.511581420898 -74.74715853943854
2019.421630859375 -74.222274780273 -74.63489467920625
2019.438110351562 -75.601821899414 -74.5568760572738
2019.454467773438 -73.836128234863 -74.56824167459193
2019.470947265625 -74.934432983398 -74.69294720018398
2019.4873046875 -75.410469055176 -74.9126172446478
2019.503784179688 -73.228591918945 -75.29927135172099
2019.520141601562 -72.390655517578 -75.56461804688928
2019.53662109375 -72.066345214844 -75.85756149234608
2019.569458007812 -81.596969604492 -76.48543163695045
2019.602294921875 -76.432792663574 -77.24103974399173
2019.618774414062 -77.820487976074 -77.6702488677279
2019.635131835938 -81.25609588623 -78.14074171411465
2019.651611328125 -85.143363952637 -78.7199953029869
2019.668090820312 -74.92505645752 -79.25170515424196
2019.71728515625 -80.001152038574 -80.78288388824807
2019.733764648438 -78.695610046387 -81.24636855266401
2019.750122070312 -71.855674743652 -81.61749729019114
2019.7666015625 -82.964920043945 -82.02854906697307
2019.799438476562 -85.129829406738 -82.75264366928918
2019.832275390625 -86.471382141113 -83.46446803337375
2019.865112304688 -84.984603881836 -84.14735754246672
2019.898071289062 -84.321304321289 -84.77885434791251
2019.930908203125 -85.339569091797 -85.31308950249982
2019.963745117188 -84.574203491211 -85.6924793620935
2019.99658203125 -88.533714294434 -86.01027038154332
2020.030151367188 -86.29175567627 -86.3282950497682
2020.06298828125 -86.959648132324 -86.53232196742151
2020.095825195312 -86.16569519043 -86.72134345688443
2020.128662109375 -87.383369445801 -86.90175148140577
2020.161499023438 -88.792343139648 -87.09161980269239
2020.177978515625 -86.008331298828 -87.20045419542143
2020.1943359375 -87.09952545166 -87.29836817818503
2020.227294921875 -88.349334716797 -87.5618796125606
2020.260131835938 -81.634483337402 -87.92975712217518
2020.29296875 -88.379417419434 -88.34029178170765
2020.325805664062 -87.384819030762 -88.87952332753616
2020.358642578125 -86.419395446777 -89.74005576974041
2020.391479492188 -88.222427368164 -90.68446553617102
2020.42431640625 -91.408988952637 -91.68376224525639
2020.457275390625 -88.236877441406 -92.85343938360673
2020.490112304688 -94.033302307129 -94.22137688451092
2020.52294921875 -94.584869384766 -95.6711406872674
2020.555786132812 -98.982376098633 -97.10956915629687
2020.572265625 -97.619499206543 -97.74725294817193
2020.588623046875 -100.615493774414 -98.33464954629723
2020.605102539062 -101.850044250488 -99.0617657517273
2020.621459960938 -101.752166748047 -99.58806414621039
2020.654296875 -100.537948608398 -100.70041990067045
2020.687255859375 -111.19847869873 -101.63439537700933
2020.70361328125 -105.26887512207 -102.11280717280953
2020.720092773438 -103.44083404541 -102.37623488583944
2020.7529296875 -102.231231689453 -103.00341990193552
2020.785766601562 -104.889892578125 -103.54359140039384
2020.818603515625 -104.94164276123 -104.01040092772813
2020.851440429688 -104.180335998535 -104.41890317679518
2020.917236328125 -103.905380249023 -105.11198892081244
2020.950073242188 -105.142295837402 -105.4895623051897
2020.98291015625 -106.640007019043 -105.94037274403166
2021.013671875 -107.307106018066 -106.32009183020395
2021.046508789062 -104.340118408203 -106.8286830991292
2021.079345703125 -105.843551635742 -107.44312882766849
2021.1123046875 -107.2470703125 -108.07284936704467
2021.145141601562 -108.838096618652 -108.75803830746847
2021.177978515625 -105.170745849609 -109.47977714736447
2021.210815429688 -112.609970092773 -110.21795230428467
2021.24365234375 -112.716125488281 -110.94629223696883
2021.276489257812 -109.635643005371 -111.77005017152837
2021.309326171875 -112.086654663086 -112.64656733265987
2021.34228515625 -115.510070800781 -113.55585655693223
2021.358642578125 -111.571601867676 -114.0195822161276
2021.391479492188 -116.503089904785 -114.94408138006617
2021.407958984375 -116.305671691895 -115.42614357655228
2021.440795898438 -115.067642211914 -116.37810680477163
2021.4736328125 -113.947486877441 -117.31731840065812
2021.506469726562 -114.789436340332 -118.12435698984925
2021.539306640625 -124.529739379883 -118.78355494117545
2021.572265625 -119.790451049805 -119.29789195149083
2021.605102539062 -129.225524902344 -119.96786878536454
2021.637939453125 -131.039794921875 -120.61407773201094
2021.670776367188 -130.882690429688 -121.23269359834208
2021.736450195312 -131.550476074219 -122.13977174077873
2021.769287109375 -125.200477600098 -122.50047473548433
2021.80224609375 -122.270233154297 -122.65340910693216
2021.835083007812 -123.284645080566 -122.84891645956816
2021.867919921875 -134.929306030273 -122.88079432674427
2021.966430664062 -124.826057434082 -123.02704651677405
2022.0 -112.732414245605 -123.13104536919367
2022.065673828125 -117.16748046875 -123.2816436440495
2022.098510742188 -120.425605773926 -123.41778145507051
2022.197143554688 -122.948150634766 -123.70885616769588
2022.22998046875 -122.735832214355 -123.80334276148928
2022.262817382812 -115.560890197754 -123.91922778194773
2022.295654296875 -118.047668457031 -124.07208039420595
2022.328491210938 -128.650009155273 -124.26321018698235
2022.394287109375 -126.004211425781 -124.66022711777515
2022.558471679688 -124.83065032959 -125.51215484037198
2022.591430664062 -147.691009521484 -125.77406978663038
2022.68994140625 -140.72477722168 -126.12284965233093
2022.722778320312 -137.685089111328 -126.12317006003522
2022.821411132812 -128.133422851562 -126.06744162447265
2022.854248046875 -126.991355895996 -125.97865190313038
2022.887084960938 -128.598937988281 -125.84741513935103
2022.919921875 -124.285903930664 -125.77788793236998
2022.952758789062 -123.329460144043 -125.59719669779929
2022.985595703125 -127.069023132324 -125.31918465026232
2023.019165039062 -122.644523620605 -125.07870085976204
2023.052001953125 -122.957298278809 -124.82098355304129
2023.084838867188 -122.98558807373 -124.65441002630052
2023.11767578125 -124.83512878418 -124.59393201304061
2023.150634765625 -122.389282226562 -124.48088580309835
2023.183471679688 -124.524887084961 -124.44014054031939
2023.21630859375 -125.602035522461 -124.3958630512387
2023.249145507812 -126.392166137695 -124.35166105551559
2023.281982421875 -123.207046508789 -124.31020618560831
2023.314819335938 -123.151565551758 -124.27250768176742
2023.34765625 -123.961517333984 -124.23928380236988
2023.380615234375 -128.019973754883 -124.21111039589444
2023.413452148438 -126.959022521973 -124.18830066057954
2023.4462890625 -122.125495910645 -124.16926328489325
2023.57763671875 -115.28604888916 -124.09412941076934
