2014.804931640625 -0.0 -12.357486129675744
2014.837768554688 -15.719367980957 -13.19271209610198
2014.903442382812 -13.41211605072 -14.857382680325234
2014.96923828125 -15.322543144226 -16.51614653773255
2015.03564453125 -17.03431892395 -18.17981045277153
2015.101318359375 -12.430121421814 -19.813704741461333
2015.265625 -27.749666213989 -23.84799789283298
2015.331298828125 -28.624547958374 -25.43889919006124
2015.39697265625 -25.62640953064 -27.01713970438198
2016.021850585938 -46.147552490234 -40.95215277658647
2016.1533203125 -55.533744812012 -44.03196646449331
2016.350463867188 -57.403755187988 -49.722124870871674
2016.416137695312 -27.095411300659 -50.28007319838881
2016.547607421875 -50.970207214355 -51.57371101454078
2016.744750976562 -49.536014556885 -52.665539098257256
2016.777587890625 -57.821002960205 -52.79833994874517
2016.810424804688 -55.959442138672 -52.95459031512861
2016.84326171875 -56.303314208984 -53.139694202812734
2016.876098632812 -50.487609863281 -53.319362007168955
2016.908935546875 -51.140426635742 -53.51033502944374
2016.941772460938 -53.364650726318 -53.709489420207596
2016.974731445312 -53.60631942749 -53.895354534830204
2017.005493164062 -54.889972686768 -54.09524228302757
2017.038330078125 -54.344459533691 -54.279092757211394
2017.071166992188 -52.305938720703 -54.45539483509794
2017.10400390625 -54.846939086914 -54.734258527572955
2017.136840820312 -54.117431640625 -55.08409874116469
2017.169799804688 -54.99292755127 -55.48491679274527
2017.20263671875 -56.3518409729 -55.92357881784516
2017.235473632812 -56.049446105957 -56.39185908616046
2017.268310546875 -58.679004669189 -56.863067230067564
2017.301147460938 -56.204700469971 -57.29674517954867
2017.333984375 -56.91089630127 -57.68532591032051
2017.366821289062 -49.339370727539 -58.018749423276944
2017.399780273438 -58.436679840088 -58.277185998853774
2017.4326171875 -61.333999633789 -58.450887761197
2017.498291015625 -60.882179260254 -58.62390976005835
2017.531127929688 -62.271583557129 -58.66273372359765
2017.56396484375 -58.941955566406 -58.67778874376591
2017.596801757812 -55.785297393799 -58.65301519604495
2017.629760742188 -62.270832061768 -58.56292825795698
2017.66259765625 -58.657081604004 -58.39672596827048
2017.695434570312 -55.419315338135 -58.18196168234386
2017.728271484375 -54.329158782959 -57.95392366666461
2017.761108398438 -58.012920379639 -57.745266425405546
2017.7939453125 -57.685585021973 -57.59268425382287
2017.826782226562 -58.117233276367 -57.5120201345069
2017.859741210938 -56.973308563232 -57.50474412531987
2017.892578125 -59.355503082275 -57.55115810639136
2017.925415039062 -56.080066680908 -57.616529364838556
2017.958251953125 -55.970195770264 -57.67596982475659
2017.991088867188 -57.310749053955 -57.717007437390585
2018.024658203125 -57.030715942383 -57.712368909756336
2018.057495117188 -58.810733795166 -57.65033194798884
2018.09033203125 -60.4482421875 -57.55802325501701
2018.123168945312 -59.105712890625 -57.48060056923469
2018.156005859375 -59.405284881592 -57.446083935722896
2018.18896484375 -55.148872375488 -57.45987369421019
2018.221801757812 -57.756370544434 -57.509839801131186
2018.254638671875 -56.457279205322 -57.564615022259225
2018.287475585938 -57.364364624023 -57.60056573792854
2018.3203125 -53.750331878662 -57.61299832502382
2018.353149414062 -54.124481201172 -57.626154698037325
2018.385986328125 -57.008659362793 -57.6658553522555
2018.4189453125 -60.34875869751 -57.74089959150212
2018.451782226562 -60.203609466553 -57.84898951846318
2018.484619140625 -58.234283447266 -57.991025884716066
2018.517456054688 -61.30489730835 -58.16141844159324
2018.55029296875 -53.026317596436 -58.34131147924799
2018.583129882812 -59.084114074707 -58.505763836652285
2018.615966796875 -56.458641052246 -58.6289540214192
2018.64892578125 -60.8801612854 -58.700932252168464
2018.681762695312 -60.222660064697 -58.730700054730235
2018.714599609375 -56.219711303711 -58.74563891712219
2018.747436523438 -57.278377532959 -58.78163148881839
2018.7802734375 -60.226970672607 -58.85492383691014
2018.813110351562 -60.403800964355 -58.966789601130095
2018.845947265625 -59.176902770996 -59.095076088323005
2018.87890625 -57.469093322754 -59.231660811192945
2018.911743164062 -58.012668609619 -59.417626186844885
2018.944580078125 -59.565773010254 -59.61427064015287
2018.977416992188 -60.103080749512 -59.857827273564645
2019.010986328125 -59.582138061523 -60.160915970495694
2019.043823242188 -61.339572906494 -60.451308009995834
2019.109497070312 -59.563671112061 -61.3358592389486
2019.1259765625 -60.716770172119 -61.55344395687561
2019.142333984375 -61.506950378418 -61.768133119191155
2019.175170898438 -63.18913269043 -62.19002281604057
2019.191650390625 -63.015338897705 -62.42161729180516
2019.208129882812 -62.809715270996 -62.65419626831223
2019.224487304688 -62.757194519043 -62.90144293012283
2019.240966796875 -62.687740325928 -63.12318898694631
2019.25732421875 -64.626113891602 -63.31511047447969
2019.273803710938 -65.646240234375 -63.54124953400697
2019.290161132812 -62.838756561279 -63.71952794051378
2019.306640625 -63.065258026123 -63.784554316778866
2019.323120117188 -63.464500427246 -63.804826242397674
2019.339477539062 -66.099472045898 -63.78551456878245
2019.35595703125 -63.00479888916 -63.73143947437037
2019.372314453125 -66.765823364258 -63.65442024910521
2019.388793945312 -63.616558074951 -63.58573645922901
2019.405151367188 -61.700706481934 -63.60524327452145
2019.421630859375 -65.688789367676 -63.652961203068706
2019.438110351562 -61.950298309326 -63.768948300786555
2019.454467773438 -63.208408355713 -63.959856538356405
2019.470947265625 -57.060676574707 -64.2278522436885
2019.4873046875 -60.340385437012 -64.56049247218115
2019.503784179688 -64.561584472656 -65.08815425192796
2019.520141601562 -61.459449768066 -65.47337875772556
2019.53662109375 -67.331619262695 -65.91777959660696
2019.569458007812 -67.439918518066 -67.00647672083481
2019.602294921875 -70.363594055176 -68.19894265519012
2019.618774414062 -65.220085144043 -68.80068976500638
2019.635131835938 -70.765357971191 -69.42054583190773
2019.651611328125 -73.68692779541 -70.01776001760979
2019.668090820312 -64.116653442383 -70.652787676319
2019.71728515625 -72.745704650879 -72.37915502550732
2019.733764648438 -76.717338562012 -72.90569954612367
2019.750122070312 -72.342491149902 -73.32761536729888
2019.7666015625 -71.991401672363 -73.78111994083123
2019.799438476562 -74.92822265625 -74.52672413677749
2019.832275390625 -78.21558380127 -75.23969434643055
2019.865112304688 -76.829048156738 -75.8722814973491
2019.898071289062 -77.634620666504 -76.41720572271811
2019.930908203125 -76.78475189209 -76.85316990852776
2019.963745117188 -77.281112670898 -77.15113028067698
2019.99658203125 -77.870994567871 -77.36200228856042
2020.030151367188 -78.221687316895 -77.63093256688158
2020.06298828125 -78.168327331543 -77.6224655844511
2020.095825195312 -78.046340942383 -77.57407222477094
2020.128662109375 -78.477958679199 -77.46849670089534
2020.161499023438 -78.594009399414 -77.33035133867024
2020.177978515625 -77.602447509766 -77.23764850065822
2020.1943359375 -78.220985412598 -77.18118640672539
2020.227294921875 -77.500907897949 -77.047012518725
2020.260131835938 -73.28572845459 -76.96374105670772
2020.29296875 -75.668853759766 -76.87363071249911
2020.325805664062 -76.2451171875 -76.82890348066267
2020.358642578125 -76.279647827148 -76.97968138450275
2020.391479492188 -75.772422790527 -77.21151129548868
2020.42431640625 -74.16837310791 -77.5390768038645
2020.457275390625 -78.631042480469 -78.05343098699637
2020.490112304688 -77.181312561035 -78.78830469445361
2020.52294921875 -82.304710388184 -79.65293863223107
2020.555786132812 -79.203979492188 -80.55948512191968
2020.572265625 -77.263023376465 -80.99081577938728
2020.588623046875 -79.462448120117 -81.36635272334132
2020.605102539062 -83.736419677734 -81.79659447627745
2020.621459960938 -81.292251586914 -82.1295846563876
2020.654296875 -85.819618225098 -82.83118927074806
2020.687255859375 -89.232887268066 -83.4147998597434
2020.70361328125 -88.65567779541 -83.7368555595085
2020.720092773438 -87.521072387695 -83.79965317926441
2020.7529296875 -83.608329772949 -84.01307588753062
2020.785766601562 -85.494651794434 -84.12022775694048
2020.818603515625 -82.408027648926 -84.18424560897682
2020.851440429688 -86.162223815918 -84.18475348432818
2020.917236328125 -86.142791748047 -83.78808914549148
2020.950073242188 -81.67512512207 -83.47921068659159
2020.98291015625 -80.432029724121 -83.17996926920696
2021.013671875 -83.033142089844 -82.91861906943402
2021.046508789062 -82.556686401367 -82.81005609675279
2021.079345703125 -86.366470336914 -83.02767641906561
2021.1123046875 -80.356353759766 -83.3503769092312
2021.145141601562 -81.350921630859 -83.85141858310408
2021.177978515625 -81.072868347168 -84.5125167360453
2021.210815429688 -81.737800598145 -85.3035903057633
2021.24365234375 -79.202842712402 -85.9084892970117
2021.276489257812 -81.971099853516 -86.9548851892526
2021.309326171875 -88.373382568359 -88.15071501989242
2021.34228515625 -88.691284179688 -89.5244437032637
2021.358642578125 -88.618515014648 -90.30470432467824
2021.391479492188 -98.075782775879 -91.82509787766898
2021.407958984375 -92.252449035645 -92.61049751154206
2021.440795898438 -93.893669128418 -94.17037899221428
2021.4736328125 -100.076614379883 -95.4530595466873
2021.506469726562 -105.684349060059 -96.19690686079771
2021.539306640625 -103.110969543457 -96.55117765619977
2021.572265625 -96.829307556152 -96.40263817551043
2021.605102539062 -116.9521484375 -96.82591068706436
2021.637939453125 -102.463821411133 -97.20058789822122
2021.670776367188 -107.198234558105 -97.4889978185322
2021.736450195312 -111.202369689941 -97.39389959619528
2021.769287109375 -96.951477050781 -97.31582889883178
2021.80224609375 -96.296997070312 -97.00921351778335
2021.835083007812 -97.957809448242 -96.66418392217476
2021.867919921875 -97.312393188477 -96.12712113188925
2021.966430664062 -94.040489196777 -94.33010861371922
2022.0 -95.356750488281 -93.72700596091413
2022.065673828125 -89.166999816895 -92.56984165911877
2022.098510742188 -96.444091796875 -92.15500765557002
2022.197143554688 -86.760215759277 -91.4597610363488
2022.22998046875 -88.340667724609 -91.27330933164953
2022.262817382812 -87.799087524414 -91.12368083365223
2022.295654296875 -85.362869262695 -91.03760740743549
2022.328491210938 -93.844497680664 -91.04472427854371
2022.394287109375 -75.165267944336 -91.20080732713033
2022.558471679688 -90.931076049805 -91.41598086572509
2022.591430664062 -95.062850952148 -91.67118323435838
2022.68994140625 -82.502914428711 -92.62320298139706
2022.722778320312 -100.33154296875 -92.76586502690546
2022.821411132812 -96.897956848145 -92.7944926811614
2022.854248046875 -92.158973693848 -92.82052417259868
2022.887084960938 -91.417900085449 -92.86562932438338
2022.919921875 -91.002426147461 -92.88156136234059
2022.952758789062 -91.238052368164 -92.88219384904261
2022.985595703125 -92.842597961426 -93.04761717550231
2023.019165039062 -93.485694885254 -93.3200885353134
2023.052001953125 -93.842842102051 -93.58291827387168
2023.084838867188 -92.235130310059 -93.94316777028564
2023.11767578125 -93.137130737305 -94.36369614156665
2023.150634765625 -94.909721374512 -94.75611389562431
2023.183471679688 -95.570327758789 -95.17363111352093
2023.21630859375 -93.915176391602 -95.56496229472198
2023.249145507812 -98.71923828125 -95.94120928033774
2023.281982421875 -97.962425231934 -96.31308269556332
2023.314819335938 -95.948181152344 -96.68488405351894
2023.34765625 -96.797080993652 -97.05758759743432
2023.380615234375 -101.054649353027 -97.43263463654102
2023.413452148438 -94.960754394531 -97.80669126320524
2023.4462890625 -99.409049987793 -98.17977061680061
2023.57763671875 -98.06135559082 -99.64451331306728
