2014.804931640625 0.0 0.02095750011171342
2014.837768554688 -1.001632332802 -0.7069747774650323
2014.903442382812 0.521922707558 -2.1577340054212186
2014.96923828125 -3.166630983353 -3.6038984148099833
2015.03564453125 -2.736459255219 -5.0557997662998
2015.101318359375 -13.031064987183 -6.484074313936297
2015.265625 -9.080630302429 -10.026692397950926
2015.331298828125 -15.103413581848 -11.432003264639917
2015.39697265625 -16.38893699646 -12.83289662602139
2016.021850585938 -29.405029296875 -26.250731705834923
2016.1533203125 -28.648962020874 -28.891739634318558
2016.350463867188 -32.327323913574 -31.746093151909513
2016.416137695312 -30.448926925659 -32.48448802795521
2016.547607421875 -36.601879119873 -33.94013079566298
2016.744750976562 -33.378429412842 -36.362930783914294
2016.777587890625 -47.336334228516 -36.74643670325652
2016.810424804688 -39.021308898926 -37.08707053324375
2016.84326171875 -36.566776275635 -37.44390632268304
2016.876098632812 -34.107677459717 -37.94588000970534
2016.908935546875 -37.834373474121 -38.57024024979391
2016.941772460938 -38.602603912354 -39.220327233199676
2016.974731445312 -40.369396209717 -40.07096752119839
2017.005493164062 -40.520843505859 -40.97800813846327
2017.038330078125 -42.614246368408 -41.9188072544888
2017.071166992188 -40.651515960693 -42.87211981799937
2017.10400390625 -42.67760848999 -43.954724045012505
2017.136840820312 -42.284969329834 -45.093988071782604
2017.169799804688 -47.570652008057 -46.266330419438816
2017.20263671875 -48.902088165283 -47.448485731189486
2017.235473632812 -47.549964904785 -48.61917426810057
2017.268310546875 -50.265678405762 -49.78311631727374
2017.301147460938 -50.146881103516 -50.943176081408666
2017.333984375 -52.104251861572 -52.06677571505518
2017.366821289062 -57.14790725708 -53.12416747241001
2017.399780273438 -59.306270599365 -54.10666394684314
2017.4326171875 -52.69743347168 -55.00679951673158
2017.498291015625 -58.758460998535 -56.622672719044566
2017.531127929688 -56.168888092041 -57.37305276963256
2017.56396484375 -61.996467590332 -58.07439071977137
2017.596801757812 -62.283893585205 -58.69951613943701
2017.629760742188 -56.766792297363 -59.23520709370568
2017.66259765625 -59.939708709717 -59.67317746169216
2017.695434570312 -59.904579162598 -60.044708964906086
2017.728271484375 -60.970710754395 -60.375166861975465
2017.761108398438 -60.613380432129 -60.67085096522527
2017.7939453125 -62.072872161865 -60.94256315702872
2017.826782226562 -61.458572387695 -61.220968004652896
2017.859741210938 -61.476383209229 -61.52358848093972
2017.892578125 -60.964714050293 -61.858454606707305
2017.925415039062 -61.562046051025 -62.230633759336044
2017.958251953125 -61.622299194336 -62.62766609645823
2017.991088867188 -62.645538330078 -63.04172892498446
2018.024658203125 -62.836563110352 -63.504542032999765
2018.057495117188 -63.440521240234 -64.03561443726788
2018.09033203125 -64.19068145752 -64.69289346645061
2018.123168945312 -64.57738494873 -65.51162868316932
2018.156005859375 -66.632949829102 -66.49175794883092
2018.18896484375 -66.361625671387 -67.59414477830248
2018.221801757812 -66.640647888184 -68.7675945798307
2018.254638671875 -67.489562988281 -69.99655136216698
2018.287475585938 -68.081748962402 -71.28194926089445
2018.3203125 -69.913055419922 -72.62257668252424
2018.353149414062 -78.556686401367 -74.00918514229787
2018.385986328125 -77.004470825195 -75.41637986674158
2018.4189453125 -80.161834716797 -76.83232581290754
2018.451782226562 -78.490570068359 -78.21768365860981
2018.484619140625 -77.851379394531 -79.54939475801642
2018.517456054688 -80.432334899902 -80.80170867890212
2018.55029296875 -84.917449951172 -81.94055974478191
2018.583129882812 -87.644584655762 -82.94343266058803
2018.615966796875 -85.448722839355 -83.82512574025907
2018.64892578125 -86.936882019043 -84.62280125724494
2018.681762695312 -83.080680847168 -85.36953369207154
2018.714599609375 -88.595458984375 -86.08170419223528
2018.747436523438 -85.227844238281 -86.74257216107296
2018.7802734375 -87.280113220215 -87.34173344649194
2018.813110351562 -89.602470397949 -87.87732975096533
2018.845947265625 -86.808822631836 -88.36664347462278
2018.87890625 -86.935691833496 -88.87198583893573
2018.911743164062 -90.608596801758 -89.47566534231883
2018.944580078125 -90.502708435059 -90.10040459257438
2018.977416992188 -91.775016784668 -90.75776305619385
2019.010986328125 -88.409210205078 -91.50528785250945
2019.043823242188 -91.183494567871 -92.21988819500363
2019.109497070312 -93.425216674805 -93.73721142138548
2019.1259765625 -93.877174377441 -94.08653854445959
2019.142333984375 -96.15650177002 -94.477467680288
2019.175170898438 -95.301086425781 -95.34684677018915
2019.191650390625 -95.210166931152 -95.79076113521968
2019.208129882812 -98.123779296875 -96.21420694228834
2019.224487304688 -96.696166992188 -96.62995251536385
2019.240966796875 -96.923370361328 -96.98198786450189
2019.25732421875 -97.347152709961 -97.2948139845038
2019.273803710938 -97.895874023438 -97.62685129228
2019.290161132812 -96.475540161133 -97.93132354549036
2019.306640625 -100.107276916504 -98.1511837495249
2019.323120117188 -97.244583129883 -98.3547660212881
2019.339477539062 -98.494697570801 -98.54597671544413
2019.35595703125 -101.202102661133 -98.71688980312469
2019.372314453125 -99.906616210938 -98.85607092601313
2019.388793945312 -100.220199584961 -98.95796689635533
2019.405151367188 -98.912033081055 -98.96695311326863
2019.421630859375 -96.643173217773 -99.03935452274347
2019.438110351562 -97.333335876465 -99.13122920074981
2019.454467773438 -100.892883300781 -99.27872870501052
2019.470947265625 -103.156478881836 -99.51733547116463
2019.4873046875 -99.116844177246 -99.83041643422737
2019.503784179688 -95.908798217773 -100.28524904097037
2019.520141601562 -96.270385742188 -100.5939795234508
2019.53662109375 -98.164695739746 -100.91496038571763
2019.569458007812 -102.243125915527 -101.66845465466182
2019.602294921875 -107.457054138184 -102.80884419187707
2019.618774414062 -101.984474182129 -103.41313178399174
2019.635131835938 -105.616645812988 -104.06105892939978
2019.651611328125 -104.04598236084 -104.86638224757307
2019.668090820312 -101.787208557129 -105.59910988637589
2019.71728515625 -105.56517791748 -108.05476096590294
2019.733764648438 -106.905921936035 -108.90387077378588
2019.750122070312 -109.788688659668 -109.79210267757982
2019.7666015625 -113.374740600586 -110.6621167495452
2019.799438476562 -112.95337677002 -112.44558597825406
2019.832275390625 -113.782234191895 -114.22213749509245
2019.865112304688 -116.739135742188 -116.02288442479978
2019.898071289062 -117.061431884766 -117.84342187609408
2019.930908203125 -120.601600646973 -119.6276759667475
2019.963745117188 -121.600761413574 -121.32997321059737
2019.99658203125 -123.53247833252 -122.98840073738921
2020.030151367188 -124.807548522949 -124.69554662002419
2020.06298828125 -126.483932495117 -126.26511066410346
2020.095825195312 -127.84545135498 -127.81107329056313
2020.128662109375 -129.86848449707 -129.29241306018875
2020.161499023438 -131.619338989258 -130.68783857355467
2020.177978515625 -131.714111328125 -131.29758549938393
2020.1943359375 -132.390243530273 -131.99107063513475
2020.227294921875 -134.522445678711 -133.20446488088479
2020.260131835938 -134.033630371094 -134.29553703661688
2020.29296875 -136.161178588867 -135.33399723066856
2020.325805664062 -140.115325927734 -136.2386401421099
2020.358642578125 -135.68083190918 -136.90556902748426
2020.391479492188 -140.039443969727 -137.46659493031558
2020.42431640625 -138.984344482422 -137.91948693684986
2020.457275390625 -139.300491333008 -138.2154827145904
2020.490112304688 -141.754241943359 -138.34833146468458
2020.52294921875 -136.181716918945 -138.35057749502639
2020.555786132812 -134.367889404297 -138.21582060493913
2020.572265625 -144.990386962891 -138.0413294922503
2020.588623046875 -140.679061889648 -137.85116832544372
2020.605102539062 -143.048370361328 -137.7566853556829
2020.621459960938 -139.075012207031 -137.54448643187064
2020.654296875 -135.110870361328 -137.2009131763039
2020.687255859375 -136.897796630859 -136.8590766244635
2020.70361328125 -132.811645507812 -136.67527264038438
2020.720092773438 -139.646453857422 -136.57100049164848
2020.7529296875 -135.815246582031 -136.32482518857574
2020.785766601562 -135.430084228516 -136.09754622473497
2020.818603515625 -133.489074707031 -135.89337805839833
2020.851440429688 -133.258895874023 -135.72588731137682
2020.917236328125 -137.269409179688 -135.66426284817243
2020.950073242188 -136.583068847656 -135.89914810381984
2020.98291015625 -135.879486083984 -136.22367324964657
2021.013671875 -133.341522216797 -136.4413361454206
2021.046508789062 -133.792770385742 -136.8556772013304
2021.079345703125 -136.968673706055 -137.40981317425917
2021.1123046875 -137.176055908203 -137.9924618024855
2021.145141601562 -136.758804321289 -138.64908981863778
2021.177978515625 -140.827499389648 -139.37122736090132
2021.210815429688 -141.088745117188 -140.15299905054587
2021.24365234375 -139.102111816406 -140.95153715504318
2021.276489257812 -143.900787353516 -141.90061353664296
2021.309326171875 -140.194259643555 -142.8827226189794
2021.34228515625 -143.529220581055 -143.89960265290202
2021.358642578125 -142.401718139648 -144.4552615414235
2021.391479492188 -149.683944702148 -145.54021449477284
2021.407958984375 -144.911758422852 -146.11611814147946
2021.440795898438 -147.433364868164 -147.19862038819082
2021.4736328125 -147.865921020508 -148.18257974304709
2021.506469726562 -142.815002441406 -148.98813892792646
2021.539306640625 -157.195831298828 -149.6160632180593
2021.572265625 -155.820816040039 -149.8178438389377
2021.605102539062 -155.019744873047 -150.3128295865355
2021.637939453125 -153.142059326172 -150.7488157406359
2021.670776367188 -155.2275390625 -151.10633971739426
2021.736450195312 -155.541320800781 -151.31095957371016
2021.769287109375 -152.528930664062 -151.44577888702503
2021.80224609375 -148.288635253906 -151.3607199523043
2021.835083007812 -146.490585327148 -151.25195621162513
2021.867919921875 -152.214599609375 -151.0110255359894
2021.966430664062 -150.100021362305 -150.43330205470312
2022.0 -148.141860961914 -150.350777735626
2022.065673828125 -151.391510009766 -150.07567751003876
2022.098510742188 -147.537612915039 -150.11054248818488
2022.197143554688 -148.171646118164 -150.42567866860415
2022.22998046875 -148.199661254883 -150.65287064855025
2022.262817382812 -150.100646972656 -150.94290001806638
2022.295654296875 -151.027618408203 -151.2722080480635
2022.328491210938 -151.301956176758 -151.61591886824274
2022.394287109375 -158.579193115234 -152.21974335271787
2022.558471679688 -155.08430480957 -153.47110696181053
2022.591430664062 -147.533279418945 -153.87966406862253
2022.68994140625 -158.348815917969 -155.08129086826858
2022.722778320312 -159.984100341797 -155.38455520588474
2022.821411132812 -152.816482543945 -155.55750900097183
2022.854248046875 -156.714767456055 -155.514096567882
2022.887084960938 -153.674407958984 -155.47446860999895
2022.919921875 -156.406021118164 -155.4412183320344
2022.952758789062 -154.677368164062 -155.36179136707293
2022.985595703125 -156.800720214844 -155.31459765045787
2023.019165039062 -152.423950195312 -155.33238734438288
2023.052001953125 -155.122039794922 -155.34231991397695
2023.084838867188 -154.472473144531 -155.51912424007313
2023.11767578125 -155.618606567383 -155.80780233987215
2023.150634765625 -156.138366699219 -156.0573106925382
2023.183471679688 -154.858245849609 -156.36742395959362
2023.21630859375 -154.042831420898 -156.67720019955365
2023.249145507812 -156.899688720703 -156.98988615206918
2023.281982421875 -156.450241088867 -157.3084685090085
2023.314819335938 -158.779037475586 -157.6350090525439
2023.34765625 -158.288772583008 -157.97095337587507
2023.380615234375 -163.300338745117 -158.31805445797238
2023.413452148438 -157.246337890625 -158.6733548473816
2023.4462890625 -159.609283447266 -159.03663199820352
2023.57763671875 -174.215072631836 -160.54892778256024
