2014.804931640625 -0.0 1.6495093114612314
2014.837768554688 -24.04415512085 0.10309730024359541
2014.903442382812 -10.75952911377 -3.0023046871796564
2014.96923828125 -15.621866226196 -6.129864213610009
2015.03564453125 8.493881225586 -9.30149703023841
2015.101318359375 -0.745906770229 -12.45057138841486
2015.265625 8.634275436401 -20.36150046900558
2015.331298828125 -20.654781341553 -23.52500620017068
2015.39697265625 -18.245748519897 -26.68047622038881
2016.021850585938 -36.439079284668 -56.07170844365899
2016.1533203125 -66.210884094238 -64.34925827104513
2016.350463867188 -113.699951171875 -75.37655084743395
2016.416137695312 -86.842926025391 -76.9166631038996
2016.547607421875 -86.936401367188 -80.41650954318287
2016.744750976562 -85.053718566895 -85.61598674012426
2016.777587890625 -83.015228271484 -85.52070357153092
2016.810424804688 -91.921394348145 -85.42842779623378
2016.84326171875 -85.758766174316 -85.34780161857219
2016.876098632812 -87.317817687988 -85.31212012059568
2016.908935546875 -84.514442443848 -85.3879881206711
2016.941772460938 -83.423957824707 -85.50660671189924
2016.974731445312 -83.422790527344 -85.70087191640923
2017.005493164062 -84.847518920898 -86.0642462467565
2017.038330078125 -84.314247131348 -86.34602228959199
2017.071166992188 -84.752059936523 -86.63555558712513
2017.10400390625 -83.698768615723 -87.36197448635309
2017.136840820312 -86.956115722656 -88.37846426770857
2017.169799804688 -87.353157043457 -89.58726708598307
2017.20263671875 -89.70426940918 -90.99669615654771
2017.235473632812 -89.547790527344 -92.5923165064582
2017.268310546875 -92.342414855957 -94.3500948862537
2017.301147460938 -95.529762268066 -96.24787687116739
2017.333984375 -92.045837402344 -98.26681151283661
2017.366821289062 -105.54956817627 -100.37025840832945
2017.399780273438 -105.622718811035 -102.51597597859468
2017.4326171875 -103.11595916748 -104.61499931479744
2017.498291015625 -107.5205078125 -108.49614898121247
2017.531127929688 -118.812324523926 -110.25306166741198
2017.56396484375 -123.088821411133 -111.87856733718719
2017.596801757812 -113.322235107422 -113.34624067745649
2017.629760742188 -120.554626464844 -114.63849970104906
2017.66259765625 -119.603294372559 -115.73359167334024
2017.695434570312 -121.181915283203 -116.65483278414452
2017.728271484375 -118.688987731934 -117.3497261192691
2017.761108398438 -118.427040100098 -117.73151867228195
2017.7939453125 -117.917655944824 -117.81566447225276
2017.826782226562 -118.590927124023 -117.70285276067814
2017.859741210938 -118.902946472168 -117.45487122114666
2017.892578125 -117.77400970459 -117.14874167621697
2017.925415039062 -116.355171203613 -116.8161356118207
2017.958251953125 -115.984222412109 -116.47240909859927
2017.991088867188 -115.667106628418 -116.15732873764458
2018.024658203125 -114.852104187012 -115.89148057284223
2018.057495117188 -114.786094665527 -115.72895680618122
2018.09033203125 -114.793045043945 -115.70048550838877
2018.123168945312 -114.610443115234 -115.85077273709268
2018.156005859375 -114.178146362305 -116.19591268892383
2018.18896484375 -115.197189331055 -116.72645670339872
2018.221801757812 -114.88117980957 -117.4359689171972
2018.254638671875 -114.820648193359 -118.3213878951961
2018.287475585938 -116.321022033691 -119.37694291794286
2018.3203125 -116.112808227539 -120.60639571575526
2018.353149414062 -123.131286621094 -122.03623396377068
2018.385986328125 -121.402130126953 -123.67212155391938
2018.4189453125 -127.891510009766 -125.50255464509033
2018.451782226562 -125.819053649902 -127.46321853856642
2018.484619140625 -126.174987792969 -129.47953051341338
2018.517456054688 -138.890930175781 -131.48919306260882
2018.55029296875 -130.635757446289 -133.45806661600798
2018.583129882812 -133.253646850586 -135.35263924312673
2018.615966796875 -145.269790649414 -137.14358571229997
2018.64892578125 -143.07682800293 -138.8285262344465
2018.681762695312 -142.681076049805 -140.4100370097457
2018.714599609375 -150.674850463867 -141.8676337712277
2018.747436523438 -144.257965087891 -143.1444471730009
2018.7802734375 -144.510589599609 -144.22749375863887
2018.813110351562 -147.813552856445 -145.00491194592678
2018.845947265625 -148.395767211914 -145.67327994710527
2018.87890625 -148.555160522461 -146.0139871810978
2018.911743164062 -147.039291381836 -145.95632021064247
2018.944580078125 -145.9169921875 -145.87368210923856
2018.977416992188 -150.231948852539 -145.66546568214935
2019.010986328125 -142.66064453125 -145.29545085652876
2019.043823242188 -143.773300170898 -144.83968666684083
2019.109497070312 -142.583312988281 -143.63432530815754
2019.1259765625 -143.962753295898 -143.32034229933174
2019.142333984375 -146.076263427734 -143.03885514341468
2019.175170898438 -142.590805053711 -142.52610623531393
2019.191650390625 -140.005157470703 -142.32459919531624
2019.208129882812 -142.311233520508 -142.13873104410533
2019.224487304688 -141.517822265625 -141.93600374006888
2019.240966796875 -142.52864074707 -141.7517472626871
2019.25732421875 -141.045333862305 -141.61971853988814
2019.273803710938 -140.410369873047 -141.430397285369
2019.290161132812 -139.937438964844 -141.27040602498528
2019.306640625 -141.437911987305 -141.36263216570933
2019.323120117188 -139.42301940918 -141.60033214628803
2019.339477539062 -142.789611816406 -141.9470237538761
2019.35595703125 -140.547225952148 -142.3823147113478
2019.372314453125 -140.905242919922 -142.8855808878723
2019.388793945312 -140.414962768555 -143.48712780410122
2019.405151367188 -140.61051940918 -144.35553640659424
2019.421630859375 -145.306564331055 -145.1980806384599
2019.438110351562 -146.805465698242 -146.20241586145298
2019.454467773438 -147.032455444336 -147.39467394200886
2019.470947265625 -149.934539794922 -148.785397163153
2019.4873046875 -149.489898681641 -150.29009784153828
2019.503784179688 -146.284164428711 -151.88903422008374
2019.520141601562 -144.376281738281 -153.33324906495872
2019.53662109375 -154.884735107422 -154.76790377751814
2019.569458007812 -158.082046508789 -157.44954936836075
2019.602294921875 -165.551666259766 -159.79701376179744
2019.618774414062 -165.745422363281 -161.0440704336055
2019.635131835938 -166.245697021484 -162.28324035055257
2019.651611328125 -165.258773803711 -163.35372125041476
2019.668090820312 -160.618682861328 -164.5383803167184
2019.71728515625 -168.366409301758 -167.43320244264513
2019.733764648438 -167.750686645508 -168.28055436219822
2019.750122070312 -168.339813232422 -168.95090529999777
2019.7666015625 -171.706192016602 -169.67641633166258
2019.799438476562 -171.231719970703 -170.94402930332234
2019.832275390625 -174.480209350586 -172.18481532276886
2019.865112304688 -173.361251831055 -173.39368198028393
2019.898071289062 -173.7587890625 -174.59457767716142
2019.930908203125 -176.974884033203 -175.7445976402761
2019.963745117188 -176.025100708008 -176.81543401505215
2019.99658203125 -177.878509521484 -177.8648187303658
2020.030151367188 -178.452682495117 -178.93723076889404
2020.06298828125 -180.92512512207 -179.9781291585649
2020.095825195312 -181.072738647461 -181.01644628405708
2020.128662109375 -181.99250793457 -182.0499811821867
2020.161499023438 -183.615982055664 -183.0617701952106
2020.177978515625 -182.21125793457 -183.5288290359771
2020.1943359375 -184.150039672852 -184.03114195703137
2020.227294921875 -185.75212097168 -184.97160899714837
2020.260131835938 -185.513031005859 -185.87786923111955
2020.29296875 -188.344619750977 -186.7809668203554
2020.325805664062 -189.820373535156 -187.68828958186904
2020.358642578125 -186.98420715332 -188.68554105947288
2020.391479492188 -189.460525512695 -189.76709997663534
2020.42431640625 -189.961334228516 -190.859166783487
2020.457275390625 -188.41520690918 -191.91318724021198
2020.490112304688 -195.17561340332 -192.93691957080821
2020.52294921875 -188.156341552734 -193.98003796811918
2020.555786132812 -193.099914550781 -195.0628032129453
2020.572265625 -200.85205078125 -195.60477722898082
2020.588623046875 -202.587249755859 -196.10762189687665
2020.605102539062 -195.600891113281 -196.67572900964862
2020.621459960938 -203.540420532227 -197.13596660560395
2020.654296875 -197.282455444336 -198.08282411608752
2020.687255859375 -198.263580322266 -198.89603415312294
2020.70361328125 -195.444778442383 -199.31587437603474
2020.720092773438 -203.673461914062 -199.53338507123067
2020.7529296875 -203.508193969727 -200.02966019775081
2020.785766601562 -203.172454833984 -200.41163272631633
2020.818603515625 -200.27571105957 -200.70782301282202
2020.851440429688 -200.392669677734 -200.94024112459468
2020.917236328125 -199.666519165039 -201.38610154408497
2020.950073242188 -203.207824707031 -201.61713009593564
2020.98291015625 -203.28092956543 -201.83127300481323
2021.013671875 -200.504165649414 -201.98559831633796
2021.046508789062 -200.174468994141 -202.22438958425462
2021.079345703125 -201.272705078125 -202.68758075792152
2021.1123046875 -201.755798339844 -203.23261180767867
2021.145141601562 -204.640975952148 -203.87683385655149
2021.177978515625 -205.406860351562 -204.58925246579224
2021.210815429688 -203.572967529297 -205.3702340924494
2021.24365234375 -201.26496887207 -206.08533023787228
2021.276489257812 -202.151473999023 -207.05997929321188
2021.309326171875 -210.649703979492 -208.13309373318208
2021.34228515625 -208.687423706055 -209.29191672333062
2021.358642578125 -212.739715576172 -209.94377137562722
2021.391479492188 -211.569717407227 -211.19760840555085
2021.407958984375 -211.475326538086 -211.871610556594
2021.440795898438 -208.540557861328 -213.14240844115577
2021.4736328125 -211.968978881836 -214.31870161763504
2021.506469726562 -219.876403808594 -215.34251684422443
2021.539306640625 -221.311996459961 -216.2468075475936
2021.572265625 -215.149276733398 -216.97315032218316
2021.605102539062 -226.222900390625 -217.8710355723875
2021.637939453125 -220.266952514648 -218.72120840071523
2021.670776367188 -230.230514526367 -219.49049033375417
2021.736450195312 -221.145538330078 -220.57798791255476
2021.769287109375 -219.153961181641 -221.08343981627726
2021.80224609375 -222.310668945312 -221.42337797926302
2021.835083007812 -221.633880615234 -221.73677309045289
2021.867919921875 -226.902893066406 -221.8709354063705
2021.966430664062 -223.644897460938 -222.06363713391335
2022.0 -220.258117675781 -222.16839661314893
2022.065673828125 -225.821105957031 -222.43879956968595
2022.098510742188 -220.919326782227 -222.66507035702335
2022.197143554688 -220.894973754883 -223.6295298535182
2022.22998046875 -221.591217041016 -224.07823631989095
2022.262817382812 -216.465637207031 -224.60393481793278
2022.295654296875 -220.301544189453 -225.201011272519
2022.328491210938 -224.747756958008 -225.85310074204938
2022.394287109375 -228.961242675781 -227.10013657651544
2022.558471679688 -237.275238037109 -229.96812242342986
2022.591430664062 -214.60676574707 -230.80176878122725
2022.68994140625 -236.024719238281 -233.4479408728168
2022.722778320312 -259.359893798828 -234.274592944107
2022.821411132812 -232.448837280273 -235.60576362354738
2022.854248046875 -237.833053588867 -235.53625525596777
2022.887084960938 -233.678848266602 -235.33169538305117
2022.919921875 -236.969604492188 -235.12435764407704
2022.952758789062 -241.009353637695 -234.92242008697883
2022.985595703125 -237.346755981445 -234.73563630493774
2023.019165039062 -233.317626953125 -234.60493971592942
2023.052001953125 -230.258193969727 -234.46174697239317
2023.084838867188 -229.600158691406 -234.42589442131862
2023.11767578125 -234.699005126953 -234.5773647989185
2023.150634765625 -235.958206176758 -234.6529657396263
2023.183471679688 -232.255554199219 -234.85491093743207
2023.21630859375 -227.855728149414 -235.05404801574292
2023.249145507812 -229.546264648438 -235.2565576490673
2023.281982421875 -233.885391235352 -235.46820651020664
2023.314819335938 -240.413833618164 -235.6941379358402
2023.34765625 -234.413009643555 -235.93804421259222
2023.380615234375 -247.227935791016 -236.2016853947984
2023.413452148438 -234.28645324707 -236.48329919590725
2023.4462890625 -239.550811767578 -236.78291006265584
2023.57763671875 -276.448150634766 -238.13341685024585
