2014.804931640625 0.0 9.31024253125402
2014.837768554688 2.698648929596 8.528484226769171
2014.903442382812 3.960903167725 6.962628488463332
2014.96923828125 4.189861297607 5.390778911694495
2015.03564453125 5.550625324249 3.801768521700489
2015.101318359375 3.980357170105 2.228657979310502
2015.265625 15.543332099915 -1.711318849759881
2015.331298828125 8.315578460693 -3.2878590193374495
2015.39697265625 -5.211417675018 -4.865641884484527
2016.021850585938 -15.308884620667 -20.021587553106837
2016.1533203125 -23.347166061401 -23.171819290757274
2016.350463867188 -30.215148925781 -27.771308043432516
2016.416137695312 -42.508285522461 -29.43189581690127
2016.547607421875 -24.992511749268 -32.75890109880933
2016.744750976562 -35.461780548096 -36.527206296365065
2016.777587890625 -42.187278747559 -37.13532763121662
2016.810424804688 -35.24080657959 -37.912749463628984
2016.84326171875 -39.051620483398 -39.12315929124347
2016.876098632812 -40.669097900391 -40.48457159083532
2016.908935546875 -42.376346588135 -41.84740664775902
2016.941772460938 -42.660766601562 -43.19298680656281
2016.974731445312 -44.680965423584 -44.542241409381354
2017.005493164062 -45.761756896973 -45.78686500378328
2017.038330078125 -46.872817993164 -47.119158505578795
2017.071166992188 -48.559547424316 -48.45149036059133
2017.10400390625 -49.517021179199 -49.73957117733189
2017.136840820312 -51.593971252441 -51.01212753853905
2017.169799804688 -53.595855712891 -52.283454850886756
2017.20263671875 -54.570491790771 -53.536693119702164
2017.235473632812 -55.03763961792 -54.76089217113383
2017.268310546875 -55.770210266113 -55.91970678568136
2017.301147460938 -56.221813201904 -56.97527843010785
2017.333984375 -57.603229522705 -57.912508917336076
2017.366821289062 -59.783153533936 -58.73880715217489
2017.399780273438 -61.597576141357 -59.47881856858182
2017.4326171875 -62.577854156494 -60.15399005558351
2017.498291015625 -63.078212738037 -61.40515723699012
2017.531127929688 -64.38321685791 -62.001876002899806
2017.56396484375 -63.176326751709 -62.57200300080866
2017.596801757812 -62.358459472656 -63.10015695738861
2017.629760742188 -62.01146697998 -63.57634053411291
2017.66259765625 -62.07670211792 -64.00681079117945
2017.695434570312 -64.337768554688 -64.43088058256038
2017.728271484375 -64.762008666992 -64.89145035276844
2017.761108398438 -65.327972412109 -65.4054913804385
2017.7939453125 -65.640281677246 -65.96710547480562
2017.826782226562 -65.454772949219 -66.56518313910341
2017.859741210938 -66.633605957031 -67.2005542873797
2017.892578125 -68.492218017578 -67.86920950936573
2017.925415039062 -69.272758483887 -68.56591608560677
2017.958251953125 -68.958229064941 -69.28687143670442
2017.991088867188 -70.012031555176 -70.03116193044245
2018.024658203125 -70.685249328613 -70.8194007634007
2018.057495117188 -71.535743713379 -71.61914573640323
2018.09033203125 -72.016807556152 -72.45334980313717
2018.123168945312 -72.074043273926 -73.33055655811049
2018.156005859375 -72.913681030273 -74.26546589785741
2018.18896484375 -75.627944946289 -75.27575239115589
2018.221801757812 -75.401428222656 -76.35787179329463
2018.254638671875 -77.395919799805 -77.50601067215419
2018.287475585938 -77.517250061035 -78.72200906347263
2018.3203125 -79.105728149414 -80.00002231072419
2018.353149414062 -75.702430725098 -81.32344994826728
2018.385986328125 -82.202110290527 -82.6724337906472
2018.4189453125 -82.899047851562 -84.04226856164337
2018.451782226562 -85.818252563477 -85.41494504694548
2018.484619140625 -89.292572021484 -86.79288735738781
2018.517456054688 -87.943237304688 -88.18179799750462
2018.55029296875 -95.569152832031 -89.5719980919417
2018.583129882812 -91.738479614258 -90.92481694315435
2018.615966796875 -92.9658203125 -92.20467848834166
2018.64892578125 -93.303726196289 -93.39829974169074
2018.681762695312 -94.630752563477 -94.50515503849232
2018.714599609375 -89.143928527832 -95.5480955234516
2018.747436523438 -97.518836975098 -96.52912754542757
2018.7802734375 -98.63648223877 -97.46458782677885
2018.813110351562 -102.012794494629 -98.37121957932352
2018.845947265625 -101.202125549316 -99.2858433204587
2018.87890625 -99.331192016602 -100.19171045722378
2018.911743164062 -100.009651184082 -101.09265203932566
2018.944580078125 -101.272857666016 -101.95494398135993
2018.977416992188 -101.366561889648 -102.78002792889016
2019.010986328125 -103.377456665039 -103.71185355245511
2019.043823242188 -104.093620300293 -104.63038000880448
2019.109497070312 -106.882904052734 -106.84109423458094
2019.1259765625 -106.831192016602 -107.43264883527382
2019.142333984375 -107.998001098633 -108.046526722682
2019.175170898438 -109.492317199707 -109.29346494193818
2019.191650390625 -109.646629333496 -109.91951670980265
2019.208129882812 -111.109466552734 -110.537408930307
2019.224487304688 -111.196327209473 -111.1594136506535
2019.240966796875 -111.653106689453 -111.76239580683222
2019.25732421875 -112.568008422852 -112.35776845643838
2019.273803710938 -113.876792907715 -112.96795621119756
2019.290161132812 -113.623886108398 -113.56425922977022
2019.306640625 -114.042465209961 -114.16660555989093
2019.323120117188 -114.767120361328 -114.7943493224951
2019.339477539062 -115.862968444824 -115.44192478635175
2019.35595703125 -114.785514831543 -116.1069610953644
2019.372314453125 -115.624198913574 -116.76763566174628
2019.388793945312 -117.280746459961 -117.43305805130335
2019.405151367188 -116.50016784668 -118.11952673737463
2019.421630859375 -118.780258178711 -118.80953892155324
2019.438110351562 -120.877143859863 -119.51417858437978
2019.454467773438 -120.830459594727 -120.22165527772701
2019.470947265625 -121.217231750488 -120.92536340555858
2019.4873046875 -123.392646789551 -121.5825239808638
2019.503784179688 -118.427101135254 -122.147912045642
2019.520141601562 -121.627792358398 -122.76722228578352
2019.53662109375 -127.913673400879 -123.35580432438155
2019.569458007812 -127.943351745605 -124.34983176241867
2019.602294921875 -121.648666381836 -125.024490783445
2019.618774414062 -127.799713134766 -125.38950355314087
2019.635131835938 -128.589782714844 -125.73491334692778
2019.651611328125 -125.639862060547 -125.92336993477943
2019.668090820312 -128.723678588867 -126.21433527630413
2019.71728515625 -127.596450805664 -126.56441955943977
2019.733764648438 -125.725860595703 -126.57272019097785
2019.750122070312 -129.505569458008 -126.42552176530661
2019.7666015625 -126.574104309082 -126.32399654209854
2019.799438476562 -126.162818908691 -125.95146635412453
2019.832275390625 -127.295066833496 -125.5458059425448
2019.865112304688 -124.922454833984 -125.0925653906721
2019.898071289062 -124.458938598633 -124.59733121224076
2019.930908203125 -124.463874816895 -124.07035996073624
2019.963745117188 -123.034309387207 -123.52556621150897
2019.99658203125 -123.186340332031 -122.99748738809187
2020.030151367188 -121.784255981445 -122.44550013936923
2020.06298828125 -121.794425964355 -121.98068205576809
2020.095825195312 -120.854690551758 -121.53738799703626
2020.128662109375 -121.665565490723 -121.13961191064735
2020.161499023438 -119.857521057129 -120.78127356059213
2020.177978515625 -120.058990478516 -120.6292990013371
2020.1943359375 -119.52774810791 -120.44565163920346
2020.227294921875 -119.322242736816 -120.12918082381856
2020.260131835938 -121.158599853516 -119.85183623882702
2020.29296875 -119.322708129883 -119.61104137101727
2020.325805664062 -121.947975158691 -119.42936500354858
2020.358642578125 -118.376739501953 -119.38685900506661
2020.391479492188 -118.990013122559 -119.42225759894376
2020.42431640625 -118.31681060791 -119.47998122449427
2020.457275390625 -115.203979492188 -119.54775041957714
2020.490112304688 -117.220420837402 -119.61332325320829
2020.52294921875 -119.654830932617 -119.67799506629237
2020.555786132812 -119.506774902344 -119.76330658902562
2020.572265625 -124.232315063477 -119.80201799540548
2020.588623046875 -121.242134094238 -119.83728821855813
2020.605102539062 -120.76887512207 -119.90988082584283
2020.621459960938 -121.79997253418 -119.94585666448599
2020.654296875 -114.672065734863 -120.06199358222064
2020.687255859375 -120.909446716309 -120.14280401469303
2020.70361328125 -120.974716186523 -120.18356891585884
2020.720092773438 -118.084991455078 -120.14821752481794
2020.7529296875 -120.05436706543 -120.07709486122
2020.785766601562 -119.540031433105 -119.93802586261246
2020.818603515625 -119.635131835938 -119.74246500048046
2020.851440429688 -120.651443481445 -119.50990802261892
2020.917236328125 -120.334320068359 -119.01983499959101
2020.950073242188 -119.077644348145 -118.77230683541174
2020.98291015625 -118.253395080566 -118.5231844187623
2021.013671875 -118.466331481934 -118.30913500072286
2021.046508789062 -117.225830078125 -118.04317855846924
2021.079345703125 -117.52645111084 -117.75604964147905
2021.1123046875 -117.002250671387 -117.45859453257057
2021.145141601562 -117.774955749512 -117.15954283526922
2021.177978515625 -116.247222900391 -116.87558689188107
2021.210815429688 -117.978805541992 -116.63983291569544
2021.24365234375 -114.91349029541 -116.4040926940489
2021.276489257812 -116.508819580078 -116.3116498958966
2021.309326171875 -116.287399291992 -116.36692523275623
2021.34228515625 -113.095977783203 -116.5699579735642
2021.358642578125 -116.356399536133 -116.82021708905913
2021.391479492188 -114.73934173584 -117.13430878780639
2021.407958984375 -115.077308654785 -117.39277565930601
2021.440795898438 -109.962074279785 -117.77729326092243
2021.4736328125 -114.514190673828 -118.24820971282652
2021.506469726562 -121.029663085938 -118.81503166769917
2021.539306640625 -117.408477783203 -119.46007596512197
2021.572265625 -120.856872558594 -120.23640018797238
2021.605102539062 -121.109405517578 -120.9394137379893
2021.637939453125 -120.993545532227 -121.67430983918244
2021.670776367188 -121.945732116699 -122.42253442453269
2021.736450195312 -125.006164550781 -123.82273881267409
2021.769287109375 -125.978660583496 -124.50307291002015
2021.80224609375 -127.805786132812 -125.13208917810127
2021.835083007812 -125.315979003906 -125.75250771780668
2021.867919921875 -126.146842956543 -126.32101365480129
2021.966430664062 -128.151794433594 -127.99256356023919
2022.0 -128.672348022461 -128.5371554287007
2022.065673828125 -130.985366821289 -129.63109950455922
2022.098510742188 -127.926597595215 -130.10670494294584
2022.197143554688 -130.948684692383 -131.31127620163082
2022.22998046875 -133.210739135742 -131.65928804571314
2022.262817382812 -133.028366088867 -131.9820110005699
2022.295654296875 -132.389389038086 -132.27567744235697
2022.328491210938 -134.003356933594 -132.5352448536999
2022.394287109375 -136.221984863281 -132.96251053717225
2022.558471679688 -132.04133605957 -133.82507152017226
2022.591430664062 -135.655792236328 -133.99003509842126
2022.68994140625 -131.841171264648 -134.31176171723885
2022.722778320312 -138.804489135742 -134.37655440309717
2022.821411132812 -134.056976318359 -134.66721589750446
2022.854248046875 -137.738723754883 -134.8475639200855
2022.887084960938 -132.663513183594 -135.08097991647236
2022.919921875 -135.91455078125 -135.2823827205934
2022.952758789062 -133.587783813477 -135.50533156414497
2022.985595703125 -134.733489990234 -135.9901975400542
2023.019165039062 -135.735092163086 -136.68981684464757
2023.052001953125 -135.998474121094 -137.32815161044098
2023.084838867188 -136.571395874023 -138.26314137029604
2023.11767578125 -137.785018920898 -139.4155724088618
2023.150634765625 -137.155044555664 -140.44192732283852
2023.183471679688 -139.914352416992 -141.61037130949737
2023.21630859375 -136.998413085938 -142.78346222223684
2023.249145507812 -135.656784057617 -143.96776999788983
2023.281982421875 -144.926422119141 -145.16575337831694
2023.314819335938 -147.534759521484 -146.37820963008164
2023.34765625 -147.175552368164 -147.60521464197802
2023.380615234375 -149.294952392578 -148.85067363302713
2023.413452148438 -149.979293823242 -150.10464167694926
2023.4462890625 -156.736938476562 -151.37090159953726
2023.57763671875 -181.403274536133 -156.53610899424413
