2014.804931640625 0.0 6.08791079796868
2014.837768554688 4.324602127075 6.061032995826342
2014.903442382812 6.526429176331 6.0076799120760755
2014.96923828125 7.235683441162 5.954981665991555
2015.03564453125 5.722490310669 5.902666329940787
2015.101318359375 9.619985580444 5.851586723145268
2015.265625 4.424169063568 5.724393219552989
2015.331298828125 10.663545608521 5.6725278181354994
2015.39697265625 17.585784912109 5.619389106210109
2016.021850585938 4.701326847076 5.056814570760511
2016.1533203125 6.330040931702 5.047333695630095
2016.350463867188 7.8481965065 4.69278178683211
2016.416137695312 1.306950688362 4.5817164539619775
2016.547607421875 1.093401312828 4.306588313111369
2016.744750976562 2.581152200699 3.370476756626271
2016.777587890625 2.962838888168 3.4417875112938225
2016.810424804688 4.844710350037 3.535972541216033
2016.84326171875 3.906670570374 3.654866878972186
2016.876098632812 3.89084982872 3.767958524804435
2016.908935546875 3.96689248085 3.880055012731438
2016.941772460938 4.158762931824 3.9992256860920254
2016.974731445312 4.203853130341 4.11644254867731
2017.005493164062 4.271504402161 4.234679494169593
2017.038330078125 3.881555557251 4.354059180960541
2017.071166992188 4.47789812088 4.465561129856119
2017.10400390625 4.710525989532 4.599283446572002
2017.136840820312 4.041372299194 4.733973232128247
2017.169799804688 4.106299877167 4.861145080455566
2017.20263671875 4.50808429718 4.974093669445571
2017.235473632812 5.520135879517 5.075037209830652
2017.268310546875 6.973116874695 5.167067069768994
2017.301147460938 5.164679527283 5.248710196821947
2017.333984375 7.6302318573 5.306669232662886
2017.366821289062 6.157409191132 5.334706355806949
2017.399780273438 5.298634529114 5.322770978163403
2017.4326171875 5.025845527649 5.263676972908489
2017.498291015625 4.745133399963 4.988094020706731
2017.531127929688 7.995533943176 4.773549364644512
2017.56396484375 5.686738967896 4.523226457068636
2017.596801757812 5.79346370697 4.258212958485223
2017.629760742188 3.637221336365 3.9924396539952416
2017.66259765625 4.922101020813 3.726323368175792
2017.695434570312 2.722403764725 3.462552695995998
2017.728271484375 2.699656963348 3.190902007735969
2017.761108398438 2.414458274841 2.907570902962743
2017.7939453125 2.123858213425 2.6239177775512146
2017.826782226562 1.476588487625 2.3545994723204604
2017.859741210938 1.687153935432 2.1099080886739427
2017.892578125 1.881335020065 1.904381794155909
2017.925415039062 3.024616718292 1.740809839733394
2017.958251953125 0.586115241051 1.6140953935015787
2017.991088867188 2.173439979553 1.5160058945977233
2018.024658203125 1.009588241577 1.4433452538367664
2018.057495117188 -0.039156138897 1.3958863646525277
2018.09033203125 1.059108495712 1.3685749138569119
2018.123168945312 1.203943490982 1.3611149949146109
2018.156005859375 1.528324842453 1.378189180940369
2018.18896484375 1.291018247604 1.425819930427891
2018.221801757812 1.50846350193 1.5100979325716724
2018.254638671875 0.829994916916 1.6337257876219697
2018.287475585938 1.062233686447 1.7934047058750646
2018.3203125 1.78094792366 1.9797694509055503
2018.353149414062 2.794489383698 2.1774589819004495
2018.385986328125 1.616535305977 2.365396162110328
2018.4189453125 2.016697406769 2.537836265824246
2018.451782226562 3.393977165222 2.6894727080695247
2018.484619140625 3.001072645187 2.8079195734710507
2018.517456054688 3.24954199791 2.881549179139958
2018.55029296875 4.751242160797 2.91193875220875
2018.583129882812 4.339215755463 2.9108773269539374
2018.615966796875 4.417939662933 2.887049622009764
2018.64892578125 2.706158876419 2.839820843311203
2018.681762695312 2.223859786987 2.7650435473861594
2018.714599609375 6.66001701355 2.6552617239576732
2018.747436523438 3.112131357193 2.5056145073392533
2018.7802734375 1.489500999451 2.3219035854554826
2018.813110351562 1.842529058456 2.1088023294973484
2018.845947265625 1.553642868996 1.8754181921247175
2018.87890625 2.568696498871 1.6463588782345724
2018.911743164062 2.059166908264 1.42212665724495
2018.944580078125 1.179926753044 1.2067955168372448
2018.977416992188 1.003835558891 0.9736783883932238
2019.010986328125 0.574937999249 0.7178685881303847
2019.043823242188 0.79892462492 0.4691330783080016
2019.109497070312 -0.489880204201 -0.10180630265229432
2019.1259765625 -0.286992102861 -0.25042683826657375
2019.142333984375 -0.260813683271 -0.37401776746895044
2019.175170898438 -0.789535999298 -0.6174965892412511
2019.191650390625 -0.681062161922 -0.7151620395592466
2019.208129882812 -1.721742749214 -0.7947907978905728
2019.224487304688 -0.823971092701 -0.8788885020649256
2019.240966796875 -1.18215918541 -0.9193988857060835
2019.25732421875 -1.140359997749 -0.9442159157647002
2019.273803710938 -1.304541230202 -0.9835716164786336
2019.290161132812 -1.406675815582 -1.011379097478718
2019.306640625 -0.309270650148 -0.9944601703442931
2019.323120117188 -0.973739266396 -0.9601088179822646
2019.339477539062 -1.229223847389 -0.9103345348618255
2019.35595703125 -1.699890494347 -0.8439405320470537
2019.372314453125 0.048903018236 -0.7631882293165935
2019.388793945312 -0.865491569042 -0.6755474136816819
2019.405151367188 -1.076590657234 -0.6160232851043425
2019.421630859375 -0.285135984421 -0.5853853064429857
2019.438110351562 -1.029109597206 -0.5870457844844471
2019.454467773438 -0.336275935173 -0.6340095403020811
2019.470947265625 2.508296728134 -0.7265753304661104
2019.4873046875 0.388026088476 -0.8341207198912852
2019.503784179688 2.98211312294 -0.9480646990644064
2019.520141601562 1.780234336853 -1.0049436163576586
2019.53662109375 -3.066751480103 -1.0600374211586445
2019.569458007812 -2.318563461304 -1.1930372256716206
2019.602294921875 2.772303819656 -1.3856506263587398
2019.618774414062 -1.555986642838 -1.4988902308208816
2019.635131835938 -2.496692657471 -1.627406263988851
2019.651611328125 -1.830207109451 -1.7414522339250935
2019.668090820312 -0.506759881973 -1.8698131385412804
2019.71728515625 -1.998354315758 -2.177561305195391
2019.733764648438 -1.846249103546 -2.266892141968181
2019.750122070312 -3.528594017029 -2.359262997270577
2019.7666015625 -1.916298985481 -2.4457657377169566
2019.799438476562 -2.535093307495 -2.616654073592125
2019.832275390625 -3.657358646393 -2.77819580560833
2019.865112304688 -2.823688268661 -2.9292836103823654
2019.898071289062 -2.867239236832 -3.0657815262101744
2019.930908203125 -3.745862722397 -3.1754513489607707
2019.963745117188 -3.703996419907 -3.241634096199768
2019.99658203125 -3.115181684494 -3.2814875976282827
2020.030151367188 -3.944607496262 -3.3385291828886894
2020.06298828125 -3.186357975006 -3.3117716297530904
2020.095825195312 -3.297491788864 -3.258052890559426
2020.128662109375 -3.634151697159 -3.1477109765079083
2020.161499023438 -3.468296051025 -2.9731654417222875
2020.177978515625 -3.171869039536 -2.815708193422895
2020.1943359375 -3.561437129974 -2.728318658425235
2020.227294921875 -3.256989479065 -2.406611766386702
2020.260131835938 -2.0278236866 -2.0153511520472573
2020.29296875 -2.456983566284 -1.5977269702174912
2020.325805664062 -2.686399698257 -1.1256275862925798
2020.358642578125 -0.54594117403 -0.6677209019808144
2020.391479492188 -0.202436298132 -0.2921957747251519
2020.42431640625 2.015354156494 0.031842408816347506
2020.457275390625 3.100069522858 0.28367072633214707
2020.490112304688 2.901218891144 0.4556249011878078
2020.52294921875 1.570501923561 0.5632517145860633
2020.555786132812 1.816434144974 0.5823867351707093
2020.572265625 6.009942531586 0.4270491522144798
2020.588623046875 3.024071931839 0.25743272448129745
2020.605102539062 0.86299675703 0.2633606956604463
2020.621459960938 0.238454714417 0.04531037026820772
2020.654296875 0.860242843628 -0.307917768267049
2020.687255859375 -1.087297916412 -0.7661356054120567
2020.70361328125 -1.675270318985 -1.0254108574665497
2020.720092773438 -1.978340387344 -1.2445747179931579
2020.7529296875 -1.917119622231 -1.6851698273702902
2020.785766601562 -2.715745925903 -2.0842400741847804
2020.818603515625 -3.206010341644 -2.4466535599930226
2020.851440429688 -3.500700235367 -2.7747496467014128
2020.917236328125 -3.634572982788 -3.2944091990042828
2020.950073242188 -3.23262834549 -3.429193378999313
2020.98291015625 -3.941764116287 -3.5003001951802473
2021.013671875 -4.010649204254 -3.596675126137945
2021.046508789062 -4.343152523041 -3.5831529823764843
2021.079345703125 -3.679591178894 -3.4666895283035144
2021.1123046875 -4.383908748627 -3.33506770044335
2021.145141601562 -4.091383934021 -3.1521496573187138
2021.177978515625 -3.184170246124 -2.9232897439777736
2021.210815429688 -3.399358034134 -2.655872192082494
2021.24365234375 -2.868449687958 -2.378796197531251
2021.276489257812 -1.182658672333 -2.0245341138115984
2021.309326171875 -1.626016378403 -1.6632810298799192
2021.34228515625 -1.660909295082 -1.345318812367416
2021.358642578125 -1.673621892929 -1.2508589445849545
2021.391479492188 2.62367272377 -1.0026831473236306
2021.407958984375 1.832133054733 -0.9093723971259499
2021.440795898438 4.09196805954 -0.6767458149417972
2021.4736328125 4.253770828247 -0.4956380960996804
2021.506469726562 -0.403497129679 -0.3873986786111509
2021.539306640625 5.121573925018 -0.33820585754831356
2021.572265625 3.504035234451 -0.4670618847379527
2021.605102539062 -0.075307652354 -0.4554728709424014
2021.637939453125 1.1945322752 -0.4819175462740757
2021.670776367188 0.511251330376 -0.5822819381607058
2021.736450195312 0.38057294488 -1.265849703913178
2021.769287109375 -3.454178571701 -1.6885799524303409
2021.80224609375 -1.809398651123 -2.188351387712511
2021.835083007812 -1.710496425629 -2.6840631307338167
2021.867919921875 -2.056941986084 -3.2169947425045686
2021.966430664062 -5.856011390686 -4.871547028535397
2022.0 -7.013339519501 -5.42231089546771
2022.065673828125 -6.741274833679 -6.5119395420896655
2022.098510742188 -6.056037425995 -6.985720656939362
2022.197143554688 -8.995421409607 -8.202272902031616
2022.22998046875 -13.96204662323 -8.567382444507608
2022.262817382812 -10.667542457581 -8.911602961498577
2022.295654296875 -11.286225318909 -9.232018378835368
2022.328491210938 -10.350646018982 -9.51319893754844
2022.394287109375 -10.615479469299 -9.940885943450551
2022.558471679688 -11.574413299561 -10.530138342852432
2022.591430664062 -10.956638336182 -10.629290703801821
2022.68994140625 -10.964400291443 -10.538129154831658
2022.722778320312 -12.259428977966 -10.447423685643571
2022.821411132812 -10.923322677612 -9.944382830199997
2022.854248046875 -9.374645233154 -9.704143746783528
2022.887084960938 -10.822491645813 -9.44596994219107
2022.919921875 -8.701652526855 -9.199509634116742
2022.952758789062 -8.313687324524 -8.936647675465844
2022.985595703125 -8.990752220154 -8.629811387225853
2023.019165039062 -8.155378341675 -8.297260775896786
2023.052001953125 -6.345112323761 -7.9640511622017165
2023.084838867188 -8.211236000061 -7.616964092464991
2023.11767578125 -7.567265987396 -7.229608444772948
2023.150634765625 -7.001676559448 -6.8468300255522285
2023.183471679688 -6.326478481293 -6.433947808893419
2023.21630859375 -6.849255561829 -6.019651320417084
2023.249145507812 -7.386908054352 -5.605468094792064
2023.281982421875 -6.59428691864 -5.191134908839745
2023.314819335938 -4.995501041412 -4.775375663064535
2023.34765625 -4.370965957642 -4.356394841328737
2023.380615234375 -1.776543498039 -3.930839049681673
2023.413452148438 -4.686486721039 -3.5005728006083228
2023.4462890625 0.018048197031 -3.0637599929983566
2023.57763671875 4.170528888702 -1.2542377058810494
