2014.804931640625 -0.0 -11.761708831518714
2014.837768554688 -12.783201217651 -12.710202672928366
2014.903442382812 -7.759724140167 -14.610574955341736
2014.96923828125 -20.386554718018 -16.519231158916426
2015.03564453125 -7.504539966583 -18.45069347093617
2015.101318359375 -34.737770080566 -20.365532167421105
2015.265625 -38.286228179932 -25.171702624277714
2015.331298828125 -26.240201950073 -27.096149740147535
2015.39697265625 -27.725841522217 -29.020342430398372
2016.021850585938 -38.886966705322 -46.95357039254004
2016.1533203125 -52.348960876465 -51.02706807740225
2016.350463867188 -72.847351074219 -57.47619267268306
2016.416137695312 -38.220672607422 -58.93513701049396
2016.547607421875 -63.368041992188 -61.90548634016968
2016.744750976562 -71.739471435547 -66.15499944788338
2016.777587890625 -66.487831115723 -66.84751924487132
2016.810424804688 -72.788604736328 -67.53981646846343
2016.84326171875 -67.28099822998 -68.22704651902556
2016.876098632812 -64.744911193848 -68.97575717726096
2016.908935546875 -67.305183410645 -69.81083794055351
2016.941772460938 -67.651947021484 -70.64466194799225
2016.974731445312 -71.39404296875 -71.6471198524157
2017.005493164062 -71.800178527832 -72.74527421736109
2017.038330078125 -75.562660217285 -73.86532968042762
2017.071166992188 -72.435668945312 -75.03965955057826
2017.10400390625 -76.554809570312 -76.47160661603043
2017.136840820312 -76.606941223145 -78.02826655035128
2017.169799804688 -80.019157409668 -79.65673292707102
2017.20263671875 -78.511833190918 -81.33746885577322
2017.235473632812 -81.242980957031 -83.0687261780981
2017.268310546875 -86.810417175293 -84.85173263136538
2017.301147460938 -87.360885620117 -86.67077066540242
2017.333984375 -85.311218261719 -88.5167368495253
2017.366821289062 -89.649803161621 -90.3611527568608
2017.399780273438 -95.120971679688 -92.18962649512959
2017.4326171875 -93.177871704102 -93.97460660299245
2017.498291015625 -99.472534179688 -97.39030433738006
2017.531127929688 -100.064895629883 -99.00483743998718
2017.56396484375 -104.555770874023 -100.55253262331419
2017.596801757812 -99.836143493652 -102.04302989208013
2017.629760742188 -108.761810302734 -103.48420409041263
2017.66259765625 -104.540901184082 -104.85060222773315
2017.695434570312 -107.682273864746 -106.15672368891967
2017.728271484375 -108.777206420898 -107.42368199668863
2017.761108398438 -107.787452697754 -108.67576041524767
2017.7939453125 -105.608978271484 -109.92011323861689
2017.826782226562 -111.208076477051 -111.17360013640808
2017.859741210938 -111.69246673584 -112.44574051542382
2017.892578125 -113.202018737793 -113.73451203201154
2017.925415039062 -114.377311706543 -115.05075635044167
2017.958251953125 -115.713066101074 -116.39770708083837
2017.991088867188 -120.093353271484 -117.78538343933461
2018.024658203125 -119.296943664551 -119.25659280621863
2018.057495117188 -120.441230773926 -120.75097861829325
2018.09033203125 -121.196388244629 -122.28534379850453
2018.123168945312 -123.973342895508 -123.85155005118608
2018.156005859375 -123.799156188965 -125.44509738940486
2018.18896484375 -127.147796630859 -127.08074235148526
2018.221801757812 -129.01904296875 -128.76531670018656
2018.254638671875 -129.822647094727 -130.53052175037408
2018.287475585938 -129.985733032227 -132.3917872729639
2018.3203125 -133.610122680664 -134.34567840705517
2018.353149414062 -136.845458984375 -136.36221718789648
2018.385986328125 -146.75505065918 -138.3923825336085
2018.4189453125 -140.652923583984 -140.4046074490941
2018.451782226562 -137.71142578125 -142.35701730431123
2018.484619140625 -151.045867919922 -144.2458902614878
2018.517456054688 -145.423263549805 -146.07351510833635
2018.55029296875 -152.679504394531 -147.85260110667434
2018.583129882812 -155.702621459961 -149.5746801290752
2018.615966796875 -152.552719116211 -151.20324117835537
2018.64892578125 -155.185241699219 -152.69282932248245
2018.681762695312 -155.786514282227 -153.99500093471298
2018.714599609375 -157.05696105957 -155.11521844174314
2018.747436523438 -157.107528686523 -156.08058491778021
2018.7802734375 -157.008026123047 -156.9051897692105
2018.813110351562 -157.779663085938 -157.606769700831
2018.845947265625 -156.758728027344 -158.23345379832477
2018.87890625 -158.640502929688 -158.77216601499393
2018.911743164062 -158.773986816406 -159.2393282425427
2018.944580078125 -159.663711547852 -159.68144857107782
2018.977416992188 -161.841217041016 -160.1138883064565
2019.010986328125 -161.781997680664 -160.54358948275075
2019.043823242188 -162.105346679688 -161.0209838858588
2019.109497070312 -159.958511352539 -161.87734770330013
2019.1259765625 -161.555923461914 -162.04538313426988
2019.142333984375 -162.865203857422 -162.19465676787974
2019.175170898438 -163.35400390625 -162.44695022360222
2019.191650390625 -161.723754882812 -162.64045031619807
2019.208129882812 -161.40657043457 -162.89097795365566
2019.224487304688 -162.459136962891 -163.14276503255715
2019.240966796875 -162.708129882812 -163.50971910836446
2019.25732421875 -164.941986083984 -163.92190405749864
2019.273803710938 -163.730270385742 -164.29567795526387
2019.290161132812 -164.256652832031 -164.6841124206299
2019.306640625 -163.986831665039 -165.2151162205468
2019.323120117188 -165.316665649414 -165.77897785786806
2019.339477539062 -166.565505981445 -166.359255288756
2019.35595703125 -162.798049926758 -166.975338774227
2019.372314453125 -169.557678222656 -167.62074188799494
2019.388793945312 -168.058670043945 -168.30018180756883
2019.405151367188 -168.576904296875 -169.055885498158
2019.421630859375 -171.818283081055 -169.81220241423082
2019.438110351562 -168.698211669922 -170.6314235213961
2019.454467773438 -171.5244140625 -171.51593502466358
2019.470947265625 -167.999649047852 -172.48952002104278
2019.4873046875 -172.905883789062 -173.53336674776867
2019.503784179688 -174.519805908203 -174.74529481495398
2019.520141601562 -175.602508544922 -175.89152102267087
2019.53662109375 -173.235443115234 -177.11371953610865
2019.569458007812 -178.947616577148 -179.6273418107597
2019.602294921875 -184.028259277344 -181.9899694388474
2019.618774414062 -175.212890625 -183.22198824033688
2019.635131835938 -186.606079101562 -184.4898808798827
2019.651611328125 -199.176376342773 -185.80511150073923
2019.668090820312 -180.368179321289 -187.13040376225263
2019.71728515625 -191.660079956055 -191.03615571683568
2019.733764648438 -192.057830810547 -192.32538021637356
2019.750122070312 -188.298400878906 -193.54675597447445
2019.7666015625 -192.772842407227 -194.79418417466792
2019.799438476562 -198.975357055664 -197.19401280714754
2019.832275390625 -202.912841796875 -199.54466333878307
2019.865112304688 -201.328353881836 -201.8545112127299
2019.898071289062 -204.5810546875 -204.1485583141638
2019.930908203125 -207.251113891602 -206.3911882104326
2019.963745117188 -208.494735717773 -208.53972406113812
2019.99658203125 -211.439559936523 -210.6426079672702
2020.030151367188 -213.639144897461 -212.8213652310218
2020.06298828125 -213.896362304688 -214.7916107768426
2020.095825195312 -217.292129516602 -216.7420452926454
2020.128662109375 -218.517822265625 -218.67360618243697
2020.161499023438 -221.39794921875 -220.5824311500011
2020.177978515625 -221.843551635742 -221.50265216524488
2020.1943359375 -222.21369934082 -222.44669710215888
2020.227294921875 -225.577621459961 -224.26320437978185
2020.260131835938 -223.783157348633 -226.01717221436957
2020.29296875 -229.432800292969 -227.74932056283697
2020.325805664062 -228.482788085938 -229.43491042159752
2020.358642578125 -234.021606445312 -231.13982073420055
2020.391479492188 -232.984085083008 -232.97612163683488
2020.42431640625 -235.378158569336 -234.91253242795963
2020.457275390625 -234.578353881836 -236.94939957837738
2020.490112304688 -235.085845947266 -239.05895263022592
2020.52294921875 -235.512252807617 -241.19832460112954
2020.555786132812 -236.277236938477 -243.33391581337037
2020.572265625 -253.856948852539 -244.45423826215236
2020.588623046875 -246.138977050781 -245.53577310899922
2020.605102539062 -246.115524291992 -246.57332236817
2020.621459960938 -245.827880859375 -247.6464277619495
2020.654296875 -252.70654296875 -249.7722450615427
2020.687255859375 -257.22314453125 -251.8961691642645
2020.70361328125 -254.918106079102 -253.01051858496356
2020.720092773438 -258.110168457031 -253.89472321374632
2020.7529296875 -255.835845947266 -255.7170416493534
2020.785766601562 -258.438415527344 -257.37579350787917
2020.818603515625 -258.991760253906 -258.93849200350087
2020.851440429688 -261.546142578125 -260.4537700199593
2020.917236328125 -262.923797607422 -263.3367282479246
2020.950073242188 -264.404083251953 -264.7618617240084
2020.98291015625 -265.532897949219 -266.26745538884967
2021.013671875 -266.291351318359 -267.6365852359084
2021.046508789062 -268.086608886719 -269.2633836221588
2021.079345703125 -270.406860351562 -271.0836597492329
2021.1123046875 -271.693084716797 -272.93600233501184
2021.145141601562 -273.867767333984 -274.90985962415914
2021.177978515625 -275.374755859375 -277.0227127304867
2021.210815429688 -277.56298828125 -279.2557990382533
2021.24365234375 -280.757873535156 -281.45434257510243
2021.276489257812 -283.394348144531 -283.8851073068211
2021.309326171875 -287.912261962891 -286.37451067762913
2021.34228515625 -286.624145507812 -288.8987975007084
2021.358642578125 -288.916168212891 -290.08455375150527
2021.391479492188 -296.810363769531 -292.4565955581501
2021.407958984375 -285.346099853516 -293.5440418435175
2021.440795898438 -300.682281494141 -295.73362387673103
2021.4736328125 -299.094970703125 -297.61866437221215
2021.506469726562 -301.088348388672 -299.14441126793395
2021.539306640625 -304.053802490234 -300.4649249490199
2021.572265625 -312.051574707031 -301.33074596551756
2021.605102539062 -314.429443359375 -302.6855797232875
2021.637939453125 -305.184844970703 -303.9371743720796
2021.670776367188 -313.6123046875 -305.0258782249611
2021.736450195312 -311.99658203125 -306.52707120113286
2021.769287109375 -307.085571289062 -307.2276786881954
2021.80224609375 -308.679321289062 -307.82126209035954
2021.835083007812 -306.752502441406 -308.43249881965613
2021.867919921875 -310.773803710938 -308.9881610294404
2021.966430664062 -309.451171875 -310.6763176615588
2022.0 -310.128448486328 -311.3277929265226
2022.065673828125 -311.982879638672 -312.5776933673211
2022.098510742188 -312.697509765625 -313.3185980040122
2022.197143554688 -315.527801513672 -316.196471595332
2022.22998046875 -313.883239746094 -317.30647827942425
2022.262817382812 -310.202178955078 -318.45837896588694
2022.295654296875 -310.626342773438 -319.63275610491525
2022.328491210938 -321.341003417969 -320.7931396738921
2022.394287109375 -311.650238037109 -322.96416619894364
2022.558471679688 -316.544769287109 -328.3352334419102
2022.591430664062 -331.390930175781 -329.6330254715565
2022.68994140625 -334.574615478516 -333.55549460611223
2022.722778320312 -342.859710693359 -334.602990343792
2022.821411132812 -338.351715087891 -337.28306566664145
2022.854248046875 -335.683074951172 -338.10541153005937
2022.887084960938 -338.351654052734 -338.93012322115214
2022.919921875 -339.014984130859 -339.7573641733757
2022.952758789062 -341.580535888672 -340.5817624379872
2022.985595703125 -346.000396728516 -341.4634761835978
2023.019165039062 -341.908386230469 -342.44003622087575
2023.052001953125 -341.414367675781 -343.3875877317423
2023.084838867188 -344.087493896484 -344.4833881739715
2023.11767578125 -345.653717041016 -345.70247024767974
2023.150634765625 -344.682281494141 -346.87220539997986
2023.183471679688 -347.170318603516 -348.10325251693973
2023.21630859375 -345.809814453125 -349.32889437543724
2023.249145507812 -348.947998046875 -350.5559225195607
2023.281982421875 -351.116149902344 -351.7906914538204
2023.314819335938 -353.965209960938 -353.0386834581272
2023.34765625 -357.131927490234 -354.304047636082
2023.380615234375 -359.718872070312 -355.59350530402725
2023.413452148438 -350.358612060547 -356.8963543135755
2023.4462890625 -353.928649902344 -358.21364190073143
2023.57763671875 -385.522399902344 -363.57378248009223
