2014.804931640625 -0.0 -6.282207487068983
2014.837768554688 -19.945505142212 -7.717555029108977
2014.903442382812 -12.94867515564 -10.586055744505297
2014.96923828125 -18.939821243286 -13.458499187602738
2015.03564453125 18.168296813965 -16.357334000031532
2015.101318359375 -28.53141784668 -19.223962086029246
2015.265625 21.966199874878 -26.38813132691123
2015.331298828125 -25.896003723145 -29.242455433134204
2015.39697265625 -49.620014190674 -32.08658454476269
2016.021850585938 -33.740238189697 -57.376963022385056
2016.1533203125 -45.223495483398 -68.89727646906347
2016.350463867188 -116.950126647949 -87.26288088743506
2016.416137695312 -93.347518920898 -85.99316566019745
2016.547607421875 -81.408065795898 -83.56412534473978
2016.744750976562 -81.189582824707 -79.8540942344683
2016.777587890625 -76.830299377441 -79.38035261062119
2016.810424804688 -84.88835144043 -78.93927068711795
2016.84326171875 -77.136680603027 -78.58308414162373
2016.876098632812 -78.768646240234 -78.438146322027
2016.908935546875 -74.678123474121 -78.49104975058333
2016.941772460938 -76.667129516602 -78.56044092277597
2016.974731445312 -75.995887756348 -78.78897485124214
2017.005493164062 -74.127792358398 -79.34928413088679
2017.038330078125 -77.557762145996 -79.74826672447348
2017.071166992188 -78.040664672852 -80.19235801848214
2017.10400390625 -79.393836975098 -81.32182279989799
2017.136840820312 -78.509124755859 -82.81954188642996
2017.169799804688 -82.066337585449 -84.55073046587076
2017.20263671875 -83.638824462891 -86.51636581214994
2017.235473632812 -85.355506896973 -88.69352325624737
2017.268310546875 -91.965660095215 -91.01059647020986
2017.301147460938 -89.026206970215 -93.41262216443286
2017.333984375 -94.957473754883 -95.86325043429655
2017.366821289062 -103.236541748047 -98.28778368196589
2017.399780273438 -102.773231506348 -100.55802687782449
2017.4326171875 -107.659629821777 -102.52280463549434
2017.498291015625 -122.665542602539 -105.5488383046569
2017.531127929688 -108.932640075684 -106.71365621863801
2017.56396484375 -111.036003112793 -107.68746914049112
2017.596801757812 -121.98713684082 -108.45964511011172
2017.629760742188 -120.351005554199 -108.99331588637456
2017.66259765625 -115.524719238281 -109.20654748016794
2017.695434570312 -112.589851379395 -109.06263988287715
2017.728271484375 -108.187370300293 -108.5119173357183
2017.761108398438 -108.206817626953 -107.59563771445066
2017.7939453125 -107.009002685547 -106.48526878130328
2017.826782226562 -105.713104248047 -105.31353190434989
2017.859741210938 -104.23274230957 -104.10097855866205
2017.892578125 -100.302536010742 -102.90839555935082
2017.925415039062 -97.872673034668 -101.82788179527353
2017.958251953125 -100.871520996094 -100.92401995861042
2017.991088867188 -97.304466247559 -100.26787925036254
2018.024658203125 -95.939460754395 -99.92997127748386
2018.057495117188 -97.895355224609 -99.98973144030593
2018.09033203125 -98.868782043457 -100.49963955174165
2018.123168945312 -97.611869812012 -101.49390025059982
2018.156005859375 -95.284538269043 -102.94519969420347
2018.18896484375 -100.247032165527 -104.8023736851264
2018.221801757812 -99.772499084473 -107.00150602692825
2018.254638671875 -101.321853637695 -109.49465494504192
2018.287475585938 -108.221611022949 -112.28037220420622
2018.3203125 -110.661163330078 -115.37234898583284
2018.353149414062 -114.625350952148 -118.73698948714228
2018.385986328125 -125.253379821777 -122.21111170329982
2018.4189453125 -128.676605224609 -125.55814358491122
2018.451782226562 -130.481384277344 -128.4970058267981
2018.484619140625 -137.750686645508 -130.98476211058147
2018.517456054688 -138.890762329102 -133.09256820895735
2018.55029296875 -146.555648803711 -134.90886099895087
2018.583129882812 -147.495239257812 -136.44042847771854
2018.615966796875 -152.616271972656 -137.69209181243326
2018.64892578125 -148.026916503906 -138.64385148976515
2018.681762695312 -142.110244750977 -139.29449935448125
2018.714599609375 -146.465408325195 -139.63331955904107
2018.747436523438 -139.51496887207 -139.59482479126982
2018.7802734375 -140.615280151367 -139.12233172905758
2018.813110351562 -135.260681152344 -138.21417385642084
2018.845947265625 -139.490509033203 -137.0731454833344
2018.87890625 -133.550338745117 -135.84859300508813
2018.911743164062 -134.095657348633 -134.8026329390356
2018.944580078125 -131.739135742188 -133.76219812669922
2018.977416992188 -132.606170654297 -132.81326855235685
2019.010986328125 -130.631271362305 -132.07159061605455
2019.043823242188 -130.251312255859 -131.35367458814605
2019.109497070312 -130.815673828125 -130.4540992944159
2019.1259765625 -129.618988037109 -130.26312166352997
2019.142333984375 -130.181350708008 -130.20533585815227
2019.175170898438 -128.226959228516 -130.15395928339186
2019.191650390625 -128.605331420898 -130.31203040476743
2019.208129882812 -129.067337036133 -130.60498725391278
2019.224487304688 -130.705871582031 -130.85654072155003
2019.240966796875 -131.885833740234 -131.42329459400557
2019.25732421875 -129.182220458984 -132.13094310241908
2019.273803710938 -129.024108886719 -132.70056749707794
2019.290161132812 -131.154022216797 -133.38748054464307
2019.306640625 -132.290954589844 -134.5022108643092
2019.323120117188 -135.556869506836 -135.71950857141496
2019.339477539062 -134.846130371094 -136.99211776474877
2019.35595703125 -136.648086547852 -138.3396991746009
2019.372314453125 -142.182586669922 -139.73481859194536
2019.388793945312 -140.414932250977 -141.1999240446806
2019.405151367188 -143.272018432617 -142.6878213540402
2019.421630859375 -145.936416625977 -144.21900029659963
2019.438110351562 -147.864974975586 -145.77560091586628
2019.454467773438 -146.46516418457 -147.31434250358146
2019.470947265625 -147.528961181641 -148.81624551814366
2019.4873046875 -153.041244506836 -150.21694997611928
2019.503784179688 -149.989486694336 -151.35071191952758
2019.520141601562 -150.08381652832 -152.51778781860912
2019.53662109375 -156.06575012207 -153.567409559037
2019.569458007812 -158.60075378418 -155.16018020937514
2019.602294921875 -169.587005615234 -155.98101488165915
2019.618774414062 -162.91828918457 -156.47444979241507
2019.635131835938 -158.941680908203 -156.92464606101
2019.651611328125 -162.015365600586 -157.0637584683109
2019.668090820312 -157.081481933594 -157.41482598096016
2019.71728515625 -157.43489074707 -157.65154403391912
2019.733764648438 -155.139450073242 -157.5682464120098
2019.750122070312 -160.093536376953 -157.22380771920575
2019.7666015625 -157.582870483398 -156.95169385232649
2019.799438476562 -152.899475097656 -156.1493316776772
2019.832275390625 -160.332717895508 -155.34154853772793
2019.865112304688 -155.776702880859 -154.6088865445855
2019.898071289062 -154.599807739258 -154.01023907700383
2019.930908203125 -151.829483032227 -153.59176700776038
2019.963745117188 -148.619186401367 -153.43193022367745
2019.99658203125 -151.974548339844 -153.38049202490592
2020.030151367188 -149.039215087891 -153.11522369317095
2020.06298828125 -151.212173461914 -153.46397870952373
2020.095825195312 -153.364120483398 -153.93240363202017
2020.128662109375 -153.229705810547 -154.7101065479249
2020.161499023438 -152.00325012207 -155.84480700309476
2020.177978515625 -156.989624023438 -156.74996554843094
2020.1943359375 -154.474746704102 -157.33463507789995
2020.227294921875 -155.248931884766 -159.152193925537
2020.260131835938 -158.700149536133 -161.18803584137746
2020.29296875 -163.010940551758 -163.2856011316238
2020.325805664062 -165.590637207031 -165.54774281696658
2020.358642578125 -165.90299987793 -167.85975916934976
2020.391479492188 -169.828842163086 -170.14128793975607
2020.42431640625 -174.38395690918 -172.38611815618634
2020.457275390625 -180.639434814453 -174.42819200917307
2020.490112304688 -185.172607421875 -176.18191682122745
2020.52294921875 -175.972900390625 -177.71743476606525
2020.555786132812 -178.217956542969 -179.04736019435046
2020.572265625 -195.252685546875 -179.36359923232837
2020.588623046875 -188.876922607422 -179.59537549406912
2020.605102539062 -180.051879882812 -180.25957930607544
2020.621459960938 -202.397903442383 -180.34958331944736
2020.654296875 -188.820953369141 -180.733734643262
2020.687255859375 -180.677642822266 -180.7547788511413
2020.70361328125 -182.801208496094 -180.75907789155156
2020.720092773438 -181.331527709961 -180.4420238041363
2020.7529296875 -181.513717651367 -179.93279139971557
2020.785766601562 -183.704956054688 -179.28587150998973
2020.818603515625 -177.680023193359 -178.51558041324282
2020.851440429688 -173.800552368164 -177.6405842824872
2020.917236328125 -174.843032836914 -176.05544683074405
2020.950073242188 -175.675964355469 -175.673501435295
2020.98291015625 -174.407592773438 -175.50947380018366
2021.013671875 -172.979598999023 -175.13959750478548
2021.046508789062 -167.919555664062 -175.2633653297148
2021.079345703125 -172.333419799805 -176.04092535268478
2021.1123046875 -171.713119506836 -176.94246254063862
2021.145141601562 -175.596481323242 -178.15041756017047
2021.177978515625 -178.432281494141 -179.57344419817954
2021.210815429688 -177.80012512207 -181.13596783342456
2021.24365234375 -178.214584350586 -182.60772273308015
2021.276489257812 -183.070999145508 -184.6314011914088
2021.309326171875 -192.675704956055 -186.83894092040532
2021.34228515625 -186.806747436523 -189.15871355578426
2021.358642578125 -192.275543212891 -190.2988168833473
2021.391479492188 -198.465148925781 -192.56738511011477
2021.407958984375 -194.710571289062 -193.57272051928317
2021.440795898438 -193.118087768555 -195.36546645183353
2021.4736328125 -195.200668334961 -196.6206294413
2021.506469726562 -216.876342773438 -197.4370433887451
2021.539306640625 -214.508071899414 -198.01989083695617
2021.572265625 -208.518890380859 -197.9937041661226
2021.605102539062 -217.743026733398 -198.57541111238248
2021.637939453125 -207.245559692383 -199.0677433996166
2021.670776367188 -208.342666625977 -199.4758313384848
2021.736450195312 -198.031784057617 -199.57304780859596
2021.769287109375 -200.453338623047 -199.6565188329415
2021.80224609375 -197.62141418457 -199.37882259410662
2021.835083007812 -198.574447631836 -199.04029179739896
2021.867919921875 -198.180160522461 -198.5602065261293
2021.966430664062 -192.684020996094 -197.73452327121197
2022.0 -196.570877075195 -198.096572077987
2022.065673828125 -192.576263427734 -198.50064616885862
2022.098510742188 -200.126602172852 -199.03018248683762
2022.197143554688 -193.010314941406 -200.48708404561077
2022.22998046875 -196.794494628906 -201.02936498979065
2022.262817382812 -182.256454467773 -201.64712889325935
2022.295654296875 -188.765899658203 -202.40395770187024
2022.328491210938 -207.474853515625 -203.33989710471698
2022.394287109375 -208.353210449219 -205.4661670697024
2022.558471679688 -226.790512084961 -210.54111558805357
2022.591430664062 -206.973541259766 -211.71189639520745
2022.68994140625 -244.212051391602 -214.64994619980567
2022.722778320312 -239.402801513672 -215.4251480581928
2022.821411132812 -221.592956542969 -218.04717886891945
2022.854248046875 -223.155242919922 -218.81516595147576
2022.887084960938 -218.118225097656 -219.39939967109817
2022.919921875 -220.308486938477 -220.0582120190822
2022.952758789062 -222.16552734375 -220.5173753687568
2022.985595703125 -220.15397644043 -220.6269244561748
2023.019165039062 -220.254501342773 -220.83632986652148
2023.052001953125 -220.382385253906 -221.00303591420231
2023.084838867188 -219.221328735352 -221.516158707519
2023.11767578125 -222.753005981445 -222.3937337951475
2023.150634765625 -215.597839355469 -223.08869333671134
2023.183471679688 -219.711730957031 -223.98775086169672
2023.21630859375 -213.291305541992 -224.87200369266782
2023.249145507812 -214.010314941406 -225.75825869852304
2023.281982421875 -226.320190429688 -226.65699982074216
2023.314819335938 -228.612533569336 -227.57523858761914
2023.34765625 -228.782043457031 -228.51751674248865
2023.380615234375 -237.147216796875 -229.48992706745167
2023.413452148438 -225.567596435547 -230.48585205512495
2023.4462890625 -236.217208862305 -231.50689465293294
2023.57763671875 -277.733032226562 -235.80337177661372
