2014.804931640625 0.0 9.561944405501484
2014.837768554688 6.679608821869 9.338631272224081
2014.903442382812 8.943904876709 8.89148809877829
2014.96923828125 8.833336830139 8.443332749043336
2015.03564453125 10.615049362183 7.991538192893766
2015.101318359375 7.489223480225 7.545864974956522
2015.265625 20.682098388672 6.438081193241834
2015.331298828125 14.017533302307 5.9989449701785444
2015.39697265625 -4.896913528442 5.562283706558976
2016.021850585938 14.365782737732 0.25488453031401126
2016.1533203125 -1.231062054634 -0.06788577684101121
2016.350463867188 -0.482054740191 -0.5368965395739478
2016.416137695312 -20.666069030762 -0.8800112225706772
2016.547607421875 1.227438807487 -1.4926677025100024
2016.744750976562 -0.178146153688 -1.9744173818358375
2016.777587890625 -1.965633034706 -2.1058841629111833
2016.810424804688 0.463769584894 -2.3280221705065864
2016.84326171875 -1.829492330551 -2.964090949559966
2016.876098632812 -5.016090869904 -3.7909701678607077
2016.908935546875 -4.513916969299 -4.651523357938038
2016.941772460938 -5.368773937225 -5.521689522199247
2016.974731445312 -5.853310108185 -6.432342448250815
2017.005493164062 -7.810358524323 -7.298175517655827
2017.038330078125 -8.035687446594 -8.220309157664902
2017.071166992188 -9.367580413818 -9.148244608259224
2017.10400390625 -9.592402458191 -10.077503302749653
2017.136840820312 -10.283363342285 -11.00084556069208
2017.169799804688 -13.063017845154 -11.921984522424049
2017.20263671875 -12.409679412842 -12.838262718214951
2017.235473632812 -13.934147834778 -13.740209728030434
2017.268310546875 -15.947785377502 -14.583601917242339
2017.301147460938 -15.371311187744 -15.326433516579792
2017.333984375 -16.275814056396 -15.961939729124085
2017.366821289062 -16.548069000244 -16.511783865041505
2017.399780273438 -20.042835235596 -17.00237730176521
2017.4326171875 -19.029537200928 -17.4572028869151
2017.498291015625 -22.767093658447 -18.298048859299566
2017.531127929688 -20.417255401611 -18.683195554513613
2017.56396484375 -19.305847167969 -19.034618270380264
2017.596801757812 -18.910511016846 -19.35152040079212
2017.629760742188 -18.275625228882 -19.63298148377577
2017.66259765625 -17.524538040161 -19.870195971773914
2017.695434570312 -20.089570999146 -20.087917177599376
2017.728271484375 -21.724449157715 -20.32598754100437
2017.761108398438 -21.086362838745 -20.608935540669794
2017.7939453125 -20.616460800171 -20.93406289547535
2017.826782226562 -20.989730834961 -21.289214769327767
2017.859741210938 -20.071729660034 -21.66829167905422
2017.892578125 -21.687028884888 -22.069730235249935
2017.925415039062 -22.937662124634 -22.489051535388466
2017.958251953125 -22.256471633911 -22.929636940998634
2017.991088867188 -23.563697814941 -23.397315609927055
2018.024658203125 -23.698328018188 -23.918797142419116
2018.057495117188 -24.332685470581 -24.483788762148937
2018.09033203125 -24.944999694824 -25.121219179954796
2018.123168945312 -25.168869018555 -25.84328646443881
2018.156005859375 -24.747087478638 -26.64721157589058
2018.18896484375 -27.054141998291 -27.51756874812907
2018.221801757812 -26.81707572937 -28.44905132698993
2018.254638671875 -29.473379135132 -29.447715154593606
2018.287475585938 -28.170846939087 -30.512692444561303
2018.3203125 -31.027044296265 -31.634858967674575
2018.353149414062 -28.608127593994 -32.801254211884505
2018.385986328125 -34.537113189697 -33.998612221779716
2018.4189453125 -34.928569793701 -35.22199828122492
2018.451782226562 -36.940242767334 -36.43393787938841
2018.484619140625 -42.288475036621 -37.61499031082249
2018.517456054688 -39.467468261719 -38.761445875622954
2018.55029296875 -43.314735412598 -39.87544252216084
2018.583129882812 -40.716625213623 -40.9374086399988
2018.615966796875 -44.365474700928 -41.93151433110731
2018.64892578125 -43.22163772583 -42.857331915628144
2018.681762695312 -44.929355621338 -43.71642047136378
2018.714599609375 -36.159217834473 -44.521898774014375
2018.747436523438 -44.538913726807 -45.26326782757705
2018.7802734375 -46.358898162842 -45.94924278647967
2018.813110351562 -48.115135192871 -46.61416452852742
2018.845947265625 -48.799518585205 -47.28026161914829
2018.87890625 -46.455501556396 -47.945648378585716
2018.911743164062 -47.314636230469 -48.65764919719535
2018.944580078125 -49.263313293457 -49.368285099385275
2018.977416992188 -48.45825958252 -50.10729414924286
2019.010986328125 -50.392585754395 -50.93027958824316
2019.043823242188 -51.65291595459 -51.71082552754263
2019.109497070312 -53.952667236328 -53.657836552716894
2019.1259765625 -53.75634765625 -54.18036293054589
2019.142333984375 -54.326747894287 -54.717704652018334
2019.175170898438 -56.097518920898 -55.81206182303828
2019.191650390625 -56.173049926758 -56.360750906752465
2019.208129882812 -56.6315574646 -56.902599064310586
2019.224487304688 -57.464443206787 -57.441827914830995
2019.240966796875 -58.254524230957 -57.98243402560682
2019.25732421875 -58.75785446167 -58.527407938853486
2019.273803710938 -59.471809387207 -59.08015462113327
2019.290161132812 -60.332969665527 -59.6307308976414
2019.306640625 -59.431442260742 -60.21188969807172
2019.323120117188 -60.310092926025 -60.82234612854576
2019.339477539062 -62.260417938232 -61.454098221888714
2019.35595703125 -60.795761108398 -62.10679273292583
2019.372314453125 -61.620037078857 -62.76528295791457
2019.388793945312 -62.669708251953 -63.43980755241964
2019.405151367188 -63.220726013184 -64.16578692959729
2019.421630859375 -64.770896911621 -64.87553835181328
2019.438110351562 -67.106254577637 -65.59504409272232
2019.454467773438 -66.610130310059 -66.30586642732636
2019.470947265625 -67.15104675293 -66.99878954440076
2019.4873046875 -69.118675231934 -67.65141719582283
2019.503784179688 -66.619873046875 -68.22975647101882
2019.520141601562 -70.070960998535 -68.85286369261264
2019.53662109375 -75.119338989258 -69.44020840739152
2019.569458007812 -71.899803161621 -70.3999498492627
2019.602294921875 -69.195327758789 -71.00638355357931
2019.618774414062 -75.807571411133 -71.33161320590887
2019.635131835938 -73.2060546875 -71.63081481334312
2019.651611328125 -73.245445251465 -71.78634414110037
2019.668090820312 -78.683982849121 -72.04069707631365
2019.71728515625 -73.972038269043 -72.43937521593801
2019.733764648438 -72.16381072998 -72.51576799437625
2019.750122070312 -75.392852783203 -72.45799623646064
2019.7666015625 -72.130157470703 -72.45144551178073
2019.799438476562 -72.488624572754 -72.27507262837523
2019.832275390625 -72.826713562012 -72.06616417831341
2019.865112304688 -71.864875793457 -71.7885020813556
2019.898071289062 -71.287559509277 -71.45772830099432
2019.930908203125 -71.407432556152 -71.1069872724425
2019.963745117188 -70.657157897949 -70.74753168866722
2019.99658203125 -70.351280212402 -70.38488232450788
2020.030151367188 -69.482810974121 -70.01368837556647
2020.06298828125 -69.803047180176 -69.67008739571622
2020.095825195312 -69.205451965332 -69.34035752475226
2020.128662109375 -69.234771728516 -69.03501546122055
2020.161499023438 -68.48193359375 -68.75429118888357
2020.177978515625 -68.72721862793 -68.6326555106883
2020.1943359375 -67.815574645996 -68.4902103985594
2020.227294921875 -67.356300354004 -68.24134413548448
2020.260131835938 -68.113006591797 -68.02751912536792
2020.29296875 -67.421585083008 -67.84066946997271
2020.325805664062 -68.95426940918 -67.7095115535392
2020.358642578125 -66.955673217773 -67.71274899747215
2020.391479492188 -67.505790710449 -67.76826682375257
2020.42431640625 -66.70792388916 -67.84645641858523
2020.457275390625 -62.685398101807 -67.96135755167597
2020.490112304688 -65.392478942871 -68.10745921378975
2020.52294921875 -68.854118347168 -68.27728604677142
2020.555786132812 -66.746017456055 -68.49375690761389
2020.572265625 -68.503089904785 -68.65949393802804
2020.588623046875 -70.236740112305 -68.83348006006551
2020.605102539062 -68.906204223633 -68.9629468974979
2020.621459960938 -72.58666229248 -69.15760117000563
2020.654296875 -68.439949035645 -69.5317869016427
2020.687255859375 -70.332786560059 -69.90990058394351
2020.70361328125 -70.642120361328 -70.10329493358824
2020.720092773438 -68.564559936523 -70.23427894386711
2020.7529296875 -70.681427001953 -70.48495613754496
2020.785766601562 -71.657913208008 -70.66752457256888
2020.818603515625 -71.468925476074 -70.79728283586317
2020.851440429688 -72.64323425293 -70.88653537022293
2020.917236328125 -71.983581542969 -70.9756527135924
2020.950073242188 -71.28199005127 -70.94317227372254
2020.98291015625 -70.843246459961 -70.85367279345948
2021.013671875 -71.347114562988 -70.78485675159446
2021.046508789062 -69.805122375488 -70.5898017812968
2021.079345703125 -70.465316772461 -70.32886694582096
2021.1123046875 -69.605163574219 -70.06232049005028
2021.145141601562 -71.218589782715 -69.79389996904575
2021.177978515625 -70.452041625977 -69.55339895699178
2021.210815429688 -73.998573303223 -69.41523980513676
2021.24365234375 -67.374389648438 -69.23633708863977
2021.276489257812 -67.80443572998 -69.34332701177107
2021.309326171875 -68.840530395508 -69.54817090543546
2021.34228515625 -68.4892578125 -69.80958127373685
2021.358642578125 -67.710899353027 -70.08367665159572
2021.391479492188 -66.16284942627 -70.52665322410368
2021.407958984375 -66.067962646484 -70.88987604428101
2021.440795898438 -69.257186889648 -71.48586960222733
2021.4736328125 -68.441818237305 -72.17876935173284
2021.506469726562 -74.273361206055 -72.90256742669082
2021.539306640625 -73.442947387695 -73.60718844541512
2021.572265625 -82.863952636719 -74.21138400714648
2021.605102539062 -82.033477783203 -74.89686633064396
2021.637939453125 -79.119941711426 -75.59521645648985
2021.670776367188 -76.728775024414 -76.28045025308835
2021.736450195312 -85.767105102539 -77.3933119681803
2021.769287109375 -79.648612976074 -77.90319868547573
2021.80224609375 -78.251914978027 -78.31698749917315
2021.835083007812 -79.317451477051 -78.70503146232544
2021.867919921875 -77.954406738281 -78.99132535042021
2021.966430664062 -82.086563110352 -79.82016891012128
2022.0 -80.406425476074 -80.09339348974872
2022.065673828125 -78.798820495605 -80.62566708152325
2022.098510742188 -74.533599853516 -80.89641910151884
2022.197143554688 -81.170700073242 -81.63748853431366
2022.22998046875 -80.764282226562 -81.86050824425969
2022.262817382812 -83.598846435547 -82.07274498475354
2022.295654296875 -82.349395751953 -82.27637733363578
2022.328491210938 -82.704109191895 -82.47339628306894
2022.394287109375 -84.086387634277 -82.87422447410273
2022.558471679688 -85.634140014648 -84.07670410146214
2022.591430664062 -82.209449768066 -84.31115094031325
2022.68994140625 -84.43318939209 -85.0077141263082
2022.722778320312 -82.232307434082 -85.23016185533703
2022.821411132812 -84.663162231445 -86.21174918852849
2022.854248046875 -86.287178039551 -86.70327096276074
2022.887084960938 -87.023040771484 -87.29756956778566
2022.919921875 -87.25301361084 -87.86703490035758
2022.952758789062 -87.109512329102 -88.53972017947348
2022.985595703125 -88.127220153809 -89.57716618730105
2023.019165039062 -89.689277648926 -90.87005724351182
2023.052001953125 -90.772567749023 -92.11204779157435
2023.084838867188 -91.340850830078 -93.79922708898125
2023.11767578125 -94.177474975586 -95.89542598091508
2023.150634765625 -93.55396270752 -97.77933097356707
2023.183471679688 -96.561737060547 -99.83359064522267
2023.21630859375 -95.599571228027 -101.85045208269271
2023.249145507812 -94.204071044922 -103.8564770453506
2023.281982421875 -103.115295410156 -105.8649872512918
2023.314819335938 -108.93367767334 -107.88303559170721
2023.34765625 -106.091026306152 -109.91521981893618
2023.380615234375 -107.830467224121 -111.97137966121511
2023.413452148438 -115.091346740723 -114.03757271868648
2023.4462890625 -119.982124328613 -116.12184067014056
2023.57763671875 -148.070465087891 -124.6043203186903
