2014.804931640625 0.0 7.016687266054466
2014.837768554688 6.298465251923 5.585898060377134
2014.903442382812 4.743743896484 2.72555533377254
2014.96923828125 -0.488391309977 -0.1387243643850766
2015.03564453125 -4.262125968933 -3.0288411598462535
2015.101318359375 -7.664626598358 -5.88707388106209
2015.265625 -7.987008571625 -13.040619727968984
2015.331298828125 -10.453540802002 -15.901358372590298
2015.39697265625 -15.112650871277 -18.763004645569808
2016.021850585938 -46.236209869385 -45.56769597292531
2016.1533203125 -50.777751922607 -51.4421309456632
2016.350463867188 -57.63956451416 -60.39097148637211
2016.416137695312 -81.029518127441 -63.354007402169664
2016.547607421875 -70.374694824219 -69.24110789254642
2016.744750976562 -75.446578979492 -78.35259380137535
2016.777587890625 -81.119583129883 -79.89260316723234
2016.810424804688 -75.370536804199 -81.4020381193103
2016.84326171875 -78.952087402344 -82.8683811434112
2016.876098632812 -82.959518432617 -84.35724455147668
2016.908935546875 -84.878929138184 -85.86415835629589
2016.941772460938 -88.551635742188 -87.35267597046824
2016.974731445312 -90.119651794434 -88.90555792469856
2017.005493164062 -89.624450683594 -90.36177772938493
2017.038330078125 -91.703308105469 -91.91349972892864
2017.071166992188 -93.692230224609 -93.46171619105318
2017.10400390625 -94.921081542969 -94.96892685197716
2017.136840820312 -97.21021270752 -96.45091238369434
2017.169799804688 -99.40096282959 -97.91747526769868
2017.20263671875 -99.814239501953 -99.34380537217687
2017.235473632812 -101.048568725586 -100.72728084231935
2017.268310546875 -101.167945861816 -102.07099968425182
2017.301147460938 -104.379402160645 -103.38686295351775
2017.333984375 -102.923210144043 -104.67989218151224
2017.366821289062 -106.775131225586 -105.95776283773912
2017.399780273438 -109.357574462891 -107.25069798539813
2017.4326171875 -108.117134094238 -108.57848009887735
2017.498291015625 -110.116859436035 -111.40577509716293
2017.531127929688 -112.189224243164 -112.90163791490822
2017.56396484375 -113.036476135254 -114.43898544930016
2017.596801757812 -115.255981445312 -116.01674671491575
2017.629760742188 -115.120101928711 -117.64747021328975
2017.66259765625 -118.07901763916 -119.33066162995127
2017.695434570312 -120.517066955566 -121.07049836387407
2017.728271484375 -123.985000610352 -122.87191018628411
2017.761108398438 -124.775039672852 -124.71483109900359
2017.7939453125 -127.542266845703 -126.56916621802188
2017.826782226562 -128.284851074219 -128.41409250974436
2017.859741210938 -130.539794921875 -130.2486224641048
2017.892578125 -133.080215454102 -132.04802213413166
2017.925415039062 -134.450561523438 -133.81344663088237
2017.958251953125 -135.055999755859 -135.54559991070516
2017.991088867188 -137.618209838867 -137.24138388761688
2018.024658203125 -139.27685546875 -138.93815379011238
2018.057495117188 -141.283981323242 -140.57139956936513
2018.09033203125 -141.604232788086 -142.1873002338814
2018.123168945312 -143.72917175293 -143.78075766969394
2018.156005859375 -145.1103515625 -145.35032935799896
2018.18896484375 -147.567459106445 -146.90671707256695
2018.221801757812 -148.439254760742 -148.4449476925949
2018.254638671875 -151.560424804688 -149.98213104797543
2018.287475585938 -150.337814331055 -151.52813241470523
2018.3203125 -152.876358032227 -153.08416508450347
2018.353149414062 -155.089691162109 -154.649165030669
2018.385986328125 -157.113616943359 -156.22325806098127
2018.4189453125 -155.963836669922 -157.8103472960779
2018.451782226562 -158.457061767578 -159.40459583365464
2018.484619140625 -161.467391967773 -161.02320106898347
2018.517456054688 -160.899993896484 -162.67365199561965
2018.55029296875 -167.097229003906 -164.35803529881707
2018.583129882812 -167.50309753418 -166.074773773529
2018.615966796875 -162.946258544922 -167.8190888828174
2018.64892578125 -167.246002197266 -169.59355894180058
2018.681762695312 -171.110534667969 -171.39014322260633
2018.714599609375 -163.531097412109 -173.21572491763936
2018.747436523438 -174.637649536133 -175.05967865993316
2018.7802734375 -176.468200683594 -176.90979193179288
2018.813110351562 -178.547332763672 -178.7912607858455
2018.845947265625 -180.896469116211 -180.6992969921236
2018.87890625 -182.429534912109 -182.68256881930765
2018.911743164062 -184.323394775391 -184.7018628230379
2018.944580078125 -186.808502197266 -186.71663916985284
2018.977416992188 -189.393112182617 -188.72380525085137
2019.010986328125 -190.618759155273 -190.74715485451256
2019.043823242188 -192.796859741211 -192.72827497799216
2019.109497070312 -196.860916137695 -196.5841425039945
2019.1259765625 -197.691253662109 -197.55625213124682
2019.142333984375 -199.365295410156 -198.4620235935565
2019.175170898438 -200.872589111328 -200.2639767884366
2019.191650390625 -201.292068481445 -201.10469787977337
2019.208129882812 -202.957855224609 -201.90097424804745
2019.224487304688 -202.572647094727 -202.69586475085833
2019.240966796875 -203.231246948242 -203.39446947273728
2019.25732421875 -204.457382202148 -204.04784839818794
2019.273803710938 -205.54035949707 -204.73384508194016
2019.290161132812 -205.561752319336 -205.37952503889156
2019.306640625 -206.830322265625 -205.93596556850136
2019.323120117188 -207.0 -206.46026517638091
2019.339477539062 -207.386703491211 -206.9487450706168
2019.35595703125 -207.437164306641 -207.40379244287254
2019.372314453125 -206.335922241211 -207.81626837209393
2019.388793945312 -209.557754516602 -208.1914801825068
2019.405151367188 -209.301467895508 -208.5336823906271
2019.421630859375 -209.097274780273 -208.91340389465833
2019.438110351562 -209.176544189453 -209.32887176389386
2019.454467773438 -210.516677856445 -209.80891681794623
2019.470947265625 -208.308441162109 -210.35565657554912
2019.4873046875 -208.898101806641 -210.90893948947408
2019.503784179688 -207.258666992188 -211.46394432297748
2019.520141601562 -206.846893310547 -211.94792178620028
2019.53662109375 -216.392868041992 -212.43902144471565
2019.569458007812 -215.975982666016 -213.44493740638998
2019.602294921875 -213.210372924805 -214.49419727494555
2019.618774414062 -217.591781616211 -215.02350826128344
2019.635131835938 -216.278366088867 -215.5723461316877
2019.651611328125 -216.133255004883 -216.06590614252673
2019.668090820312 -215.241165161133 -216.58805022348554
2019.71728515625 -219.925933837891 -217.80780823792097
2019.733764648438 -218.466979980469 -218.16678686594383
2019.750122070312 -220.347839355469 -218.50172178419098
2019.7666015625 -218.690338134766 -218.845993117877
2019.799438476562 -218.567901611328 -219.4837335780724
2019.832275390625 -222.852951049805 -220.09592888177275
2019.865112304688 -219.674224853516 -220.65417014036393
2019.898071289062 -220.759582519531 -221.15438858795702
2019.930908203125 -223.631591796875 -221.60250364186908
2019.963745117188 -222.893005371094 -222.00118998629938
2019.99658203125 -222.515823364258 -222.37449814272318
2020.030151367188 -223.158187866211 -222.79574574991588
2020.06298828125 -223.397171020508 -223.11134707862377
2020.095825195312 -222.011077880859 -223.40058606312812
2020.128662109375 -223.831878662109 -223.62753650348571
2020.161499023438 -225.0927734375 -223.7971767010741
2020.177978515625 -224.988754272461 -223.834597125887
2020.1943359375 -224.11637878418 -223.91339996744972
2020.227294921875 -223.441650390625 -223.98718473080655
2020.260131835938 -224.688720703125 -224.0416719576066
2020.29296875 -224.352905273438 -224.10101421193164
2020.325805664062 -225.480453491211 -224.15988467669604
2020.358642578125 -223.713195800781 -224.30477097557684
2020.391479492188 -223.355194091797 -224.47213999073935
2020.42431640625 -222.967254638672 -224.64287618133832
2020.457275390625 -220.667541503906 -224.8743580436074
2020.490112304688 -222.777954101562 -225.18653505820717
2020.52294921875 -225.544891357422 -225.5668073904764
2020.555786132812 -225.586380004883 -226.03863558090723
2020.572265625 -225.858535766602 -226.38330703042783
2020.588623046875 -225.580352783203 -226.73321861000014
2020.605102539062 -226.829544067383 -227.00152910221237
2020.621459960938 -230.166748046875 -227.3776606810492
2020.654296875 -225.276107788086 -228.09247951493867
2020.687255859375 -230.465927124023 -228.80275139724822
2020.70361328125 -229.466064453125 -229.17007195540336
2020.720092773438 -229.78515625 -229.4225664721069
2020.7529296875 -230.10791015625 -229.93776011621523
2020.785766601562 -231.071990966797 -230.37295888405515
2020.818603515625 -232.738067626953 -230.7519870880308
2020.851440429688 -232.827575683594 -231.07869219055925
2020.917236328125 -232.162628173828 -231.51890858678175
2020.950073242188 -232.289215087891 -231.6123540334484
2020.98291015625 -231.813507080078 -231.663208935824
2021.013671875 -231.517639160156 -231.7484068541275
2021.046508789062 -231.820388793945 -231.7228949959164
2021.079345703125 -231.393341064453 -231.63361492081785
2021.1123046875 -231.184814453125 -231.53297181489705
2021.145141601562 -232.412628173828 -231.42320253552697
2021.177978515625 -231.859252929688 -231.31742697645961
2021.210815429688 -231.527221679688 -231.21556827021118
2021.24365234375 -229.651062011719 -231.1175399643524
2021.276489257812 -230.343826293945 -231.00943769786528
2021.309326171875 -231.738494873047 -230.927759820389
2021.34228515625 -230.510116577148 -230.9881106047294
2021.358642578125 -231.130828857422 -231.19594827883188
2021.391479492188 -231.125427246094 -231.50302103905466
2021.407958984375 -228.831436157227 -231.7433557771857
2021.440795898438 -225.578552246094 -232.0750168760676
2021.4736328125 -226.544998168945 -232.43682118427336
2021.506469726562 -241.952590942383 -232.83001657197374
2021.539306640625 -229.71662902832 -233.24925785946573
2021.572265625 -231.613037109375 -233.74092899626075
2021.605102539062 -235.763931274414 -234.17276976420806
2021.637939453125 -234.492141723633 -234.61009626974894
2021.670776367188 -237.319320678711 -235.05941583144633
2021.736450195312 -232.778305053711 -235.9300292516384
2021.769287109375 -236.68391418457 -236.34014977151594
2021.80224609375 -237.141494750977 -236.686234425501
2021.835083007812 -238.911956787109 -237.01860700615245
2021.867919921875 -237.811248779297 -237.29441389391346
2021.966430664062 -238.851257324219 -238.09624535101403
2022.0 -236.661819458008 -238.3475193122559
2022.065673828125 -239.329788208008 -238.8606728153751
2022.098510742188 -238.978668212891 -239.09865843686686
2022.197143554688 -239.157043457031 -239.7910139048336
2022.22998046875 -239.665023803711 -240.00009485407293
2022.262817382812 -239.981979370117 -240.19797864560894
2022.295654296875 -241.337921142578 -240.382085828403
2022.328491210938 -240.557312011719 -240.55217861308964
2022.394287109375 -241.735412597656 -240.85621324716723
2022.558471679688 -242.272338867188 -241.51330619795388
2022.591430664062 -245.398635864258 -241.67034223847054
2022.68994140625 -240.029388427734 -242.02633655726183
2022.722778320312 -243.183563232422 -242.09991411364456
2022.821411132812 -241.226623535156 -242.12026649440963
2022.854248046875 -245.155868530273 -242.05108472145974
2022.887084960938 -242.682876586914 -241.95328259580683
2022.919921875 -242.618194580078 -241.87183473897323
2022.952758789062 -243.307250976562 -241.78374064212628
2022.985595703125 -241.137649536133 -241.6265240001819
2023.019165039062 -241.27848815918 -241.44206337359708
2023.052001953125 -241.233474731445 -241.26229129008908
2023.084838867188 -241.374008178711 -241.02085064810254
2023.11767578125 -240.833312988281 -240.7541206101294
2023.150634765625 -240.564361572266 -240.4851755913526
2023.183471679688 -240.353668212891 -240.2003336908943
2023.21630859375 -239.381057739258 -239.9123028320945
2023.249145507812 -237.46337890625 -239.6228672871652
2023.281982421875 -239.979217529297 -239.33325761881952
2023.314819335938 -241.052368164062 -239.04454830839487
2023.34765625 -238.48876953125 -238.75701901986054
2023.380615234375 -239.456558227539 -238.46906566101507
2023.413452148438 -236.915374755859 -238.1821527565337
2023.4462890625 -237.575622558594 -237.8943167550369
2023.57763671875 -243.885452270508 -236.73076956747707
