2014.804931640625 -0.0 -11.140551612631782
2014.837768554688 -0.469503641129 -12.10857904005055
2014.903442382812 -2.66480755806 -14.044324028755923
2014.96923828125 -9.790566444397 -15.983187942352636
2015.03564453125 -11.297806739807 -17.9394536709905
2015.101318359375 -26.625411987305 -19.87344233291683
2015.265625 -24.606742858887 -24.707787085683428
2015.331298828125 -37.617282867432 -26.637756190684712
2015.39697265625 -52.444934844971 -28.56606917854707
2016.021850585938 -46.412712097168 -46.89189087249756
2016.1533203125 -55.134208679199 -50.98636379187768
2016.350463867188 -56.124076843262 -56.227520356411986
2016.416137695312 -55.423683166504 -57.90825441594367
2016.547607421875 -62.117946624756 -61.342051777979485
2016.744750976562 -69.820915222168 -66.09760446960622
2016.777587890625 -66.368865966797 -66.88318274227477
2016.810424804688 -66.664245605469 -67.65044028917504
2016.84326171875 -69.922813415527 -68.3848411395499
2016.876098632812 -69.615684509277 -69.11918947028224
2016.908935546875 -69.994735717773 -69.86940501119419
2016.941772460938 -70.565101623535 -70.62569902830585
2016.974731445312 -70.743225097656 -71.41118473406736
2017.005493164062 -71.809158325195 -72.15605265682943
2017.038330078125 -73.192741394043 -72.94760053902316
2017.071166992188 -73.224876403809 -73.73338072156676
2017.10400390625 -74.737106323242 -74.53378496309105
2017.136840820312 -75.060287475586 -75.3528259921806
2017.169799804688 -76.028747558594 -76.19602599980713
2017.20263671875 -76.483085632324 -77.0639638708972
2017.235473632812 -78.344383239746 -77.95463480240973
2017.268310546875 -79.168357849121 -78.86840427116941
2017.301147460938 -79.557548522949 -79.80217004643784
2017.333984375 -79.073593139648 -80.75382715597671
2017.366821289062 -80.992790222168 -81.7169036716041
2017.399780273438 -83.739547729492 -82.68778905223441
2017.4326171875 -86.529273986816 -83.65682910878787
2017.498291015625 -85.218132019043 -85.63881524412126
2017.531127929688 -85.694068908691 -86.66134917387518
2017.56396484375 -88.644172668457 -87.7020564553212
2017.596801757812 -88.294898986816 -88.76049266975345
2017.629760742188 -91.904426574707 -89.83646743852323
2017.66259765625 -90.152976989746 -90.91895668272765
2017.695434570312 -89.393692016602 -92.01492615345204
2017.728271484375 -91.06640625 -93.1363720683085
2017.761108398438 -94.63842010498 -94.28498310274873
2017.7939453125 -95.934242248535 -95.45017673624741
2017.826782226562 -96.264495849609 -96.62811517123247
2017.859741210938 -97.559120178223 -97.82737740590608
2017.892578125 -98.606758117676 -99.04883386029987
2017.925415039062 -100.170967102051 -100.29743977035804
2017.958251953125 -101.450119018555 -101.56071791756372
2017.991088867188 -103.080093383789 -102.82819204842524
2018.024658203125 -104.03067779541 -104.1237702786799
2018.057495117188 -105.413398742676 -105.4010953279994
2018.09033203125 -106.793663024902 -106.70265036634228
2018.123168945312 -108.262733459473 -108.03699644250877
2018.156005859375 -109.114654541016 -109.40089345517556
2018.18896484375 -110.413139343262 -110.7878948300648
2018.221801757812 -111.791931152344 -112.17811734138542
2018.254638671875 -112.640670776367 -113.57093359478057
2018.287475585938 -114.392448425293 -114.96704655020596
2018.3203125 -115.561630249023 -116.36933331729554
2018.353149414062 -118.912239074707 -117.77742844326563
2018.385986328125 -120.861976623535 -119.18972776325823
2018.4189453125 -120.721199035645 -120.60676443522185
2018.451782226562 -122.484687805176 -122.01136577353505
2018.484619140625 -123.250190734863 -123.39844511667434
2018.517456054688 -124.781700134277 -124.7518189774991
2018.55029296875 -126.205352783203 -126.05939442881952
2018.583129882812 -127.879783630371 -127.31090672162745
2018.615966796875 -129.614929199219 -128.50516743784993
2018.64892578125 -129.774398803711 -129.6550291884895
2018.681762695312 -131.486877441406 -130.76686260907078
2018.714599609375 -132.0380859375 -131.85584302108072
2018.747436523438 -133.547409057617 -132.9215839550477
2018.7802734375 -134.621505737305 -133.96265020467897
2018.813110351562 -134.670562744141 -134.97467663292863
2018.845947265625 -136.196914672852 -135.96865182752387
2018.87890625 -136.367660522461 -136.9382616782442
2018.911743164062 -137.596984863281 -137.90159370311306
2018.944580078125 -138.93342590332 -138.85795417559797
2018.977416992188 -140.115631103516 -139.81397023859617
2019.010986328125 -140.569442749023 -140.81332692355252
2019.043823242188 -141.576324462891 -141.8007848293838
2019.109497070312 -143.758712768555 -143.8102938243396
2019.1259765625 -144.462188720703 -144.31126283084396
2019.142333984375 -144.921264648438 -144.8072540589171
2019.175170898438 -145.599914550781 -145.809573659898
2019.191650390625 -146.396591186523 -146.31562778250725
2019.208129882812 -147.246475219727 -146.81396572766198
2019.224487304688 -147.153854370117 -147.30964187732837
2019.240966796875 -147.775405883789 -147.77164472770784
2019.25732421875 -148.165878295898 -148.19796366136327
2019.273803710938 -149.044418334961 -148.64889881573922
2019.290161132812 -149.035034179688 -149.08217409827463
2019.306640625 -149.792877197266 -149.4242930085238
2019.323120117188 -150.528823852539 -149.728650465532
2019.339477539062 -150.638137817383 -150.00406653316784
2019.35595703125 -151.43293762207 -150.25570057845073
2019.372314453125 -153.418563842773 -150.47578155146158
2019.388793945312 -151.18896484375 -150.66369913967847
2019.405151367188 -150.391510009766 -150.78663452063756
2019.421630859375 -150.588470458984 -150.94716056137185
2019.438110351562 -151.970901489258 -151.09358439308681
2019.454467773438 -151.303985595703 -151.23332993826617
2019.470947265625 -149.731384277344 -151.40220156976054
2019.4873046875 -151.816711425781 -151.63211912239368
2019.503784179688 -148.846206665039 -151.99959197665316
2019.520141601562 -149.512847900391 -152.30499713722946
2019.53662109375 -151.94970703125 -152.64991427925494
2019.569458007812 -153.316604614258 -153.39960990789814
2019.602294921875 -148.913467407227 -154.21408985218378
2019.618774414062 -151.26969909668 -154.62001595341857
2019.635131835938 -155.462432861328 -155.04490534397289
2019.651611328125 -155.972885131836 -155.53867017571608
2019.668090820312 -152.236511230469 -156.01467052562683
2019.71728515625 -157.703689575195 -157.59912019762808
2019.733764648438 -156.955627441406 -158.14709745991874
2019.750122070312 -154.695816040039 -158.7236407661826
2019.7666015625 -158.520614624023 -159.28118622721354
2019.799438476562 -160.424850463867 -160.4102719214496
2019.832275390625 -161.138244628906 -161.51620437719626
2019.865112304688 -163.308883666992 -162.61127618736455
2019.898071289062 -164.147659301758 -163.69435977254588
2019.930908203125 -165.811477661133 -164.74429085291183
2019.963745117188 -166.326873779297 -165.71554934629916
2019.99658203125 -166.835891723633 -166.64162055997892
2020.030151367188 -168.462448120117 -167.63621377549364
2020.06298828125 -168.401275634766 -168.44405845949296
2020.095825195312 -169.376007080078 -169.2311487815335
2020.128662109375 -170.561218261719 -169.96412551909233
2020.161499023438 -170.987930297852 -170.66216092060057
2020.177978515625 -171.415863037109 -171.0004939493127
2020.1943359375 -171.601699829102 -171.34663711913092
2020.227294921875 -172.086700439453 -172.04092675906034
2020.260131835938 -171.947647094727 -172.75109912367043
2020.29296875 -173.204162597656 -173.46239604472947
2020.325805664062 -173.076110839844 -174.19721251465737
2020.358642578125 -174.872863769531 -175.02328233754037
2020.391479492188 -174.631988525391 -175.88472317371804
2020.42431640625 -177.372451782227 -176.7660575677621
2020.457275390625 -175.463165283203 -177.69451336129436
2020.490112304688 -179.142013549805 -178.66209936510387
2020.52294921875 -178.825119018555 -179.64537776590066
2020.555786132812 -179.778900146484 -180.62553157180952
2020.572265625 -182.21647644043 -181.0871111753286
2020.588623046875 -182.106964111328 -181.5285079866828
2020.605102539062 -183.230758666992 -182.017717552042
2020.621459960938 -184.033493041992 -182.43680335546523
2020.654296875 -181.969741821289 -183.29292165101413
2020.687255859375 -185.634140014648 -184.08109751635425
2020.70361328125 -185.106704711914 -184.4775786793757
2020.720092773438 -184.598403930664 -184.77966921747537
2020.7529296875 -186.071517944336 -185.40911591109844
2020.785766601562 -187.082138061523 -185.98989990904357
2020.818603515625 -186.299118041992 -186.53908159367023
2020.851440429688 -187.407989501953 -187.06190902369656
2020.917236328125 -188.479293823242 -188.0509550710905
2020.950073242188 -188.027420043945 -188.5437245240021
2020.98291015625 -189.006011962891 -189.04493140786218
2021.013671875 -188.734039306641 -189.49448236734733
2021.046508789062 -189.825424194336 -189.995089794468
2021.079345703125 -190.478408813477 -190.5169151732886
2021.1123046875 -190.971130371094 -191.02647012373967
2021.145141601562 -191.214172363281 -191.5261531373031
2021.177978515625 -192.046173095703 -192.01524807089118
2021.210815429688 -193.44108581543 -192.50420788074925
2021.24365234375 -193.661590576172 -193.0216373668371
2021.276489257812 -190.34553527832 -193.52707710449548
2021.309326171875 -194.0947265625 -194.05016952332926
2021.34228515625 -196.18342590332 -194.6054552390823
2021.358642578125 -194.574798583984 -194.93354973945034
2021.391479492188 -194.100631713867 -195.5615761611029
2021.407958984375 -194.871856689453 -195.9296807945728
2021.440795898438 -194.597213745117 -196.59934598884053
2021.4736328125 -195.640228271484 -197.3035644362431
2021.506469726562 -197.749542236328 -198.05376006470556
2021.539306640625 -198.913864135742 -198.84569907195367
2021.572265625 -196.352905273438 -199.69934257957817
2021.605102539062 -200.617919921875 -200.53474710501115
2021.637939453125 -201.982299804688 -201.37013601879386
2021.670776367188 -204.249664306641 -202.17786813974763
2021.736450195312 -207.818099975586 -203.56277387892987
2021.769287109375 -203.676513671875 -204.25427482595717
2021.80224609375 -206.378829956055 -204.89567179907243
2021.835083007812 -206.596542358398 -205.56410341308853
2021.867919921875 -208.931076049805 -206.18379209066063
2021.966430664062 -208.070877075195 -208.04991294936113
2022.0 -206.776184082031 -208.67849635165044
2022.065673828125 -209.691986083984 -209.8915740749718
2022.098510742188 -210.052352905273 -210.5335925362035
2022.197143554688 -212.32145690918 -212.74438316868643
2022.22998046875 -212.177993774414 -213.55339661428775
2022.262817382812 -207.958618164062 -214.38991268630016
2022.295654296875 -208.708633422852 -215.2450473118692
2022.328491210938 -215.968139648438 -216.10620658476813
2022.394287109375 -210.4931640625 -217.79862275614124
2022.558471679688 -226.14094543457 -221.90066310055022
2022.591430664062 -223.625442504883 -222.82462753711349
2022.68994140625 -229.774841308594 -225.67576654606097
2022.722778320312 -226.628707885742 -226.53150641695325
2022.821411132812 -230.035751342773 -228.5157398734736
2022.854248046875 -228.852935791016 -229.02120509389724
2022.887084960938 -230.648559570312 -229.495113981257
2022.919921875 -230.259689331055 -229.9811152583944
2022.952758789062 -231.122299194336 -230.43694062672972
2022.985595703125 -231.647903442383 -230.76694064693092
2023.019165039062 -231.168060302734 -231.0335792636374
2023.052001953125 -230.98258972168 -231.29198810270867
2023.084838867188 -232.057464599609 -231.44996809190306
2023.11767578125 -231.580703735352 -231.54159741731476
2023.150634765625 -232.562591552734 -231.65532580416175
2023.183471679688 -231.92219543457 -231.73970928614884
2023.21630859375 -234.864624023438 -231.8251327943652
2023.249145507812 -235.323867797852 -231.90927022895778
2023.281982421875 -231.560241699219 -231.99077151646654
2023.314819335938 -233.163635253906 -232.06893876450317
2023.34765625 -233.815872192383 -232.14357003022215
2023.380615234375 -230.43505859375 -232.214343289388
2023.413452148438 -233.184600830078 -232.28024827409445
2023.4462890625 -226.062728881836 -232.34249369747636
2023.57763671875 -218.825210571289 -232.56668796262943
