2014.804931640625 0.0 11.81218089387271
2014.837768554688 11.522019386292 11.677212038850335
2014.903442382812 12.824620246887 11.407872937361237
2014.96923828125 9.061551094055 11.139087900599161
2015.03564453125 11.042213439941 10.869090392268616
2015.101318359375 0.911498010159 10.603943182923702
2015.265625 18.864046096802 9.954350336796159
2015.331298828125 14.284258842468 9.703015528593365
2015.39697265625 -6.464847564697 9.458302274963165
2016.021850585938 14.474712371826 5.355879202038891
2016.1533203125 -0.285260617733 4.115474520478316
2016.350463867188 5.543089866638 5.522928714711917
2016.416137695312 -7.404295444489 6.0905911622745705
2016.547607421875 8.691506385803 7.283960440564178
2016.744750976562 11.674951553345 8.907542798259014
2016.777587890625 10.586119651794 9.06098711881578
2016.810424804688 8.228081703186 9.153796082292956
2016.84326171875 9.360582351685 9.042204433923656
2016.876098632812 8.106754302979 8.784347802683362
2016.908935546875 9.225441932678 8.461859414878807
2016.941772460938 9.045002937317 8.127224687460997
2016.974731445312 8.765831947327 7.688488896116399
2017.005493164062 7.366012096405 7.21928925113122
2017.038330078125 6.903182506561 6.743302664363306
2017.071166992188 6.756185054779 6.274880072226089
2017.10400390625 6.10259771347 5.731050918927213
2017.136840820312 5.783268451691 5.134500201543226
2017.169799804688 4.142562389374 4.490260567609526
2017.20263671875 4.119728088379 3.8023890552380726
2017.235473632812 4.28206205368 3.094402643815359
2017.268310546875 1.80278968811 2.4062379874921755
2017.301147460938 1.196716785431 1.759016645478349
2017.333984375 1.158582091331 1.167293700820533
2017.366821289062 1.829988837242 0.6398970306065905
2017.399780273438 -1.394052863121 0.15429154491908273
2017.4326171875 -3.774304389954 -0.3269240620787417
2017.498291015625 -6.641067028046 -1.3324245053544805
2017.531127929688 -1.235344529152 -1.8294279434851008
2017.56396484375 -1.418525099754 -2.2935102405784566
2017.596801757812 3.562500715256 -2.7177891215193304
2017.629760742188 -3.094535589218 -3.109860325207516
2017.66259765625 -1.173955917358 -3.4654041982238177
2017.695434570312 -3.787721395493 -3.7930608136018558
2017.728271484375 -6.246260643005 -4.120243742645043
2017.761108398438 -5.806471824646 -4.471542037137137
2017.7939453125 -5.336027622223 -4.839271514940043
2017.826782226562 -4.926361083984 -5.204195331020763
2017.859741210938 -4.697299003601 -5.551716139496264
2017.892578125 -5.885523796082 -5.86248495174548
2017.925415039062 -7.483157634735 -6.14399442219631
2017.958251953125 -6.277268886566 -6.41667088695605
2017.991088867188 -6.539535045624 -6.6929023917422334
2018.024658203125 -6.326390743256 -6.9943606308248425
2018.057495117188 -7.429040908813 -7.324358977673305
2018.09033203125 -7.628005981445 -7.709126904735017
2018.123168945312 -7.971370220184 -8.167361698303642
2018.156005859375 -6.029008388519 -8.725932143020982
2018.18896484375 -8.639284133911 -9.421155262053944
2018.221801757812 -8.218179702759 -10.279921387657408
2018.254638671875 -11.176403045654 -11.30917895195294
2018.287475585938 -9.871465682983 -12.50881262781846
2018.3203125 -11.894700050354 -13.851560782616176
2018.353149414062 -8.352849006653 -15.30740885490883
2018.385986328125 -14.487622261047 -16.85213823751822
2018.4189453125 -15.752974510193 -18.48146871152733
2018.451782226562 -18.34606552124 -20.16510506505501
2018.484619140625 -25.613227844238 -21.888207865269038
2018.517456054688 -23.833309173584 -23.642326716937415
2018.55029296875 -29.562040328979 -25.415770495818702
2018.583129882812 -28.219934463501 -27.151498037869963
2018.615966796875 -29.295282363892 -28.780675655032567
2018.64892578125 -31.475168228149 -30.26288041763344
2018.681762695312 -33.647895812988 -31.58773656578297
2018.714599609375 -24.146928787231 -32.77644187988291
2018.747436523438 -34.251934051514 -33.826693341061144
2018.7802734375 -36.647914886475 -34.769775986275626
2018.813110351562 -39.580196380615 -35.61739625601899
2018.845947265625 -39.499839782715 -36.46781786012297
2018.87890625 -36.624507904053 -37.25596919020149
2018.911743164062 -36.866584777832 -37.93011921263991
2018.944580078125 -38.450714111328 -38.53408242670783
2018.977416992188 -37.600696563721 -39.07677672795221
2019.010986328125 -38.872787475586 -39.67579684421705
2019.043823242188 -40.05810546875 -40.23950044463783
2019.109497070312 -41.841053009033 -41.80870303513071
2019.1259765625 -41.673274993896 -42.229067609914004
2019.142333984375 -42.63404083252 -42.721537829869824
2019.175170898438 -43.208492279053 -43.747096150128364
2019.191650390625 -43.550220489502 -44.33362098537151
2019.208129882812 -43.595756530762 -44.95487504762465
2019.224487304688 -45.023048400879 -45.56292528991317
2019.240966796875 -46.635322570801 -46.264472044429766
2019.25732421875 -46.151344299316 -47.00970302959148
2019.273803710938 -47.660697937012 -47.732139861763365
2019.290161132812 -48.784049987793 -48.4935035093386
2019.306640625 -49.021560668945 -49.422794971803064
2019.323120117188 -49.410541534424 -50.446742300934964
2019.339477539062 -53.417945861816 -51.53482531382829
2019.35595703125 -50.788734436035 -52.67638682808423
2019.372314453125 -50.777366638184 -53.8273352552258
2019.388793945312 -53.681415557861 -55.00134598514218
2019.405151367188 -52.686550140381 -56.24555643064004
2019.421630859375 -57.807552337646 -57.45682051053741
2019.438110351562 -61.476459503174 -58.70257997498273
2019.454467773438 -60.604404449463 -59.97458110411087
2019.470947265625 -62.192825317383 -61.269471191569735
2019.4873046875 -64.536323547363 -62.52730939814972
2019.503784179688 -61.788635253906 -63.671168784478695
2019.520141601562 -63.754928588867 -64.84665722522658
2019.53662109375 -70.333908081055 -65.93426368514484
2019.569458007812 -68.392456054688 -67.61228263904314
2019.602294921875 -61.156936645508 -68.56359559630735
2019.618774414062 -72.884902954102 -69.12144632963258
2019.635131835938 -72.483245849609 -69.66243257940694
2019.651611328125 -72.002586364746 -69.9964820767184
2019.668090820312 -76.314628601074 -70.48876017773023
2019.71728515625 -72.738418579102 -71.3570601325073
2019.733764648438 -70.012542724609 -71.54850511848554
2019.750122070312 -74.276695251465 -71.50577460773938
2019.7666015625 -70.035255432129 -71.55038044888073
2019.799438476562 -71.162666320801 -71.37443833893533
2019.832275390625 -75.712844848633 -71.13496323587034
2019.865112304688 -71.103080749512 -70.82968092849218
2019.898071289062 -70.643486022949 -70.50538957258243
2019.930908203125 -70.411224365234 -70.16986406296841
2019.963745117188 -69.588493347168 -69.80941934688427
2019.99658203125 -69.621520996094 -69.44583093139461
2020.030151367188 -68.103492736816 -69.07791412226915
2020.06298828125 -68.830642700195 -68.74792574668083
2020.095825195312 -68.285820007324 -68.46481577704435
2020.128662109375 -68.506034851074 -68.26936863995702
2020.161499023438 -66.530487060547 -68.20450642870331
2020.177978515625 -67.76042175293 -68.31446207504571
2020.1943359375 -67.125640869141 -68.2831017934756
2020.227294921875 -65.934150695801 -68.56692535360877
2020.260131835938 -67.858192443848 -69.1156424486501
2020.29296875 -67.318740844727 -69.7662259129326
2020.325805664062 -69.24397277832 -70.64747390969293
2020.358642578125 -70.097396850586 -71.95858935574611
2020.391479492188 -68.541442871094 -73.40126994791827
2020.42431640625 -74.823600769043 -74.93204307471501
2020.457275390625 -70.380027770996 -76.61597994365836
2020.490112304688 -76.870460510254 -78.44499377221578
2020.52294921875 -80.651351928711 -80.34388681530778
2020.555786132812 -80.884803771973 -82.29763411889259
2020.572265625 -84.305053710938 -83.25505878916907
2020.588623046875 -89.343933105469 -84.17662402070899
2020.605102539062 -87.286926269531 -85.17283858811399
2020.621459960938 -89.489845275879 -86.05000513499319
2020.654296875 -85.406959533691 -87.80648846561378
2020.687255859375 -90.685997009277 -89.37366034823566
2020.70361328125 -92.685691833496 -90.16643127637231
2020.720092773438 -90.602439880371 -90.68802124342754
2020.7529296875 -93.134384155273 -91.80224304429481
2020.785766601562 -95.392044067383 -92.77545984825963
2020.818603515625 -94.962944030762 -93.64112447311163
2020.851440429688 -96.099571228027 -94.40684230299244
2020.917236328125 -96.107223510742 -95.6849320073559
2020.950073242188 -95.835624694824 -96.21357795413972
2020.98291015625 -96.85578918457 -96.7130552384917
2021.013671875 -96.74991607666 -97.1712316264093
2021.046508789062 -97.413795471191 -97.61877430488637
2021.079345703125 -98.170562744141 -98.11741590609192
2021.1123046875 -96.976753234863 -98.6316107861855
2021.145141601562 -99.413604736328 -99.18196904381657
2021.177978515625 -98.879844665527 -99.76221936497105
2021.210815429688 -103.542770385742 -100.37036351654355
2021.24365234375 -97.895652770996 -100.97195148957245
2021.276489257812 -99.711486816406 -101.68276686974863
2021.309326171875 -104.397689819336 -102.51685299921273
2021.34228515625 -101.948669433594 -103.49608632772713
2021.358642578125 -104.756523132324 -104.13116379661972
2021.391479492188 -102.26456451416 -105.2937617711118
2021.407958984375 -105.250991821289 -105.95003283792485
2021.440795898438 -104.840484619141 -107.13671612481501
2021.4736328125 -102.525566101074 -108.3227696981082
2021.506469726562 -124.989677429199 -109.51351474382629
2021.539306640625 -111.829940795898 -110.72157248469308
2021.572265625 -115.372917175293 -111.94626377704277
2021.605102539062 -121.976585388184 -113.203832011961
2021.637939453125 -115.901100158691 -114.46025362218393
2021.670776367188 -114.897552490234 -115.69970731051556
2021.736450195312 -117.502113342285 -117.8942314373885
2021.769287109375 -118.780639648438 -118.94204739965525
2021.80224609375 -120.90259552002 -119.87176546664674
2021.835083007812 -121.795387268066 -120.78147607916078
2021.867919921875 -123.331481933594 -121.63478252717638
2021.966430664062 -123.73844909668 -124.0311291275342
2022.0 -124.914779663086 -124.77746123451307
2022.065673828125 -125.514976501465 -126.28924980511384
2022.098510742188 -128.074340820312 -126.96147625489509
2022.197143554688 -129.105911254883 -128.88753183274363
2022.22998046875 -133.457290649414 -129.4943846729654
2022.262817382812 -131.099792480469 -130.0752756282664
2022.295654296875 -130.784729003906 -130.61910194238015
2022.328491210938 -128.178466796875 -131.1183238655756
2022.394287109375 -136.769943237305 -132.0519196748927
2022.558471679688 -132.276107788086 -134.80114604332522
2022.591430664062 -140.04524230957 -135.27104799473287
2022.68994140625 -126.948585510254 -136.73914859235785
2022.722778320312 -130.5283203125 -137.1779159874315
2022.821411132812 -137.268798828125 -139.2144789906954
2022.854248046875 -139.301635742188 -140.26270593000285
2022.887084960938 -138.394088745117 -141.4649778810379
2022.919921875 -141.249542236328 -142.5995330823229
2022.952758789062 -142.802734375 -144.05854588303026
2022.985595703125 -144.189300537109 -146.20995150273677
2023.019165039062 -147.586608886719 -148.6651093534946
2023.052001953125 -149.642807006836 -151.04695327279043
2023.084838867188 -152.899169921875 -153.70173198885198
2023.11767578125 -155.679107666016 -156.60365995413184
2023.150634765625 -155.396224975586 -159.39240310109105
2023.183471679688 -161.145980834961 -162.32018765675946
2023.21630859375 -159.054092407227 -165.24828622646183
2023.249145507812 -157.114410400391 -168.184420325272
2023.281982421875 -170.024673461914 -171.13227406852775
2023.314819335938 -176.066024780273 -174.09376050860192
2023.34765625 -175.645721435547 -177.07006502728268
2023.380615234375 -178.793395996094 -180.07201589741098
2023.413452148438 -185.871017456055 -183.07744168065088
2023.4462890625 -197.529754638672 -186.09759420900826
2023.57763671875 -229.879440307617 -198.2891230468668
