2014.804931640625 -0.0 -4.118540866890257
2014.837768554688 -14.924235343933 -4.705565154939083
2014.903442382812 -8.173519134521 -5.872145737340954
2014.96923828125 -6.41469335556 -7.031363256346502
2015.03564453125 15.534954071045 -8.191803987032799
2015.101318359375 -15.472709655762 -9.330257845964804
2015.265625 34.24488067627 -12.139006509066753
2015.331298828125 -23.958873748779 -13.245161388752685
2015.39697265625 -45.428592681885 -14.341813709998874
2016.021850585938 2.570071697235 -32.01878656719144
2016.1533203125 -30.761648178101 -31.31311558264754
2016.350463867188 -34.172389984131 -29.110566685308335
2016.416137695312 -40.857810974121 -28.42424716300075
2016.547607421875 -22.787843704224 -27.064888708342362
2016.744750976562 -31.473833084106 -24.627518714088133
2016.777587890625 -21.88782119751 -24.22643551254665
2016.810424804688 -26.527076721191 -23.923643749621686
2016.84326171875 -22.194271087646 -23.76381911005843
2016.876098632812 -25.080223083496 -23.598195693283422
2016.908935546875 -23.78723526001 -23.40775429081788
2016.941772460938 -22.606136322021 -23.206888062104376
2016.974731445312 -21.325717926025 -22.935112228693534
2017.005493164062 -22.28862953186 -22.682667070427932
2017.038330078125 -21.652938842773 -22.401485141871078
2017.071166992188 -21.85657119751 -22.132858126116403
2017.10400390625 -21.756158828735 -21.92233916983425
2017.136840820312 -22.4017162323 -21.75492183119518
2017.169799804688 -23.42310333252 -21.619437667871196
2017.20263671875 -22.711917877197 -21.506729119611297
2017.235473632812 -19.459480285645 -21.380802619687103
2017.268310546875 -17.62957572937 -21.20610341079179
2017.301147460938 -22.745616912842 -21.004286111040447
2017.333984375 -17.228605270386 -20.817085304922305
2017.366821289062 -23.781488418579 -20.682768380723736
2017.399780273438 -26.474027633667 -20.605604104351904
2017.4326171875 -18.292217254639 -20.564354929390056
2017.498291015625 -34.570297241211 -20.51495619557372
2017.531127929688 -16.569225311279 -20.490701751139433
2017.56396484375 -18.540267944336 -20.437296723638624
2017.596801757812 -22.520429611206 -20.329571170603316
2017.629760742188 -19.226411819458 -20.182058699555267
2017.66259765625 -23.739774703979 -20.02757993544727
2017.695434570312 -21.43724822998 -19.869682421889824
2017.728271484375 -20.052034378052 -19.696429430297357
2017.761108398438 -19.254907608032 -19.457780970017748
2017.7939453125 -19.503719329834 -19.124288124782133
2017.826782226562 -19.357692718506 -18.710415999310676
2017.859741210938 -19.698184967041 -18.22086789393268
2017.892578125 -17.22647857666 -17.659446985047964
2017.925415039062 -17.84031867981 -17.0477180975345
2017.958251953125 -16.855087280273 -16.40442282498494
2017.991088867188 -15.973832130432 -15.744099070609394
2018.024658203125 -15.087589263916 -15.083205570835407
2018.057495117188 -13.973999023438 -14.477932711341609
2018.09033203125 -13.594948768616 -13.933127660395805
2018.123168945312 -13.134561538696 -13.47675766806107
2018.156005859375 -10.153234481812 -13.126506400734685
2018.18896484375 -13.509979248047 -12.876846378978403
2018.221801757812 -10.382308959961 -12.741890943916262
2018.254638671875 -8.687951087952 -12.721532367185093
2018.287475585938 -10.091552734375 -12.814632628608202
2018.3203125 -12.050059318542 -13.019395139648239
2018.353149414062 -13.836459159851 -13.365773650536358
2018.385986328125 -11.93406867981 -13.87752646372492
2018.4189453125 -15.043251037598 -14.556672442830909
2018.451782226562 -15.889855384827 -15.366909311309433
2018.484619140625 -11.988495826721 -16.25380914936874
2018.517456054688 -18.370767593384 -17.18128079893566
2018.55029296875 -16.36297416687 -18.124765518322924
2018.583129882812 -17.735370635986 -19.044859373748146
2018.615966796875 -29.484796524048 -19.914418842115403
2018.64892578125 -22.830804824829 -20.726313409006487
2018.681762695312 -23.534337997437 -21.473373796917194
2018.714599609375 -23.360197067261 -22.14577992580327
2018.747436523438 -25.198028564453 -22.725969876680253
2018.7802734375 -21.412618637085 -23.2196237947334
2018.813110351562 -27.788160324097 -23.553670784828686
2018.845947265625 -26.015930175781 -23.820829803470964
2018.87890625 -24.997318267822 -23.865270727474265
2018.911743164062 -24.690942764282 -23.680234420873006
2018.944580078125 -23.179975509644 -23.49814112538156
2018.977416992188 -23.845539093018 -23.226907163596604
2019.010986328125 -21.932958602905 -22.786213675079768
2019.043823242188 -22.429191589355 -22.274563366127623
2019.109497070312 -21.229602813721 -21.119890708747448
2019.1259765625 -21.301790237427 -20.85311510962748
2019.142333984375 -21.214908599854 -20.570085912419724
2019.175170898438 -20.494918823242 -20.007673133371576
2019.191650390625 -18.958045959473 -19.70710002792195
2019.208129882812 -21.401859283447 -19.40374910201182
2019.224487304688 -18.689180374146 -19.090048006406388
2019.240966796875 -16.524467468262 -18.789181211117114
2019.25732421875 -18.348655700684 -18.522276601951233
2019.273803710938 -18.117828369141 -18.216082924543638
2019.290161132812 -16.831731796265 -17.919602056124287
2019.306640625 -19.189128875732 -17.77695772470129
2019.323120117188 -15.517860412598 -17.73308800134205
2019.339477539062 -17.444679260254 -17.779689844549956
2019.35595703125 -17.618848800659 -17.91028051781489
2019.372314453125 -15.676487922668 -18.11702804415544
2019.388793945312 -17.166955947876 -18.40062765331308
2019.405151367188 -16.660480499268 -18.822337020490014
2019.421630859375 -17.782278060913 -19.20527862348167
2019.438110351562 -23.744041442871 -19.642042980534324
2019.454467773438 -18.524578094482 -20.09481449839216
2019.470947265625 -21.66296005249 -20.52075068397
2019.4873046875 -22.605211257935 -20.89989804086412
2019.503784179688 -7.455977916718 -21.15434194394252
2019.520141601562 -10.042907714844 -21.507414415753235
2019.53662109375 -22.296815872192 -21.84760371256442
2019.569458007812 -23.309438705444 -22.506550972759513
2019.602294921875 -29.829109191895 -23.21733206525403
2019.618774414062 -17.555828094482 -23.559018270412125
2019.635131835938 -23.57533454895 -23.870469287382154
2019.651611328125 -24.36208152771 -24.204488275133446
2019.668090820312 -15.369722366333 -24.493496069372142
2019.71728515625 -24.620567321777 -25.27606685023072
2019.733764648438 -25.325733184814 -25.49199520337159
2019.750122070312 -27.84539604187 -25.605305707719303
2019.7666015625 -28.403253555298 -25.74749805195551
2019.799438476562 -26.638631820679 -25.844581592380333
2019.832275390625 -27.865591049194 -25.93445454279347
2019.865112304688 -27.419052124023 -25.96630233612068
2019.898071289062 -26.338117599487 -25.9426981093032
2019.930908203125 -25.740461349487 -25.854747247066065
2019.963745117188 -23.721687316895 -25.748232254214503
2019.99658203125 -25.144145965576 -25.658544199151663
2020.030151367188 -23.541341781616 -25.496102273231262
2020.06298828125 -25.298765182495 -25.510861170841995
2020.095825195312 -26.009298324585 -25.566492424916706
2020.128662109375 -25.531850814819 -25.728245789800567
2020.161499023438 -24.775573730469 -25.99451801245247
2020.177978515625 -25.61315536499 -26.208638385080018
2020.1943359375 -24.694887161255 -26.347001732721633
2020.227294921875 -25.776098251343 -26.770006838757208
2020.260131835938 -27.603992462158 -27.221608653321276
2020.29296875 -27.525449752808 -27.675286235879714
2020.325805664062 -30.450410842896 -28.152792466048513
2020.358642578125 -27.356174468994 -28.612535750515796
2020.391479492188 -30.215894699097 -29.057570406762235
2020.42431640625 -29.015031814575 -29.49647824734106
2020.457275390625 -30.190673828125 -29.882481782938545
2020.490112304688 -33.957210540771 -30.19185601885229
2020.52294921875 -28.346998214722 -30.49277091427229
2020.555786132812 -27.043214797974 -30.821260418380547
2020.572265625 -44.886009216309 -30.994056571751173
2020.588623046875 -38.231025695801 -31.12394578199154
2020.605102539062 -28.081502914429 -31.265000490469987
2020.621459960938 -45.464813232422 -31.357894973204875
2020.654296875 -39.064041137695 -31.544755860707472
2020.687255859375 -24.052656173706 -31.68391744068547
2020.70361328125 -32.045444488525 -31.77475078136645
2020.720092773438 -29.568887710571 -31.773507713689472
2020.7529296875 -34.770332336426 -31.822701083246606
2020.785766601562 -37.601718902588 -31.82749947952865
2020.818603515625 -31.957122802734 -31.766050217575245
2020.851440429688 -28.622724533081 -31.600182995879727
2020.917236328125 -32.153163909912 -31.10915043160674
2020.950073242188 -31.250490188599 -30.86921930801776
2020.98291015625 -31.121715545654 -30.672956466551263
2021.013671875 -30.406381607056 -30.473631307404467
2021.046508789062 -26.556154251099 -30.344890524466805
2021.079345703125 -30.128530502319 -30.382822205345445
2021.1123046875 -28.546901702881 -30.436755290786884
2021.145141601562 -30.788345336914 -30.544454494621007
2021.177978515625 -29.496271133423 -30.684985918226772
2021.210815429688 -30.691493988037 -30.861013115817986
2021.24365234375 -26.512567520142 -31.022334987586113
2021.276489257812 -34.723430633545 -31.353785597728336
2021.309326171875 -34.59769821167 -31.76798367852694
2021.34228515625 -31.401187896729 -32.235368065497696
2021.358642578125 -32.223377227783 -32.42682404769529
2021.391479492188 -30.939949035645 -32.6853466866861
2021.407958984375 -32.635341644287 -32.63553751817207
2021.440795898438 -31.874465942383 -32.56598842746948
2021.4736328125 -34.502624511719 -32.28184527778408
2021.506469726562 -39.075836181641 -31.81379461635937
2021.539306640625 -40.961708068848 -31.22353008771157
2021.572265625 -38.132511138916 -30.36148961356841
2021.605102539062 -38.223896026611 -29.759177015270854
2021.637939453125 -30.439924240112 -29.104539046379713
2021.670776367188 -24.004535675049 -28.377648903935906
2021.736450195312 -29.797519683838 -26.52320166888548
2021.769287109375 -25.109859466553 -25.608952600858473
2021.80224609375 -23.730096817017 -24.588851818555238
2021.835083007812 -19.691497802734 -23.539989220167513
2021.867919921875 -25.715414047241 -22.534907570828043
2021.966430664062 -16.074768066406 -19.814037103858805
2022.0 -16.569536209106 -19.269601468161156
2022.065673828125 -21.807159423828 -18.160894321271787
2022.098510742188 -15.253799438477 -17.828205152349042
2022.197143554688 -6.707108974457 -16.79034005865436
2022.22998046875 -14.645631790161 -16.563240165149207
2022.262817382812 -1.921453714371 -16.46608831819999
2022.295654296875 -5.333171367645 -16.614593686871128
2022.328491210938 -3.862707853317 -17.048536214947653
2022.394287109375 -18.984172821045 -17.939269686747405
2022.558471679688 -28.604166030884 -18.865931285687473
2022.591430664062 4.11234331131 -19.275544055002587
2022.68994140625 -41.265636444092 -20.80423448823132
2022.722778320312 -37.924655914307 -21.270283258825717
2022.821411132812 -19.697801589966 -22.41229476895741
2022.854248046875 -24.020273208618 -22.141487116492858
2022.887084960938 -20.470233917236 -21.50773997720329
2022.919921875 -23.435556411743 -20.88194025066428
2022.952758789062 -24.493129730225 -20.27210162720716
2022.985595703125 -19.146701812744 -19.69928975517956
2023.019165039062 -16.855690002441 -19.218875501381252
2023.052001953125 -17.18236541748 -18.73973434783816
2023.084838867188 -15.853186607361 -18.444241483413215
2023.11767578125 -17.709783554077 -18.412258184338675
2023.150634765625 -16.944452285767 -18.266284886702614
2023.183471679688 -16.792581558228 -18.286539764102734
2023.21630859375 -8.53994178772 -18.303490538021727
2023.249145507812 -10.013592720032 -18.32502502802273
2023.281982421875 -14.193081855774 -18.355727122542824
2023.314819335938 -19.898355484009 -18.398971821579956
2023.34765625 -16.335441589355 -18.458148278623927
2023.380615234375 -24.130641937256 -18.53578901577732
2023.413452148438 -16.035749435425 -18.63318148436447
2023.4462890625 -23.853345870972 -18.750429761742645
2023.57763671875 -44.148742675781 -19.39544364076881
