2014.804931640625 -0.0 -1.933275647722992
2014.837768554688 -3.270730495453 -3.5826804710987337
2014.903442382812 -7.030642032623 -6.8809550149671095
2014.96923828125 -10.513484954834 -10.184704622460146
2015.03564453125 -16.239740371704 -13.51847052276642
2015.101318359375 -15.088501930237 -16.814788932119935
2015.265625 -31.745964050293 -25.058285543618975
2015.331298828125 -32.839595794678 -28.351828959122436
2015.39697265625 -31.891965866089 -31.644600788955
2016.021850585938 -62.95442199707 -62.93028352792739
2016.1533203125 -69.938079833984 -69.39255714558088
2016.350463867188 -82.702178955078 -78.81644378946278
2016.416137695312 -82.34888458252 -81.82646191576524
2016.547607421875 -91.247398376465 -87.97022749035912
2016.744750976562 -99.009246826172 -97.15582782104309
2016.777587890625 -99.069671630859 -98.57719762256322
2016.810424804688 -101.680244445801 -100.02301278359315
2016.84326171875 -102.163101196289 -101.4159057881096
2016.876098632812 -102.041816711426 -102.61288578672603
2016.908935546875 -103.364097595215 -103.78694514962932
2016.941772460938 -104.259613037109 -104.97630324098591
2016.974731445312 -105.652816772461 -106.17536858603195
2017.005493164062 -107.089569091797 -107.33303971406295
2017.038330078125 -108.395324707031 -108.54589457353964
2017.071166992188 -108.646537780762 -109.7666343892954
2017.10400390625 -110.813903808594 -111.07381957385654
2017.136840820312 -112.049133300781 -112.42945943074704
2017.169799804688 -113.731903076172 -113.8231033249639
2017.20263671875 -114.786323547363 -115.23951504981339
2017.235473632812 -117.187591552734 -116.67248398588886
2017.268310546875 -117.992530822754 -118.11580927942703
2017.301147460938 -119.107696533203 -119.56123967057911
2017.333984375 -120.550010681152 -120.99083605637034
2017.366821289062 -122.928413391113 -122.38032597989094
2017.399780273438 -125.191917419434 -123.71722133337036
2017.4326171875 -125.935508728027 -124.99162549451945
2017.498291015625 -127.611907958984 -127.4150869532984
2017.531127929688 -129.709732055664 -128.5752492986368
2017.56396484375 -131.505737304688 -129.70396836035835
2017.596801757812 -132.252288818359 -130.7950969506257
2017.629760742188 -132.558151245117 -131.83516579192644
2017.66259765625 -133.095840454102 -132.8024761377792
2017.695434570312 -133.131088256836 -133.70758507714655
2017.728271484375 -133.825012207031 -134.56574589012544
2017.761108398438 -136.142944335938 -135.39536889498206
2017.7939453125 -136.350158691406 -136.20828019328476
2017.826782226562 -136.958831787109 -137.01362848261235
2017.859741210938 -138.074462890625 -137.8188106389271
2017.892578125 -138.502624511719 -138.62547223224595
2017.925415039062 -139.113739013672 -139.43609656949863
2017.958251953125 -140.024215698242 -140.2472300194855
2017.991088867188 -141.12353515625 -141.05724473154254
2018.024658203125 -141.85578918457 -141.8931462722085
2018.057495117188 -142.87532043457 -142.7394433517797
2018.09033203125 -143.904678344727 -143.63785836568945
2018.123168945312 -144.353591918945 -144.59878803485628
2018.156005859375 -144.776290893555 -145.6162575630671
2018.18896484375 -145.893463134766 -146.6827331255001
2018.221801757812 -146.156784057617 -147.78220344882126
2018.254638671875 -147.647247314453 -148.91421201168743
2018.287475585938 -148.520172119141 -150.07992138820137
2018.3203125 -150.586944580078 -151.28285968573726
2018.353149414062 -152.056518554688 -152.5298601388666
2018.385986328125 -154.674133300781 -153.82907243987654
2018.4189453125 -155.014511108398 -155.19290711684368
2018.451782226562 -156.440032958984 -156.59688479093847
2018.484619140625 -157.824081420898 -158.00184916031137
2018.517456054688 -159.1875 -159.35135819981298
2018.55029296875 -161.306549072266 -160.61364501971187
2018.583129882812 -162.784744262695 -161.78774352708112
2018.615966796875 -163.809234619141 -162.89158943903317
2018.64892578125 -165.400497436523 -163.94514396752848
2018.681762695312 -167.042282104492 -164.95012466669723
2018.714599609375 -168.528472900391 -165.9141154214873
2018.747436523438 -168.072555541992 -166.83780275904726
2018.7802734375 -168.736602783203 -167.72365074411613
2018.813110351562 -169.248397827148 -168.54375580080418
2018.845947265625 -169.724548339844 -169.33824150690558
2018.87890625 -169.685012817383 -170.02175426100766
2018.911743164062 -170.55842590332 -170.6041702391765
2018.944580078125 -171.13508605957 -171.15491734568994
2018.977416992188 -171.394165039062 -171.70323379864334
2019.010986328125 -172.131118774414 -172.29291274849854
2019.043823242188 -172.447357177734 -172.86612691625095
2019.109497070312 -174.087600708008 -174.0927050798652
2019.1259765625 -174.520492553711 -174.4047058438096
2019.142333984375 -174.84797668457 -174.7294859015559
2019.175170898438 -174.805511474609 -175.39617064986516
2019.191650390625 -175.568298339844 -175.73673321617284
2019.208129882812 -176.716339111328 -176.07513985816925
2019.224487304688 -176.403167724609 -176.41250292833493
2019.240966796875 -176.961288452148 -176.73910496258156
2019.25732421875 -176.755142211914 -177.05237093835504
2019.273803710938 -177.745819091797 -177.37615490660238
2019.290161132812 -177.40007019043 -177.6955494436985
2019.306640625 -177.944549560547 -177.98131770066843
2019.323120117188 -178.682846069336 -178.24549166572638
2019.339477539062 -179.071060180664 -178.48716976708135
2019.35595703125 -178.901657104492 -178.70778400028044
2019.372314453125 -181.038192749023 -178.90290823687576
2019.388793945312 -179.406204223633 -179.07158919848524
2019.405151367188 -178.472747802734 -179.1644673631315
2019.421630859375 -179.937438964844 -179.29236458508888
2019.438110351562 -180.323333740234 -179.41091974652218
2019.454467773438 -180.144805908203 -179.52366139721343
2019.470947265625 -178.835311889648 -179.63788794034357
2019.4873046875 -180.304321289062 -179.75276071611594
2019.503784179688 -178.295684814453 -179.88135168316188
2019.520141601562 -178.019866943359 -179.9912687244226
2019.53662109375 -179.423599243164 -180.1105523508361
2019.569458007812 -180.590728759766 -180.40555720999714
2019.602294921875 -181.159149169922 -180.82915751774289
2019.618774414062 -179.992324829102 -181.03787901625245
2019.635131835938 -181.071380615234 -181.26355720360573
2019.651611328125 -181.419448852539 -181.5561194196206
2019.668090820312 -179.804077148438 -181.82145997007262
2019.71728515625 -183.152755737305 -182.74181048720413
2019.733764648438 -182.739151000977 -183.0645123209572
2019.750122070312 -182.387710571289 -183.40300016123814
2019.7666015625 -183.861068725586 -183.73254152318822
2019.799438476562 -184.636123657227 -184.39123892204518
2019.832275390625 -185.192672729492 -185.03757721889613
2019.865112304688 -185.835983276367 -185.6768222993889
2019.898071289062 -186.426803588867 -186.30616704493016
2019.930908203125 -187.366394042969 -186.90913479555545
2019.963745117188 -187.876327514648 -187.47370512102063
2019.99658203125 -188.154159545898 -188.0234152440408
2020.030151367188 -188.704650878906 -188.60536142461865
2020.06298828125 -189.061264038086 -189.11370981760263
2020.095825195312 -189.563735961914 -189.6176373508432
2020.128662109375 -190.293548583984 -190.1153319366736
2020.161499023438 -190.804916381836 -190.61508323660007
2020.177978515625 -190.790496826172 -190.8740607828867
2020.1943359375 -191.029479980469 -191.11977443429106
2020.227294921875 -191.553649902344 -191.63761599684273
2020.260131835938 -190.362930297852 -192.17167654032102
2020.29296875 -192.743209838867 -192.71122087270157
2020.325805664062 -193.081909179688 -193.26627558484716
2020.358642578125 -193.502853393555 -193.85101451657957
2020.391479492188 -194.427429199219 -194.44318190775687
2020.42431640625 -195.434326171875 -195.04944507634502
2020.457275390625 -194.693359375 -195.66773817381682
2020.490112304688 -198.124176025391 -196.2654787840407
2020.52294921875 -197.097274780273 -196.82333599272746
2020.555786132812 -197.460784912109 -197.33738838034435
2020.572265625 -197.669479370117 -197.5350947384826
2020.588623046875 -198.74592590332 -197.71633104249867
2020.605102539062 -198.026702880859 -197.9723823462937
2020.621459960938 -199.525543212891 -198.12945352090767
2020.654296875 -200.312286376953 -198.48027169423764
2020.687255859375 -200.035903930664 -198.7662103624152
2020.70361328125 -198.917816162109 -198.90434978396775
2020.720092773438 -198.560806274414 -198.9955811612231
2020.7529296875 -199.332183837891 -199.2024574997813
2020.785766601562 -199.789138793945 -199.41078443926227
2020.818603515625 -199.154510498047 -199.63463520378147
2020.851440429688 -199.46435546875 -199.87214173234776
2020.917236328125 -199.450042724609 -200.40580880512007
2020.950073242188 -200.072769165039 -200.76363900382577
2020.98291015625 -201.133804321289 -201.1538689476734
2021.013671875 -200.674697875977 -201.4780678067656
2021.046508789062 -201.600158691406 -201.92136664279468
2021.079345703125 -202.334854125977 -202.47290098212537
2021.1123046875 -202.878707885742 -203.0476606188909
2021.145141601562 -202.987182617188 -203.6597240718243
2021.177978515625 -203.641174316406 -204.28919826982363
2021.210815429688 -205.190444946289 -204.92475688123972
2021.24365234375 -205.645462036133 -205.56304252353993
2021.276489257812 -204.402542114258 -206.20847046514865
2021.309326171875 -207.753921508789 -206.84760099231693
2021.34228515625 -208.854370117188 -207.4748659214236
2021.358642578125 -208.151168823242 -207.76028356809312
2021.391479492188 -208.85173034668 -208.35552774890908
2021.407958984375 -208.620300292969 -208.63130819832944
2021.440795898438 -208.261489868164 -209.17738186995803
2021.4736328125 -209.732452392578 -209.64064773898014
2021.506469726562 -211.217514038086 -210.00299159461707
2021.539306640625 -214.441345214844 -210.28595652320448
2021.572265625 -210.167846679688 -210.4533127201729
2021.605102539062 -214.794998168945 -210.7101017622058
2021.637939453125 -212.798217773438 -210.94869620204182
2021.670776367188 -214.969787597656 -211.1677790507754
2021.736450195312 -215.556396484375 -211.48937535211005
2021.769287109375 -212.384475708008 -211.67260766314794
2021.80224609375 -212.799606323242 -211.79441966017058
2021.835083007812 -211.054244995117 -211.9095043710217
2021.867919921875 -212.15299987793 -211.91922434798568
2021.966430664062 -212.368087768555 -211.78384651014423
2022.0 -212.093612670898 -211.687742929459
2022.065673828125 -211.789642333984 -211.52180991042732
2022.098510742188 -209.046798706055 -211.42398575722146
2022.197143554688 -210.42414855957 -211.20735684185678
2022.22998046875 -210.691223144531 -211.158658146965
2022.262817382812 -210.657333374023 -211.12057070477908
2022.295654296875 -211.356979370117 -211.09185016307205
2022.328491210938 -210.999725341797 -211.07081883347266
2022.394287109375 -210.040954589844 -211.02735434791177
2022.558471679688 -216.864242553711 -210.88999004075228
2022.591430664062 -211.864547729492 -210.89700463941097
2022.68994140625 -210.338150024414 -210.9226107005235
2022.722778320312 -211.804763793945 -210.92889061459041
2022.821411132812 -211.649063110352 -210.83578291423697
2022.854248046875 -210.325424194336 -210.7696910953642
2022.887084960938 -210.450775146484 -210.70031883943093
2022.919921875 -210.022964477539 -210.62508407949366
2022.952758789062 -210.383529663086 -210.55280535139948
2022.985595703125 -213.167083740234 -210.49418127171705
2023.019165039062 -210.283447265625 -210.43105255055548
2023.052001953125 -210.371643066406 -210.36602658770855
2023.084838867188 -210.501647949219 -210.29592735324795
2023.11767578125 -210.215866088867 -210.20971246671388
2023.150634765625 -210.267044067383 -210.13117477261545
2023.183471679688 -210.285949707031 -210.03820946867998
2023.21630859375 -211.0556640625 -209.94459943370657
2023.249145507812 -212.298858642578 -209.8501011413358
2023.281982421875 -210.178146362305 -209.75391976667535
2023.314819335938 -209.645355224609 -209.65520448557135
2023.34765625 -209.207473754883 -209.55300390554962
2023.380615234375 -208.933135986328 -209.44614948318969
2023.413452148438 -211.794830322266 -209.3351678575433
2023.4462890625 -206.371520996094 -209.21992394295637
2023.57763671875 -202.819946289062 -208.72386993884632
