2014.804931640625 0.0 9.714808822928287
2014.837768554688 10.099242210388 7.533376052852018
2014.903442382812 3.646056175232 3.173445280578712
2014.96923828125 -1.372545361519 -1.190837497548733
2015.03564453125 -5.789743423462 -5.5921051482194315
2015.101318359375 -13.688920974731 -9.941660589535976
2015.265625 -21.108539581299 -20.810317729192455
2015.331298828125 -24.653867721558 -25.14858885844491
2015.39697265625 -29.544298171997 -29.482747322460614
2016.021850585938 -72.849220275879 -70.42432824479494
2016.1533203125 -73.430770874023 -79.09540218203828
2016.350463867188 -90.154609680176 -92.25441719734525
2016.416137695312 -100.383781433105 -96.35343235629198
2016.547607421875 -95.328941345215 -104.55582445388717
2016.744750976562 -119.229164123535 -117.40411545238243
2016.777587890625 -118.689468383789 -119.63343558793804
2016.810424804688 -124.672424316406 -121.78024366714443
2016.84326171875 -124.161483764648 -123.59714574917702
2016.876098632812 -125.914840698242 -125.28069233712439
2016.908935546875 -126.463958740234 -127.00577250109673
2016.941772460938 -127.801139831543 -128.77093545330976
2016.974731445312 -129.388473510742 -130.55402787669996
2017.005493164062 -132.203002929688 -132.3057433632026
2017.038330078125 -133.829330444336 -134.12830336589096
2017.071166992188 -134.948547363281 -135.96250720194817
2017.10400390625 -137.377883911133 -138.01033131705333
2017.136840820312 -139.097320556641 -140.18152147350892
2017.169799804688 -140.351486206055 -142.43698484709265
2017.20263671875 -143.68733215332 -144.78132512183495
2017.235473632812 -145.268890380859 -147.23494158725563
2017.268310546875 -148.482360839844 -149.7968261547699
2017.301147460938 -151.506637573242 -152.4368976743397
2017.333984375 -155.353820800781 -155.11701578328882
2017.366821289062 -157.447891235352 -157.80170910248282
2017.399780273438 -160.433776855469 -160.47567108800428
2017.4326171875 -164.581985473633 -163.11389069728344
2017.498291015625 -171.614868164062 -168.30752447415153
2017.531127929688 -173.314422607422 -170.84509547148977
2017.56396484375 -175.079803466797 -173.33185792318497
2017.596801757812 -175.471130371094 -175.75596297222077
2017.629760742188 -179.203338623047 -178.10882035732035
2017.66259765625 -180.378768920898 -180.34580158673202
2017.695434570312 -180.856811523438 -182.4596442325186
2017.728271484375 -185.106643676758 -184.44558852151965
2017.761108398438 -187.539657592773 -186.33960777790412
2017.7939453125 -189.111343383789 -188.18722051062775
2017.826782226562 -190.590667724609 -190.01248779166875
2017.859741210938 -192.591003417969 -191.82285182819547
2017.892578125 -194.209579467773 -193.59269186918098
2017.925415039062 -195.808135986328 -195.32218844404503
2017.958251953125 -196.439544677734 -197.01500101722476
2017.991088867188 -198.587615966797 -198.67945834405805
2018.024658203125 -200.345825195312 -200.35476814910035
2018.057495117188 -202.351409912109 -201.98173309554468
2018.09033203125 -203.799346923828 -203.63645910978192
2018.123168945312 -205.317291259766 -205.3548009739286
2018.156005859375 -205.338912963867 -207.15493026351388
2018.18896484375 -208.417221069336 -209.05038943211082
2018.221801757812 -209.109710693359 -211.02077174624867
2018.254638671875 -213.518218994141 -213.05046380886034
2018.287475585938 -213.542083740234 -215.12509526168859
2018.3203125 -214.568634033203 -217.23632324817555
2018.353149414062 -215.427429199219 -219.40288886902925
2018.385986328125 -222.797256469727 -221.64286424636848
2018.4189453125 -224.017883300781 -223.97002842883745
2018.451782226562 -225.725036621094 -226.36280356869233
2018.484619140625 -230.226531982422 -228.82150483658515
2018.517456054688 -231.717803955078 -231.33762733508794
2018.55029296875 -231.854217529297 -233.89855579111938
2018.583129882812 -235.685623168945 -236.46868626191954
2018.615966796875 -236.082504272461 -239.006877890133
2018.64892578125 -242.633834838867 -241.49071968172194
2018.681762695312 -245.559417724609 -243.8991279926588
2018.714599609375 -238.041976928711 -246.25930139335287
2018.747436523438 -248.726669311523 -248.59364220361988
2018.7802734375 -252.955169677734 -250.921915971448
2018.813110351562 -255.515167236328 -253.22758726794626
2018.845947265625 -258.964752197266 -255.57467049903914
2018.87890625 -257.481414794922 -257.8433460737756
2018.911743164062 -259.925445556641 -259.9575885260473
2018.944580078125 -261.78564453125 -262.01510631382746
2018.977416992188 -262.796569824219 -264.02785623398006
2019.010986328125 -265.277465820312 -266.10703340957565
2019.043823242188 -267.88671875 -268.11352975782745
2019.109497070312 -272.866760253906 -272.44555853418467
2019.1259765625 -273.097686767578 -273.5497433822339
2019.142333984375 -274.118865966797 -274.7157675301928
2019.175170898438 -276.878753662109 -277.09649029786107
2019.191650390625 -277.946258544922 -278.34850256261115
2019.208129882812 -278.535858154297 -279.63362120295466
2019.224487304688 -280.364562988281 -280.8983155138815
2019.240966796875 -282.496368408203 -282.25287618068796
2019.25732421875 -282.980529785156 -283.6213700303096
2019.273803710938 -284.988830566406 -284.98267666232323
2019.290161132812 -286.07763671875 -286.36949326511126
2019.306640625 -287.760772705078 -287.808984443782
2019.323120117188 -288.401153564453 -289.24705132512514
2019.339477539062 -291.73046875 -290.6679232703647
2019.35595703125 -291.680389404297 -292.0843256280946
2019.372314453125 -296.826141357422 -293.4659573730739
2019.388793945312 -294.955200195312 -294.83705999042
2019.405151367188 -296.145294189453 -296.14901793689273
2019.421630859375 -297.473205566406 -297.50681727659685
2019.438110351562 -299.359283447266 -298.84872590327956
2019.454467773438 -300.893402099609 -300.1670764873998
2019.470947265625 -301.146881103516 -301.49555225899013
2019.4873046875 -303.498443603516 -302.8188398482717
2019.503784179688 -302.10888671875 -304.15150563092993
2019.520141601562 -302.482208251953 -305.4460115110095
2019.53662109375 -307.961090087891 -306.7363976533261
2019.569458007812 -310.490417480469 -309.27486778114485
2019.602294921875 -308.954132080078 -311.7287093569827
2019.618774414062 -315.034973144531 -312.9557765478133
2019.635131835938 -316.327209472656 -314.1695904999102
2019.651611328125 -316.307983398438 -315.33051274048603
2019.668090820312 -315.190551757812 -316.52120697155283
2019.71728515625 -320.706237792969 -319.7643036966225
2019.733764648438 -320.973114013672 -320.7910633806899
2019.750122070312 -324.623229980469 -321.6941488014657
2019.7666015625 -322.256744384766 -322.6474155242009
2019.799438476562 -324.501220703125 -324.3759930649276
2019.832275390625 -329.169158935547 -326.0600575309467
2019.865112304688 -327.981201171875 -327.65200887708795
2019.898071289062 -329.230316162109 -329.1590418555927
2019.930908203125 -331.532562255859 -330.55193655036044
2019.963745117188 -332.627014160156 -331.8010956369981
2019.99658203125 -333.460296630859 -332.991825908862
2020.030151367188 -334.733306884766 -334.2633287570209
2020.06298828125 -335.587738037109 -335.3380509526673
2020.095825195312 -336.407775878906 -336.4038929019676
2020.128662109375 -338.023712158203 -337.4507492349685
2020.161499023438 -338.210784912109 -338.4990095260596
2020.177978515625 -339.042419433594 -339.0435573141375
2020.1943359375 -339.986236572266 -339.5595916940971
2020.227294921875 -339.534698486328 -340.67353792690636
2020.260131835938 -340.302612304688 -341.86400051123314
2020.29296875 -342.954772949219 -343.07489976475466
2020.325805664062 -343.331512451172 -344.36729419437165
2020.358642578125 -345.079345703125 -345.8582685226553
2020.391479492188 -346.854187011719 -347.4521732685761
2020.42431640625 -347.175537109375 -349.1363998644205
2020.457275390625 -349.035003662109 -350.95627695743224
2020.490112304688 -353.489013671875 -352.89524011267395
2020.52294921875 -354.630920410156 -354.8954844567252
2020.555786132812 -355.828552246094 -356.9354356053001
2020.572265625 -354.422424316406 -357.96770765056755
2020.588623046875 -359.43212890625 -358.97292227223915
2020.605102539062 -362.881256103516 -360.0070476299838
2020.621459960938 -364.541259765625 -360.99141964245786
2020.654296875 -362.083801269531 -362.95796015478106
2020.687255859375 -367.322021484375 -364.8138704069771
2020.70361328125 -366.909576416016 -365.7616289502961
2020.720092773438 -367.624816894531 -366.484315077916
2020.7529296875 -368.374816894531 -368.0018340179847
2020.785766601562 -371.188079833984 -369.4072568415296
2020.818603515625 -371.564422607422 -370.7333269140615
2020.851440429688 -373.791046142578 -371.98490235690537
2020.917236328125 -374.103302001953 -374.3221889966845
2020.950073242188 -374.489990234375 -375.5018428910267
2020.98291015625 -376.538513183594 -376.72085766358896
2021.013671875 -376.987487792969 -377.81339767340444
2021.046508789062 -377.890045166016 -379.08810856928125
2021.079345703125 -379.820526123047 -380.5723375678009
2021.1123046875 -380.317749023438 -382.10759151593237
2021.145141601562 -382.486511230469 -383.7433047535965
2021.177978515625 -384.056579589844 -385.46050536709936
2021.210815429688 -387.679473876953 -387.23112290539666
2021.24365234375 -387.115966796875 -388.97827219681056
2021.276489257812 -388.548309326172 -390.87548350881315
2021.309326171875 -394.667846679688 -392.83899697052186
2021.34228515625 -395.642333984375 -394.8669577671165
2021.358642578125 -395.564971923828 -395.8818891036888
2021.391479492188 -398.995544433594 -397.91411615387784
2021.407958984375 -400.032073974609 -398.9195667064334
2021.440795898438 -397.640777587891 -400.9210731255981
2021.4736328125 -401.502105712891 -402.81703451510657
2021.506469726562 -415.073089599609 -404.53561194377147
2021.539306640625 -412.330718994141 -406.09360629556124
2021.572265625 -410.585327148438 -407.3859747327832
2021.605102539062 -418.867370605469 -408.9061438298876
2021.637939453125 -412.255981445312 -410.40716199020477
2021.670776367188 -414.737457275391 -411.8849284342657
2021.736450195312 -420.099975585938 -414.55638140944905
2021.769287109375 -413.715942382812 -415.90400963948065
2021.80224609375 -417.234802246094 -417.1004561763626
2021.835083007812 -415.450836181641 -418.2751948667853
2021.867919921875 -420.860961914062 -419.3804592709556
2021.966430664062 -423.252746582031 -422.66354936489074
2022.0 -421.05859375 -423.8324496633603
2022.065673828125 -426.353546142578 -426.0886640008315
2022.098510742188 -426.916931152344 -427.2953216871656
2022.197143554688 -430.119781494141 -431.0047517080515
2022.22998046875 -433.244995117188 -432.2811228942365
2022.262817382812 -431.983734130859 -433.5766693182553
2022.295654296875 -432.980255126953 -434.87407865792915
2022.328491210938 -435.442077636719 -436.1459910202901
2022.394287109375 -440.994079589844 -438.5528598588381
2022.558471679688 -447.846252441406 -444.4421121610697
2022.591430664062 -452.878448486328 -445.72202725662584
2022.68994140625 -445.414581298828 -449.65901163205973
2022.722778320312 -453.138702392578 -450.89751645698556
2022.821411132812 -453.379608154297 -454.10583487425356
2022.854248046875 -454.280975341797 -455.2700843178076
2022.887084960938 -455.194244384766 -456.5689637356432
2022.919921875 -456.385040283203 -457.9207320811649
2022.952758789062 -457.935455322266 -459.38693219153345
2022.985595703125 -459.650909423828 -461.1687776962514
2023.019165039062 -461.785339355469 -463.2032168505817
2023.052001953125 -463.365173339844 -465.1214396563626
2023.084838867188 -465.928863525391 -467.4246581680356
2023.11767578125 -468.932495117188 -469.95385801471963
2023.150634765625 -467.980407714844 -472.3508475436142
2023.183471679688 -473.5595703125 -474.8690904492685
2023.21630859375 -470.171997070312 -477.3869789767018
2023.249145507812 -470.984649658203 -479.91403898558076
2023.281982421875 -481.954193115234 -482.4542366737894
2023.314819335938 -486.742706298828 -485.00917991658196
2023.34765625 -488.728912353516 -487.5794077335813
2023.380615234375 -490.589477539062 -490.1736480257006
2023.413452148438 -493.012084960938 -492.770805633495
2023.4462890625 -512.683227539062 -495.3783605407596
2023.57763671875 -532.625122070312 -505.87935721593567
