2014.804931640625 0.0 -1.365021923392131
2014.837768554688 -0.546313405037 -1.7130631021980929
2014.903442382812 -7.547835826874 -2.410624035160533
2014.96923828125 -17.762044906616 -3.1118323460924264
2015.03564453125 19.657419204712 -3.8214069797304955
2015.101318359375 -19.919109344482 -4.523888911503397
2015.265625 39.513885498047 -6.274169610459668
2015.331298828125 -0.539760768414 -6.96509592224041
2015.39697265625 -39.301052093506 -7.64692826633098
2016.021850585938 -15.982876777649 -14.419313517068122
2016.1533203125 -24.27919960022 -16.36588194182549
2016.350463867188 -11.716714859009 -16.73876182070175
2016.416137695312 -34.504711151123 -16.56262754273767
2016.547607421875 -18.822568893433 -16.060971862230875
2016.744750976562 -6.817336559296 -15.292575720652652
2016.777587890625 -15.580276489258 -15.430531225129071
2016.810424804688 -14.542322158813 -15.502819921915588
2016.84326171875 -12.102743148804 -15.50590352598998
2016.876098632812 -17.793245315552 -15.5841658498889
2016.908935546875 -17.39958190918 -15.747553930130536
2016.941772460938 -16.949350357056 -15.946251353327359
2016.974731445312 -17.614891052246 -16.31526021660422
2017.005493164062 -19.895095825195 -16.73198465694497
2017.038330078125 -14.494135856628 -17.16844027061502
2017.071166992188 -14.202108383179 -17.576207287290405
2017.10400390625 -15.927705764771 -18.017141557360834
2017.136840820312 -14.112552642822 -18.481405537278384
2017.169799804688 -22.364253997803 -18.960339481319743
2017.20263671875 -20.77300453186 -19.49099163854017
2017.235473632812 -14.037817955017 -20.10983908230537
2017.268310546875 -21.686723709106 -20.829949416109425
2017.301147460938 -26.626319885254 -21.630951723272346
2017.333984375 -21.195247650146 -22.486812382748237
2017.366821289062 -20.362419128418 -23.355592987998715
2017.399780273438 -24.190851211548 -24.189892324207882
2017.4326171875 -25.713161468506 -24.95877081417642
2017.498291015625 -40.090396881104 -26.3265997783228
2017.531127929688 -24.87522315979 -26.914768864581404
2017.56396484375 -31.47575378418 -27.41040331333343
2017.596801757812 -27.593578338623 -27.81414046327672
2017.629760742188 -31.316473007202 -28.13311099636973
2017.66259765625 -30.398561477661 -28.30187155284974
2017.695434570312 -29.506458282471 -28.23144758295489
2017.728271484375 -28.470262527466 -27.8600615815145
2017.761108398438 -30.785472869873 -27.200478513580773
2017.7939453125 -29.247509002686 -26.294903269417787
2017.826782226562 -24.123659133911 -25.18717053177621
2017.859741210938 -26.074890136719 -23.90410099729604
2017.892578125 -26.959972381592 -22.492671467634253
2017.925415039062 -23.818572998047 -21.035661561039156
2017.958251953125 -19.38752746582 -19.57847505652567
2017.991088867188 -19.265542984009 -18.143456196820043
2018.024658203125 -15.467700004578 -16.757199047659945
2018.057495117188 -6.640594959259 -15.546817966437668
2018.09033203125 -10.373225212097 -14.505748439922794
2018.123168945312 -8.134564399719 -13.668146959531564
2018.156005859375 -5.750119686127 -13.05322338245004
2018.18896484375 -17.315088272095 -12.687644213960054
2018.221801757812 -8.973027229309 -12.62655557110647
2018.254638671875 -8.73662853241 -12.879262039571849
2018.287475585938 -4.888137817383 -13.430922221143254
2018.3203125 -13.187539100647 -14.246417011973861
2018.353149414062 -16.709993362427 -15.243230941968406
2018.385986328125 -11.535036087036 -16.29044233152462
2018.4189453125 -18.296297073364 -17.285265470521512
2018.451782226562 -18.536420822144 -18.19880720648953
2018.484619140625 -24.571510314941 -19.024889864726955
2018.517456054688 -24.65577507019 -19.76258745994734
2018.55029296875 -23.615434646606 -20.407359726373127
2018.583129882812 -22.250747680664 -20.914168113889605
2018.615966796875 -30.578176498413 -21.268220577656557
2018.64892578125 -19.890523910522 -21.472178361209767
2018.681762695312 -21.741777420044 -21.502482951122715
2018.714599609375 -19.37967300415 -21.324961470157184
2018.747436523438 -23.415018081665 -20.923871582964303
2018.7802734375 -20.180355072021 -20.349608260065562
2018.813110351562 -19.902683258057 -19.599908819692462
2018.845947265625 -20.149824142456 -18.814460089047707
2018.87890625 -20.709478378296 -17.919868901414322
2018.911743164062 -18.841567993164 -16.798434494652263
2018.944580078125 -20.298877716064 -15.744600366050863
2018.977416992188 -15.263927459717 -14.609616690779466
2019.010986328125 -12.406357765198 -13.43999183637393
2019.043823242188 -8.948531150818 -12.225877439537165
2019.109497070312 -7.032299041748 -9.756879676932392
2019.1259765625 -7.719928264618 -9.02510704877879
2019.142333984375 -7.968591690063 -8.590005198795684
2019.175170898438 1.330583691597 -7.853248932134803
2019.191650390625 -3.852467536926 -7.780992077818811
2019.208129882812 -11.096559524536 -7.855170772885864
2019.224487304688 -10.580965995789 -7.943771321597906
2019.240966796875 -8.698002815247 -8.282525776322007
2019.25732421875 -9.227017402649 -8.72264930820017
2019.273803710938 -5.331639289856 -9.094135866083105
2019.290161132812 -2.438159704208 -9.548882991706389
2019.306640625 -11.900454521179 -10.236095869345656
2019.323120117188 -8.587568283081 -10.955717319579371
2019.339477539062 -13.18591594696 -11.678535982696028
2019.35595703125 -8.265177726746 -12.44362802561569
2019.372314453125 -14.55348110199 -13.263449206716297
2019.388793945312 -12.606907844543 -14.163084271522127
2019.405151367188 -18.077070236206 -15.096767609138526
2019.421630859375 -17.92031288147 -16.061804934647245
2019.438110351562 -17.851263046265 -17.040839961510045
2019.454467773438 -15.116823196411 -17.97450188805337
2019.470947265625 -18.057315826416 -18.864232098750772
2019.4873046875 -21.422172546387 -19.715874145777946
2019.503784179688 -26.792833328247 -20.502652317794357
2019.520141601562 -13.828576087952 -21.31502837654716
2019.53662109375 -21.502012252808 -22.085925968380334
2019.569458007812 -26.942909240723 -23.30019554880294
2019.602294921875 -25.853464126587 -23.88471483197077
2019.618774414062 -22.37352180481 -24.18711936282452
2019.635131835938 -28.425258636475 -24.41668637686433
2019.651611328125 -29.639699935913 -24.287757384165104
2019.668090820312 -26.168884277344 -24.32264966685092
2019.71728515625 -27.943513870239 -23.68414340921267
2019.733764648438 -20.035232543945 -23.3868629843899
2019.750122070312 -23.194166183472 -22.90723991847455
2019.7666015625 -27.060180664062 -22.48746982996703
2019.799438476562 -20.690900802612 -21.364890480702694
2019.832275390625 -17.870878219604 -20.104815251680858
2019.865112304688 -17.063512802124 -18.72450970187569
2019.898071289062 -21.836870193481 -17.355716440124098
2019.930908203125 -18.775032043457 -16.182197906503774
2019.963745117188 -13.101016998291 -15.375382188598522
2019.99658203125 -14.172554969788 -14.74567570137992
2020.030151367188 -4.583873271942 -13.903665327500104
2020.06298828125 -7.475993156433 -13.645840652619285
2020.095825195312 -9.650035858154 -13.413445018804964
2020.128662109375 -13.439471244812 -13.326043133506424
2020.161499023438 -8.864660263062 -13.392032261757421
2020.177978515625 -14.637736320496 -13.597454731611156
2020.1943359375 -12.47404384613 -13.626331116588915
2020.227294921875 -12.299023628235 -14.041709315314861
2020.260131835938 -22.088314056396 -14.593774393636338
2020.29296875 -17.192943572998 -15.259377012191656
2020.325805664062 -18.183120727539 -15.929522597291308
2020.358642578125 -17.380722045898 -16.580839747428087
2020.391479492188 -12.731775283813 -17.303831276108376
2020.42431640625 -17.925168991089 -18.037233505164856
2020.457275390625 -14.181349754333 -18.668146385727624
2020.490112304688 -19.503871917725 -19.194763983144057
2020.52294921875 -20.873796463013 -19.70240093557061
2020.555786132812 -10.679272651672 -20.259225884523268
2020.572265625 -34.12771987915 -20.538067717907676
2020.588623046875 -29.789182662964 -20.828828379939686
2020.605102539062 -20.376588821411 -21.177642392815457
2020.621459960938 -25.809398651123 -21.48650583363736
2020.654296875 -25.607297897339 -22.17978191334177
2020.687255859375 -18.366292953491 -22.84216340672689
2020.70361328125 -20.563840866089 -23.15404003253356
2020.720092773438 -22.610326766968 -23.40596466336929
2020.7529296875 -26.169582366943 -23.83142489369278
2020.785766601562 -19.073064804077 -24.097477160401677
2020.818603515625 -26.557964324951 -24.228644288336838
2020.851440429688 -27.035680770874 -24.277564436624246
2020.917236328125 -28.357358932495 -24.43039359916246
2020.950073242188 -24.603633880615 -24.5588563496787
2020.98291015625 -28.831367492676 -24.650914170617934
2021.013671875 -19.819477081299 -24.77453710289028
2021.046508789062 -23.22420501709 -24.73251276944131
2021.079345703125 -22.844232559204 -24.628485743309728
2021.1123046875 -23.145599365234 -24.513731230645767
2021.145141601562 -24.190225601196 -24.414816871059887
2021.177978515625 -29.214590072632 -24.394323912946724
2021.210815429688 -27.54144859314 -24.481142664398565
2021.24365234375 -17.622333526611 -24.573132150659106
2021.276489257812 -22.197288513184 -24.892225804009193
2021.309326171875 -27.189651489258 -25.306108933375402
2021.34228515625 -18.825092315674 -25.805999730656943
2021.358642578125 -28.279663085938 -26.190928737639545
2021.391479492188 -20.879495620728 -26.782544761726772
2021.407958984375 -28.220821380615 -27.136368563480104
2021.440795898438 -25.478467941284 -27.706213788365464
2021.4736328125 -29.130081176758 -28.281284580616763
2021.506469726562 -41.900062561035 -28.835883444243454
2021.539306640625 -31.274684906006 -29.33663260857335
2021.572265625 -30.069789886475 -29.629275468292125
2021.605102539062 -37.969047546387 -30.09736775955612
2021.637939453125 -34.35791015625 -30.57536968455364
2021.670776367188 -26.232257843018 -31.09795999875723
2021.736450195312 -26.872783660889 -32.36051404043037
2021.769287109375 -37.631126403809 -32.952454475802924
2021.80224609375 -28.111450195312 -33.53990153135827
2021.835083007812 -26.521877288818 -34.06378457074759
2021.867919921875 -35.178321838379 -34.664228938689014
2021.966430664062 -36.877300262451 -36.76467485805705
2022.0 -44.788867950439 -37.72662439064388
2022.065673828125 -39.392482757568 -39.4985604867207
2022.098510742188 -36.979373931885 -40.5454779852719
2022.197143554688 -33.780879974365 -43.72042740053347
2022.22998046875 -49.600708007812 -44.879427154137566
2022.262817382812 -35.232814788818 -46.12886569978463
2022.295654296875 -45.241348266602 -47.51212833518535
2022.328491210938 -46.9538230896 -49.056460130824846
2022.394287109375 -53.89123916626 -52.456271651265354
2022.558471679688 -75.308013916016 -60.30963995824817
2022.591430664062 -49.570846557617 -62.01725708661561
2022.68994140625 -88.603866577148 -66.93812113899325
2022.722778320312 -68.623664855957 -68.73458108671713
2022.821411132812 -81.597526550293 -73.57624420567561
2022.854248046875 -89.019866943359 -74.45794443017625
2022.887084960938 -77.674880981445 -75.0991508491562
2022.919921875 -69.898513793945 -75.78310770031639
2022.952758789062 -85.054489135742 -76.43796350500521
2022.985595703125 -74.637481689453 -76.96207766309026
2023.019165039062 -70.973594665527 -77.49284769742252
2023.052001953125 -82.423469543457 -77.94784938189851
2023.084838867188 -71.615287780762 -78.45495504763541
2023.11767578125 -74.583267211914 -79.17056154149958
2023.150634765625 -81.726951599121 -79.80541866542148
2023.183471679688 -80.211181640625 -80.61102548547149
2023.21630859375 -78.64818572998 -81.43080177940875
2023.249145507812 -81.847122192383 -82.26486354231278
2023.281982421875 -82.886589050293 -83.11476101123442
2023.314819335938 -84.847412109375 -83.9816553076641
2023.34765625 -86.400505065918 -84.86598218086125
2023.380615234375 -85.277137756348 -85.7705031865753
2023.413452148438 -99.932518005371 -86.68694359523303
2023.4462890625 -85.1025390625 -87.6166595137027
2023.57763671875 -124.382080078125 -91.41413619371725
