2014.804931640625 -0.0 -3.24821212491583
2014.837768554688 -6.952704906464 -5.328613211199209
2014.903442382812 -12.681498527527 -9.489846195753492
2014.96923828125 -16.839124679565 -13.659224366232925
2015.03564453125 -14.925150871277 -17.866914256780785
2015.101318359375 -21.654796600342 -22.026485805288647
2015.265625 -28.020677566528 -32.416702490277586
2015.331298828125 -36.269462585449 -36.5590781623399
2015.39697265625 -53.673976898193 -40.693241739529405
2016.021850585938 -83.766479492188 -80.02283961129136
2016.1533203125 -92.265167236328 -89.29490958458764
2016.350463867188 -118.85221862793 -100.11454751719435
2016.416137695312 -101.596771240234 -103.19142655792253
2016.547607421875 -108.623634338379 -109.36068317475055
2016.744750976562 -122.660133361816 -118.41730133773316
2016.777587890625 -121.284278869629 -119.95538043758205
2016.810424804688 -128.041610717773 -121.51927866428169
2016.84326171875 -117.772193908691 -123.0671778083622
2016.876098632812 -124.888168334961 -124.44998533767519
2016.908935546875 -123.843803405762 -125.80033628249487
2016.941772460938 -129.634307861328 -127.14977726991172
2016.974731445312 -127.266654968262 -128.4453978269374
2017.005493164062 -127.806243896484 -129.75537336064568
2017.038330078125 -129.260238647461 -131.0927311277109
2017.071166992188 -130.747787475586 -132.48014127395274
2017.10400390625 -133.579879760742 -134.14074311117085
2017.136840820312 -134.088302612305 -135.92246917535542
2017.169799804688 -137.039566040039 -137.7624724831202
2017.20263671875 -140.887237548828 -139.6424250191897
2017.235473632812 -140.930801391602 -141.55726085193038
2017.268310546875 -140.719863891602 -143.48763708723047
2017.301147460938 -149.883514404297 -145.43925323869996
2017.333984375 -143.843200683594 -147.4380945240446
2017.366821289062 -153.728500366211 -149.50923078174455
2017.399780273438 -154.817794799805 -151.60864072294257
2017.4326171875 -149.272705078125 -153.63133191843673
2017.498291015625 -174.495468139648 -157.37047488554927
2017.531127929688 -154.257446289062 -159.153060536919
2017.56396484375 -150.92741394043 -160.91562191802862
2017.596801757812 -167.853393554688 -162.65303149334875
2017.629760742188 -166.346176147461 -164.3884994566343
2017.66259765625 -171.109680175781 -166.14182136609844
2017.695434570312 -168.255523681641 -167.91372480438324
2017.728271484375 -165.990982055664 -169.70187351251
2017.761108398438 -168.160308837891 -171.45943095959763
2017.7939453125 -171.276428222656 -173.17831547323155
2017.826782226562 -175.794097900391 -174.90139069066652
2017.859741210938 -176.999923706055 -176.65036777332668
2017.892578125 -177.383117675781 -178.44932505335112
2017.925415039062 -180.51643371582 -180.33637282470653
2017.958251953125 -181.492904663086 -182.31680826506408
2017.991088867188 -184.324005126953 -184.37358796622186
2018.024658203125 -186.404327392578 -186.52826941654052
2018.057495117188 -188.074157714844 -188.67175715381845
2018.09033203125 -190.59260559082 -190.88601056087944
2018.123168945312 -193.468658447266 -193.2221892806719
2018.156005859375 -191.189163208008 -195.72090925174695
2018.18896484375 -200.295486450195 -198.3980768117523
2018.221801757812 -199.307479858398 -201.19905284935106
2018.254638671875 -198.640991210938 -204.11308214344353
2018.287475585938 -204.591415405273 -207.1376593510181
2018.3203125 -206.966430664062 -210.25220626511455
2018.353149414062 -208.925765991211 -213.45730170677672
2018.385986328125 -219.426330566406 -216.77407701533636
2018.4189453125 -219.388824462891 -220.21698585299154
2018.451782226562 -228.529296875 -223.7422664059057
2018.484619140625 -228.129257202148 -227.3389879220037
2018.517456054688 -226.413970947266 -230.98497937518033
2018.55029296875 -234.823791503906 -234.6473380177864
2018.583129882812 -241.288116455078 -238.26687064163974
2018.615966796875 -239.604354858398 -241.80935056780157
2018.64892578125 -254.87663269043 -245.27093726927757
2018.681762695312 -251.199630737305 -248.62694236648923
2018.714599609375 -250.302459716797 -251.89333792902457
2018.747436523438 -256.177124023438 -255.07734087146412
2018.7802734375 -259.736694335938 -258.1905931115725
2018.813110351562 -266.120819091797 -261.17834271968246
2018.845947265625 -265.327941894531 -264.1243238982379
2018.87890625 -266.654296875 -266.893754436494
2018.911743164062 -271.779479980469 -269.3732666340313
2018.944580078125 -272.30224609375 -271.8225512510783
2018.977416992188 -276.304534912109 -274.1785042884987
2019.010986328125 -275.050262451172 -276.3448494258314
2019.043823242188 -278.489501953125 -278.38387362921173
2019.109497070312 -281.822937011719 -282.16807725403584
2019.1259765625 -283.488372802734 -283.0906634695385
2019.142333984375 -285.863128662109 -283.9415511381613
2019.175170898438 -286.308990478516 -285.66828783231404
2019.191650390625 -285.948791503906 -286.4680495397412
2019.208129882812 -290.474487304688 -287.2312146709084
2019.224487304688 -288.923400878906 -287.9852888819081
2019.240966796875 -287.995300292969 -288.6738973177157
2019.25732421875 -289.115692138672 -289.35711331875626
2019.273803710938 -289.322326660156 -290.0311175757708
2019.290161132812 -290.805816650391 -290.6655870183777
2019.306640625 -290.520202636719 -291.3422486511061
2019.323120117188 -289.189971923828 -292.0159762532379
2019.339477539062 -292.357543945312 -292.6812114680265
2019.35595703125 -295.082733154297 -293.3694212576064
2019.372314453125 -295.623382568359 -294.07180522412676
2019.388793945312 -293.279632568359 -294.7961629710488
2019.405151367188 -294.488525390625 -295.4820183659783
2019.421630859375 -301.501251220703 -296.18808346974265
2019.438110351562 -298.157928466797 -296.9058308776632
2019.454467773438 -296.61328125 -297.6395504788128
2019.470947265625 -293.951354980469 -298.3902061299723
2019.4873046875 -300.423767089844 -299.12666407652773
2019.503784179688 -303.350067138672 -299.8451432131662
2019.520141601562 -296.165588378906 -300.5314745773328
2019.53662109375 -301.192291259766 -301.2089208325131
2019.569458007812 -300.785461425781 -302.67785954404354
2019.602294921875 -309.045928955078 -304.63881061206496
2019.618774414062 -305.928039550781 -305.6352837699399
2019.635131835938 -304.375610351562 -306.6509027564758
2019.651611328125 -305.402709960938 -307.781383179556
2019.668090820312 -300.786712646484 -308.8264561805461
2019.71728515625 -307.888488769531 -312.10468370708895
2019.733764648438 -313.739837646484 -313.2101927758363
2019.750122070312 -316.901519775391 -314.33016611098606
2019.7666015625 -317.619567871094 -315.445150977667
2019.799438476562 -319.082000732422 -317.651548996817
2019.832275390625 -317.633239746094 -319.8734831986015
2019.865112304688 -324.026763916016 -322.10702615047074
2019.898071289062 -324.451721191406 -324.356290015606
2019.930908203125 -327.110656738281 -326.5617791165267
2019.963745117188 -327.467864990234 -328.7217486160583
2019.99658203125 -330.429412841797 -330.87611712565734
2020.030151367188 -331.977111816406 -333.0534448191049
2020.06298828125 -335.190490722656 -335.33024824466384
2020.095825195312 -337.847503662109 -337.6390850234879
2020.128662109375 -340.388427734375 -339.97763955772933
2020.161499023438 -342.279144287109 -342.30434616610665
2020.177978515625 -343.333953857422 -343.44992486755245
2020.1943359375 -341.958831787109 -344.61118341767957
2020.227294921875 -344.664123535156 -346.8962156222056
2020.260131835938 -354.054016113281 -349.12376576038406
2020.29296875 -353.70068359375 -351.33711406958156
2020.325805664062 -358.447570800781 -353.49625934211986
2020.358642578125 -353.950836181641 -355.5003232410923
2020.391479492188 -358.972686767578 -357.47424314141034
2020.42431640625 -356.637512207031 -359.39739241526433
2020.457275390625 -363.510589599609 -361.1633391510769
2020.490112304688 -364.915191650391 -362.72974647812504
2020.52294921875 -364.187194824219 -364.2090612982109
2020.555786132812 -365.501983642578 -365.68707449106535
2020.572265625 -362.130126953125 -366.41942318393666
2020.588623046875 -369.053833007812 -367.1409040458839
2020.605102539062 -368.30126953125 -367.8907600928765
2020.621459960938 -370.231109619141 -368.59695985336697
2020.654296875 -369.876617431641 -370.0212789337738
2020.687255859375 -369.552124023438 -371.41413888347915
2020.70361328125 -372.039520263672 -372.0985872628912
2020.720092773438 -373.513000488281 -372.79441523858867
2020.7529296875 -373.244598388672 -374.18773208675134
2020.785766601562 -376.877563476562 -375.58671390946074
2020.818603515625 -379.057067871094 -376.99388619672555
2020.851440429688 -375.348205566406 -378.4154496104416
2020.917236328125 -381.549652099609 -381.34806580372083
2020.950073242188 -381.963317871094 -382.9042203956444
2020.98291015625 -385.06640625 -384.48890488245496
2021.013671875 -385.985229492188 -385.9237911744184
2021.046508789062 -384.388824462891 -387.54117415727984
2021.079345703125 -389.168212890625 -389.2566642718771
2021.1123046875 -390.755584716797 -390.9860120205355
2021.145141601562 -392.866149902344 -392.7495922039605
2021.177978515625 -394.073364257812 -394.528445294908
2021.210815429688 -397.802215576172 -396.312578724157
2021.24365234375 -395.682769775391 -398.1124756475546
2021.276489257812 -401.310943603516 -399.9681775937078
2021.309326171875 -402.875732421875 -401.8994205879215
2021.34228515625 -403.317932128906 -403.9280049443524
2021.358642578125 -404.536437988281 -405.0376383089147
2021.391479492188 -406.51416015625 -407.1980344924859
2021.407958984375 -407.534271240234 -408.3770229662591
2021.440795898438 -407.102935791016 -410.6218451000661
2021.4736328125 -409.122009277344 -412.9190111921198
2021.506469726562 -413.795837402344 -415.2503815410391
2021.539306640625 -419.947723388672 -417.5913180622202
2021.572265625 -419.943542480469 -419.96840180449936
2021.605102539062 -426.361999511719 -422.3494955455703
2021.637939453125 -423.385986328125 -424.75934266713006
2021.670776367188 -430.380249023438 -427.17897999522694
2021.736450195312 -428.865142822266 -431.9022970295821
2021.769287109375 -438.147857666016 -434.2263688546263
2021.80224609375 -435.329132080078 -436.4467430261723
2021.835083007812 -436.873504638672 -438.6069379393908
2021.867919921875 -443.493499755859 -440.58224208135454
2021.966430664062 -448.538909912109 -446.21717771462824
2022.0 -449.010406494141 -448.07661052753514
2022.065673828125 -457.935729980469 -451.8501866603762
2022.098510742188 -453.255004882812 -453.66079675232953
2022.197143554688 -455.725616455078 -458.9922526938524
2022.22998046875 -463.892150878906 -460.6878857934316
2022.262817382812 -461.218811035156 -462.35594661188594
2022.295654296875 -461.593627929688 -463.9865892006963
2022.328491210938 -468.459655761719 -465.5628290670497
2022.394287109375 -456.272888183594 -468.55808730657935
2022.558471679688 -488.052307128906 -475.8655659042473
2022.591430664062 -451.018646240234 -477.4611866181894
2022.68994140625 -482.991119384766 -482.4756934158669
2022.722778320312 -489.090301513672 -484.32126630270835
2022.821411132812 -480.55224609375 -488.07796725131067
2022.854248046875 -488.7353515625 -488.9533344573504
2022.887084960938 -490.167449951172 -489.80094057817684
2022.919921875 -492.211303710938 -490.66551090375873
2022.952758789062 -494.513275146484 -491.53374462475375
2022.985595703125 -493.236480712891 -492.4092601532385
2023.019165039062 -493.387786865234 -493.33248780131396
2023.052001953125 -493.094848632812 -494.2353646016266
2023.084838867188 -495.20751953125 -495.16975013560483
2023.11767578125 -493.26806640625 -496.1253428528975
2023.150634765625 -496.052215576172 -497.0585089033915
2023.183471679688 -497.908050537109 -497.995883534801
2023.21630859375 -491.981811523438 -498.9316259530413
2023.249145507812 -500.091918945312 -499.87236625145175
2023.281982421875 -502.991973876953 -500.82389545365544
2023.314819335938 -504.795745849609 -501.7897057276868
2023.34765625 -500.695281982422 -502.7697510455413
2023.380615234375 -512.587219238281 -503.7650619904732
2023.413452148438 -490.022399902344 -504.7666250198081
2023.4462890625 -496.899444580078 -505.7758568248159
2023.57763671875 -529.090087890625 -509.85794144598634
