2014.804931640625 -0.0 -7.309882688971429
2014.837768554688 -22.104953765869 -7.736437944963231
2014.903442382812 -9.509170532227 -8.585789168412337
2014.96923828125 -11.139798164368 -9.432675692582826
2015.03564453125 14.006779670715 -10.284212732489708
2015.101318359375 -22.926380157471 -11.123496380598588
2015.265625 27.061233520508 -13.211792360884555
2015.331298828125 -34.881664276123 -14.042423064764996
2015.39697265625 -48.736576080322 -14.871352064017618
2016.021850585938 -4.39635181427 -30.825289213228285
2016.1533203125 -45.469573974609 -29.864016957804857
2016.350463867188 -28.775053024292 -28.40842743082913
2016.416137695312 -38.2571144104 -28.07637082060788
2016.547607421875 -27.298847198486 -27.437822179197546
2016.744750976562 -30.491828918457 -26.490893390576787
2016.777587890625 -24.059007644653 -26.330446106551726
2016.810424804688 -22.260585784912 -26.187470245107875
2016.84326171875 -25.48921585083 -26.12854627365992
2016.876098632812 -27.747116088867 -26.16327142086125
2016.908935546875 -26.171920776367 -26.234856202609112
2016.941772460938 -26.033393859863 -26.293657879329004
2016.974731445312 -24.650606155396 -26.417339620035346
2017.005493164062 -24.485774993896 -26.560901852732233
2017.038330078125 -26.948181152344 -26.711502542269937
2017.071166992188 -26.964031219482 -26.886353743045987
2017.10400390625 -27.599327087402 -27.092765662624224
2017.136840820312 -28.579339981079 -27.33515760318602
2017.169799804688 -30.168563842773 -27.608120660979797
2017.20263671875 -28.912208557129 -27.90924110836533
2017.235473632812 -26.222522735596 -28.221099353341295
2017.268310546875 -25.346668243408 -28.52900728659605
2017.301147460938 -27.293720245361 -28.84574230955732
2017.333984375 -22.014652252197 -29.19335542483998
2017.366821289062 -35.380458831787 -29.55745875356814
2017.399780273438 -33.712028503418 -29.876523559933652
2017.4326171875 -27.154626846313 -30.09689355170015
2017.498291015625 -57.958145141602 -30.311285094934746
2017.531127929688 -12.02091884613 -30.41385074738353
2017.56396484375 -32.214340209961 -30.51302745755315
2017.596801757812 -32.405124664307 -30.54087881039207
2017.629760742188 -33.79235458374 -30.455752951834498
2017.66259765625 -37.660339355469 -30.27094112265772
2017.695434570312 -24.782503128052 -30.026370045836174
2017.728271484375 -26.963115692139 -29.71152016677187
2017.761108398438 -28.467889785767 -29.292469632731187
2017.7939453125 -28.219829559326 -28.794729931679104
2017.826782226562 -29.692771911621 -28.281843255869727
2017.859741210938 -29.028898239136 -27.774534855496757
2017.892578125 -27.559024810791 -27.29775993907141
2017.925415039062 -26.871841430664 -26.861601393230476
2017.958251953125 -26.817567825317 -26.464102399426434
2017.991088867188 -25.854593276978 -26.099265739937334
2018.024658203125 -25.431034088135 -25.761197821133077
2018.057495117188 -24.71448135376 -25.483038067119633
2018.09033203125 -24.725505828857 -25.28782715036724
2018.123168945312 -24.20311164856 -25.216105374417022
2018.156005859375 -21.299966812134 -25.298521345237315
2018.18896484375 -25.771448135376 -25.542818687971867
2018.221801757812 -22.421014785767 -25.950161932001098
2018.254638671875 -23.092834472656 -26.522358076903764
2018.287475585938 -25.129615783691 -27.25336306541284
2018.3203125 -26.15078163147 -28.123378557797405
2018.353149414062 -28.176300048828 -29.12095195288186
2018.385986328125 -28.007598876953 -30.23463998484339
2018.4189453125 -31.528810501099 -31.44928376870351
2018.451782226562 -34.373828887939 -32.71346723158573
2018.484619140625 -33.233371734619 -33.971985973542274
2018.517456054688 -40.643077850342 -35.194432251213605
2018.55029296875 -37.263607025146 -36.33563020130715
2018.583129882812 -38.843723297119 -37.34223224559536
2018.615966796875 -48.368339538574 -38.199267801775285
2018.64892578125 -38.083087921143 -38.91030927430726
2018.681762695312 -42.98722076416 -39.481492704894336
2018.714599609375 -43.408748626709 -39.92205239743161
2018.747436523438 -43.335517883301 -40.23450301725385
2018.7802734375 -38.163482666016 -40.439425507113086
2018.813110351562 -47.578971862793 -40.507677574639466
2018.845947265625 -40.016582489014 -40.51991711870369
2018.87890625 -40.472537994385 -40.391054819500624
2018.911743164062 -40.828189849854 -40.12154414978702
2018.944580078125 -39.4169921875 -39.81739737961851
2018.977416992188 -39.554050445557 -39.48451365869337
2019.010986328125 -38.72664642334 -39.19799256582534
2019.043823242188 -38.836597442627 -38.908836833747685
2019.109497070312 -38.213005065918 -38.37049056876754
2019.1259765625 -38.113040924072 -38.232170602220485
2019.142333984375 -36.749084472656 -38.12781998132505
2019.175170898438 -38.419105529785 -37.93375901922054
2019.191650390625 -37.103485107422 -37.864637428108765
2019.208129882812 -40.785682678223 -37.81585772666011
2019.224487304688 -37.671592712402 -37.7695422761714
2019.240966796875 -36.140956878662 -37.76031761089611
2019.25732421875 -37.649387359619 -37.76789272363268
2019.273803710938 -37.31409072876 -37.76462610681822
2019.290161132812 -37.158348083496 -37.761671557823064
2019.306640625 -39.057220458984 -37.82920302287885
2019.323120117188 -35.062267303467 -37.988499810771124
2019.339477539062 -38.691963195801 -38.26498578264378
2019.35595703125 -37.733722686768 -38.67444139979392
2019.372314453125 -38.429389953613 -39.205500287319005
2019.388793945312 -38.490413665771 -39.86156512511439
2019.405151367188 -37.58850479126 -40.655398176670026
2019.421630859375 -38.724361419678 -41.4092935581809
2019.438110351562 -53.806510925293 -42.159028859249965
2019.454467773438 -44.053153991699 -42.839415529816385
2019.470947265625 -51.432556152344 -43.44842694649533
2019.4873046875 -52.482551574707 -43.93316164581191
2019.503784179688 -36.032558441162 -44.09659426019151
2019.520141601562 -35.476089477539 -44.57170413153903
2019.53662109375 -55.535186767578 -45.093022314456945
2019.569458007812 -46.626899719238 -46.25964392972275
2019.602294921875 -57.674255371094 -47.19911923118573
2019.618774414062 -41.844551086426 -47.608954304234345
2019.635131835938 -57.233467102051 -47.88781123435258
2019.651611328125 -47.352832794189 -48.17186252134962
2019.668090820312 -47.23840713501 -48.39328469035916
2019.71728515625 -49.908397674561 -49.06262098975323
2019.733764648438 -49.782642364502 -49.25932343740314
2019.750122070312 -50.788982391357 -49.37550048737872
2019.7666015625 -53.036876678467 -49.5114911030711
2019.799438476562 -48.617835998535 -49.65414056841458
2019.832275390625 -50.762088775635 -49.80075851141766
2019.865112304688 -49.863754272461 -49.94009612562874
2019.898071289062 -50.428516387939 -50.094853028214914
2019.930908203125 -49.30774307251 -50.27078629578497
2019.963745117188 -48.31872177124 -50.52501255368906
2019.99658203125 -50.256633758545 -50.83607418684788
2020.030151367188 -48.665832519531 -51.06451416018152
2020.06298828125 -51.849212646484 -51.58950023422696
2020.095825195312 -52.381172180176 -52.15515378902958
2020.128662109375 -52.707599639893 -52.82988839969371
2020.161499023438 -51.235584259033 -53.6321257643922
2020.177978515625 -53.728443145752 -54.156845536721896
2020.1943359375 -52.985332489014 -54.56844638021189
2020.227294921875 -54.364112854004 -55.63411624320381
2020.260131835938 -57.360221862793 -56.77929327020573
2020.29296875 -58.058738708496 -57.94361964201153
2020.325805664062 -59.833724975586 -59.180309442318816
2020.358642578125 -56.937400817871 -60.440528620725644
2020.391479492188 -61.043926239014 -61.67899058817303
2020.42431640625 -64.097206115723 -62.894346057122874
2020.457275390625 -66.594009399414 -63.98873194071412
2020.490112304688 -68.319900512695 -64.9130235552152
2020.52294921875 -57.977016448975 -65.75938297217566
2020.555786132812 -63.777179718018 -66.55795752319733
2020.572265625 -84.777534484863 -66.78343056085369
2020.588623046875 -74.944709777832 -66.94818169407954
2020.605102539062 -68.762908935547 -67.35802645571829
2020.621459960938 -78.742980957031 -67.44261511514172
2020.654296875 -73.382499694824 -67.75881048062186
2020.687255859375 -62.486610412598 -67.90305514768383
2020.70361328125 -70.281181335449 -67.98822994525085
2020.720092773438 -66.935600280762 -67.87756821642151
2020.7529296875 -70.478912353516 -67.7413738991872
2020.785766601562 -72.671684265137 -67.50903191409333
2020.818603515625 -64.632591247559 -67.191724143675
2020.851440429688 -62.221656799316 -66.80182259656172
2020.917236328125 -67.019813537598 -66.00926372185162
2020.950073242188 -66.124282836914 -65.74136304990375
2020.98291015625 -65.571853637695 -65.5495417737521
2021.013671875 -64.969497680664 -65.30800805941183
2021.046508789062 -60.757472991943 -65.24698104203335
2021.079345703125 -64.804634094238 -65.4141081305162
2021.1123046875 -63.172798156738 -65.61367969963617
2021.145141601562 -66.421905517578 -65.87717768054567
2021.177978515625 -64.863998413086 -66.17298675341391
2021.210815429688 -66.43286895752 -66.51171141448222
2021.24365234375 -63.142490386963 -66.84275305520109
2021.276489257812 -69.91040802002 -67.37123908782971
2021.309326171875 -71.285202026367 -67.97227228209614
2021.34228515625 -67.744903564453 -68.58194813174757
2021.358642578125 -68.546867370605 -68.82388469431329
2021.391479492188 -67.555564880371 -69.29593977312284
2021.407958984375 -69.832427978516 -69.44658634852077
2021.440795898438 -68.549423217773 -69.73141534773654
2021.4736328125 -77.981185913086 -69.82949782291216
2021.506469726562 -72.696876525879 -69.74481117894726
2021.539306640625 -73.634147644043 -69.54602562297252
2021.572265625 -87.270843505859 -69.18748663960159
2021.605102539062 -70.927032470703 -69.03362038104264
2021.637939453125 -68.769912719727 -68.87996337654947
2021.670776367188 -58.709274291992 -68.71838786137991
2021.736450195312 -67.560989379883 -68.35599778713589
2021.769287109375 -66.256042480469 -68.18982435061179
2021.80224609375 -64.61727142334 -68.06757378206994
2021.835083007812 -64.144378662109 -67.91169480687962
2021.867919921875 -73.506385803223 -67.89128819996277
2021.966430664062 -67.516632080078 -67.95581088529228
2022.0 -65.068977355957 -68.02795200849806
2022.065673828125 -75.522796630859 -68.1832364645851
2022.098510742188 -69.678314208984 -68.39495481054564
2022.197143554688 -65.091339111328 -69.44037182341951
2022.22998046875 -74.793571472168 -69.86726375798501
2022.262817382812 -61.369060516357 -70.3395176533592
2022.295654296875 -68.053573608398 -70.82814390198479
2022.328491210938 -63.821147918701 -71.28438337482825
2022.394287109375 -92.345306396484 -71.97332893307856
2022.558471679688 -77.508399963379 -73.2487603017828
2022.591430664062 -42.661861419678 -73.71713984726142
2022.68994140625 -103.537910461426 -76.03950037072553
2022.722778320312 -85.041198730469 -76.8501280507768
2022.821411132812 -74.015312194824 -76.79320307334713
2022.854248046875 -77.816619873047 -76.34434161170125
2022.887084960938 -76.369132995605 -75.81749149733463
2022.919921875 -78.829490661621 -75.31248841558863
2022.952758789062 -75.989952087402 -74.65315156004593
2022.985595703125 -74.427253723145 -73.83938152815652
2023.019165039062 -71.280181884766 -73.0521301943333
2023.052001953125 -71.482666015625 -72.28639514132446
2023.084838867188 -70.492767333984 -71.6493210843852
2023.11767578125 -71.523933410645 -71.20982803512803
2023.150634765625 -69.522109985352 -70.68743116787678
2023.183471679688 -69.093788146973 -70.26828050819125
2023.21630859375 -61.439926147461 -69.83715007276308
2023.249145507812 -62.259944915771 -69.40298624095668
2023.281982421875 -65.383651733398 -68.9717695053911
2023.314819335938 -70.864639282227 -68.54838346234196
2023.34765625 -65.764045715332 -68.13715541425191
2023.380615234375 -70.313873291016 -67.73919735573764
2023.413452148438 -72.588256835938 -67.35966883905354
2023.4462890625 -66.65461730957 -66.9971803077251
2023.57763671875 -89.383972167969 -65.67621161753672
