2014.804931640625 -0.0 -7.559302151680303
2014.837768554688 -21.227275848389 -8.501177810873743
2014.903442382812 -12.442971229553 -10.375557000953485
2014.96923828125 -11.576681137085 -12.241658512439152
2015.03564453125 8.677362442017 -14.113800114669472
2015.101318359375 -18.694129943848 -15.955014651546893
2015.265625 27.832540512085 -20.522251691534738
2015.331298828125 -28.095872879028 -22.333843671659658
2015.39697265625 -47.715816497803 -24.138878765810585
2016.021850585938 -11.06992816925 -44.03677718258828
2016.1533203125 -48.22896194458 -47.50402597380158
2016.350463867188 -46.138179779053 -48.28452774762768
2016.416137695312 -59.576091766357 -48.180690198574
2016.547607421875 -55.168464660645 -47.99356624811388
2016.744750976562 -57.978080749512 -47.96655706449191
2016.777587890625 -46.0986328125 -47.947480510662686
2016.810424804688 -47.821136474609 -47.82301141061075
2016.84326171875 -46.232498168945 -47.51760996820919
2016.876098632812 -48.775947570801 -47.26367660360661
2016.908935546875 -46.953670501709 -47.11028597753051
2016.941772460938 -46.247570037842 -46.98779400214116
2016.974731445312 -44.538143157959 -46.98049543912955
2017.005493164062 -46.131481170654 -47.04803186188628
2017.038330078125 -46.607818603516 -47.09583872172778
2017.071166992188 -46.368339538574 -47.151580940190044
2017.10400390625 -46.999046325684 -47.36453335464145
2017.136840820312 -48.194576263428 -47.705432554549645
2017.169799804688 -48.614944458008 -48.14785462158151
2017.20263671875 -49.061626434326 -48.73203127603872
2017.235473632812 -46.285266876221 -49.47428894084836
2017.268310546875 -44.802356719971 -50.381576252676915
2017.301147460938 -50.496551513672 -51.44110754194855
2017.333984375 -46.03243637085 -52.62206393594114
2017.366821289062 -53.441963195801 -53.8951968223072
2017.399780273438 -58.022796630859 -55.245613496225374
2017.4326171875 -50.369709014893 -56.628360947028014
2017.498291015625 -64.541877746582 -59.26348827846485
2017.531127929688 -57.078178405762 -60.423061940060045
2017.56396484375 -65.037643432617 -61.44481271389985
2017.596801757812 -66.332237243652 -62.29779584075154
2017.629760742188 -66.663703918457 -62.96150782127522
2017.66259765625 -69.679321289062 -63.38447983743788
2017.695434570312 -68.582389831543 -63.54821032695454
2017.728271484375 -67.01749420166 -63.417268089601485
2017.761108398438 -64.531768798828 -63.03764983329465
2017.7939453125 -61.466285705566 -62.49107701177034
2017.826782226562 -61.124336242676 -61.83267586072709
2017.859741210938 -62.955139160156 -61.04682058271134
2017.892578125 -58.067722320557 -60.156172513917646
2017.925415039062 -58.152431488037 -59.24769383897674
2017.958251953125 -58.497398376465 -58.39160932403663
2017.991088867188 -56.536853790283 -57.628463218364494
2018.024658203125 -55.307971954346 -56.98348019736321
2018.057495117188 -55.765441894531 -56.52550921630323
2018.09033203125 -55.615154266357 -56.2740264875733
2018.123168945312 -55.152038574219 -56.24751430148489
2018.156005859375 -51.316230773926 -56.43992621160994
2018.18896484375 -55.593460083008 -56.85077476142199
2018.221801757812 -53.635761260986 -57.47899594771901
2018.254638671875 -55.467727661133 -58.31095046327642
2018.287475585938 -54.245349884033 -59.33930319424744
2018.3203125 -57.57356262207 -60.547953025690745
2018.353149414062 -60.451484680176 -61.938941699104696
2018.385986328125 -63.014381408691 -63.49559823399859
2018.4189453125 -65.389007568359 -65.11684515122221
2018.451782226562 -65.297088623047 -66.63519020177706
2018.484619140625 -72.440887451172 -67.93139946580189
2018.517456054688 -72.034774780273 -68.95362333097745
2018.55029296875 -74.267372131348 -69.73854641454217
2018.583129882812 -75.214859008789 -70.32510294317102
2018.615966796875 -81.845817565918 -70.75075419690744
2018.64892578125 -82.001609802246 -71.03611915987786
2018.681762695312 -76.678047180176 -71.18936142989281
2018.714599609375 -72.524932861328 -71.19243017934716
2018.747436523438 -75.478927612305 -71.00714249356851
2018.7802734375 -65.024658203125 -70.62003672656508
2018.813110351562 -70.306129455566 -70.01398016477503
2018.845947265625 -69.67652130127 -69.27237664058201
2018.87890625 -67.129928588867 -68.39627710541353
2018.911743164062 -66.68042755127 -67.61551230905606
2018.944580078125 -66.241859436035 -66.85429937571342
2018.977416992188 -66.495506286621 -66.1881648775474
2019.010986328125 -64.437438964844 -65.67734508759598
2019.043823242188 -64.772254943848 -65.19451872229101
2019.109497070312 -64.110694885254 -64.50029940168488
2019.1259765625 -63.857429504395 -64.33452426473762
2019.142333984375 -63.36404800415 -64.26252714031094
2019.175170898438 -64.401084899902 -64.16050429421561
2019.191650390625 -63.02811050415 -64.24335624768914
2019.208129882812 -65.111061096191 -64.40639291511604
2019.224487304688 -63.830265045166 -64.55134071958271
2019.240966796875 -62.03840637207 -64.85927629967566
2019.25732421875 -63.609497070312 -65.22774724940571
2019.273803710938 -64.797782897949 -65.53365367263096
2019.290161132812 -64.177955627441 -65.88546417688653
2019.306640625 -67.873191833496 -66.4446626095139
2019.323120117188 -65.911079406738 -67.0821928910428
2019.339477539062 -68.63557434082 -67.77939306163424
2019.35595703125 -68.253959655762 -68.52946360761048
2019.372314453125 -66.937225341797 -69.29886018266855
2019.388793945312 -70.534828186035 -70.0890114428224
2019.405151367188 -70.680244445801 -70.84231601580318
2019.421630859375 -71.020324707031 -71.58332201183451
2019.438110351562 -79.235542297363 -72.31117759165521
2019.454467773438 -72.472885131836 -73.03274662884478
2019.470947265625 -74.398101806641 -73.7519450515887
2019.4873046875 -81.617118835449 -74.43147712484145
2019.503784179688 -70.618156433105 -74.99247830285441
2019.520141601562 -64.569183349609 -75.60295524373178
2019.53662109375 -79.450035095215 -76.19653011497597
2019.569458007812 -74.819496154785 -77.30401636274968
2019.602294921875 -86.403366088867 -78.25623512357134
2019.618774414062 -63.757663726807 -78.72746678321624
2019.635131835938 -80.352760314941 -79.183942513232
2019.651611328125 -79.236305236816 -79.60741482037213
2019.668090820312 -79.727798461914 -80.06599920306127
2019.71728515625 -81.803504943848 -81.33789282389453
2019.733764648438 -82.282562255859 -81.71963792785421
2019.750122070312 -82.177131652832 -82.0069004179832
2019.7666015625 -82.336265563965 -82.30390720064632
2019.799438476562 -80.870445251465 -82.71667949069345
2019.832275390625 -85.744049072266 -83.09281081597345
2019.865112304688 -86.09912109375 -83.43409993915603
2019.898071289062 -84.698547363281 -83.78297309857531
2019.930908203125 -84.319404602051 -84.13019157132993
2019.963745117188 -82.745681762695 -84.48129747080692
2019.99658203125 -84.305213928223 -84.87251299174035
2020.030151367188 -83.046813964844 -85.2320581139559
2020.06298828125 -85.436752319336 -85.74138559346238
2020.095825195312 -86.140357971191 -86.27809036616515
2020.128662109375 -86.208320617676 -86.9250086772784
2020.161499023438 -85.63346862793 -87.71530815365013
2020.177978515625 -87.515625 -88.25497981218382
2020.1943359375 -86.975395202637 -88.66125448208253
2020.227294921875 -89.157661437988 -89.76333303454301
2020.260131835938 -90.144035339355 -91.00975160945275
2020.29296875 -93.166564941406 -92.32161167937365
2020.325805664062 -93.709716796875 -93.77052059995148
2020.358642578125 -92.741691589355 -95.3556047416479
2020.391479492188 -96.142295837402 -96.93052438547898
2020.42431640625 -96.191116333008 -98.44385001931197
2020.457275390625 -102.857627868652 -99.70974832217604
2020.490112304688 -110.833992004395 -100.74669256509956
2020.52294921875 -103.047561645508 -101.75547826200533
2020.555786132812 -106.367248535156 -102.79798312629995
2020.572265625 -117.269462585449 -103.16888746078297
2020.588623046875 -115.161819458008 -103.49525077389788
2020.605102539062 -97.628860473633 -104.10073309810682
2020.621459960938 -120.882911682129 -104.35823134439858
2020.654296875 -119.479385375977 -105.0429022134522
2020.687255859375 -106.160339355469 -105.51084654523459
2020.70361328125 -103.40599822998 -105.7282306115099
2020.720092773438 -109.321792602539 -105.72435710745451
2020.7529296875 -106.774055480957 -105.75138765119694
2020.785766601562 -109.275924682617 -105.64515886539542
2020.818603515625 -106.14778137207 -105.41281309154081
2020.851440429688 -103.787956237793 -105.0350636532671
2020.917236328125 -105.320610046387 -104.0919050981831
2020.950073242188 -104.311805725098 -103.6455631997146
2020.98291015625 -102.90843963623 -103.26498372582887
2021.013671875 -102.084686279297 -102.86978414007108
2021.046508789062 -98.292594909668 -102.58838451723545
2021.079345703125 -101.66862487793 -102.59997523492181
2021.1123046875 -100.040603637695 -102.67645104375045
2021.145141601562 -102.077972412109 -102.90566702533448
2021.177978515625 -101.902313232422 -103.26503221179435
2021.210815429688 -101.37442779541 -103.74197537206574
2021.24365234375 -100.214385986328 -104.14093247159148
2021.276489257812 -103.770973205566 -104.92873367028677
2021.309326171875 -109.991676330566 -105.85633320465703
2021.34228515625 -105.975776672363 -106.89488288849647
2021.358642578125 -105.998725891113 -107.41174759948701
2021.391479492188 -109.206184387207 -108.39600616698836
2021.407958984375 -109.461235046387 -108.79599340278232
2021.440795898438 -107.905899047852 -109.57919913460455
2021.4736328125 -118.184883117676 -110.13110863762194
2021.506469726562 -113.015174865723 -110.43542938765543
2021.539306640625 -126.604515075684 -110.55459223485067
2021.572265625 -125.222625732422 -110.23385932804831
2021.605102539062 -124.7119140625 -110.29062136994222
2021.637939453125 -113.025436401367 -110.26354226881922
2021.670776367188 -115.01261138916 -110.1342398838471
2021.736450195312 -112.82103729248 -109.24600636185808
2021.769287109375 -109.31005859375 -108.8323442055362
2021.80224609375 -106.564842224121 -108.16292470140846
2021.835083007812 -103.350883483887 -107.45063920655632
2021.867919921875 -109.995971679688 -106.65041868703206
2021.966430664062 -101.018829345703 -104.30278476226992
2022.0 -99.710006713867 -103.74141028883125
2022.065673828125 -105.67847442627 -102.59930589079866
2022.098510742188 -100.921081542969 -102.24194675781477
2022.197143554688 -94.681694030762 -101.21112561594565
2022.22998046875 -101.683738708496 -100.9967236342785
2022.262817382812 -85.618316650391 -100.91159619388628
2022.295654296875 -94.436180114746 -101.12393183695275
2022.328491210938 -93.993118286133 -101.78548006737861
2022.394287109375 -108.174858093262 -103.54092455919708
2022.558471679688 -117.681747436523 -105.50046753958932
2022.591430664062 -87.360145568848 -106.08679543913742
2022.68994140625 -132.380508422852 -108.8211998174491
2022.722778320312 -125.002349853516 -110.04709063245346
2022.821411132812 -109.393218994141 -112.30378217471343
2022.854248046875 -116.806488037109 -111.80000960576102
2022.887084960938 -109.579444885254 -110.87643731965451
2022.919921875 -112.182884216309 -109.96401321950088
2022.952758789062 -111.158470153809 -109.06732320962601
2022.985595703125 -107.107429504395 -108.2026119980351
2023.019165039062 -104.740905761719 -107.45433338004054
2023.052001953125 -105.54532623291 -106.72055864789243
2023.084838867188 -104.126739501953 -106.24747091354092
2023.11767578125 -105.835433959961 -106.06733355593381
2023.150634765625 -103.842102050781 -105.72957942839857
2023.183471679688 -104.07682800293 -105.5338402434861
2023.21630859375 -97.588363647461 -105.32044239424386
2023.249145507812 -97.827659606934 -105.10661902478031
2023.281982421875 -99.780921936035 -104.90235777697644
2023.314819335938 -107.11262512207 -104.71455392401256
2023.34765625 -106.105567932129 -104.54839039939937
2023.380615234375 -110.136871337891 -104.40550448066533
2023.413452148438 -106.687088012695 -104.28639971360505
2023.4462890625 -101.102668762207 -104.18692777180918
2023.57763671875 -135.219741821289 -103.91187496678499
