2014.804931640625 -0.0 -5.2421665475300765
2014.837768554688 -17.558980941772 -7.41193681350183
2014.903442382812 -13.590001106262 -11.743613537152859
2014.96923828125 -15.741236686707 -16.073138776410513
2015.03564453125 -5.861857414246 -20.432519544362336
2015.101318359375 -26.235637664795 -24.73365424677141
2015.265625 -1.035133481026 -35.44922694207622
2015.331298828125 -40.703392028809 -39.71295622117174
2015.39697265625 -64.559539794922 -43.96474138947606
2016.021850585938 -64.835266113281 -84.00362808536724
2016.1533203125 -95.332611083984 -93.04847102909642
2016.350463867188 -124.693031311035 -104.52956745127392
2016.416137695312 -143.807998657227 -107.75826774662724
2016.547607421875 -113.78881072998 -114.18173545690547
2016.744750976562 -114.913024902344 -123.73211465118048
2016.777587890625 -119.71768951416 -125.42625383886612
2016.810424804688 -133.354278564453 -127.11582735920362
2016.84326171875 -129.516387939453 -128.8065220009409
2016.876098632812 -134.215805053711 -130.4971474726678
2016.908935546875 -132.025665283203 -132.22858551652882
2016.941772460938 -132.706985473633 -134.01650224778413
2016.974731445312 -134.417327880859 -135.8737175526428
2017.005493164062 -136.449417114258 -137.7462145463351
2017.038330078125 -138.894927978516 -139.69311213772684
2017.071166992188 -140.409301757812 -141.6346463568546
2017.10400390625 -142.094573974609 -144.07299412170158
2017.136840820312 -143.061767578125 -146.83259176544692
2017.169799804688 -146.3095703125 -149.75275901797662
2017.20263671875 -151.371978759766 -152.83364407434024
2017.235473632812 -147.561157226562 -156.1238057765075
2017.268310546875 -151.846862792969 -159.62175270728804
2017.301147460938 -164.051498413086 -163.34095108340904
2017.333984375 -160.408477783203 -167.29319465367217
2017.366821289062 -174.899383544922 -171.46124030998897
2017.399780273438 -178.43620300293 -175.71640836592485
2017.4326171875 -175.143859863281 -179.81692637238112
2017.498291015625 -207.732360839844 -187.1214920923577
2017.531127929688 -193.438995361328 -190.4284803644937
2017.56396484375 -210.089324951172 -193.58979032487048
2017.596801757812 -206.816024780273 -196.64049451800767
2017.629760742188 -213.374603271484 -199.64144260871223
2017.66259765625 -212.579574584961 -202.54741565072354
2017.695434570312 -208.99983215332 -205.3012698399176
2017.728271484375 -213.637451171875 -207.5875465829213
2017.761108398438 -207.876449584961 -209.15485412411743
2017.7939453125 -209.477783203125 -210.1651538519804
2017.826782226562 -211.985748291016 -210.8937642297561
2017.859741210938 -212.769180297852 -211.4208221255771
2017.892578125 -210.418380737305 -211.83975949250708
2017.925415039062 -212.33967590332 -212.31491149911642
2017.958251953125 -212.816940307617 -212.90956033147827
2017.991088867188 -212.0693359375 -213.70957655051285
2018.024658203125 -212.573867797852 -214.85231883893664
2018.057495117188 -213.898391723633 -216.31722555059562
2018.09033203125 -215.978713989258 -218.07773589113427
2018.123168945312 -213.088912963867 -220.09595856296204
2018.156005859375 -211.840789794922 -222.35540127834983
2018.18896484375 -222.580581665039 -224.8358887363816
2018.221801757812 -219.785369873047 -227.5252071909793
2018.254638671875 -222.487319946289 -230.46085897223915
2018.287475585938 -230.929992675781 -233.68055942567364
2018.3203125 -237.73388671875 -237.19729037249772
2018.353149414062 -238.960754394531 -241.01596952577492
2018.385986328125 -242.897048950195 -245.1156478853193
2018.4189453125 -249.364440917969 -249.41452056025432
2018.451782226562 -255.781814575195 -253.68876905909215
2018.484619140625 -253.805923461914 -257.8023454532745
2018.517456054688 -269.827087402344 -261.7363681253629
2018.55029296875 -268.530548095703 -265.51274580299764
2018.583129882812 -275.342834472656 -269.12703857336453
2018.615966796875 -276.076629638672 -272.5837677301569
2018.64892578125 -289.467926025391 -275.8815508690961
2018.681762695312 -281.252532958984 -278.9711104380438
2018.714599609375 -287.349731445312 -281.8119290181588
2018.747436523438 -284.852111816406 -284.3540209351757
2018.7802734375 -286.284332275391 -286.60490671615656
2018.813110351562 -292.689849853516 -288.5124071275806
2018.845947265625 -292.493011474609 -290.2639781926966
2018.87890625 -292.852783203125 -291.77605320217964
2018.911743164062 -293.832061767578 -293.01591078122385
2018.944580078125 -294.603637695312 -294.23038195643863
2018.977416992188 -296.569519042969 -295.38806104985065
2019.010986328125 -295.880126953125 -296.5019439663554
2019.043823242188 -295.751617431641 -297.4922166632495
2019.109497070312 -298.446533203125 -299.48485759684894
2019.1259765625 -298.704528808594 -299.96981958524657
2019.142333984375 -301.355621337891 -300.52916381568986
2019.175170898438 -302.446166992188 -301.7131236610247
2019.191650390625 -301.195648193359 -302.4311372455651
2019.208129882812 -303.683776855469 -303.2322307617946
2019.224487304688 -303.576812744141 -304.0253309573184
2019.240966796875 -305.552673339844 -304.9798413412414
2019.25732421875 -304.369201660156 -306.02306219960906
2019.273803710938 -305.242034912109 -306.9750629168916
2019.290161132812 -304.187194824219 -307.95465479055406
2019.306640625 -309.446044921875 -309.27311058758727
2019.323120117188 -307.150756835938 -310.73710908569495
2019.339477539062 -311.189208984375 -312.3200531428917
2019.35595703125 -311.639312744141 -314.05752500384966
2019.372314453125 -316.794067382812 -315.9133843296286
2019.388793945312 -315.360229492188 -317.90485951819653
2019.405151367188 -319.611267089844 -319.9794729712111
2019.421630859375 -320.613861083984 -321.9950366967865
2019.438110351562 -324.328704833984 -324.0053439335861
2019.454467773438 -326.744415283203 -325.92364686750904
2019.470947265625 -334.230133056641 -327.76538530315963
2019.4873046875 -336.582336425781 -329.51313397454777
2019.503784179688 -318.421844482422 -330.9804784681589
2019.520141601562 -329.1962890625 -332.6100206903135
2019.53662109375 -340.431121826172 -334.17212454871003
2019.569458007812 -336.404693603516 -336.99020856459566
2019.602294921875 -350.21337890625 -339.36788521596515
2019.618774414062 -335.904113769531 -340.58205394588884
2019.635131835938 -348.998626708984 -341.6941043930072
2019.651611328125 -347.218627929688 -342.6172233530843
2019.668090820312 -341.539459228516 -343.6064416254049
2019.71728515625 -346.480224609375 -346.1368312833346
2019.733764648438 -345.806121826172 -346.9305048131416
2019.750122070312 -350.088714599609 -347.5908345155051
2019.7666015625 -351.707733154297 -348.30977097978985
2019.799438476562 -348.199401855469 -349.58046275586656
2019.832275390625 -350.208587646484 -350.8213792528241
2019.865112304688 -352.783752441406 -352.02456136523074
2019.898071289062 -353.290863037109 -353.24304250561204
2019.930908203125 -354.426208496094 -354.50494807884166
2019.963745117188 -354.554016113281 -355.8714243694897
2019.99658203125 -356.903015136719 -357.300302124299
2020.030151367188 -356.807434082031 -358.6765166316083
2020.06298828125 -359.327789306641 -360.2773489057381
2020.095825195312 -361.381744384766 -361.91001777177064
2020.128662109375 -363.559173583984 -363.63443493376684
2020.161499023438 -364.098937988281 -365.471809523621
2020.177978515625 -365.850982666016 -366.49830734835905
2020.1943359375 -366.33203125 -367.4185814934123
2020.227294921875 -369.661865234375 -369.4787111893422
2020.260131835938 -370.932891845703 -371.6065041716715
2020.29296875 -374.178558349609 -373.7612391202815
2020.325805664062 -376.189910888672 -375.96514549320534
2020.358642578125 -375.689697265625 -378.20281972508127
2020.391479492188 -381.217651367188 -380.4673171495146
2020.42431640625 -385.077697753906 -382.76051000774305
2020.457275390625 -381.88671875 -385.0085734350443
2020.490112304688 -392.403533935547 -387.0973508641453
2020.52294921875 -387.651092529297 -389.02307648227725
2020.555786132812 -388.959625244141 -390.7882713735506
2020.572265625 -394.536712646484 -391.4534426960365
2020.588623046875 -398.995452880859 -392.0599517375602
2020.605102539062 -392.031433105469 -392.93003037071384
2020.621459960938 -400.990753173828 -393.45171705017805
2020.654296875 -403.205261230469 -394.63917890766754
2020.687255859375 -399.231353759766 -395.6366802524189
2020.70361328125 -394.537170410156 -396.1357449950983
2020.720092773438 -393.427978515625 -396.4237431564055
2020.7529296875 -397.666076660156 -397.02735853887356
2020.785766601562 -400.984375 -397.47014276337933
2020.818603515625 -397.339660644531 -397.75766006766173
2020.851440429688 -396.419189453125 -397.90128722069306
2020.917236328125 -399.982391357422 -398.26808207851707
2020.950073242188 -401.379302978516 -398.7689708734337
2020.98291015625 -398.996856689453 -399.42349799258443
2021.013671875 -394.948791503906 -399.92613003608534
2021.046508789062 -389.079498291016 -400.6795295444866
2021.079345703125 -394.074584960938 -401.7538101852215
2021.1123046875 -397.832794189453 -402.8142111337609
2021.145141601562 -403.199310302734 -404.01367508473925
2021.177978515625 -404.88037109375 -405.3623321750109
2021.210815429688 -405.808410644531 -406.87971727902743
2021.24365234375 -404.169921875 -408.3678519142561
2021.276489257812 -411.229949951172 -410.5016220902881
2021.309326171875 -415.924896240234 -412.87668314384416
2021.34228515625 -412.842803955078 -415.4072563720252
2021.358642578125 -415.707458496094 -416.74923547704014
2021.391479492188 -421.333770751953 -419.31472964873865
2021.407958984375 -418.256622314453 -420.5616193030756
2021.440795898438 -415.122528076172 -422.9251967248517
2021.4736328125 -423.558288574219 -425.05731320505157
2021.506469726562 -435.632202148438 -426.93425540019746
2021.539306640625 -434.747131347656 -428.6049027607886
2021.572265625 -437.523956298828 -429.78193573481246
2021.605102539062 -442.746063232422 -431.3658436066369
2021.637939453125 -438.563354492188 -432.8364060920639
2021.670776367188 -436.029815673828 -434.1179079830889
2021.736450195312 -438.807586669922 -435.45046738121584
2021.769287109375 -436.848846435547 -436.02697305720744
2021.80224609375 -438.223266601562 -436.1783706061622
2021.835083007812 -432.168029785156 -436.2698260506713
2021.867919921875 -442.275756835938 -436.0547697626817
2021.966430664062 -436.725219726562 -435.13603225539674
2022.0 -432.232208251953 -434.9512414099132
2022.065673828125 -437.19287109375 -434.60279589822073
2022.098510742188 -432.127563476562 -434.64695311366154
2022.197143554688 -430.640563964844 -435.25725829719477
2022.22998046875 -432.142242431641 -435.65999550716265
2022.262817382812 -428.368225097656 -436.19872844689144
2022.295654296875 -429.908264160156 -436.89653714849237
2022.328491210938 -433.781066894531 -437.7695508780476
2022.394287109375 -441.140533447266 -439.80818794170807
2022.558471679688 -454.078948974609 -444.7139014276109
2022.591430664062 -439.318328857422 -445.95718558385096
2022.68994140625 -457.232421875 -450.0057281544322
2022.722778320312 -468.311462402344 -451.2888215569362
2022.821411132812 -452.429565429688 -454.3757509173306
2022.854248046875 -463.603210449219 -455.1006969506181
2022.887084960938 -452.807922363281 -455.73449556017573
2022.919921875 -457.344482421875 -456.41348941110977
2022.952758789062 -459.954254150391 -457.0306135676519
2022.985595703125 -457.004272460938 -457.58626115775604
2023.019165039062 -456.520141601562 -458.2604077350422
2023.052001953125 -460.009033203125 -458.9052697809339
2023.084838867188 -450.943237304688 -459.82747367195833
2023.11767578125 -458.231994628906 -461.0022141585731
2023.150634765625 -457.823333740234 -462.0496433581885
2023.183471679688 -463.423645019531 -463.2459205941387
2023.21630859375 -451.515502929688 -464.44002484067613
2023.249145507812 -457.257751464844 -465.64162235235426
2023.281982421875 -466.306884765625 -466.85560948911484
2023.314819335938 -470.405609130859 -468.0857554683216
2023.34765625 -466.701507568359 -469.3344628168199
2023.380615234375 -474.618835449219 -470.60730469622075
2023.413452148438 -470.821929931641 -471.89564384379855
2023.4462890625 -476.135223388672 -473.2033426614986
2023.57763671875 -516.169677734375 -478.5956921899399
