2014.804931640625 -0.0 -1.9619716965913414
2014.837768554688 -8.573706626892 -2.1199718031888106
2014.903442382812 0.117694213986 -2.4252981779823326
2014.96923828125 -3.810437679291 -2.7167671910427305
2015.03564453125 19.105611801147 -2.9966482270663843
2015.101318359375 -26.11273765564 -3.2597473338411755
2015.265625 38.586166381836 -3.862685180548493
2015.331298828125 -10.158794403076 -4.084512248124512
2015.39697265625 -35.737983703613 -4.297950385433948
2016.021850585938 7.344088077545 -8.56955448072185
2016.1533203125 -18.484594345093 -8.2318592325348
2016.350463867188 12.383260726929 -7.434955521497185
2016.416137695312 -9.949988365173 -7.209349141913029
2016.547607421875 2.451864242554 -6.800786367108062
2016.744750976562 -11.732697486877 -6.099444698008126
2016.777587890625 -3.838031053543 -5.976295563183838
2016.810424804688 -6.362296581268 -5.878149998740429
2016.84326171875 -5.159213542938 -5.840887667432697
2016.876098632812 -7.48726606369 -5.838777706464258
2016.908935546875 -6.374838829041 -5.808605160943412
2016.941772460938 -5.516130924225 -5.759505882717585
2016.974731445312 -5.629583358765 -5.655679115555882
2017.005493164062 -5.467154979706 -5.543358640142578
2017.038330078125 -5.28466796875 -5.428795668095692
2017.071166992188 -5.789962291718 -5.317481051727933
2017.10400390625 -4.935781955719 -5.246614541088305
2017.136840820312 -4.324852466583 -5.254099172201291
2017.169799804688 -6.078723907471 -5.326477173022396
2017.20263671875 -6.781510353088 -5.4975168066275675
2017.235473632812 -1.683593392372 -5.802417226573218
2017.268310546875 -2.778478145599 -6.2318030126441055
2017.301147460938 -4.845695972443 -6.772960932824309
2017.333984375 -2.231795310974 -7.410929595462366
2017.366821289062 -7.001541137695 -8.12792761528279
2017.399780273438 -11.539775848389 -8.942744506181336
2017.4326171875 -7.727297306061 -9.84972828379477
2017.498291015625 -18.275955200195 -11.801796498718609
2017.531127929688 -13.362390518188 -12.782526858989307
2017.56396484375 -9.861528396606 -13.719002031239256
2017.596801757812 -15.391886711121 -14.559889184981854
2017.629760742188 -18.61866569519 -15.286011439090286
2017.66259765625 -26.844459533691 -15.869657580023427
2017.695434570312 -19.848711013794 -16.305897797522626
2017.728271484375 -19.055433273315 -16.573072298133916
2017.761108398438 -17.921684265137 -16.66559140345452
2017.7939453125 -17.712553024292 -16.59930495650219
2017.826782226562 -18.126459121704 -16.41248708645384
2017.859741210938 -17.957956314087 -16.08440975246004
2017.892578125 -15.532988548279 -15.560539485216138
2017.925415039062 -15.594723701477 -14.872733743762376
2017.958251953125 -14.132273674011 -14.084037300050566
2017.991088867188 -13.485889434814 -13.255938783341142
2018.024658203125 -12.890703201294 -12.415471363781686
2018.057495117188 -10.995834350586 -11.6164585859041
2018.09033203125 -10.462659835815 -10.87454254934969
2018.123168945312 -10.277145385742 -10.245405637775791
2018.156005859375 -6.027559280396 -9.807518152421462
2018.18896484375 -10.046398162842 -9.60523713474359
2018.221801757812 -5.982314586639 -9.641185039642487
2018.254638671875 -4.248211860657 -9.859364596389339
2018.287475585938 -6.484792232513 -10.227110585123466
2018.3203125 -9.063504219055 -10.727169027817116
2018.353149414062 -2.105667114258 -11.401826435947857
2018.385986328125 -9.189078330994 -12.276730949689584
2018.4189453125 -9.41314125061 -13.34425495166342
2018.451782226562 -18.431100845337 -14.549564518320626
2018.484619140625 -13.787816047668 -15.851281497775824
2018.517456054688 -18.227245330811 -17.221633762739156
2018.55029296875 -15.728454589844 -18.628840208818797
2018.583129882812 -23.474666595459 -20.005158946924606
2018.615966796875 -29.979923248291 -21.305765116595765
2018.64892578125 -25.252063751221 -22.50352521097637
2018.681762695312 -26.629476547241 -23.573289802046666
2018.714599609375 -26.009412765503 -24.50894661271325
2018.747436523438 -25.180418014526 -25.294630438825372
2018.7802734375 -25.603357315063 -25.9509225650614
2018.813110351562 -31.9778175354 -26.422631808965754
2018.845947265625 -28.367401123047 -26.78089098298903
2018.87890625 -28.64839553833 -26.896796310447403
2018.911743164062 -28.293924331665 -26.859402216389505
2018.944580078125 -26.319147109985 -26.849105178970703
2018.977416992188 -27.259140014648 -26.789127240220722
2019.010986328125 -24.963832855225 -26.60191833908063
2019.043823242188 -26.00831413269 -26.310788541998523
2019.109497070312 -25.781368255615 -25.778164124162295
2019.1259765625 -25.631460189819 -25.66180122251414
2019.142333984375 -25.316045761108 -25.611478794745917
2019.175170898438 -26.18546295166 -25.54706658960721
2019.191650390625 -24.801498413086 -25.564803807342255
2019.208129882812 -24.370798110962 -25.612178652130027
2019.224487304688 -25.372060775757 -25.64493291995209
2019.240966796875 -26.113168716431 -25.75360544293929
2019.25732421875 -25.31079864502 -25.91416574804033
2019.273803710938 -25.196210861206 -26.031840577768595
2019.290161132812 -25.96336555481 -26.18272596445181
2019.306640625 -27.225492477417 -26.50527269960134
2019.323120117188 -24.86501121521 -26.88916002813134
2019.339477539062 -27.006883621216 -27.308782059373495
2019.35595703125 -26.234607696533 -27.763093968864933
2019.372314453125 -26.572162628174 -28.23027217181162
2019.388793945312 -28.999176025391 -28.72222677547203
2019.405151367188 -29.335227966309 -29.28229231970788
2019.421630859375 -30.018133163452 -29.85016624170715
2019.438110351562 -32.402931213379 -30.467521306156737
2019.454467773438 -31.415174484253 -31.137789604231987
2019.470947265625 -30.899995803833 -31.854138674804346
2019.4873046875 -32.334697723389 -32.55993581601124
2019.503784179688 -32.900737762451 -33.185974517497456
2019.520141601562 -30.358860015869 -33.80232218083685
2019.53662109375 -42.241931915283 -34.38437266587605
2019.569458007812 -36.535911560059 -35.4369912528447
2019.602294921875 -45.807735443115 -36.33795884556989
2019.618774414062 -42.995952606201 -36.82773924691345
2019.635131835938 -37.50728225708 -37.317902329824676
2019.651611328125 -37.956287384033 -37.72574649253932
2019.668090820312 -37.908107757568 -38.19426767360422
2019.71728515625 -38.712108612061 -39.21723062146625
2019.733764648438 -39.450546264648 -39.45331832179459
2019.750122070312 -42.876243591309 -39.523992737201574
2019.7666015625 -37.061134338379 -39.632797256304855
2019.799438476562 -42.572212219238 -39.63014182182811
2019.832275390625 -41.046581268311 -39.60182406182905
2019.865112304688 -41.955787658691 -39.5289411615931
2019.898071289062 -39.538749694824 -39.42437981371855
2019.930908203125 -39.352161407471 -39.247034469213126
2019.963745117188 -37.570026397705 -38.96384532497215
2019.99658203125 -39.033187866211 -38.67379270820977
2020.030151367188 -36.867446899414 -38.364182002095966
2020.06298828125 -38.7333984375 -38.1070259735516
2020.095825195312 -37.899471282959 -37.8444177168412
2020.128662109375 -37.624309539795 -37.615005189216674
2020.161499023438 -36.315998077393 -37.40397323273028
2020.177978515625 -36.996894836426 -37.276708544036644
2020.1943359375 -36.091323852539 -37.17445868348208
2020.227294921875 -36.462604522705 -36.91536716958628
2020.260131835938 -38.967090606689 -36.65053430821328
2020.29296875 -39.237171173096 -36.39376210959107
2020.325805664062 -36.77742767334 -36.13808867455494
2020.358642578125 -34.124889373779 -35.83818910410228
2020.391479492188 -48.136917114258 -35.49502476929501
2020.42431640625 -34.847206115723 -35.17024882978405
2020.457275390625 -32.15592956543 -34.867299093389505
2020.490112304688 -44.314666748047 -34.58581086874854
2020.52294921875 -36.958862304688 -34.343168524607705
2020.555786132812 -30.643480300903 -34.190873968025286
2020.572265625 -48.732147216797 -34.194847198023496
2020.588623046875 -44.690769195557 -34.17599793756814
2020.605102539062 -31.594284057617 -34.11533155890384
2020.621459960938 -31.763154983521 -34.08493802128461
2020.654296875 -37.568450927734 -34.00896591232392
2020.687255859375 -28.693494796753 -33.906005073322966
2020.70361328125 -37.746444702148 -33.86289764333095
2020.720092773438 -34.150684356689 -33.75275108860264
2020.7529296875 -34.816368103027 -33.53566003515341
2020.785766601562 -35.143611907959 -33.245584541918205
2020.818603515625 -30.659927368164 -32.89748004639839
2020.851440429688 -32.896060943604 -32.48722800166605
2020.917236328125 -33.141815185547 -31.53139437574515
2020.950073242188 -31.079593658447 -31.08276448373112
2020.98291015625 -30.524677276611 -30.66552279232436
2021.013671875 -29.535928726196 -30.243633480507988
2021.046508789062 -27.151319503784 -29.892983612483416
2021.079345703125 -29.167886734009 -29.719439444274535
2021.1123046875 -28.277675628662 -29.583636713229883
2021.145141601562 -28.437116622925 -29.537098935131613
2021.177978515625 -29.145435333252 -29.566954063523898
2021.210815429688 -30.451480865479 -29.70039536535158
2021.24365234375 -26.138626098633 -29.814872467282996
2021.276489257812 -27.615772247314 -30.235618051066478
2021.309326171875 -30.730241775513 -30.822621654917082
2021.34228515625 -31.940511703491 -31.576031510014417
2021.358642578125 -33.207691192627 -32.07555792786103
2021.391479492188 -26.152334213257 -32.93944844195833
2021.407958984375 -32.159057617188 -33.36019133121947
2021.440795898438 -31.334739685059 -34.1855092466744
2021.4736328125 -27.808641433716 -35.01459494101967
2021.506469726562 -41.375495910645 -35.787826616509435
2021.539306640625 -41.548538208008 -36.44916772049593
2021.572265625 -46.365383148193 -36.832212493947324
2021.605102539062 -49.570835113525 -37.38863368028945
2021.637939453125 -40.042369842529 -37.8145605455255
2021.670776367188 -35.992553710938 -38.06364711177303
2021.736450195312 -44.975280761719 -37.82863877261919
2021.769287109375 -46.780902862549 -37.78656489309127
2021.80224609375 -39.823020935059 -37.49401224148796
2021.835083007812 -32.103359222412 -37.20395894748547
2021.867919921875 -42.920043945312 -36.73557014388448
2021.966430664062 -34.775787353516 -35.212157964596884
2022.0 -32.465358734131 -34.85260740105074
2022.065673828125 -35.74356842041 -34.15241152215942
2022.098510742188 -30.667945861816 -34.085053859898565
2022.197143554688 -22.424589157104 -34.118061345049185
2022.22998046875 -30.754026412964 -34.21208001382072
2022.262817382812 -20.645204544067 -34.393484745915046
2022.295654296875 -24.924295425415 -34.70648156950122
2022.328491210938 -28.521614074707 -35.17398464920103
2022.394287109375 -36.431903839111 -36.23560206120556
2022.558471679688 -41.907627105713 -38.02134451883638
2022.591430664062 -21.551044464111 -38.68134647783646
2022.68994140625 -57.43762588501 -40.84352042273909
2022.722778320312 -59.732582092285 -41.49104207224151
2022.821411132812 -42.780227661133 -42.885078453662324
2022.854248046875 -46.110569000244 -42.858752621827755
2022.887084960938 -43.494621276855 -42.58461150667665
2022.919921875 -42.542934417725 -42.336753591344845
2022.952758789062 -41.700248718262 -41.95836267435363
2022.985595703125 -42.115631103516 -41.48884871964435
2023.019165039062 -38.065711975098 -41.11138075659107
2023.052001953125 -42.563175201416 -40.72760328127524
2023.084838867188 -36.79182434082 -40.54805242313407
2023.11767578125 -39.157165527344 -40.667279975703764
2023.150634765625 -37.849208831787 -40.67246202405407
2023.183471679688 -39.391471862793 -40.868385579946356
2023.21630859375 -36.232746124268 -41.06156204618203
2023.249145507812 -37.777038574219 -41.259262763829184
2023.281982421875 -40.657875061035 -41.46799935281443
2023.314819335938 -42.703952789307 -41.69328655882557
2023.34765625 -40.646141052246 -41.939246003896926
2023.380615234375 -49.620620727539 -42.20954356053003
2023.413452148438 -45.119403839111 -42.504132459111446
2023.4462890625 -44.360034942627 -42.823954074974544
2023.57763671875 -68.058120727539 -44.3063261486182
