2014.804931640625 0.0 1.7261361790119287
2014.837768554688 1.760956764221 0.5410634728317949
2014.903442382812 1.976250171661 -1.8274073675843567
2014.96923828125 -4.36551618576 -4.197897823106249
2015.03564453125 -4.696952342987 -6.588062761867456
2015.101318359375 -11.982518196106 -8.94984244658407
2015.265625 -10.134889602661 -14.853111983039076
2015.331298828125 -20.618753433228 -17.21158213991096
2015.39697265625 -30.50901222229 -19.57041010813398
2016.021850585938 -41.581157684326 -42.01443034674933
2016.1533203125 -46.363273620605 -46.40322202088072
2016.350463867188 -65.264457702637 -52.28994380550632
2016.416137695312 -38.76554107666 -54.1658805867435
2016.547607421875 -61.372077941895 -58.31854734791547
2016.744750976562 -77.589797973633 -66.15561110587913
2016.777587890625 -75.659965515137 -66.44061592093215
2016.810424804688 -72.045806884766 -66.76315346710678
2016.84326171875 -71.182182312012 -67.14039116243025
2016.876098632812 -68.218864440918 -67.36427612993074
2016.908935546875 -68.724609375 -67.47613962147433
2016.941772460938 -67.026725769043 -67.64491731165398
2016.974731445312 -66.127563476562 -67.46702802773898
2017.005493164062 -67.014602661133 -67.23014312183949
2017.038330078125 -66.863723754883 -66.99253223786427
2017.071166992188 -65.1171875 -66.76995088737813
2017.10400390625 -66.467697143555 -66.6868101129909
2017.136840820312 -65.688262939453 -66.70039432924695
2017.169799804688 -65.775703430176 -66.78965554849673
2017.20263671875 -65.792556762695 -66.98660888032366
2017.235473632812 -66.077133178711 -67.29927082712369
2017.268310546875 -67.696998596191 -67.72377247753136
2017.301147460938 -67.577568054199 -68.23558558933925
2017.333984375 -66.788230895996 -68.81070554287238
2017.366821289062 -67.870094299316 -69.43042246275178
2017.399780273438 -70.594573974609 -70.06602598383073
2017.4326171875 -75.041786193848 -70.68576662682527
2017.498291015625 -73.631118774414 -71.8705689212466
2017.531127929688 -70.540603637695 -72.43420094039884
2017.56396484375 -74.610054016113 -72.9733171160542
2017.596801757812 -74.665000915527 -73.47274566737599
2017.629760742188 -78.979774475098 -73.906958047292
2017.66259765625 -75.15412902832 -74.23939116457832
2017.695434570312 -74.598045349121 -74.4691662278813
2017.728271484375 -74.157409667969 -74.61509832674427
2017.761108398438 -75.303512573242 -74.71528803886837
2017.7939453125 -75.633926391602 -74.80108760752205
2017.826782226562 -74.932273864746 -74.87910615287747
2017.859741210938 -75.607322692871 -74.94638650735781
2017.892578125 -72.919906616211 -75.01258453907374
2017.925415039062 -74.071784973145 -75.10233021498946
2017.958251953125 -75.823913574219 -75.225524532125
2017.991088867188 -75.267044067383 -75.38840666934266
2018.024658203125 -74.282188415527 -75.6032286129836
2018.057495117188 -74.666084289551 -75.86937374665561
2018.09033203125 -76.544624328613 -76.21744020731572
2018.123168945312 -76.362495422363 -76.68582407086468
2018.156005859375 -75.899871826172 -77.31082766618312
2018.18896484375 -76.506896972656 -78.10550986454106
2018.221801757812 -78.299781799316 -79.04075301051184
2018.254638671875 -77.636054992676 -80.08403932884357
2018.287475585938 -79.370429992676 -81.22107597839334
2018.3203125 -80.377799987793 -82.4426135238935
2018.353149414062 -80.511131286621 -83.73986742623428
2018.385986328125 -88.937858581543 -85.10519998372307
2018.4189453125 -84.815383911133 -86.53368158288725
2018.451782226562 -89.211448669434 -87.99584456481911
2018.484619140625 -91.455635070801 -89.47710036788423
2018.517456054688 -89.806343078613 -90.95067958499331
2018.55029296875 -92.452743530273 -92.378431117308
2018.583129882812 -96.487831115723 -93.7118360182261
2018.615966796875 -95.566123962402 -94.91285940628701
2018.64892578125 -98.341491699219 -95.97327183080415
2018.681762695312 -99.871559143066 -96.90045704000299
2018.714599609375 -97.792388916016 -97.72256513557991
2018.747436523438 -99.160003662109 -98.4552617000233
2018.7802734375 -101.411437988281 -99.10876605080504
2018.813110351562 -101.865142822266 -99.66759739261262
2018.845947265625 -100.883255004883 -100.18622735757968
2018.87890625 -99.764114379883 -100.5830923884471
2018.911743164062 -100.307777404785 -100.91143697164789
2018.944580078125 -101.20272064209 -101.21045965093012
2018.977416992188 -101.228675842285 -101.48795324600717
2019.010986328125 -100.910278320312 -101.7892502041194
2019.043823242188 -101.897163391113 -102.07455772888659
2019.109497070312 -103.006118774414 -102.92000259213694
2019.1259765625 -103.083480834961 -103.137616364772
2019.142333984375 -103.298377990723 -103.4007183791013
2019.175170898438 -103.37589263916 -103.95739953496579
2019.191650390625 -103.828079223633 -104.29503425781357
2019.208129882812 -103.632499694824 -104.65976804576528
2019.224487304688 -104.679183959961 -105.01132671365595
2019.240966796875 -105.698257446289 -105.41741134661557
2019.25732421875 -105.518844604492 -105.82793310702367
2019.273803710938 -105.868026733398 -106.23550862085571
2019.290161132812 -106.344665527344 -106.66748053129582
2019.306640625 -107.198844909668 -107.10762799263462
2019.323120117188 -107.980712890625 -107.5323396841013
2019.339477539062 -108.23331451416 -107.93193856980918
2019.35595703125 -109.441848754883 -108.30107122508875
2019.372314453125 -112.648727416992 -108.62663895121032
2019.388793945312 -108.89981842041 -108.92311386212998
2019.405151367188 -107.520858764648 -109.15924732704133
2019.421630859375 -109.854454040527 -109.45054885370378
2019.438110351562 -111.03173828125 -109.73294977634121
2019.454467773438 -111.373916625977 -110.00211837706263
2019.470947265625 -107.361747741699 -110.28415552160544
2019.4873046875 -111.169952392578 -110.59824607275532
2019.503784179688 -107.391334533691 -110.99156981746385
2019.520141601562 -108.658020019531 -111.32636456419006
2019.53662109375 -112.921508789062 -111.68414240790452
2019.569458007812 -113.446838378906 -112.48387894845847
2019.602294921875 -105.37882232666 -113.3525127309798
2019.618774414062 -111.000465393066 -113.76599679596497
2019.635131835938 -115.923614501953 -114.18822831492558
2019.651611328125 -117.001937866211 -114.63394990026978
2019.668090820312 -111.424240112305 -115.08938439734679
2019.71728515625 -117.120147705078 -116.48009328313975
2019.733764648438 -118.509941101074 -116.9421863833362
2019.750122070312 -115.048377990723 -117.39039734659649
2019.7666015625 -118.615364074707 -117.83659583332728
2019.799438476562 -116.387886047363 -118.6938715971893
2019.832275390625 -121.284507751465 -119.52332565068335
2019.865112304688 -120.455345153809 -120.31949221103567
2019.898071289062 -121.546012878418 -121.0800027145614
2019.930908203125 -122.605056762695 -121.79615274937812
2019.963745117188 -122.684547424316 -122.444381224487
2019.99658203125 -123.390953063965 -123.05558261259779
2020.030151367188 -124.549041748047 -123.72375364805733
2020.06298828125 -123.978904724121 -124.23977235471897
2020.095825195312 -124.701293945312 -124.7590377810397
2020.128662109375 -125.535781860352 -125.28111209749322
2020.161499023438 -126.136871337891 -125.83471332893203
2020.177978515625 -126.039573669434 -126.15230865761852
2020.1943359375 -126.27075958252 -126.4200125304842
2020.227294921875 -126.663734436035 -127.04774596519245
2020.260131835938 -125.009613037109 -127.71877981381051
2020.29296875 -127.039932250977 -128.39741898452144
2020.325805664062 -128.347137451172 -129.12425427841043
2020.358642578125 -131.169937133789 -129.9414038525668
2020.391479492188 -130.481597900391 -130.79306728452
2020.42431640625 -132.666473388672 -131.69675351418465
2020.457275390625 -130.178146362305 -132.67633199321452
2020.490112304688 -134.204696655273 -133.69375636846684
2020.52294921875 -134.675170898438 -134.6830188023122
2020.555786132812 -135.42008972168 -135.58934653350673
2020.572265625 -136.312606811523 -135.95199895738526
2020.588623046875 -136.907455444336 -136.26695197413554
2020.605102539062 -136.458755493164 -136.68070211986318
2020.621459960938 -137.791305541992 -136.9399837003408
2020.654296875 -141.144470214844 -137.49052858618194
2020.687255859375 -140.46257019043 -137.8983872872611
2020.70361328125 -140.11784362793 -138.12191462273276
2020.720092773438 -139.948440551758 -138.1340056495811
2020.7529296875 -138.899124145508 -138.24782209504033
2020.785766601562 -138.24267578125 -138.28823926954902
2020.818603515625 -138.729019165039 -138.28780732823122
2020.851440429688 -138.600128173828 -138.24318991402336
2020.917236328125 -137.30419921875 -137.99892746642763
2020.950073242188 -136.622116088867 -137.9052054760698
2020.98291015625 -137.934906005859 -137.88129141038615
2021.013671875 -136.482833862305 -137.83081669056514
2021.046508789062 -137.751663208008 -137.97819506716255
2021.079345703125 -137.703979492188 -138.41441718154022
2021.1123046875 -136.601623535156 -138.92901298446492
2021.145141601562 -138.556991577148 -139.5981284821267
2021.177978515625 -138.346771240234 -140.4106606598053
2021.210815429688 -138.096603393555 -141.33954258066652
2021.24365234375 -139.899642944336 -142.12372738490694
2021.276489257812 -140.788726806641 -143.27609892042463
2021.309326171875 -144.111541748047 -144.57533506616156
2021.34228515625 -146.863693237305 -146.02723864714153
2021.358642578125 -144.473373413086 -146.837893490968
2021.391479492188 -148.299285888672 -148.39232298778188
2021.407958984375 -150.404144287109 -149.18406921452464
2021.440795898438 -149.429962158203 -150.76395818705865
2021.4736328125 -153.748474121094 -152.31076580907003
2021.506469726562 -156.63752746582 -153.7138899674998
2021.539306640625 -160.062530517578 -154.89325481310894
2021.572265625 -156.740005493164 -155.6273261683595
2021.605102539062 -161.881851196289 -156.62373270256268
2021.637939453125 -159.056304931641 -157.5529294547446
2021.670776367188 -160.590530395508 -158.3996377984316
2021.736450195312 -164.256225585938 -159.60183771385658
2021.769287109375 -155.447128295898 -160.18199073421536
2021.80224609375 -161.569152832031 -160.5669351423281
2021.835083007812 -161.182327270508 -160.95286691670896
2021.867919921875 -162.065353393555 -161.22751081743337
2021.966430664062 -162.496017456055 -162.08109539200672
2022.0 -162.820877075195 -162.38367059766367
2022.065673828125 -161.103149414062 -162.93448668268016
2022.098510742188 -159.584945678711 -163.27198606697183
2022.197143554688 -163.454620361328 -164.46476778978084
2022.22998046875 -165.807281494141 -164.9160027138968
2022.262817382812 -157.553268432617 -165.41095417187836
2022.295654296875 -159.604766845703 -165.9548754555985
2022.328491210938 -166.560638427734 -166.5116562587132
2022.394287109375 -162.837478637695 -167.3756976775121
2022.558471679688 -172.267471313477 -168.95965388885003
2022.591430664062 -175.797119140625 -169.4745679205234
2022.68994140625 -180.272583007812 -170.95441497544837
2022.722778320312 -177.543823242188 -171.40977846993746
2022.821411132812 -174.637176513672 -172.0660903868598
2022.854248046875 -168.631317138672 -172.00967925565996
2022.887084960938 -172.560287475586 -171.93076189618486
2022.919921875 -170.097854614258 -171.87017530285672
2022.952758789062 -171.008865356445 -171.81128114189724
2022.985595703125 -172.071151733398 -171.79259187658008
2023.019165039062 -171.365219116211 -171.82397447188853
2023.052001953125 -171.790908813477 -171.8524812846271
2023.084838867188 -170.67138671875 -171.9631110347626
2023.11767578125 -171.778121948242 -172.1687873468422
2023.150634765625 -172.510269165039 -172.356994431725
2023.183471679688 -172.297973632812 -172.6318162931918
2023.21630859375 -171.739486694336 -172.96858615343612
2023.249145507812 -173.197250366211 -173.3437291818252
2023.281982421875 -173.048614501953 -173.736353101573
2023.314819335938 -171.951126098633 -174.1367537144231
2023.34765625 -175.945205688477 -174.5414536405676
2023.380615234375 -173.846405029297 -174.95149947119037
2023.413452148438 -182.115493774414 -175.36408418804294
2023.4462890625 -175.778411865234 -175.78168457448237
2023.57763671875 -180.252563476562 -177.52472827766638
