2014.804931640625 0.0 12.152173079575622
2014.837768554688 10.284130096436 11.819701847822886
2014.903442382812 11.731304168701 11.149072353814311
2014.96923828125 8.58434009552 10.470086135007092
2015.03564453125 12.296413421631 9.778351483179174
2015.101318359375 0.228016763926 9.089121136077052
2015.265625 17.95362663269 7.350836137903388
2015.331298828125 10.499780654907 6.65467630198915
2015.39697265625 -10.870308876038 5.960768850578271
2016.021850585938 8.960111618042 -0.6499841695332548
2016.1533203125 -10.712766647339 -3.9060552997145246
2016.350463867188 -5.467076301575 -4.907928438784549
2016.416137695312 -18.213167190552 -4.654600445901304
2016.547607421875 3.840360641479 -4.117087564564282
2016.744750976562 7.635061264038 -2.824548463133902
2016.777587890625 0.91557598114 -2.3904801332143863
2016.810424804688 -5.80872964859 -2.038668888744507
2016.84326171875 -1.917021036148 -2.46583846241617
2016.876098632812 -4.852566719055 -3.1823286454665975
2016.908935546875 -2.791172027588 -3.9466201095306395
2016.941772460938 -4.203794956207 -4.76331801440554
2016.974731445312 -4.192212104797 -5.592260476019642
2017.005493164062 -6.142424583435 -6.411469487582025
2017.038330078125 -7.234178543091 -7.26653764779586
2017.071166992188 -7.904975891113 -8.122678323690032
2017.10400390625 -8.584674835205 -9.101880214253011
2017.136840820312 -8.6123046875 -10.168367199868085
2017.169799804688 -10.555464744568 -11.306906050554689
2017.20263671875 -11.915917396545 -12.521356750223143
2017.235473632812 -12.344871520996 -13.817305650075745
2017.268310546875 -16.088289260864 -15.165401540777085
2017.301147460938 -16.273488998413 -16.51078225124948
2017.333984375 -16.120607376099 -17.80123802713436
2017.366821289062 -18.054510116577 -19.021812403646187
2017.399780273438 -22.466876983643 -20.196798765110252
2017.4326171875 -23.612163543701 -21.34292969609645
2017.498291015625 -28.184743881226 -23.538066130787296
2017.531127929688 -27.989286422729 -24.54866399710543
2017.56396484375 -25.752899169922 -25.476242845792267
2017.596801757812 -26.053936004639 -26.303730585840356
2017.629760742188 -26.141952514648 -27.013602539643788
2017.66259765625 -27.34965133667 -27.56185165163884
2017.695434570312 -28.903366088867 -27.94932233447102
2017.728271484375 -31.298252105713 -28.206258744616495
2017.761108398438 -30.101873397827 -28.387163258344522
2017.7939453125 -29.507991790771 -28.52987138583487
2017.826782226562 -28.493646621704 -28.65355243399662
2017.859741210938 -28.640893936157 -28.753862625738133
2017.892578125 -28.602602005005 -28.80791057907296
2017.925415039062 -29.809803009033 -28.805675826326866
2017.958251953125 -28.514739990234 -28.762423416837372
2017.991088867188 -28.389102935791 -28.713317291811283
2018.024658203125 -27.868606567383 -28.70657960260866
2018.057495117188 -28.646745681763 -28.777668709341036
2018.09033203125 -28.859159469604 -28.979819215169417
2018.123168945312 -28.904378890991 -29.349800230438003
2018.156005859375 -26.276016235352 -29.898795051213288
2018.18896484375 -28.999753952026 -30.61142289085684
2018.221801757812 -27.634107589722 -31.483557402341113
2018.254638671875 -30.205055236816 -32.51641815533763
2018.287475585938 -30.160837173462 -33.713230148783396
2018.3203125 -33.472537994385 -35.06108326361812
2018.353149414062 -30.097929000854 -36.535630223293
2018.385986328125 -39.608394622803 -38.10908430447584
2018.4189453125 -37.548999786377 -39.764079202256084
2018.451782226562 -41.187599182129 -41.44981702512948
2018.484619140625 -48.653526306152 -43.132202773985796
2018.517456054688 -44.215045928955 -44.78826534020107
2018.55029296875 -50.337905883789 -46.3996323692775
2018.583129882812 -51.254444122314 -47.915020484018065
2018.615966796875 -51.737056732178 -49.2894459605616
2018.64892578125 -51.253635406494 -50.505537907052464
2018.681762695312 -53.524543762207 -51.55899042452105
2018.714599609375 -47.438941955566 -52.466511759903
2018.747436523438 -53.658470153809 -53.21816155699997
2018.7802734375 -55.283973693848 -53.83642192493585
2018.813110351562 -58.547897338867 -54.35447441466052
2018.845947265625 -58.74259185791 -54.85335323265427
2018.87890625 -54.862747192383 -55.313810288630776
2018.911743164062 -54.215553283691 -55.777170072774474
2018.944580078125 -56.152774810791 -56.230387799936466
2018.977416992188 -54.756015777588 -56.629727274578066
2019.010986328125 -55.921394348145 -57.07248879492601
2019.043823242188 -57.061912536621 -57.470417926804295
2019.109497070312 -58.903667449951 -58.88072684436662
2019.1259765625 -58.484413146973 -59.269916567080294
2019.142333984375 -58.979724884033 -59.76746692651977
2019.175170898438 -60.058349609375 -60.822231991086305
2019.191650390625 -60.781085968018 -61.46902394003973
2019.208129882812 -60.239753723145 -62.182752637821416
2019.224487304688 -62.287899017334 -62.876843175969725
2019.240966796875 -64.234619140625 -63.74304698424616
2019.25732421875 -63.882591247559 -64.69094892571746
2019.273803710938 -64.625984191895 -65.58598571680234
2019.290161132812 -66.546630859375 -66.54451702470595
2019.306640625 -66.453582763672 -67.77040350723408
2019.323120117188 -66.967407226562 -69.10993172870195
2019.339477539062 -71.505187988281 -70.52373855228629
2019.35595703125 -69.626655578613 -72.01409427543543
2019.372314453125 -71.993637084961 -73.53384945859221
2019.388793945312 -73.646179199219 -75.10646125277833
2019.405151367188 -73.643196105957 -76.79663123941718
2019.421630859375 -80.000801086426 -78.46113394748637
2019.438110351562 -82.749992370605 -80.1628727728942
2019.454467773438 -81.982841491699 -81.8702572793682
2019.470947265625 -84.104705810547 -83.5946917032884
2019.4873046875 -87.075508117676 -85.2990913974101
2019.503784179688 -85.657997131348 -86.97276350207417
2019.520141601562 -85.960479736328 -88.66236318693157
2019.53662109375 -95.101104736328 -90.30778246258596
2019.569458007812 -94.706398010254 -93.22936672802595
2019.602294921875 -93.472724914551 -95.39363890868408
2019.618774414062 -104.046852111816 -96.47891501680172
2019.635131835938 -101.679153442383 -97.5274892173382
2019.651611328125 -101.658782958984 -98.33547397380012
2019.668090820312 -105.801849365234 -99.31416129317995
2019.71728515625 -104.713661193848 -101.48636792034024
2019.733764648438 -102.365570068359 -102.11459376208676
2019.750122070312 -109.078407287598 -102.40034544476721
2019.7666015625 -101.747413635254 -102.85246504362702
2019.799438476562 -103.950294494629 -103.33064574079054
2019.832275390625 -108.533210754395 -103.73677208770962
2019.865112304688 -104.606826782227 -103.95331393027473
2019.898071289062 -104.13990020752 -104.03027868330238
2019.930908203125 -104.429306030273 -104.04976956957904
2019.963745117188 -103.639183044434 -104.03895266503953
2019.99658203125 -104.362915039062 -104.02479278915725
2020.030151367188 -102.824371337891 -104.00842913427478
2020.06298828125 -103.694259643555 -104.02401343587758
2020.095825195312 -103.898834228516 -104.08033037888454
2020.128662109375 -104.099029541016 -104.2213055724832
2020.161499023438 -103.389892578125 -104.4747434233531
2020.177978515625 -104.279830932617 -104.7242073623897
2020.1943359375 -103.805198669434 -104.84866405530002
2020.227294921875 -103.572723388672 -105.37775034382416
2020.260131835938 -104.448455810547 -106.09262137883466
2020.29296875 -105.588584899902 -106.88138632844614
2020.325805664062 -107.548561096191 -107.85188716472459
2020.358642578125 -108.152809143066 -109.16537913178114
2020.391479492188 -106.783424377441 -110.59074558937145
2020.42431640625 -111.512397766113 -112.08319195098491
2020.457275390625 -110.328422546387 -113.68283654896699
2020.490112304688 -115.160034179688 -115.36793615404103
2020.52294921875 -118.824485778809 -117.08319254338639
2020.555786132812 -120.368934631348 -118.81528660733404
2020.572265625 -117.624572753906 -119.62995894799721
2020.588623046875 -122.531730651855 -120.40753592620695
2020.605102539062 -123.27685546875 -121.2899091778261
2020.621459960938 -126.525428771973 -122.01769386273868
2020.654296875 -121.739212036133 -123.49521671184715
2020.687255859375 -126.004898071289 -124.76604500597884
2020.70361328125 -128.243316650391 -125.40404535693018
2020.720092773438 -126.064498901367 -125.76526226175623
2020.7529296875 -126.787216186523 -126.5479345456915
2020.785766601562 -129.855804443359 -127.1744297796721
2020.818603515625 -128.654006958008 -127.70137561084974
2020.851440429688 -130.669586181641 -128.1517317698529
2020.917236328125 -129.419250488281 -128.82883327348978
2020.950073242188 -128.981689453125 -129.07975431585328
2020.98291015625 -129.191635131836 -129.31370636355763
2021.013671875 -128.77294921875 -129.51734216239697
2021.046508789062 -128.671524047852 -129.72136322534024
2021.079345703125 -129.798385620117 -130.05537376464733
2021.1123046875 -128.869003295898 -130.43680816009646
2021.145141601562 -130.719955444336 -130.90183759976136
2021.177978515625 -130.44921875 -131.44011278577725
2021.210815429688 -132.773376464844 -132.04854049002887
2021.24365234375 -129.180450439453 -132.64275384642906
2021.276489257812 -129.945449829102 -133.49875794199426
2021.309326171875 -133.918716430664 -134.58644952130356
2021.34228515625 -135.858139038086 -135.90580614996733
2021.358642578125 -137.214050292969 -136.79040121333512
2021.391479492188 -136.724960327148 -138.42770974937775
2021.407958984375 -136.818298339844 -139.4015662839461
2021.440795898438 -134.553604125977 -141.170714305843
2021.4736328125 -136.82275390625 -143.00700488093585
2021.506469726562 -156.335174560547 -144.8764499310154
2021.539306640625 -149.581176757812 -146.72993444296756
2021.572265625 -146.991592407227 -148.46575099627066
2021.605102539062 -158.446044921875 -150.25367768241915
2021.637939453125 -155.399291992188 -152.0070870958542
2021.670776367188 -154.251953125 -153.70795115871906
2021.736450195312 -158.94743347168 -156.5492631893105
2021.769287109375 -160.417724609375 -157.88461375784516
2021.80224609375 -161.812789916992 -158.97330687105506
2021.835083007812 -160.331451416016 -160.0216132429833
2021.867919921875 -161.512878417969 -160.89938276380488
2021.966430664062 -162.411209106445 -163.25034808727466
2022.0 -164.59977722168 -163.9464883769179
2022.065673828125 -166.506942749023 -165.39010163598664
2022.098510742188 -165.420166015625 -166.08695336820776
2022.197143554688 -167.734985351562 -168.27008246556096
2022.22998046875 -170.275588989258 -169.01115801696898
2022.262817382812 -167.891983032227 -169.76490460620684
2022.295654296875 -168.116821289062 -170.53279698809757
2022.328491210938 -170.825424194336 -171.3172862709717
2022.394287109375 -173.451400756836 -172.91737226728824
2022.558471679688 -178.897552490234 -177.00000543578298
2022.591430664062 -187.946014404297 -177.85612891608724
2022.68994140625 -177.285110473633 -180.56035234347934
2022.722778320312 -182.060974121094 -181.4496720254843
2022.821411132812 -183.776214599609 -184.08118453483561
2022.854248046875 -185.747467041016 -185.07139067754093
2022.887084960938 -183.736572265625 -186.1461423517859
2022.919921875 -186.477432250977 -187.21284901489227
2022.952758789062 -187.153961181641 -188.36322964884533
2022.985595703125 -188.315902709961 -189.7217460794452
2023.019165039062 -190.360336303711 -191.22045762368978
2023.052001953125 -191.996337890625 -192.62740167991484
2023.084838867188 -193.967544555664 -194.31454054238787
2023.11767578125 -195.569244384766 -196.28044212228863
2023.150634765625 -195.328216552734 -198.17190319919044
2023.183471679688 -199.042739868164 -200.238004498831
2023.21630859375 -198.945678710938 -202.312999803129
2023.249145507812 -197.468338012695 -204.3959559298993
2023.281982421875 -205.338989257812 -206.4885710911731
2023.314819335938 -209.750900268555 -208.59306246208266
2023.34765625 -209.005111694336 -210.711878047942
2023.380615234375 -211.383453369141 -212.85485640057988
2023.413452148438 -220.819671630859 -215.00866518592173
2023.4462890625 -223.890640258789 -217.18388952476124
2023.57763671875 -238.549880981445 -226.07791971723634
