2014.804931640625 -0.0 -3.632104333477429
2014.837768554688 -19.508958816528 -5.670602949954837
2014.903442382812 -15.44516658783 -9.742040526091206
2014.96923828125 -14.071145057678 -13.813976695711348
2015.03564453125 -8.803644180298 -17.916172639251847
2015.101318359375 -12.039947509766 -21.96505564391939
2015.265625 -24.968187332153 -32.05557627191292
2015.331298828125 -45.799789428711 -36.07165971285822
2015.39697265625 -42.072647094727 -40.078159282646666
2016.021850585938 -62.955326080322 -77.71652641965932
2016.1533203125 -95.088226318359 -86.8150045491736
2016.350463867188 -131.909194946289 -102.08989241568912
2016.416137695312 -99.702949523926 -103.79359581218898
2016.547607421875 -109.212791442871 -107.14800071105138
2016.744750976562 -121.792610168457 -111.98619475212877
2016.777587890625 -115.039863586426 -112.75649933984765
2016.810424804688 -122.058151245117 -113.55491832612368
2016.84326171875 -114.74658203125 -114.29021406288349
2016.876098632812 -116.777168273926 -114.70386323705898
2016.908935546875 -113.566192626953 -115.00779149328731
2016.941772460938 -114.402122497559 -115.31868386722208
2016.974731445312 -114.742805480957 -115.52898388736239
2017.005493164062 -115.025421142578 -115.76785701123063
2017.038330078125 -114.858360290527 -115.99714306851399
2017.071166992188 -115.5673828125 -116.24551901173905
2017.10400390625 -115.861946105957 -116.72708054238926
2017.136840820312 -115.671600341797 -117.36197236933819
2017.169799804688 -118.00350189209 -118.08794015789748
2017.20263671875 -119.100059509277 -118.90553978524672
2017.235473632812 -118.066627502441 -119.81940447270256
2017.268310546875 -116.957298278809 -120.8523175950641
2017.301147460938 -119.934669494629 -122.03048160161144
2017.333984375 -121.710266113281 -123.36319053441018
2017.366821289062 -129.562118530273 -124.84136877095715
2017.399780273438 -128.12841796875 -126.40430849438478
2017.4326171875 -122.633460998535 -127.95132596686476
2017.498291015625 -142.018814086914 -130.82155095966553
2017.531127929688 -128.437789916992 -132.17471439517018
2017.56396484375 -134.531051635742 -133.49127397931017
2017.596801757812 -140.900619506836 -134.7544397253902
2017.629760742188 -143.30192565918 -135.95494440323196
2017.66259765625 -142.719253540039 -137.06568725964777
2017.695434570312 -137.961013793945 -138.07063571650124
2017.728271484375 -140.198867797852 -138.92225150130548
2017.761108398438 -138.764404296875 -139.58371850259917
2017.7939453125 -139.404479980469 -140.10359089003896
2017.826782226562 -141.405349731445 -140.5467281226199
2017.859741210938 -141.407363891602 -140.9306579691765
2017.892578125 -141.173294067383 -141.27647298758038
2017.925415039062 -141.134521484375 -141.64378933862895
2017.958251953125 -141.875747680664 -142.06845354766807
2017.991088867188 -141.88346862793 -142.56762914359814
2018.024658203125 -141.794921875 -143.17115762834726
2018.057495117188 -143.138061523438 -143.88460263123147
2018.09033203125 -144.304351806641 -144.75115888505593
2018.123168945312 -144.702133178711 -145.78441473208466
2018.156005859375 -143.636047363281 -146.98283713898732
2018.18896484375 -147.051544189453 -148.32439033891717
2018.221801757812 -146.012481689453 -149.7893862695786
2018.254638671875 -147.805419921875 -151.35910638024905
2018.287475585938 -152.011688232422 -153.01077443342575
2018.3203125 -152.367080688477 -154.74776825796954
2018.353149414062 -158.634246826172 -156.5791075187133
2018.385986328125 -160.535064697266 -158.51356176754717
2018.4189453125 -165.910049438477 -160.5576829383113
2018.451782226562 -162.256942749023 -162.65865626449934
2018.484619140625 -159.600158691406 -164.74539784893
2018.517456054688 -172.370834350586 -166.7487411236823
2018.55029296875 -165.612060546875 -168.6377502112967
2018.583129882812 -167.579330444336 -170.39539103363498
2018.615966796875 -176.050354003906 -172.02336521160424
2018.64892578125 -175.15950012207 -173.54476234074622
2018.681762695312 -178.247467041016 -174.9712968113555
2018.714599609375 -180.761489868164 -176.31815750358362
2018.747436523438 -180.835021972656 -177.56746886977493
2018.7802734375 -177.994491577148 -178.70854762965777
2018.813110351562 -180.012390136719 -179.66729297374454
2018.845947265625 -181.124313354492 -180.55414200300024
2018.87890625 -182.698059082031 -181.23891004685905
2018.911743164062 -181.230072021484 -181.6927050587225
2018.944580078125 -182.395812988281 -182.09717712313414
2018.977416992188 -184.130661010742 -182.45433377866948
2019.010986328125 -181.922653198242 -182.75643965911033
2019.043823242188 -183.783508300781 -183.04972603701046
2019.109497070312 -182.621704101562 -183.31220317989022
2019.1259765625 -183.905197143555 -183.38506789885622
2019.142333984375 -185.363967895508 -183.37811647213547
2019.175170898438 -184.615737915039 -183.34741125880717
2019.191650390625 -182.567031860352 -183.27751154136052
2019.208129882812 -184.170562744141 -183.18677109123976
2019.224487304688 -183.369369506836 -183.08619863239994
2019.240966796875 -182.655715942383 -182.97045930741518
2019.25732421875 -183.074569702148 -182.89961282475582
2019.273803710938 -182.087783813477 -182.78340531228542
2019.290161132812 -181.066177368164 -182.657876221703
2019.306640625 -181.991287231445 -182.76161501430545
2019.323120117188 -182.38948059082 -183.02009530152742
2019.339477539062 -180.903335571289 -183.41198196874848
2019.35595703125 -181.152786254883 -183.92939527879935
2019.372314453125 -184.369033813477 -184.57255246820787
2019.388793945312 -182.872329711914 -185.395039878799
2019.405151367188 -181.748580932617 -186.6155816769484
2019.421630859375 -185.648101806641 -187.77127118387045
2019.438110351562 -189.160385131836 -189.05860613358658
2019.454467773438 -189.399276733398 -190.42061435449435
2019.470947265625 -191.409103393555 -191.8342075273756
2019.4873046875 -196.901153564453 -193.23241823359402
2019.503784179688 -179.556411743164 -194.5594407162309
2019.520141601562 -182.845092773438 -195.95661035385567
2019.53662109375 -199.896011352539 -197.38805610362888
2019.569458007812 -200.066436767578 -200.23176800688182
2019.602294921875 -210.032470703125 -202.91572922832526
2019.618774414062 -199.090972900391 -204.26252682224595
2019.635131835938 -210.491180419922 -205.55663512868406
2019.651611328125 -204.739440917969 -206.76067893022955
2019.668090820312 -197.693328857422 -207.9928507298668
2019.71728515625 -215.961212158203 -211.4363692291942
2019.733764648438 -212.566970825195 -212.56129955116683
2019.750122070312 -213.699127197266 -213.62416540987374
2019.7666015625 -215.843475341797 -214.71630937822306
2019.799438476562 -215.822418212891 -216.77590703125207
2019.832275390625 -220.872650146484 -218.80517015088435
2019.865112304688 -220.504989624023 -220.7472382709119
2019.898071289062 -222.755615234375 -222.61868023334594
2019.930908203125 -225.289001464844 -224.41201597052097
2019.963745117188 -225.654418945312 -226.1423889703259
2019.99658203125 -228.187072753906 -227.83229481771957
2020.030151367188 -229.262313842773 -229.59089783014502
2020.06298828125 -231.685455322266 -231.19257044247883
2020.095825195312 -233.479797363281 -232.73928012308681
2020.128662109375 -235.081268310547 -234.18368268892357
2020.161499023438 -236.414154052734 -235.51276959645185
2020.177978515625 -237.093490600586 -236.0285570960057
2020.1943359375 -237.069305419922 -236.69990997193486
2020.227294921875 -239.396377563477 -237.7286208574346
2020.260131835938 -239.291305541992 -238.5841995141196
2020.29296875 -242.458877563477 -239.37452890036317
2020.325805664062 -242.333724975586 -239.99215592610582
2020.358642578125 -240.176559448242 -240.39519649115076
2020.391479492188 -241.127883911133 -240.76806771372242
2020.42431640625 -243.007736206055 -241.1288072912352
2020.457275390625 -240.756072998047 -241.46204499175252
2020.490112304688 -239.56120300293 -241.76436835930002
2020.52294921875 -236.317123413086 -242.08176338133072
2020.555786132812 -241.441040039062 -242.45627159318707
2020.572265625 -252.972503662109 -242.75275140424762
2020.588623046875 -250.386093139648 -243.0370086176688
2020.605102539062 -239.933334350586 -243.21244159975586
2020.621459960938 -250.387664794922 -243.50454816589465
2020.654296875 -243.879531860352 -244.03048488160925
2020.687255859375 -241.915802001953 -244.6142567424706
2020.70361328125 -245.338973999023 -244.93145263192432
2020.720092773438 -243.937255859375 -245.24891729820783
2020.7529296875 -248.957229614258 -245.90897070212645
2020.785766601562 -249.78987121582 -246.55613619087754
2020.818603515625 -246.459762573242 -247.18241452994232
2020.851440429688 -244.683563232422 -247.8035319807406
2020.917236328125 -248.944641113281 -249.1077396852226
2020.950073242188 -250.330505371094 -249.80445346626456
2020.98291015625 -250.655090332031 -250.48763424699672
2021.013671875 -251.122940063477 -251.09139300671924
2021.046508789062 -249.492874145508 -251.79367977835858
2021.079345703125 -252.476318359375 -252.62379157528878
2021.1123046875 -253.75569152832 -253.50908101346695
2021.145141601562 -254.965911865234 -254.4443884397415
2021.177978515625 -254.589736938477 -255.4057541047522
2021.210815429688 -257.321319580078 -256.4260008182507
2021.24365234375 -253.632141113281 -257.4205031912179
2021.276489257812 -254.644027709961 -258.6687390986271
2021.309326171875 -264.630523681641 -260.1025850305954
2021.34228515625 -259.464996337891 -261.6968984940638
2021.358642578125 -262.509490966797 -262.6457084870285
2021.391479492188 -263.972045898438 -264.3655508653132
2021.407958984375 -259.676940917969 -265.32783160734755
2021.440795898438 -256.891998291016 -267.05067361355606
2021.4736328125 -260.811431884766 -268.6812955659152
2021.506469726562 -272.909942626953 -270.1743604627259
2021.539306640625 -275.3427734375 -271.5578597853854
2021.572265625 -274.150726318359 -272.6619648974364
2021.605102539062 -277.243499755859 -274.03224280236
2021.637939453125 -280.505828857422 -275.34467391261944
2021.670776367188 -282.086578369141 -276.53726479947596
2021.736450195312 -277.227294921875 -278.21522036740043
2021.769287109375 -277.277038574219 -278.9517569374819
2021.80224609375 -280.729187011719 -279.5139348181465
2021.835083007812 -278.229644775391 -280.03646359135945
2021.867919921875 -286.782196044922 -280.4475703196984
2021.966430664062 -283.378570556641 -281.4688587920642
2022.0 -278.887634277344 -281.7788171704234
2022.065673828125 -287.427001953125 -282.44559535681583
2022.098510742188 -282.496704101562 -282.76347457629123
2022.197143554688 -283.155364990234 -283.7407730262259
2022.22998046875 -285.851837158203 -284.0494364084559
2022.262817382812 -279.916778564453 -284.3559768469532
2022.295654296875 -282.193908691406 -284.766665934122
2022.328491210938 -287.504333496094 -285.46287453516237
2022.394287109375 -285.437103271484 -287.58146384522826
2022.558471679688 -301.68505859375 -292.3398713369858
2022.591430664062 -278.066131591797 -293.1867322157879
2022.68994140625 -287.611450195312 -296.0053635726654
2022.722778320312 -309.569305419922 -297.03544968530065
2022.821411132812 -302.74609375 -300.2799824309847
2022.854248046875 -299.885223388672 -301.2923780735173
2022.887084960938 -299.398406982422 -302.2164249888548
2022.919921875 -304.711242675781 -303.193271951819
2022.952758789062 -306.544464111328 -304.18806486255176
2022.985595703125 -306.948547363281 -305.22043663309483
2023.019165039062 -304.872161865234 -306.4110739681899
2023.052001953125 -305.372375488281 -307.5527813249795
2023.084838867188 -307.272399902344 -308.93841675781454
2023.11767578125 -309.090240478516 -310.6220835955218
2023.150634765625 -309.348968505859 -312.18376380647936
2023.183471679688 -311.887481689453 -313.9227887166889
2023.21630859375 -304.220489501953 -315.6561516667522
2023.249145507812 -307.021392822266 -317.39296892257136
2023.281982421875 -313.713439941406 -319.1389916261236
2023.314819335938 -321.579864501953 -320.8981507564634
2023.34765625 -321.963195800781 -322.6744928467268
2023.380615234375 -326.663909912109 -324.4777482850502
2023.413452148438 -317.276733398438 -326.29682173895003
2023.4462890625 -332.236633300781 -328.13892788402035
2023.57763671875 -374.337371826172 -335.7089493331837
