2014.804931640625 0.0 13.95809244825665
2014.837768554688 12.676784515381 11.623321085656382
2014.903442382812 11.415506362915 6.9561925686551955
2014.96923828125 1.031651735306 2.283524551395524
2015.03564453125 -2.671227693558 -2.429679383020656
2015.101318359375 -12.406856536865 -7.088334783879813
2015.265625 -12.839492797852 -18.731943314138203
2015.331298828125 -17.687078475952 -23.380233022107692
2015.39697265625 -28.57276725769 -28.02474020484574
2016.021850585938 -73.605484008789 -72.21653175854216
2016.1533203125 -72.517539978027 -81.9501459738738
2016.350463867188 -96.83487701416 -95.2717208009506
2016.416137695312 -99.799530029297 -98.92278380025687
2016.547607421875 -107.938003540039 -106.42516637268609
2016.744750976562 -116.978240966797 -116.28441836605619
2016.777587890625 -119.395378112793 -117.86691435527331
2016.810424804688 -120.226654052734 -119.45371838106229
2016.84326171875 -121.122940063477 -120.96753450703504
2016.876098632812 -122.749473571777 -122.36940906464274
2016.908935546875 -124.060401916504 -123.7720465235525
2016.941772460938 -124.128105163574 -125.17673021928599
2016.974731445312 -124.725158691406 -126.59026508212044
2017.005493164062 -126.585678100586 -128.00255864891767
2017.038330078125 -129.816604614258 -129.4520036827181
2017.071166992188 -129.469360351562 -130.91572557775504
2017.10400390625 -132.087326049805 -132.6244403257948
2017.136840820312 -133.72575378418 -134.52153037641324
2017.169799804688 -133.098388671875 -136.54882363518587
2017.20263671875 -138.867874145508 -138.7026008054684
2017.235473632812 -138.697235107422 -141.02951146414676
2017.268310546875 -140.343154907227 -143.56222966076552
2017.301147460938 -144.274963378906 -146.3091492420538
2017.333984375 -147.303695678711 -149.24423479202113
2017.366821289062 -148.971542358398 -152.2903245454438
2017.399780273438 -154.428665161133 -155.34425509564048
2017.4326171875 -159.984756469727 -158.31245973586135
2017.498291015625 -171.137435913086 -164.02242775235868
2017.531127929688 -170.027069091797 -166.80348278366824
2017.56396484375 -174.057464599609 -169.55647254120953
2017.596801757812 -176.455062866211 -172.25611275963277
2017.629760742188 -177.813079833984 -174.87608415379913
2017.66259765625 -181.432220458984 -177.31778198300776
2017.695434570312 -178.577392578125 -179.50870848633636
2017.728271484375 -182.616134643555 -181.3648614995687
2017.761108398438 -182.802368164062 -182.90682223419168
2017.7939453125 -185.273651123047 -184.27028797154162
2017.826782226562 -185.717269897461 -185.56715044665367
2017.859741210938 -188.299057006836 -186.82515407021006
2017.892578125 -188.309936523438 -188.03765188536448
2017.925415039062 -188.981231689453 -189.23128650743973
2017.958251953125 -190.195816040039 -190.4236558906412
2017.991088867188 -191.326843261719 -191.62094285699612
2018.024658203125 -192.448913574219 -192.8583131811328
2018.057495117188 -194.038131713867 -194.09726410134525
2018.09033203125 -195.224075317383 -195.42984960621502
2018.123168945312 -196.537200927734 -196.9235706163095
2018.156005859375 -195.847106933594 -198.60913933141862
2018.18896484375 -198.820785522461 -200.4765702178642
2018.221801757812 -199.827819824219 -202.47142680870542
2018.254638671875 -203.390213012695 -204.55860148475202
2018.287475585938 -201.773498535156 -206.72496553771916
2018.3203125 -206.428833007812 -208.96737333688358
2018.353149414062 -205.311813354492 -211.30480578630838
2018.385986328125 -214.206604003906 -213.7601466090911
2018.4189453125 -216.047561645508 -216.35878796005403
2018.451782226562 -219.187271118164 -219.0836241112257
2018.484619140625 -223.706298828125 -221.92471533003828
2018.517456054688 -223.946319580078 -224.83913567234418
2018.55029296875 -225.867340087891 -227.76764426400894
2018.583129882812 -230.120178222656 -230.6253960187831
2018.615966796875 -231.593414306641 -233.35535063600759
2018.64892578125 -239.882720947266 -235.96234880077276
2018.681762695312 -242.343811035156 -238.45521717732342
2018.714599609375 -232.595458984375 -240.87711442435824
2018.747436523438 -246.565795898438 -243.2537227600823
2018.7802734375 -248.640884399414 -245.61861137896753
2018.813110351562 -250.083206176758 -247.93297217081775
2018.845947265625 -253.341598510742 -250.32536968985022
2018.87890625 -251.918380737305 -252.50599605805178
2018.911743164062 -253.187255859375 -254.30091814060296
2018.944580078125 -256.31494140625 -255.94769473570759
2018.977416992188 -256.438507080078 -257.5582431097955
2019.010986328125 -258.484039306641 -259.27163708235264
2019.043823242188 -260.666046142578 -260.9449963828638
2019.109497070312 -264.760772705078 -264.62795721957957
2019.1259765625 -265.315704345703 -265.5670361633978
2019.142333984375 -266.23388671875 -266.57386340118535
2019.175170898438 -268.012481689453 -268.63709189989294
2019.191650390625 -268.904907226562 -269.75869169940034
2019.208129882812 -269.568267822266 -270.9268986251815
2019.224487304688 -271.605316162109 -272.0709867106428
2019.240966796875 -273.91162109375 -273.330824132816
2019.25732421875 -272.912231445312 -274.61046739171627
2019.273803710938 -275.436981201172 -275.87230217321746
2019.290161132812 -277.356994628906 -277.1714902647101
2019.306640625 -277.911773681641 -278.549283488869
2019.323120117188 -280.315093994141 -279.94418559646806
2019.339477539062 -282.001007080078 -281.3483052442215
2019.35595703125 -282.001617431641 -282.7775368512409
2019.372314453125 -287.486846923828 -284.1972096152428
2019.388793945312 -284.845336914062 -285.62441660402504
2019.405151367188 -286.859466552734 -287.037029400643
2019.421630859375 -287.474914550781 -288.47882307127986
2019.438110351562 -289.152252197266 -289.9314578070198
2019.454467773438 -291.794494628906 -291.3880767613353
2019.470947265625 -292.779479980469 -292.880466447281
2019.4873046875 -296.449157714844 -294.38618069477604
2019.503784179688 -294.6455078125 -295.91851125521714
2019.520141601562 -293.722869873047 -297.3996646095078
2019.53662109375 -298.887023925781 -298.87333219653885
2019.569458007812 -303.824249267578 -301.7029350150641
2019.602294921875 -304.740081787109 -304.27692508568964
2019.618774414062 -306.393524169922 -305.5732886923997
2019.635131835938 -310.309509277344 -306.8425784636339
2019.651611328125 -313.154418945312 -308.00861443128065
2019.668090820312 -306.695251464844 -309.23873082220007
2019.71728515625 -313.903869628906 -312.51233435313117
2019.733764648438 -313.619018554688 -313.5441132169508
2019.750122070312 -321.435791015625 -314.4104100306739
2019.7666015625 -315.544464111328 -315.34514833412976
2019.799438476562 -317.421875 -316.96456169014715
2019.832275390625 -321.664764404297 -318.52478682063355
2019.865112304688 -321.041290283203 -319.9663471236723
2019.898071289062 -321.534118652344 -321.2854126512076
2019.930908203125 -323.857696533203 -322.4550632944778
2019.963745117188 -324.302276611328 -323.4545471429486
2019.99658203125 -324.901733398438 -324.388158904427
2020.030151367188 -325.520904541016 -325.3800291201516
2020.06298828125 -326.248229980469 -326.16517682814435
2020.095825195312 -326.535583496094 -326.9593182033297
2020.128662109375 -328.439788818359 -327.76574642140935
2020.161499023438 -328.091735839844 -328.605969360123
2020.177978515625 -328.718902587891 -329.0821736614403
2020.1943359375 -329.782104492188 -329.49284493189407
2020.227294921875 -329.900695800781 -330.46435513560954
2020.260131835938 -328.234008789062 -331.550926345805
2020.29296875 -330.233184814453 -332.6765974545801
2020.325805664062 -334.109924316406 -333.9212602667145
2020.358642578125 -334.886108398438 -335.44669841909257
2020.391479492188 -336.652496337891 -337.0894933623017
2020.42431640625 -334.871215820312 -338.85108734239185
2020.457275390625 -338.675598144531 -340.777517437705
2020.490112304688 -341.805908203125 -342.81669033702974
2020.52294921875 -344.608245849609 -344.86541510629337
2020.555786132812 -348.361572265625 -346.892131051846
2020.572265625 -342.003692626953 -347.8616215760318
2020.588623046875 -350.066802978516 -348.784269617001
2020.605102539062 -351.64208984375 -349.8109642206864
2020.621459960938 -361.519378662109 -350.6854463108293
2020.654296875 -356.060913085938 -352.4811507420231
2020.687255859375 -355.356597900391 -354.1062844395691
2020.70361328125 -356.834655761719 -354.9518291387622
2020.720092773438 -356.894134521484 -355.4831100662921
2020.7529296875 -355.93359375 -356.6653331257011
2020.785766601562 -360.852172851562 -357.68964157021964
2020.818603515625 -359.731903076172 -358.59271664251503
2020.851440429688 -360.055419921875 -359.3986163973508
2020.917236328125 -360.145935058594 -360.8495099491831
2020.950073242188 -360.988861083984 -361.60522969968105
2020.98291015625 -362.518402099609 -362.4303357957355
2021.013671875 -361.999328613281 -363.1901077115559
2021.046508789062 -362.304748535156 -364.2625104565008
2021.079345703125 -364.742279052734 -365.8018941921343
2021.1123046875 -364.417724609375 -367.38326853530145
2021.145141601562 -366.685516357422 -369.0909962226926
2021.177978515625 -368.059692382812 -370.90559774424236
2021.210815429688 -370.285949707031 -372.7949788543953
2021.24365234375 -367.146362304688 -374.57662680673525
2021.276489257812 -373.681823730469 -376.68776151510866
2021.309326171875 -380.899139404297 -378.9406490247174
2021.34228515625 -383.759094238281 -381.32752249773307
2021.358642578125 -382.930603027344 -382.51812673711294
2021.391479492188 -384.250335693359 -384.85563978477313
2021.407958984375 -384.009765625 -385.93994302585077
2021.440795898438 -392.795196533203 -388.13128707088566
2021.4736328125 -389.653961181641 -390.1114047481451
2021.506469726562 -404.733581542969 -391.8206571617448
2021.539306640625 -401.570983886719 -393.32695923247917
2021.572265625 -400.499603271484 -394.4966103931144
2021.605102539062 -407.225616455078 -395.9885948142978
2021.637939453125 -400.839965820312 -397.4608911015473
2021.670776367188 -401.651458740234 -398.9097690628221
2021.736450195312 -410.527008056641 -401.40006842020466
2021.769287109375 -402.241058349609 -402.6504929365996
2021.80224609375 -403.726013183594 -403.639096742438
2021.835083007812 -402.473876953125 -404.57766100094
2021.867919921875 -406.938720703125 -405.3978309486685
2021.966430664062 -407.295501708984 -407.74553801501554
2022.0 -409.277984619141 -408.5236670398293
2022.065673828125 -410.314971923828 -410.036233883976
2022.098510742188 -409.640472412109 -410.7817377940216
2022.197143554688 -414.673858642578 -413.03142622146004
2022.22998046875 -415.587371826172 -413.7820493694329
2022.262817382812 -413.725372314453 -414.5355199726828
2022.295654296875 -411.012725830078 -415.3152995090297
2022.328491210938 -417.431030273438 -416.1679048425741
2022.394287109375 -415.518768310547 -418.1510698028175
2022.558471679688 -421.356781005859 -423.3226186761606
2022.591430664062 -431.765258789062 -424.2222532303129
2022.68994140625 -423.556274414062 -427.0640921920667
2022.722778320312 -434.845153808594 -428.10757212678556
2022.821411132812 -431.333923339844 -431.8037899020978
2022.854248046875 -434.611206054688 -433.26141936049777
2022.887084960938 -434.170288085938 -434.7928025972607
2022.919921875 -435.488372802734 -436.3480596647728
2022.952758789062 -437.011993408203 -437.99238772322957
2022.985595703125 -438.972137451172 -439.82031391446276
2023.019165039062 -440.898620605469 -441.8240057389001
2023.052001953125 -442.345397949219 -443.7521252092142
2023.084838867188 -444.978088378906 -445.9058082885604
2023.11767578125 -447.560119628906 -448.23502200579287
2023.150634765625 -448.130981445312 -450.4723541623148
2023.183471679688 -452.070953369141 -452.79784254846885
2023.21630859375 -449.941772460938 -455.11913248862714
2023.249145507812 -449.645416259766 -457.4455174955413
2023.281982421875 -458.373107910156 -459.781759607489
2023.314819335938 -465.416137695312 -462.13032146838805
2023.34765625 -465.571990966797 -464.4925069070766
2023.380615234375 -466.521179199219 -466.8761400539982
2023.413452148438 -477.132904052734 -469.2614825099665
2023.4462890625 -471.329772949219 -471.65544651575186
2023.57763671875 -503.122497558594 -481.286067470715
