2014.804931640625  
2014.837768554688 -17.295356750488 -13.428745449216722
2014.903442382812 -17.124908447266 -14.807501168264544
2014.96923828125 -4.961326599121 -16.198161594678258
2015.03564453125 -20.056022644043 -17.609473387289498
2015.101318359375 2.824548244476 -19.011502801878837
2015.265625 -34.735946655273 -22.532306531007283
2015.331298828125 -18.274133682251 -23.9371471930905
2015.39697265625 -1.165054678917 -25.335270468897594
2016.021850585938 -47.45947265625 -38.44329881476087
2016.1533203125 -48.75431060791 -42.87500927362543
2016.350463867188 -41.438343048096 -46.794542789663645
2016.416137695312 -33.734474182129 -47.186811036920204
2016.547607421875 -61.116729736328 -47.749985716809604
2016.744750976562 -41.826915740967 -49.60706479243282
2016.777587890625 -59.27562713623 -50.43146953972694
2016.810424804688 -63.097156524658 -51.173806403891234
2016.84326171875 -57.269580841064 -51.3465161163514
2016.876098632812 -47.782211303711 -51.30397420940607
2016.908935546875 -49.436187744141 -51.25128976944649
2016.941772460938 -47.000717163086 -51.20148424448744
2016.974731445312 -50.441631317139 -51.13576878636031
2017.005493164062 -55.691745758057 -51.06887351030103
2017.038330078125 -50.840118408203 -50.98794285787751
2017.071166992188 -51.419246673584 -50.90168622096765
2017.10400390625 -49.781532287598 -50.93109848369277
2017.136840820312 -51.49076461792 -51.061219370471875
2017.169799804688 -52.403667449951 -51.24782631048088
2017.20263671875 -49.390064239502 -51.46912943236004
2017.235473632812 -48.083892822266 -51.709752416182624
2017.268310546875 -51.331043243408 -52.00337606745571
2017.301147460938 -53.292804718018 -52.36775022639361
2017.333984375 -42.700824737549 -52.80214289891073
2017.366821289062 -52.411193847656 -53.262956592871745
2017.399780273438 -60.657646179199 -53.726185013855506
2017.4326171875 -51.686321258545 -54.18394970641884
2017.498291015625 -65.212211608887 -55.117753003500354
2017.531127929688 -53.051124572754 -55.575383050815674
2017.56396484375 -63.179695129395 -55.992011590205585
2017.596801757812 -54.857624053955 -56.358102860915736
2017.629760742188 -60.485286712646 -56.68078556416483
2017.66259765625 -54.816017150879 -56.96061021120734
2017.695434570312 -58.434684753418 -57.190509382905326
2017.728271484375 -55.601379394531 -57.367637278293365
2017.761108398438 -60.342102050781 -57.50073621950126
2017.7939453125 -53.983688354492 -57.60599388513889
2017.826782226562 -58.80443572998 -57.72907471182196
2017.859741210938 -58.710025787354 -57.9011190139357
2017.892578125 -58.454689025879 -58.13695479205579
2017.925415039062 -56.811676025391 -58.43785340568807
2017.958251953125 -59.964931488037 -58.793956288353314
2017.991088867188 -51.622173309326 -59.20782543752797
2018.024658203125 -58.965381622314 -59.68231568953111
2018.057495117188 -57.894195556641 -60.202826325992966
2018.09033203125 -60.140102386475 -60.78821193029146
2018.123168945312 -61.421054840088 -61.44458171290673
2018.156005859375 -62.842803955078 -62.152357579366495
2018.18896484375 -63.75475692749 -62.90072184354756
2018.221801757812 -61.641437530518 -63.654428682305415
2018.254638671875 -64.406295776367 -64.40048157275456
2018.287475585938 -66.449531555176 -65.15486771498136
2018.3203125 -65.966506958008 -65.9510784376288
2018.353149414062 -67.039085388184 -66.79834707006458
2018.385986328125 -74.646194458008 -67.6918888908014
2018.4189453125 -68.975494384766 -68.61197847302674
2018.451782226562 -65.675895690918 -69.49452373248046
2018.484619140625 -62.540157318115 -70.30650802038619
2018.517456054688 -63.621841430664 -71.05169594665816
2018.55029296875 -74.214492797852 -71.71750113707579
2018.583129882812 -74.353866577148 -72.29930535122234
2018.615966796875 -76.029609680176 -72.82143304319744
2018.64892578125 -75.717750549316 -73.31782263382252
2018.681762695312 -83.644744873047 -73.79040694048372
2018.714599609375 -76.925155639648 -74.25426169167004
2018.747436523438 -70.216735839844 -74.70974385085243
2018.7802734375 -74.879776000977 -75.11777118875311
2018.813110351562 -81.487632751465 -75.48335492540434
2018.845947265625 -71.942527770996 -75.76539367468965
2018.87890625 -73.316261291504 -76.03887244745412
2018.911743164062 -70.456817626953 -76.54372108484584
2018.944580078125 -79.145439147949 -77.0743764095537
2018.977416992188 -72.542533874512 -77.72898337382625
2019.010986328125 -80.177223205566 -78.55104319436977
2019.043823242188 -81.266998291016 -79.37711336250467
2019.109497070312 -79.655738830566 -81.4300167528924
2019.1259765625 -80.409561157227 -81.96566811554275
2019.142333984375 -89.667236328125 -82.35982788498873
2019.175170898438 -83.95142364502 -83.11562710955592
2019.191650390625 -84.377899169922 -83.35794932963519
2019.208129882812 -86.408958435059 -83.52798174316442
2019.224487304688 -84.021705627441 -83.72634706892856
2019.240966796875 -84.801910400391 -83.79317277288104
2019.25732421875 -82.99674987793 -83.81352744823575
2019.273803710938 -82.898963928223 -83.85740460261135
2019.290161132812 -83.554985046387 -83.78076102577484
2019.306640625 -85.780715942383 -83.65614702762826
2019.323120117188 -84.417419433594 -83.56442488685265
2019.339477539062 -82.428153991699 -83.4927318419163
2019.35595703125 -80.888252258301 -83.44098198656052
2019.372314453125 -84.331718444824 -83.42676661959815
2019.388793945312 -83.437530517578 -83.44472456974421
2019.405151367188 -80.403953552246 -83.55041669960013
2019.421630859375 -83.529747009277 -83.65190241305764
2019.438110351562 -84.740493774414 -83.82512181518915
2019.454467773438 -85.770683288574 -84.10044465633524
2019.470947265625 -81.193229675293 -84.48703097319886
2019.4873046875 -83.132545471191 -84.96081251965033
2019.503784179688 -83.885009765625 -85.58134338121424
2019.520141601562 -88.169883728027 -86.08767421427164
2019.53662109375 -81.458023071289 -86.58682870240519
2019.569458007812 -88.839714050293 -87.43966068609058
2019.602294921875 -89.40055847168 -87.97742098151762
2019.618774414062 -91.185966491699 -88.3206997028313
2019.635131835938 -90.518753051758 -88.67277179211689
2019.651611328125 -96.914863586426 -88.95571765115771
2019.668090820312 -88.69571685791 -89.32303601179602
2019.71728515625 -85.404808044434 -90.12490168591843
2019.733764648438 -91.958282470703 -90.30728375673127
2019.750122070312 -87.711097717285 -90.40681441988153
2019.7666015625 -89.695419311523 -90.53860450791221
2019.799438476562 -94.091369628906 -90.80594392403377
2019.832275390625 -90.530342102051 -91.15435966863637
2019.865112304688 -94.909721374512 -91.62912106101035
2019.898071289062 -88.841644287109 -92.2391876253546
2019.930908203125 -89.505393981934 -92.99231637224476
2019.963745117188 -93.044342041016 -93.88072952996326
2019.99658203125 -93.34642791748 -94.74552355974679
2020.030151367188 -93.489379882812 -95.48593677094009
2020.06298828125 -99.08812713623 -96.33765178323321
2020.095825195312 -98.056762695312 -97.21022056803632
2020.128662109375 -96.960456848145 -98.15570582025745
2020.161499023438 -100.7294921875 -99.14852660673736
2020.177978515625 -103.314163208008 -99.65322918670569
2020.1943359375 -99.401420593262 -100.18289502444432
2020.227294921875 -102.527992248535 -101.24956438306663
2020.260131835938 -98.333282470703 -102.32038418520459
2020.29296875 -100.00545501709 -103.35423984053513
2020.325805664062 -105.173599243164 -104.38712028085273
2020.358642578125 -103.897186279297 -105.52724022082629
2020.391479492188 -107.472587585449 -106.71264792209239
2020.42431640625 -105.388740539551 -107.97548711248477
2020.457275390625 -111.464530944824 -109.37250468104789
2020.490112304688 -114.00171661377 -110.83158585890357
2020.52294921875 -108.529678344727 -112.2432517262007
2020.555786132812 -112.77188873291 -113.51982857265611
2020.572265625 -113.918586730957 -113.99555170188228
2020.588623046875 -120.709251403809 -114.40822016147807
2020.605102539062 -111.857536315918 -114.99868589959024
2020.621459960938 -119.158477783203 -115.3328345099439
2020.654296875 -120.559341430664 -116.07551856708892
2020.687255859375 -121.99486541748 -116.61175386791886
2020.70361328125 -119.792381286621 -116.90232249478987
2020.720092773438 -114.14436340332 -116.91645743566282
2020.7529296875 -118.76188659668 -117.051371270393
2020.785766601562 -118.790702819824 -117.05754043612937
2020.818603515625 -115.543739318848 -116.96061268682286
2020.851440429688 -117.993896484375 -116.75365604888098
2020.917236328125 -115.640129089355 -116.18687328121484
2020.950073242188 -115.290542602539 -116.00054257766763
2020.98291015625 -116.491241455078 -115.94171535616728
2021.013671875 -115.291862487793 -115.84776169207537
2021.046508789062 -111.646476745605 -116.01374412706137
2021.079345703125 -115.945465087891 -116.56907504306774
2021.1123046875 -110.311172485352 -117.19208527223265
2021.145141601562 -117.337905883789 -118.00866067561107
2021.177978515625 -117.012985229492 -118.9912795184566
2021.210815429688 -113.850555419922 -120.10436490624424
2021.24365234375 -118.785568237305 -121.06545278813817
2021.276489257812 -119.828323364258 -122.52368324436112
2021.309326171875 -125.523712158203 -124.18517778380058
2021.34228515625 -126.833374023438 -126.01040346673514
2021.358642578125 -126.065277099609 -126.98930957512769
2021.391479492188 -128.334671020508 -128.96111903602753
2021.407958984375 -134.787368774414 -129.9904282040549
2021.440795898438 -130.222274780273 -131.97246391010688
2021.4736328125 -132.734527587891 -133.86984960767026
2021.506469726562 -146.620849609375 -135.6323967318298
2021.539306640625 -148.271102905273 -137.19619720580974
2021.572265625 -138.348587036133 -138.27512361703498
2021.605102539062 -141.036590576172 -139.5818005841954
2021.637939453125 -149.430770874023 -140.8013581929241
2021.670776367188 -149.129547119141 -141.95703891350522
2021.736450195312 -142.603790283203 -143.9088690865824
2021.769287109375 -134.066833496094 -144.92977544733128
2021.80224609375 -151.092483520508 -145.83214374663794
2021.835083007812 -145.884872436523 -146.72186899878008
2021.867919921875 -143.728042602539 -147.47403967780056
2021.966430664062 -146.745239257812 -149.1819719747221
2022.0 -154.042510986328 -149.70868634054088
2022.065673828125 -149.706634521484 -150.81860456092608
2022.098510742188 -156.648406982422 -151.3838793828542
2022.197143554688 -160.020843505859 -153.04808062141262
2022.22998046875 -146.189254760742 -153.59677958185995
2022.262817382812 -150.557266235352 -154.12991896106846
2022.295654296875 -149.634231567383 -154.61637463602736
2022.328491210938 -162.145111083984 -155.01643306888917
2022.394287109375 -156.949111938477 -155.51358784941746
2022.558471679688 -167.03141784668 -156.14198200452608
2022.591430664062 -157.734954833984 -156.40490566835385
2022.68994140625 -160.81103515625 -157.17158361236386
2022.722778320312 -168.666519165039 -157.24628680029474
2022.821411132812 -156.089996337891 -156.68755298666764
2022.854248046875 -153.162902832031 -156.34221371150696
2022.887084960938 -156.021774291992 -155.95684393583645
2022.919921875 -154.643173217773 -155.5575996678182
2022.952758789062 -156.000762939453 -155.14296714965474
2022.985595703125 -155.671798706055 -154.78082216743516
2023.019165039062 -154.809356689453 -154.4532262411919
2023.052001953125 -154.877105712891 -154.15313296851363
2023.084838867188 -154.057647705078 -153.91941048901498
2023.11767578125 -151.481338500977 -153.66219181159846
2023.150634765625 -152.284713745117 -153.39701410539382
2023.183471679688 -153.239471435547 -153.1172056074212
2023.21630859375 -151.614166259766 -152.88400494063822
2023.249145507812 -153.900451660156 -152.68559676086934
2023.281982421875 -154.101699829102 -152.5039603167818
2023.314819335938 -154.525802612305 -152.32923522244252
2023.34765625 -150.084625244141 -152.15625809631814
2023.380615234375 -147.752990722656 -151.9814095422466
2023.413452148438 -159.615875244141 -151.80549554614987
2023.4462890625 -142.329986572266 -151.62916771413356
2023.57763671875 -152.844253540039 -150.94089031800303
