2014.804931640625 0.0 -5.960868164864153
2014.837768554688 1.318846225739 -8.172105868679294
2014.903442382812 -0.837863266468 -12.593606535611512
2014.96923828125 -11.076771736145 -17.021877592870116
2015.03564453125 -16.8864402771 -21.489546733158146
2015.101318359375 -34.017051696777 -25.906022671810273
2015.265625 -36.666076660156 -36.9447701380171
2015.331298828125 -52.680953979492 -41.35156474594951
2015.39697265625 -66.548240661621 -45.75489913256807
2016.021850585938 -89.875770568848 -87.74892863419176
2016.1533203125 -94.935203552246 -96.99952040319839
2016.350463867188 -109.71907043457 -109.53963949164155
2016.416137695312 -111.166481018066 -113.62477892065363
2016.547607421875 -121.877258300781 -121.80142752305443
2016.744750976562 -136.046829223633 -134.1417357005448
2016.777587890625 -135.239517211914 -136.18958613197006
2016.810424804688 -138.220428466797 -138.24069515361856
2016.84326171875 -141.13703918457 -140.30466845215986
2016.876098632812 -142.088409423828 -142.37908661901494
2016.908935546875 -144.376800537109 -144.46647951642518
2016.941772460938 -146.139236450195 -146.5543800900024
2016.974731445312 -147.965927124023 -148.66852336654281
2017.005493164062 -150.792663574219 -150.65616423578265
2017.038330078125 -152.984039306641 -152.77238831901022
2017.071166992188 -154.217147827148 -154.89196938863984
2017.10400390625 -157.149368286133 -157.02225266117532
2017.136840820312 -159.261383056641 -159.16028639766736
2017.169799804688 -161.295684814453 -161.3167086840517
2017.20263671875 -163.367813110352 -163.46983033782854
2017.235473632812 -165.970306396484 -165.61787379646407
2017.268310546875 -168.458114624023 -167.76331202749162
2017.301147460938 -170.011657714844 -169.91796260702156
2017.333984375 -170.498260498047 -172.0920003696479
2017.366821289062 -173.509033203125 -174.28667467519458
2017.399780273438 -176.885269165039 -176.50068467287295
2017.4326171875 -179.159942626953 -178.71359089833004
2017.498291015625 -181.706756591797 -183.1954982690147
2017.531127929688 -183.702011108398 -185.46333228624783
2017.56396484375 -187.736587524414 -187.74464298237336
2017.596801757812 -190.294494628906 -190.04048623281412
2017.629760742188 -193.986404418945 -192.35752100501492
2017.66259765625 -194.617156982422 -194.6696354505622
2017.695434570312 -194.202346801758 -196.97913781896048
2017.728271484375 -196.943267822266 -199.2889543352871
2017.761108398438 -202.264541625977 -201.59707055486263
2017.7939453125 -204.079788208008 -203.8908392964843
2017.826782226562 -205.986267089844 -206.1578743492207
2017.859741210938 -208.975570678711 -208.3994307779634
2017.892578125 -210.919311523438 -210.5955199108869
2017.925415039062 -213.317962646484 -212.7556400171126
2017.958251953125 -214.902191162109 -214.87986575511476
2017.991088867188 -217.32861328125 -216.96888420543232
2018.024658203125 -219.224716186523 -219.06651958371327
2018.057495117188 -221.498352050781 -221.08669427052678
2018.09033203125 -223.491714477539 -223.08039729993374
2018.123168945312 -225.387786865234 -225.05039271852814
2018.156005859375 -226.896209716797 -227.00170338510642
2018.18896484375 -228.983291625977 -228.94672819492203
2018.221801757812 -231.216567993164 -230.8779296259168
2018.254638671875 -233.103515625 -232.8074649708662
2018.287475585938 -234.584365844727 -234.7433721893893
2018.3203125 -235.924423217773 -236.69591707412678
2018.353149414062 -237.303131103516 -238.67725130681598
2018.385986328125 -241.01237487793 -240.69248893765015
2018.4189453125 -242.303512573242 -242.74940580221005
2018.451782226562 -244.836471557617 -244.83747205819142
2018.484619140625 -244.97932434082 -246.96959624569791
2018.517456054688 -248.612487792969 -249.14868382956277
2018.55029296875 -250.272674560547 -251.3710317131705
2018.583129882812 -253.105285644531 -253.6252113039495
2018.615966796875 -255.504470825195 -255.89673317868483
2018.64892578125 -258.522338867188 -258.1836872386358
2018.681762695312 -261.875274658203 -260.4639855705424
2018.714599609375 -261.234619140625 -262.747241036647
2018.747436523438 -265.412750244141 -265.036245313085
2018.7802734375 -268.2373046875 -267.32848963385464
2018.813110351562 -270.616455078125 -269.6132705445036
2018.845947265625 -272.405853271484 -271.90110641066815
2018.87890625 -273.578002929688 -274.1682493526142
2018.911743164062 -276.107238769531 -276.3852187345444
2018.944580078125 -278.608856201172 -278.5823114651287
2018.977416992188 -280.593078613281 -280.75715913993054
2019.010986328125 -282.662384033203 -282.9464955486156
2019.043823242188 -285.44287109375 -285.08048515511007
2019.109497070312 -289.846343994141 -289.35483190236187
2019.1259765625 -290.951751708984 -290.4430617287375
2019.142333984375 -291.849700927734 -291.4783506368655
2019.175170898438 -293.437408447266 -293.55051603244715
2019.191650390625 -294.726776123047 -294.53560472286694
2019.208129882812 -296.092254638672 -295.48673447811007
2019.224487304688 -296.659606933594 -296.42504065212205
2019.240966796875 -297.464996337891 -297.3085898332333
2019.25732421875 -298.286437988281 -298.1539293079442
2019.273803710938 -299.317810058594 -299.0267047980244
2019.290161132812 -299.685211181641 -299.87520061860306
2019.306640625 -300.850067138672 -300.6412507756081
2019.323120117188 -301.897857666016 -301.37605465057095
2019.339477539062 -302.549011230469 -302.0772097991324
2019.35595703125 -303.752075195312 -302.7546690883606
2019.372314453125 -304.843078613281 -303.40116512134006
2019.388793945312 -304.298889160156 -304.0299152494882
2019.405151367188 -303.920288085938 -304.63749294495875
2019.421630859375 -304.881958007812 -305.26860834395313
2019.438110351562 -306.766204833984 -305.8971836009219
2019.454467773438 -306.055480957031 -306.5249134117038
2019.470947265625 -303.370788574219 -307.1863019934057
2019.4873046875 -306.580657958984 -307.8880514523996
2019.503784179688 -304.046478271484 -308.68012119939897
2019.520141601562 -305.475830078125 -309.41248930596703
2019.53662109375 -309.973602294922 -310.17222535154207
2019.569458007812 -312.881195068359 -311.7253620321925
2019.602294921875 -308.004241943359 -313.301248235112
2019.618774414062 -311.981292724609 -314.0876533103751
2019.635131835938 -315.632781982422 -314.8839607025887
2019.651611328125 -316.488983154297 -315.70958967753387
2019.668090820312 -311.610504150391 -316.5386384911097
2019.71728515625 -319.076599121094 -319.06440829350214
2019.733764648438 -319.798156738281 -319.91560492838835
2019.750122070312 -317.832061767578 -320.7808186163795
2019.7666015625 -321.013549804688 -321.6404604675476
2019.799438476562 -322.907135009766 -323.37043242326473
2019.832275390625 -325.800750732422 -325.0851270866727
2019.865112304688 -326.528198242188 -326.7804961746978
2019.898071289062 -328.72021484375 -328.4521044304907
2019.930908203125 -330.966247558594 -330.07889695574187
2019.963745117188 -332.294403076172 -331.6290212372599
2019.99658203125 -333.612854003906 -333.13560732424355
2020.030151367188 -335.400085449219 -334.72183622716005
2020.06298828125 -336.500122070312 -336.1005810181035
2020.095825195312 -337.573791503906 -337.4514684923108
2020.128662109375 -339.247253417969 -338.73762954711185
2020.161499023438 -340.730438232422 -339.96796963925726
2020.177978515625 -340.920715332031 -340.54108522434984
2020.1943359375 -341.614044189453 -341.15064581192576
2020.227294921875 -342.651977539062 -342.30989269840336
2020.260131835938 -341.781036376953 -343.45887754163334
2020.29296875 -344.56787109375 -344.59989013650124
2020.325805664062 -345.601196289062 -345.73901328352537
2020.358642578125 -346.696929931641 -346.9353333205283
2020.391479492188 -347.967193603516 -348.1726456123904
2020.42431640625 -348.443756103516 -349.45157932762675
2020.457275390625 -348.68505859375 -350.80315339163246
2020.490112304688 -352.258666992188 -352.21950311089427
2020.52294921875 -353.273712158203 -353.6759881912535
2020.555786132812 -354.487915039062 -355.1577068990714
2020.572265625 -350.674682617188 -355.93528884410455
2020.588623046875 -356.310546875 -356.70041304307125
2020.605102539062 -356.880523681641 -357.44796694507863
2020.621459960938 -358.933624267578 -358.2119308902513
2020.654296875 -360.570098876953 -359.73397987717357
2020.687255859375 -362.085906982422 -361.2492730893956
2020.70361328125 -362.478485107422 -362.01130616497755
2020.720092773438 -362.525085449219 -362.7246319586285
2020.7529296875 -364.545379638672 -364.1692506635278
2020.785766601562 -366.299530029297 -365.5969838542006
2020.818603515625 -366.924499511719 -367.0157120606064
2020.851440429688 -368.312377929688 -368.4231055224942
2020.917236328125 -370.637115478516 -371.18828755250587
2020.950073242188 -372.381744384766 -372.55923291501836
2020.98291015625 -374.127990722656 -373.9314774607809
2021.013671875 -374.884094238281 -375.2107332578427
2021.046508789062 -376.852935791016 -376.5903600745124
2021.079345703125 -378.219207763672 -377.9817772976154
2021.1123046875 -379.659027099609 -379.3707696699559
2021.145141601562 -380.546752929688 -380.7411761631335
2021.177978515625 -381.635559082031 -382.0907201817665
2021.210815429688 -383.9150390625 -383.42084379774207
2021.24365234375 -385.614318847656 -384.7685739308106
2021.276489257812 -384.465728759766 -386.0660074711322
2021.309326171875 -388.121673583984 -387.3532927684834
2021.34228515625 -390.026641845703 -388.64240624174727
2021.358642578125 -389.961120605469 -389.2821811288111
2021.391479492188 -389.766906738281 -390.5802217986242
2021.407958984375 -391.069000244141 -391.23670889261933
2021.440795898438 -391.781829833984 -392.534400772561
2021.4736328125 -393.463073730469 -393.8161162872561
2021.506469726562 -395.138153076172 -395.0781118953711
2021.539306640625 -396.025787353516 -396.3203626701934
2021.572265625 -395.127166748047 -397.54135759407666
2021.605102539062 -400.471710205078 -398.77337671485924
2021.637939453125 -400.410430908203 -400.00134869137224
2021.670776367188 -402.024963378906 -401.21482372006744
2021.736450195312 -407.640441894531 -403.5275352582077
2021.769287109375 -403.838836669922 -404.6883474577727
2021.80224609375 -406.872528076172 -405.82033845576836
2021.835083007812 -406.884704589844 -406.9590725099954
2021.867919921875 -411.148712158203 -408.05278544878195
2021.966430664062 -411.926361083984 -411.1235799973904
2022.0 -412.286468505859 -412.0538275056307
2022.065673828125 -414.120910644531 -413.93003524373677
2022.098510742188 -415.795043945312 -414.8026727394487
2022.197143554688 -418.841522216797 -417.39491083517174
2022.22998046875 -420.686706542969 -418.1988157436849
2022.262817382812 -417.289031982422 -418.9789216860416
2022.295654296875 -417.343597412109 -419.74448860449723
2022.328491210938 -421.086486816406 -420.5027036782506
2022.394287109375 -420.447845458984 -422.01279484226586
2022.558471679688 -427.387359619141 -425.7360613798962
2022.591430664062 -431.755767822266 -426.4524711314162
2022.68994140625 -427.273406982422 -428.6917421504808
2022.722778320312 -429.436706542969 -429.44690070132265
2022.821411132812 -431.856994628906 -431.6870976189522
2022.854248046875 -432.720123291016 -432.43696268825323
2022.887084960938 -432.962615966797 -433.19304773125356
2022.919921875 -433.334320068359 -433.9482977339821
2022.952758789062 -434.622406005859 -434.7271096525573
2022.985595703125 -435.574859619141 -435.51901457417716
2023.019165039062 -436.592559814453 -436.3195353180024
2023.052001953125 -437.314239501953 -437.10238757519903
2023.084838867188 -437.713958740234 -437.8679389293839
2023.11767578125 -438.222900390625 -438.6221365830182
2023.150634765625 -440.073059082031 -439.3876708509103
2023.183471679688 -440.254272460938 -440.14565886321316
2023.21630859375 -443.425415039062 -440.90503023934116
2023.249145507812 -445.230255126953 -441.66453979604313
2023.281982421875 -442.538208007812 -442.4234389025272
2023.314819335938 -443.43408203125 -443.1812560999422
2023.34765625 -443.567230224609 -443.9376068521056
2023.380615234375 -444.044311523438 -444.69495538011324
2023.413452148438 -445.827026367188 -445.44774868067736
2023.4462890625 -439.758056640625 -446.1992574023326
2023.57763671875 -435.581634521484 -449.19663373630067
