2014.804931640625 -0.0 -3.6527804549727008
2014.837768554688 -15.354055404663 -4.381279205929823
2014.903442382812 -4.546175479889 -5.827152958938998
2014.96923828125 -10.435697555542 -7.261382243640402
2015.03564453125 24.734638214111 -8.695375924132012
2015.101318359375 -20.212968826294 -10.100814543898728
2015.265625 32.537258148193 -13.566216832400277
2015.331298828125 -20.829458236694 -14.934010620154051
2015.39697265625 -48.325157165527 -16.294816311349344
2016.021850585938 -7.740001678467 -33.196013120147704
2016.1533203125 -41.878593444824 -36.421852424359194
2016.350463867188 -33.174674987793 -36.18897681185543
2016.416137695312 -40.169593811035 -35.41826545841239
2016.547607421875 -15.719371795654 -33.85580853301302
2016.744750976562 -33.018051147461 -31.682853982664017
2016.777587890625 -28.379348754883 -31.340918353845282
2016.810424804688 -35.29613494873 -30.932048767641138
2016.84326171875 -25.002017974854 -30.535538157187506
2016.876098632812 -31.041696548462 -30.296494151183893
2016.908935546875 -31.649160385132 -30.155113507686462
2016.941772460938 -31.654859542847 -30.044846792144103
2016.974731445312 -27.502754211426 -29.946741945195825
2017.005493164062 -26.49122428894 -29.91600734862157
2017.038330078125 -29.089426040649 -29.844036739623835
2017.071166992188 -30.087713241577 -29.78598523258527
2017.10400390625 -29.416553497314 -29.855290040364675
2017.136840820312 -28.364822387695 -29.986557100847097
2017.169799804688 -31.849002838135 -30.161698325195143
2017.20263671875 -30.614225387573 -30.389168194174935
2017.235473632812 -29.240356445312 -30.660520693883814
2017.268310546875 -29.806596755981 -30.957809916039537
2017.301147460938 -34.642669677734 -31.255875088813433
2017.333984375 -28.036180496216 -31.549278816113645
2017.366821289062 -31.679437637329 -31.840189347631885
2017.399780273438 -37.32152557373 -32.126950589243386
2017.4326171875 -30.159406661987 -32.414384895813356
2017.498291015625 -35.709129333496 -32.95946479847843
2017.531127929688 -28.04377746582 -33.20838350330988
2017.56396484375 -35.649196624756 -33.429670585659764
2017.596801757812 -32.809295654297 -33.617278743850655
2017.629760742188 -35.142337799072 -33.77759194394731
2017.66259765625 -35.408512115479 -33.90931415862277
2017.695434570312 -31.524541854858 -34.000946021633354
2017.728271484375 -36.460857391357 -34.05759654624491
2017.761108398438 -34.848960876465 -34.07884999922689
2017.7939453125 -31.966669082642 -34.05452310756445
2017.826782226562 -35.221633911133 -33.99063536163327
2017.859741210938 -34.611213684082 -33.88286950075622
2017.892578125 -33.952911376953 -33.73081816643045
2017.925415039062 -34.405368804932 -33.54898168058612
2017.958251953125 -33.719402313232 -33.345660210951806
2017.991088867188 -33.311305999756 -33.135780078210026
2018.024658203125 -32.657127380371 -32.913895159369964
2018.057495117188 -32.480682373047 -32.68275676062679
2018.09033203125 -33.050071716309 -32.45366670593508
2018.123168945312 -32.212207794189 -32.26777695792295
2018.156005859375 -28.917060852051 -32.17108051420334
2018.18896484375 -33.708057403564 -32.22015198688018
2018.221801757812 -29.468637466431 -32.454117199304115
2018.254638671875 -31.742113113403 -32.884815594185724
2018.287475585938 -32.778869628906 -33.50824442134513
2018.3203125 -30.53489112854 -34.294228731488126
2018.353149414062 -27.135007858276 -35.24444148160186
2018.385986328125 -30.743106842041 -36.32841193865703
2018.4189453125 -37.868041992188 -37.491278352159306
2018.451782226562 -34.917888641357 -38.651001969175766
2018.484619140625 -39.598442077637 -39.75448454786448
2018.517456054688 -45.20662689209 -40.793378182620515
2018.55029296875 -48.037197113037 -41.79567019157179
2018.583129882812 -46.625858306885 -42.747546667525526
2018.615966796875 -59.386585235596 -43.6143199078305
2018.64892578125 -49.263263702393 -44.34450012561489
2018.681762695312 -45.740398406982 -44.91015280169149
2018.714599609375 -47.994953155518 -45.313092492665376
2018.747436523438 -46.850067138672 -45.52350757192894
2018.7802734375 -43.582321166992 -45.5288679670018
2018.813110351562 -44.015800476074 -45.32006627683739
2018.845947265625 -45.824329376221 -44.989283862717905
2018.87890625 -45.4697265625 -44.59728817942853
2018.911743164062 -45.393871307373 -44.22305129127753
2018.944580078125 -42.972644805908 -43.87473460363123
2018.977416992188 -43.299789428711 -43.569506888903135
2019.010986328125 -43.301334381104 -43.32048264554663
2019.043823242188 -42.099918365479 -43.05444464058917
2019.109497070312 -42.330860137939 -42.53421059143838
2019.1259765625 -42.118968963623 -42.413975239908645
2019.142333984375 -40.788845062256 -42.37031608633353
2019.175170898438 -42.783382415771 -42.30890828820083
2019.191650390625 -41.148342132568 -42.34725589544506
2019.208129882812 -44.932441711426 -42.43663161512141
2019.224487304688 -42.264583587646 -42.528893818700475
2019.240966796875 -41.188262939453 -42.72419172616849
2019.25732421875 -42.289237976074 -42.98016306060546
2019.273803710938 -41.833557128906 -43.18729262789519
2019.290161132812 -42.173263549805 -43.42001067752621
2019.306640625 -44.909645080566 -43.865198285001746
2019.323120117188 -42.907699584961 -44.421615855508264
2019.339477539062 -43.564613342285 -45.07171655191449
2019.35595703125 -43.966247558594 -45.80665458291445
2019.372314453125 -45.841152191162 -46.58281021448308
2019.388793945312 -45.319263458252 -47.40792122497436
2019.405151367188 -47.735683441162 -48.2899412550261
2019.421630859375 -48.934936523438 -49.17012609200088
2019.438110351562 -57.323219299316 -50.088018029912945
2019.454467773438 -51.466320037842 -51.00439208645436
2019.470947265625 -52.6374168396 -51.91487693006553
2019.4873046875 -60.898384094238 -52.7929986687138
2019.503784179688 -49.130073547363 -53.500148785740784
2019.520141601562 -50.365303039551 -54.26522883522989
2019.53662109375 -62.079036712646 -54.96171256924994
2019.569458007812 -56.761936187744 -56.08672680769643
2019.602294921875 -65.686080932617 -56.87406565803245
2019.618774414062 -54.012062072754 -57.28462205804241
2019.635131835938 -62.912479400635 -57.66453141823698
2019.651611328125 -61.696426391602 -57.925156688292354
2019.668090820312 -55.337314605713 -58.25466361891605
2019.71728515625 -58.285118103027 -58.78958297300496
2019.733764648438 -57.829486846924 -58.85851393960707
2019.750122070312 -62.447525024414 -58.753265883274814
2019.7666015625 -59.932636260986 -58.70312558002824
2019.799438476562 -56.548351287842 -58.41193705694117
2019.832275390625 -62.783866882324 -58.13598281878755
2019.865112304688 -58.305820465088 -57.89346771840567
2019.898071289062 -58.240856170654 -57.720067208730484
2019.930908203125 -55.671539306641 -57.6228462480515
2019.963745117188 -54.605175018311 -57.662483262419464
2019.99658203125 -56.814659118652 -57.76495496211329
2020.030151367188 -54.6357421875 -57.72192855157524
2020.06298828125 -56.789039611816 -58.10665619449618
2020.095825195312 -58.652282714844 -58.56460150267541
2020.128662109375 -60.011947631836 -59.21524514190788
2020.161499023438 -55.860565185547 -60.04947201465244
2020.177978515625 -59.818218231201 -60.58930469478313
2020.1943359375 -60.337779998779 -61.01326584689998
2020.227294921875 -59.343013763428 -62.08095764607177
2020.260131835938 -63.065349578857 -63.219163262254746
2020.29296875 -66.716316223145 -64.39552461881632
2020.325805664062 -66.522323608398 -65.63888165898427
2020.358642578125 -65.533554077148 -66.92412302473407
2020.391479492188 -70.88451385498 -68.21073848034644
2020.42431640625 -68.093132019043 -69.45153458888485
2020.457275390625 -66.960113525391 -70.48820631643399
2020.490112304688 -80.691352844238 -71.28323137349166
2020.52294921875 -73.554702758789 -72.01089256068252
2020.555786132812 -73.443939208984 -72.73571993188706
2020.572265625 -93.437812805176 -72.99427438732027
2020.588623046875 -86.035461425781 -73.1936383262994
2020.605102539062 -75.13338470459 -73.5874262428771
2020.621459960938 -89.198188781738 -73.72591448112897
2020.654296875 -89.035606384277 -74.13692981158155
2020.687255859375 -67.771583557129 -74.41271882964324
2020.70361328125 -75.674461364746 -74.56653207826596
2020.720092773438 -74.277015686035 -74.52747351894592
2020.7529296875 -80.744552612305 -74.50476431223511
2020.785766601562 -77.283699035645 -74.38482523396121
2020.818603515625 -72.932022094727 -74.20621801630406
2020.851440429688 -70.309280395508 -73.93820630344707
2020.917236328125 -74.49195098877 -73.2720738710521
2020.950073242188 -74.07054901123 -73.00703051469017
2020.98291015625 -73.457450866699 -72.82762349500462
2021.013671875 -71.56844329834 -72.60294487764637
2021.046508789062 -67.22533416748 -72.53448689538398
2021.079345703125 -72.381858825684 -72.7051163815463
2021.1123046875 -69.51806640625 -72.93433604801159
2021.145141601562 -73.285049438477 -73.29625779848334
2021.177978515625 -71.545387268066 -73.75903606656223
2021.210815429688 -74.472137451172 -74.29696383971401
2021.24365234375 -70.117469787598 -74.77218082735399
2021.276489257812 -76.795829772949 -75.56058909882502
2021.309326171875 -78.004936218262 -76.43349417750025
2021.34228515625 -76.795791625977 -77.33220942915251
2021.358642578125 -73.642684936523 -77.70582871305834
2021.391479492188 -79.734405517578 -78.42435107272462
2021.407958984375 -81.569267272949 -78.64205709080939
2021.440795898438 -83.355941772461 -79.02421335200181
2021.4736328125 -80.310623168945 -79.00260423255324
2021.506469726562 -79.265350341797 -78.53566019164923
2021.539306640625 -85.163475036621 -77.76216739956439
2021.572265625 -94.514358520508 -76.47695250715579
2021.605102539062 -84.463836669922 -75.70122025625167
2021.637939453125 -76.877349853516 -74.87776339230847
2021.670776367188 -63.046138763428 -73.9968593919797
2021.736450195312 -75.295639038086 -71.97431930298744
2021.769287109375 -66.333602905273 -70.93383378736608
2021.80224609375 -65.796463012695 -69.83109558052782
2021.835083007812 -63.796306610107 -68.72268549645128
2021.867919921875 -70.369400024414 -67.76924207100478
2021.966430664062 -64.276222229004 -65.43219237350405
2022.0 -62.555843353271 -64.84035538811845
2022.065673828125 -72.23030090332 -63.57851863410731
2022.098510742188 -58.92756652832 -63.17404165179385
2022.197143554688 -58.932540893555 -62.334751230537094
2022.22998046875 -67.391242980957 -62.20988763234897
2022.262817382812 -51.896385192871 -62.178870790541005
2022.295654296875 -61.052341461182 -62.18552624055528
2022.328491210938 -55.21643447876 -62.12195903697374
2022.394287109375 -71.429321289062 -61.50354277146319
2022.558471679688 -66.388198852539 -59.6363043419238
2022.591430664062 -35.862449645996 -59.58525699394321
2022.68994140625 -85.01927947998 -59.95167025827187
2022.722778320312 -68.520416259766 -60.136296854722055
2022.821411132812 -53.995101928711 -57.93849366897048
2022.854248046875 -58.977573394775 -56.76575577920818
2022.887084960938 -54.136825561523 -55.598508609515
2022.919921875 -56.222709655762 -54.48391422821926
2022.952758789062 -53.801452636719 -53.39119611744518
2022.985595703125 -51.969814300537 -52.44160911843576
2023.019165039062 -48.202728271484 -51.68314412985428
2023.052001953125 -49.334983825684 -50.92092457870321
2023.084838867188 -47.683879852295 -50.565516053013255
2023.11767578125 -49.05541229248 -50.62103680201699
2023.150634765625 -50.842720031738 -50.4614855083947
2023.183471679688 -45.756732940674 -50.496902413006644
2023.21630859375 -39.725666046143 -50.506441203075454
2023.249145507812 -43.651386260986 -50.513064132957986
2023.281982421875 -42.916198730469 -50.52890698061009
2023.314819335938 -53.05110168457 -50.56211325938412
2023.34765625 -50.222713470459 -50.61860092528127
2023.380615234375 -56.723453521729 -50.70151436133711
2023.413452148438 -55.53190612793 -50.81113928513416
2023.4462890625 -49.147880554199 -50.94533494374699
2023.57763671875 -76.977096557617 -51.64928296737779
