2014.804931640625 -0.0 -4.367512444914983
2014.837768554688 -16.118280410767 -5.1222638087154655
2014.903442382812 -7.904913425446 -6.625343222921066
2014.96923828125 -8.467982292175 -8.122997858540412
2015.03564453125 14.989874839783 -9.626350376206585
2015.101318359375 -18.239849090576 -11.105035251400745
2015.265625 24.159576416016 -14.768955182448737
2015.331298828125 -33.654460906982 -16.21908387435845
2015.39697265625 -51.152126312256 -17.661697822150728
2016.021850585938 -7.357360839844 -41.44298777437227
2016.1533203125 -41.214958190918 -40.24292718139516
2016.350463867188 -37.092742919922 -37.934667860402044
2016.416137695312 -46.3981590271 -37.198987005701134
2016.547607421875 -34.689918518066 -35.68192214587238
2016.744750976562 -39.164527893066 -33.413635418802606
2016.777587890625 -29.806655883789 -33.11592006527887
2016.810424804688 -35.894714355469 -32.82839496660953
2016.84326171875 -30.174785614014 -32.584110995222275
2016.876098632812 -33.827724456787 -32.38417049397178
2016.908935546875 -30.965311050415 -32.22413350323765
2016.941772460938 -31.44993019104 -32.05515143654695
2016.974731445312 -29.357454299927 -31.924360199407634
2017.005493164062 -30.557231903076 -31.85752020653531
2017.038330078125 -30.829076766968 -31.759006867180634
2017.071166992188 -31.105846405029 -31.685069964107
2017.10400390625 -31.591125488281 -31.69690642574947
2017.136840820312 -33.095733642578 -31.74675769875116
2017.169799804688 -34.007823944092 -31.82819489245551
2017.20263671875 -32.360614776611 -31.924522920688126
2017.235473632812 -32.742813110352 -32.009360662905515
2017.268310546875 -30.660390853882 -32.105153315782474
2017.301147460938 -29.855731964111 -32.304142214398716
2017.333984375 -24.304300308228 -32.65716803510627
2017.366821289062 -36.032070159912 -33.127164826545844
2017.399780273438 -31.521947860718 -33.63270378742992
2017.4326171875 -27.05094909668 -34.0672650930229
2017.498291015625 -46.88790512085 -34.65748325676586
2017.531127929688 -29.042350769043 -34.916412947354985
2017.56396484375 -41.873046875 -35.20867117628596
2017.596801757812 -39.167037963867 -35.530701564908846
2017.629760742188 -43.842926025391 -35.8354053269632
2017.66259765625 -35.636489868164 -36.0663088984845
2017.695434570312 -41.532291412354 -36.176872117695034
2017.728271484375 -35.470191955566 -36.02907956366854
2017.761108398438 -35.464019775391 -35.61348604219084
2017.7939453125 -34.192390441895 -35.0662489589291
2017.826782226562 -35.456848144531 -34.46001927038756
2017.859741210938 -34.459747314453 -33.81001992075021
2017.892578125 -33.020065307617 -33.14497328296932
2017.925415039062 -32.126266479492 -32.497284462136406
2017.958251953125 -32.101581573486 -31.880420117883475
2017.991088867188 -31.140741348267 -31.304969014579545
2018.024658203125 -30.355581283569 -30.768034240536103
2018.057495117188 -29.330480575562 -30.29758894786729
2018.09033203125 -29.313608169556 -29.889595769948393
2018.123168945312 -28.763368606567 -29.57283138291486
2018.156005859375 -25.978374481201 -29.365579246566824
2018.18896484375 -29.961122512817 -29.306380243369894
2018.221801757812 -27.068628311157 -29.431880127883648
2018.254638671875 -28.127769470215 -29.760363215336547
2018.287475585938 -28.860801696777 -30.283495547830327
2018.3203125 -29.017150878906 -30.96664199211381
2018.353149414062 -27.74076461792 -31.806458860465852
2018.385986328125 -30.172657012939 -32.78779822157134
2018.4189453125 -33.520332336426 -33.85252047541006
2018.451782226562 -29.996820449829 -34.909384325238015
2018.484619140625 -37.195793151855 -35.90234596062989
2018.517456054688 -41.000663757324 -36.82370256064526
2018.55029296875 -40.462211608887 -37.70291440007375
2018.583129882812 -40.967163085938 -38.5449326232929
2018.615966796875 -53.17064666748 -39.33683879936592
2018.64892578125 -46.039958953857 -40.04470660287922
2018.681762695312 -43.369285583496 -40.63255759389391
2018.714599609375 -40.865379333496 -41.07480705474381
2018.747436523438 -42.242069244385 -41.35038521337378
2018.7802734375 -40.360389709473 -41.4719849092429
2018.813110351562 -40.463653564453 -41.43995535072567
2018.845947265625 -41.54084777832 -41.31808909926042
2018.87890625 -42.242244720459 -41.098030407349064
2018.911743164062 -42.148124694824 -40.815595798283205
2018.944580078125 -40.499740600586 -40.56099237305931
2018.977416992188 -41.337917327881 -40.32887750468763
2019.010986328125 -39.596794128418 -40.017911269077366
2019.043823242188 -40.084278106689 -39.694619389289784
2019.109497070312 -38.693252563477 -38.76291454725062
2019.1259765625 -38.703880310059 -38.51997418707945
2019.142333984375 -37.644874572754 -38.26524987784588
2019.175170898438 -38.520866394043 -37.75021356224143
2019.191650390625 -36.850147247314 -37.475879009657646
2019.208129882812 -40.213279724121 -37.20116650835186
2019.224487304688 -37.092838287354 -36.92721831524031
2019.240966796875 -35.008911132812 -36.669407096738716
2019.25732421875 -36.457118988037 -36.458115913510724
2019.273803710938 -35.921581268311 -36.212694192301406
2019.290161132812 -35.013847351074 -35.96710019232775
2019.306640625 -35.675193786621 -35.893972982492876
2019.323120117188 -34.36767578125 -35.93224461389663
2019.339477539062 -36.084774017334 -36.07743448359731
2019.35595703125 -34.344478607178 -36.31983160220647
2019.372314453125 -33.051975250244 -36.641611580901674
2019.388793945312 -35.158443450928 -37.058651863831
2019.405151367188 -35.90608215332 -37.709636711757796
2019.421630859375 -38.076934814453 -38.34625629053884
2019.438110351562 -43.934757232666 -39.106378555622285
2019.454467773438 -39.004337310791 -39.956935896357756
2019.470947265625 -38.929912567139 -40.86187441161583
2019.4873046875 -44.615829467773 -41.76096802702687
2019.503784179688 -37.581260681152 -42.596598906707804
2019.520141601562 -34.159286499023 -43.442223034427066
2019.53662109375 -50.146263122559 -44.275218771893634
2019.569458007812 -46.220066070557 -45.86142179021211
2019.602294921875 -52.721736907959 -47.369925542507815
2019.618774414062 -45.784461975098 -48.14424886210302
2019.635131835938 -51.935882568359 -48.90115195015122
2019.651611328125 -49.644824981689 -49.57719334409795
2019.668090820312 -43.609531402588 -50.2807868863522
2019.71728515625 -51.38627243042 -51.911792107278046
2019.733764648438 -53.034965515137 -52.33715831215207
2019.750122070312 -55.274765014648 -52.58892806285803
2019.7666015625 -55.451717376709 -52.893990821973624
2019.799438476562 -53.592678070068 -53.270026839116625
2019.832275390625 -57.490810394287 -53.65761798084921
2019.865112304688 -54.884735107422 -53.993067559984254
2019.898071289062 -54.759014129639 -54.278095394402364
2019.930908203125 -53.90983581543 -54.501320064519426
2019.963745117188 -52.327323913574 -54.73045378875942
2019.99658203125 -54.350208282471 -55.00399420779627
2020.030151367188 -53.01277923584 -55.18405233398212
2020.06298828125 -55.341464996338 -55.605272682175496
2020.095825195312 -56.106533050537 -56.05800922509682
2020.128662109375 -56.284839630127 -56.6323804845937
2020.161499023438 -55.125801086426 -57.33225902814313
2020.177978515625 -57.326816558838 -57.78068791600225
2020.1943359375 -57.014541625977 -58.13987118221821
2020.227294921875 -58.479007720947 -59.042083084017406
2020.260131835938 -60.891750335693 -59.99257685512695
2020.29296875 -61.507354736328 -60.96006706298116
2020.325805664062 -61.583312988281 -61.971151129752265
2020.358642578125 -61.001991271973 -62.996076477903806
2020.391479492188 -66.224281311035 -64.02475624228676
2020.42431640625 -64.468070983887 -65.05503562487526
2020.457275390625 -65.971565246582 -66.02350361180149
2020.490112304688 -70.675247192383 -66.89760846639614
2020.52294921875 -63.111785888672 -67.73749234569148
2020.555786132812 -67.925842285156 -68.54873774274257
2020.572265625 -85.524078369141 -68.84382813495743
2020.588623046875 -76.691749572754 -69.06991352488154
2020.605102539062 -69.598663330078 -69.45960903091675
2020.621459960938 -82.940391540527 -69.60963346863947
2020.654296875 -77.438339233398 -69.99829624921739
2020.687255859375 -70.34130859375 -70.23935093856247
2020.70361328125 -71.925857543945 -70.40660798333522
2020.720092773438 -70.151924133301 -70.31109861901827
2020.7529296875 -74.278953552246 -70.2363515520973
2020.785766601562 -74.661956787109 -70.02360618477432
2020.818603515625 -67.683372497559 -69.68499480489787
2020.851440429688 -66.021301269531 -69.22883056170527
2020.917236328125 -69.359680175781 -68.22184094572701
2020.950073242188 -68.029357910156 -67.8207779352484
2020.98291015625 -67.546203613281 -67.4875847406522
2021.013671875 -66.593742370605 -67.10650353051163
2021.046508789062 -61.92573928833 -66.89313722759582
2021.079345703125 -66.043655395508 -66.92899790966018
2021.1123046875 -64.201789855957 -67.00448712087581
2021.145141601562 -67.374366760254 -67.1888121727049
2021.177978515625 -66.378105163574 -67.46569350343908
2021.210815429688 -67.133804321289 -67.82404931908144
2021.24365234375 -64.736991882324 -68.13276985089192
2021.276489257812 -68.146591186523 -68.74926516638891
2021.309326171875 -71.747192382812 -69.47356339854538
2021.34228515625 -71.028785705566 -70.28161586213666
2021.358642578125 -69.708511352539 -70.72769089280202
2021.391479492188 -67.669082641602 -71.594795338455
2021.407958984375 -70.533340454102 -72.0106264993881
2021.440795898438 -74.734565734863 -72.77281756387544
2021.4736328125 -77.494400024414 -73.33992484350101
2021.506469726562 -68.835983276367 -73.71895692465971
2021.539306640625 -81.664939880371 -74.00738899835697
2021.572265625 -86.173812866211 -74.1199548716391
2021.605102539062 -84.277336120605 -74.47986622782058
2021.637939453125 -79.084007263184 -74.80242972689048
2021.670776367188 -67.840850830078 -75.06880502600768
2021.736450195312 -77.835807800293 -75.2320598500756
2021.769287109375 -74.327194213867 -75.33873302664472
2021.80224609375 -75.522415161133 -75.28025657711353
2021.835083007812 -72.633453369141 -75.18642533973025
2021.867919921875 -78.834465026855 -75.01095740848135
2021.966430664062 -73.221153259277 -74.3663473550125
2022.0 -71.625968933105 -74.13860194124058
2022.065673828125 -80.417289733887 -73.70834029237864
2022.098510742188 -74.752151489258 -73.62149586301
2022.197143554688 -69.750030517578 -73.68385061312806
2022.22998046875 -76.16739654541 -73.75600332919461
2022.262817382812 -65.883491516113 -73.86713133019225
2022.295654296875 -71.141723632812 -74.00817677724106
2022.328491210938 -63.078880310059 -74.12922452519032
2022.394287109375 -82.404830932617 -74.15135715532571
2022.558471679688 -77.81324005127 -74.09267290962345
2022.591430664062 -53.752025604248 -74.2871528991515
2022.68994140625 -91.042892456055 -75.59790440740505
2022.722778320312 -86.341217041016 -75.8975311587119
2022.821411132812 -74.363510131836 -75.08610353157067
2022.854248046875 -74.902236938477 -74.60255407414314
2022.887084960938 -72.804084777832 -74.05421292673402
2022.919921875 -75.789497375488 -73.51478385440313
2022.952758789062 -76.121025085449 -72.889646305608
2022.985595703125 -72.765571594238 -72.17124688751052
2023.019165039062 -70.51343536377 -71.48905387374624
2023.052001953125 -70.182571411133 -70.8276841229486
2023.084838867188 -69.255325317383 -70.30075750601306
2023.11767578125 -69.679672241211 -69.96554967858641
2023.150634765625 -68.65502166748 -69.54357862988621
2023.183471679688 -67.587303161621 -69.2162386070968
2023.21630859375 -63.24462890625 -68.8743559395283
2023.249145507812 -62.882278442383 -68.52840629208137
2023.281982421875 -65.521537780762 -68.18612182187405
2023.314819335938 -69.635383605957 -67.85369745659466
2023.34765625 -66.870071411133 -67.5360970173
2023.380615234375 -72.427124023438 -67.23509478037276
2023.413452148438 -70.767951965332 -66.95445240734423
2023.4462890625 -64.946815490723 -66.69179151153459
2023.57763671875 -91.262382507324 -65.7666848176885
