2014.804931640625 -0.0 -1.8461443081818578
2014.837768554688 -7.769089221954 -2.628839590294239
2014.903442382812 -3.356642007828 -4.195559395498895
2014.96923828125 -7.266644954681 -5.767219645807813
2015.03564453125 8.6982421875 -7.355905798882253
2015.101318359375 -15.982642173767 -8.929653724374848
2015.265625 15.938199043274 -12.877484378800853
2015.331298828125 -6.869605064392 -14.458353445969479
2015.39697265625 -22.536106109619 -16.03976194602688
2016.021850585938 -28.280729293823 -30.87284153780564
2016.1533203125 -36.357128143311 -34.3873002918109
2016.350463867188 -38.550094604492 -38.40453204207302
2016.416137695312 -47.317920684814 -39.543732607632165
2016.547607421875 -47.681179046631 -42.14600753911857
2016.744750976562 -37.885841369629 -45.48282090573133
2016.777587890625 -46.955455780029 -45.87721512765014
2016.810424804688 -47.590442657471 -46.18710853546419
2016.84326171875 -49.316890716553 -46.06006802460002
2016.876098632812 -50.443298339844 -45.68561995688911
2016.908935546875 -45.202518463135 -45.309185368451104
2016.941772460938 -43.632465362549 -44.95637748935249
2016.974731445312 -43.127796173096 -44.57483100420507
2017.005493164062 -43.316261291504 -44.24813236684015
2017.038330078125 -44.118362426758 -43.86476758528071
2017.071166992188 -41.262161254883 -43.44727439330988
2017.10400390625 -40.649467468262 -43.22292502187554
2017.136840820312 -41.205638885498 -43.17526529659941
2017.169799804688 -44.995559692383 -43.266800310166886
2017.20263671875 -45.058975219727 -43.55553339456155
2017.235473632812 -40.388984680176 -44.09205707924949
2017.268310546875 -38.802707672119 -44.86380602386707
2017.301147460938 -43.490795135498 -45.79044890185548
2017.333984375 -40.273826599121 -46.79826138877922
2017.366821289062 -46.748840332031 -47.85308192513136
2017.399780273438 -52.730709075928 -48.960469356025364
2017.4326171875 -43.404529571533 -50.10626019199924
2017.498291015625 -58.627742767334 -52.4481302557485
2017.531127929688 -55.776744842529 -53.6167401181756
2017.56396484375 -54.013935089111 -54.71409415030872
2017.596801757812 -56.393177032471 -55.648847411196414
2017.629760742188 -59.16662979126 -56.36032905506283
2017.66259765625 -58.902130126953 -56.77709292178606
2017.695434570312 -63.635829925537 -56.88338134404201
2017.728271484375 -60.781345367432 -56.673476961126326
2017.761108398438 -56.954151153564 -56.21732958667339
2017.7939453125 -57.784084320068 -55.604297198418045
2017.826782226562 -56.946910858154 -54.89785530538188
2017.859741210938 -57.900749206543 -54.09532763710563
2017.892578125 -54.39990234375 -53.16750312053747
2017.925415039062 -51.63618850708 -52.13659553491697
2017.958251953125 -49.36402130127 -51.058970005950755
2017.991088867188 -47.664360046387 -50.01800397455323
2018.024658203125 -46.41060256958 -49.059439968191306
2018.057495117188 -46.472442626953 -48.26406631959036
2018.09033203125 -47.28311920166 -47.61822519029862
2018.123168945312 -44.777008056641 -47.146181802967874
2018.156005859375 -41.193019866943 -46.879466010280915
2018.18896484375 -47.937156677246 -46.83689976643441
2018.221801757812 -44.551910400391 -47.02033870404363
2018.254638671875 -40.819190979004 -47.40661624414588
2018.287475585938 -47.515663146973 -47.96096480747701
2018.3203125 -46.007438659668 -48.66017471569678
2018.353149414062 -48.044151306152 -49.495041633898296
2018.385986328125 -47.403419494629 -50.463670451261535
2018.4189453125 -50.421836853027 -51.57158376838517
2018.451782226562 -52.915000915527 -52.78290215831741
2018.484619140625 -57.463134765625 -54.060599148542146
2018.517456054688 -54.838329315186 -55.369363082317506
2018.55029296875 -57.437351226807 -56.63814187649251
2018.583129882812 -56.055835723877 -57.77119747078047
2018.615966796875 -62.547786712646 -58.70513291838596
2018.64892578125 -60.886547088623 -59.41869829459123
2018.681762695312 -62.36470413208 -59.913896824050475
2018.714599609375 -65.046669006348 -60.204069881423564
2018.747436523438 -62.577228546143 -60.30086082856329
2018.7802734375 -64.776901245117 -60.25508418003626
2018.813110351562 -66.973556518555 -60.020904455607955
2018.845947265625 -59.958271026611 -59.77555003993377
2018.87890625 -61.397258758545 -59.28063917014267
2018.911743164062 -58.864891052246 -58.526618748136826
2018.944580078125 -56.228569030762 -57.71008137482328
2018.977416992188 -57.443828582764 -56.790221105992615
2019.010986328125 -52.54369354248 -56.0031870488755
2019.043823242188 -53.470386505127 -55.206796395895694
2019.109497070312 -51.701755523682 -54.12898165203474
2019.1259765625 -50.547672271729 -53.842282146682834
2019.142333984375 -55.844211578369 -53.77114626508465
2019.175170898438 -53.758327484131 -53.72647667406978
2019.191650390625 -48.948051452637 -53.88446332470098
2019.208129882812 -55.246929168701 -54.10370265307063
2019.224487304688 -55.170150756836 -54.33525251811365
2019.240966796875 -54.196640014648 -54.61149868405366
2019.25732421875 -53.482906341553 -54.88617121978601
2019.273803710938 -56.039867401123 -55.170418905892134
2019.290161132812 -56.82967376709 -55.44013338265689
2019.306640625 -57.033515930176 -55.70874173059975
2019.323120117188 -54.561946868896 -56.0061239305908
2019.339477539062 -56.146144866943 -56.312365344487475
2019.35595703125 -57.128547668457 -56.609759351310316
2019.372314453125 -55.289825439453 -56.8819557632785
2019.388793945312 -58.123794555664 -57.14187111525184
2019.405151367188 -57.413959503174 -57.3853795922317
2019.421630859375 -55.736003875732 -57.63792085943643
2019.438110351562 -57.309993743896 -57.90153798912004
2019.454467773438 -60.11754989624 -58.17373497584037
2019.470947265625 -62.064861297607 -58.46771780592434
2019.4873046875 -57.963924407959 -58.77100042859796
2019.503784179688 -50.723529815674 -59.041784026759736
2019.520141601562 -57.577571868896 -59.30433298808466
2019.53662109375 -60.624851226807 -59.53565330581524
2019.569458007812 -60.012725830078 -59.90990729829973
2019.602294921875 -63.983394622803 -60.22175858507539
2019.618774414062 -55.38130569458 -60.38521085195691
2019.635131835938 -64.966049194336 -60.52356445657695
2019.651611328125 -61.303356170654 -60.579370812857796
2019.668090820312 -59.740242004395 -60.660628449979704
2019.71728515625 -58.913845062256 -60.741057560330475
2019.733764648438 -61.325588226318 -60.76136003838187
2019.750122070312 -63.737129211426 -60.7661893820339
2019.7666015625 -61.808464050293 -60.78747292646671
2019.799438476562 -60.397933959961 -60.80433412155318
2019.832275390625 -57.29955291748 -60.75310642256376
2019.865112304688 -60.56192779541 -60.63077337355835
2019.898071289062 -61.158111572266 -60.47534859085478
2019.930908203125 -61.304878234863 -60.348687761186135
2019.963745117188 -61.115196228027 -60.309677650610105
2019.99658203125 -62.323532104492 -60.35213611831195
2020.030151367188 -58.449771881104 -60.361986701397804
2020.06298828125 -58.65079498291 -60.50900385066219
2020.095825195312 -56.610996246338 -60.650278618700476
2020.128662109375 -60.301387786865 -60.78397243837061
2020.161499023438 -61.952465057373 -60.89382139225964
2020.177978515625 -60.793727874756 -60.94119397946428
2020.1943359375 -59.96365737915 -60.9839688411347
2020.227294921875 -63.235366821289 -61.05300349505884
2020.260131835938 -62.121097564697 -61.09711410198683
2020.29296875 -62.175914764404 -61.18610444928516
2020.325805664062 -64.380767822266 -61.2234492762758
2020.358642578125 -61.024173736572 -61.19328052138092
2020.391479492188 -62.691066741943 -61.214950233686196
2020.42431640625 -58.587646484375 -61.23475079653528
2020.457275390625 -58.970367431641 -61.19064847973763
2020.490112304688 -59.715972900391 -61.08867294980532
2020.52294921875 -59.230754852295 -60.96310473872588
2020.555786132812 -60.542804718018 -60.81127230448855
2020.572265625 -73.590766906738 -60.65683953708928
2020.588623046875 -64.05477142334 -60.425884907448875
2020.605102539062 -63.221279144287 -60.338692832380296
2020.621459960938 -64.08854675293 -60.027808445173385
2020.654296875 -61.088645935059 -59.491915669606236
2020.687255859375 -56.016078948975 -58.75164032469123
2020.70361328125 -61.87353515625 -58.428649008919905
2020.720092773438 -62.455924987793 -57.75415198677686
2020.7529296875 -59.398601531982 -56.55861751223731
2020.785766601562 -56.964748382568 -55.200386205133874
2020.818603515625 -51.705089569092 -53.703691424049836
2020.851440429688 -51.14733505249 -52.1363672184971
2020.917236328125 -49.09285736084 -49.18596193389103
2020.950073242188 -45.409820556641 -48.016370856085004
2020.98291015625 -47.778285980225 -46.935025838693946
2021.013671875 -43.434246063232 -45.73603979818537
2021.046508789062 -38.380828857422 -44.75112675628294
2021.079345703125 -38.851272583008 -44.060182066013674
2021.1123046875 -41.937435150146 -43.37477923971056
2021.145141601562 -44.155258178711 -42.81651761439185
2021.177978515625 -41.95788192749 -42.36307455591805
2021.210815429688 -43.169952392578 -42.00598911741702
2021.24365234375 -39.518138885498 -41.66370815267267
2021.276489257812 -40.544807434082 -41.54569251404234
2021.309326171875 -43.043975830078 -41.533101880585534
2021.34228515625 -41.271446228027 -41.6130293692275
2021.358642578125 -42.550304412842 -41.75625252219219
2021.391479492188 -38.646820068359 -41.9581785312905
2021.407958984375 -40.920639038086 -42.121605646207676
2021.440795898438 -40.291938781738 -42.353226629066405
2021.4736328125 -40.761138916016 -42.605827014350005
2021.506469726562 -41.934070587158 -42.85945281504587
2021.539306640625 -45.982570648193 -43.08363393935645
2021.572265625 -51.297306060791 -43.20304307606082
2021.605102539062 -46.441478729248 -43.39435468525711
2021.637939453125 -45.219841003418 -43.59396060056853
2021.670776367188 -42.152690887451 -43.80122917619954
2021.736450195312 -44.843570709229 -43.98120932331312
2021.769287109375 -45.41828918457 -43.93690599648079
2021.80224609375 -44.413635253906 -43.71799176089088
2021.835083007812 -40.756259918213 -43.489875682594416
2021.867919921875 -43.859607696533 -43.12398366761109
2021.966430664062 -45.480972290039 -41.475581248532606
2022.0 -48.305286407471 -40.737708216293214
2022.065673828125 -41.220039367676 -39.50285315686561
2022.098510742188 -34.979385375977 -38.9099706295396
2022.197143554688 -42.115570068359 -37.66350102207929
2022.22998046875 -49.093544006348 -37.33957964566716
2022.262817382812 -33.149345397949 -37.05356612589636
2022.295654296875 -33.607662200928 -36.8186305815987
2022.328491210938 -28.803840637207 -36.64502360593749
2022.394287109375 -31.440761566162 -36.44289324669665
2022.558471679688 -39.945598602295 -36.16082163234536
2022.591430664062 -9.777105331421 -36.15925633434079
2022.68994140625 -35.571743011475 -36.89409670917885
2022.722778320312 -46.824966430664 -37.268874668117974
2022.821411132812 -38.420196533203 -37.87691846360781
2022.854248046875 -46.62361907959 -37.88781107154111
2022.887084960938 -35.541805267334 -37.84627767050813
2022.919921875 -38.228019714355 -37.799861019239366
2022.952758789062 -41.730609893799 -37.79763048174567
2022.985595703125 -39.518436431885 -37.76849053102382
2023.019165039062 -36.451290130615 -37.71310944325676
2023.052001953125 -36.660820007324 -37.64943286014848
2023.084838867188 -37.319869995117 -37.53133416752035
2023.11767578125 -36.140781402588 -37.43345868705834
2023.150634765625 -40.32303237915 -37.32901119952458
2023.183471679688 -35.72639465332 -37.250603362873775
2023.21630859375 -36.380115509033 -37.20567183427896
2023.249145507812 -36.639053344727 -37.19023730111602
2023.281982421875 -36.85994720459 -37.194497431437426
2023.314819335938 -36.582496643066 -37.2108770521864
2023.34765625 -36.49104309082 -37.23474190431285
2023.380615234375 -38.604145050049 -37.263989299373264
2023.413452148438 -36.559978485107 -37.29771661179327
2023.4462890625 -36.428791046143 -37.33576874206526
2023.57763671875 -45.505676269531 -37.550260154596685
