2014.804931640625 -0.0 -10.622871702130444
2014.837768554688 -10.407996177673 -11.434065283616262
2014.903442382812 -12.534906387329 -13.049633668402349
2014.96923828125 -14.659056663513 -14.658918651669925
2015.03564453125 -16.66552734375 -16.273631636684016
2015.101318359375 -15.181458473206 -17.861136408474838
2015.265625 -24.907062530518 -21.793562204004704
2015.331298828125 -26.888042449951 -23.35171505201221
2015.39697265625 -30.735538482666 -24.903300631138872
2016.021850585938 -33.573574066162 -39.31708509944656
2016.1533203125 -42.956653594971 -42.43189129947692
2016.350463867188 -66.721641540527 -45.79503605778258
2016.416137695312 -29.407329559326 -46.441668898178634
2016.547607421875 -51.425914764404 -48.049975346909
2016.744750976562 -57.368232727051 -50.87808234063845
2016.777587890625 -53.126712799072 -50.5342924493788
2016.810424804688 -52.688152313232 -50.20401882581451
2016.84326171875 -49.909080505371 -49.88088420681224
2016.876098632812 -48.340446472168 -49.50995753103964
2016.908935546875 -47.928874969482 -49.178762688610725
2016.941772460938 -48.042964935303 -48.8858085254074
2016.974731445312 -47.060321807861 -48.58884883886781
2017.005493164062 -47.910823822021 -48.409677885590646
2017.038330078125 -48.451763153076 -48.17550839183144
2017.071166992188 -45.494964599609 -47.96969325518596
2017.10400390625 -47.311107635498 -47.97375119062627
2017.136840820312 -46.746528625488 -48.09439195634968
2017.169799804688 -47.057441711426 -48.29267123324729
2017.20263671875 -47.371227264404 -48.579044677835185
2017.235473632812 -48.674995422363 -48.95896403909209
2017.268310546875 -51.377635955811 -49.42554181418966
2017.301147460938 -49.390621185303 -49.949331164075744
2017.333984375 -48.343368530273 -50.51006456320558
2017.366821289062 -48.892890930176 -51.0865480255406
2017.399780273438 -52.919967651367 -51.64535840594383
2017.4326171875 -52.648582458496 -52.156149784408385
2017.498291015625 -54.873279571533 -53.052727247788944
2017.531127929688 -55.266792297363 -53.47648543544687
2017.56396484375 -55.024730682373 -53.90750298182742
2017.596801757812 -53.06042098999 -54.342434687580536
2017.629760742188 -60.027156829834 -54.76087561177601
2017.66259765625 -55.808654785156 -55.12986986306134
2017.695434570312 -53.192512512207 -55.44333020317775
2017.728271484375 -52.091926574707 -55.71379734214813
2017.761108398438 -55.868068695068 -55.9672683708834
2017.7939453125 -56.790111541748 -56.22007846777845
2017.826782226562 -57.162528991699 -56.48376701076175
2017.859741210938 -57.925971984863 -56.765120464337016
2017.892578125 -57.187641143799 -57.05683463215718
2017.925415039062 -57.06697845459 -57.351594839074565
2017.958251953125 -57.897266387939 -57.6506941432906
2017.991088867188 -58.1930809021 -57.9604837051829
2018.024658203125 -57.932163238525 -58.280087865705624
2018.057495117188 -58.810157775879 -58.5875333526692
2018.09033203125 -58.63809967041 -58.904341361783075
2018.123168945312 -58.539417266846 -59.24787350593812
2018.156005859375 -58.0055809021 -59.629213441982316
2018.18896484375 -59.174453735352 -60.05277674740299
2018.221801757812 -60.607368469238 -60.507465531314885
2018.254638671875 -61.527587890625 -60.98598219268579
2018.287475585938 -61.385368347168 -61.495106953622994
2018.3203125 -61.908721923828 -62.06174804652943
2018.353149414062 -60.607791900635 -62.714584236741864
2018.385986328125 -64.455665588379 -63.46945732729
2018.4189453125 -63.497150421143 -64.3268747413114
2018.451782226562 -64.898643493652 -65.25094702328576
2018.484619140625 -65.943656921387 -66.21201088315574
2018.517456054688 -64.046974182129 -67.1967194323384
2018.55029296875 -64.286636352539 -68.20383817543065
2018.583129882812 -66.899574279785 -69.22906183086808
2018.615966796875 -72.163909912109 -70.25867513353522
2018.64892578125 -73.148468017578 -71.28357570871452
2018.681762695312 -74.343856811523 -72.2876925740558
2018.714599609375 -74.344299316406 -73.26658970306659
2018.747436523438 -74.368453979492 -74.20846651793846
2018.7802734375 -74.987365722656 -75.09634071529258
2018.813110351562 -77.808586120605 -75.8761464118403
2018.845947265625 -78.576400756836 -76.6019076927233
2018.87890625 -77.561317443848 -77.19611347794856
2018.911743164062 -77.640930175781 -77.66704924832055
2018.944580078125 -78.098564147949 -78.1316850762633
2018.977416992188 -78.775840759277 -78.56657401078566
2019.010986328125 -78.745262145996 -78.94462150200556
2019.043823242188 -78.951858520508 -79.26077455525622
2019.109497070312 -79.77108001709 -79.90303329391098
2019.1259765625 -79.897918701172 -80.078489117473
2019.142333984375 -80.864311218262 -80.2496258605917
2019.175170898438 -80.908325195312 -80.5977967771132
2019.191650390625 -80.552574157715 -80.77393876654035
2019.208129882812 -81.097244262695 -80.94491098060219
2019.224487304688 -80.636474609375 -81.11589804515759
2019.240966796875 -81.813568115234 -81.26088894556432
2019.25732421875 -81.1689453125 -81.38781489027299
2019.273803710938 -81.710090637207 -81.5244932904622
2019.290161132812 -81.575485229492 -81.64895576423986
2019.306640625 -81.644752502441 -81.73590982848025
2019.323120117188 -82.149345397949 -81.81015688136668
2019.339477539062 -83.010200500488 -81.87556812478493
2019.35595703125 -81.428421020508 -81.93525966498719
2019.372314453125 -85.324195861816 -81.98659473117814
2019.388793945312 -81.315727233887 -82.03181213004736
2019.405151367188 -79.872741699219 -82.08224602552609
2019.421630859375 -82.01000213623 -82.14778704407401
2019.438110351562 -83.975868225098 -82.22453351633717
2019.454467773438 -81.380966186523 -82.30848125840112
2019.470947265625 -76.812919616699 -82.40544586857139
2019.4873046875 -82.773513793945 -82.50622721712018
2019.503784179688 -82.749938964844 -82.60959827394888
2019.520141601562 -76.745269775391 -82.69755520068391
2019.53662109375 -82.748039245605 -82.81430068751673
2019.569458007812 -87.320861816406 -83.17662837296392
2019.602294921875 -83.048095703125 -83.73296021277
2019.618774414062 -81.374755859375 -84.00595815024911
2019.635131835938 -86.00301361084 -84.29567982365548
2019.651611328125 -82.938339233398 -84.68996747354238
2019.668090820312 -81.788215637207 -85.03217570574635
2019.71728515625 -87.689506530762 -86.21969012720261
2019.733764648438 -86.526824951172 -86.62911903694416
2019.750122070312 -85.262687683105 -87.05658765496842
2019.7666015625 -87.62654876709 -87.46802036851517
2019.799438476562 -89.272186279297 -88.24159746910543
2019.832275390625 -91.452339172363 -88.97099310600638
2019.865112304688 -89.94457244873 -89.61857771584357
2019.898071289062 -90.470169067383 -90.16167589186264
2019.930908203125 -91.883766174316 -90.56237608068577
2019.963745117188 -92.420791625977 -90.76843925351447
2019.99658203125 -91.546012878418 -90.90486763720997
2020.030151367188 -92.530967712402 -91.13202700098752
2020.06298828125 -91.388542175293 -91.0380458990305
2020.095825195312 -90.521644592285 -90.90424049377985
2020.128662109375 -91.209854125977 -90.71033927255614
2020.161499023438 -91.648094177246 -90.4955036427075
2020.177978515625 -90.436683654785 -90.41784537970429
2020.1943359375 -91.183242797852 -90.3090553087845
2020.227294921875 -89.200668334961 -90.203919421721
2020.260131835938 -85.00846862793 -90.22280365844965
2020.29296875 -88.372489929199 -90.26277102394319
2020.325805664062 -87.505889892578 -90.40929988147897
2020.358642578125 -90.623832702637 -90.84541482549695
2020.391479492188 -88.16667175293 -91.33939396673308
2020.42431640625 -89.794860839844 -91.91012944699021
2020.457275390625 -92.079475402832 -92.7103446060894
2020.490112304688 -92.67212677002 -93.77700911879919
2020.52294921875 -95.673851013184 -94.96664903162758
2020.555786132812 -97.492416381836 -96.19220822891357
2020.572265625 -95.062492370605 -96.78922440196594
2020.588623046875 -98.361671447754 -97.34780747184338
2020.605102539062 -98.537719726562 -97.95835432744416
2020.621459960938 -98.323921203613 -98.47106418297902
2020.654296875 -100.603668212891 -99.48531894233481
2020.687255859375 -103.156120300293 -100.32030618084524
2020.70361328125 -102.26895904541 -100.752477582925
2020.720092773438 -102.09935760498 -100.90654635803087
2020.7529296875 -102.209327697754 -101.29197121185402
2020.785766601562 -104.004150390625 -101.5353320340419
2020.818603515625 -102.160774230957 -101.69069538724774
2020.851440429688 -104.239318847656 -101.78101051838894
2020.917236328125 -102.372947692871 -101.73326855879012
2020.950073242188 -100.807403564453 -101.6184245441142
2020.98291015625 -101.674057006836 -101.5500055885009
2021.013671875 -100.055877685547 -101.50067825579985
2021.046508789062 -100.051475524902 -101.73821135138355
2021.079345703125 -100.673370361328 -102.55266715897254
2021.1123046875 -99.70703125 -103.44102996628436
2021.145141601562 -102.408615112305 -104.46976032390103
2021.177978515625 -101.557800292969 -105.60862320186581
2021.210815429688 -101.976806640625 -106.84426919477406
2021.24365234375 -101.82160949707 -107.92197458230933
2021.276489257812 -105.467819213867 -109.47114471914514
2021.309326171875 -111.746528625488 -111.17155372619061
2021.34228515625 -110.335639953613 -112.95928929753758
2021.358642578125 -115.185829162598 -113.8042066517413
2021.391479492188 -118.545211791992 -115.53288227143885
2021.407958984375 -116.430137634277 -116.32956478455468
2021.440795898438 -123.258857727051 -117.99546240248847
2021.4736328125 -125.955009460449 -119.56829295808764
2021.506469726562 -132.752136230469 -120.95495104195031
2021.539306640625 -128.040664672852 -122.1192308954169
2021.572265625 -122.832183837891 -122.7895230839791
2021.605102539062 -128.224365234375 -123.7510791821855
2021.637939453125 -126.544624328613 -124.66370008917319
2021.670776367188 -128.50129699707 -125.4736178406836
2021.736450195312 -127.91609954834 -126.33199602774368
2021.769287109375 -119.121444702148 -126.63122766710771
2021.80224609375 -124.315658569336 -126.68260518655275
2021.835083007812 -128.470413208008 -126.6777366967232
2021.867919921875 -127.373794555664 -126.52718270639967
2021.966430664062 -129.450119018555 -126.04177785571474
2022.0 -125.739730834961 -125.89726981313011
2022.065673828125 -126.688697814941 -125.65641934836918
2022.098510742188 -122.159721374512 -125.54652139176588
2022.197143554688 -123.206275939941 -125.30114099049577
2022.22998046875 -125.046188354492 -125.24117814543467
2022.262817382812 -122.182655334473 -125.19776662853039
2022.295654296875 -122.915679931641 -125.17096878294127
2022.328491210938 -127.342391967773 -125.1621144098638
2022.394287109375 -126.412269592285 -125.18050289338548
2022.558471679688 -123.613357543945 -125.36512603972768
2022.591430664062 -127.339477539062 -125.48371279074942
2022.68994140625 -124.607704162598 -125.71759115992603
2022.722778320312 -129.298217773438 -125.72741538724566
2022.821411132812 -126.889434814453 -125.67172767903972
2022.854248046875 -123.674446105957 -125.66781637486012
2022.887084960938 -126.672271728516 -125.6673767942289
2022.919921875 -123.614334106445 -125.66415258116854
2022.952758789062 -125.171829223633 -125.63567892165752
2022.985595703125 -126.245986938477 -125.6007985612245
2023.019165039062 -126.02498626709 -125.54004284941887
2023.052001953125 -125.642753601074 -125.49009630550896
2023.084838867188 -124.665397644043 -125.3657547261602
2023.11767578125 -124.678657531738 -125.10934716036334
2023.150634765625 -126.790466308594 -124.89094017040688
2023.183471679688 -125.735397338867 -124.57994038337837
2023.21630859375 -127.866188049316 -124.26736355390814
2023.249145507812 -128.550994873047 -123.95385711358077
2023.281982421875 -125.105972290039 -123.63711218329287
2023.314819335938 -124.739143371582 -123.31343675528207
2023.34765625 -121.535270690918 -122.97828844867415
2023.380615234375 -119.661033630371 -122.62570478886472
2023.413452148438 -134.588592529297 -122.25579260569849
2023.4462890625 -115.130874633789 -121.86744219365545
2023.57763671875 -99.218650817871 -120.15555674025497
