2014.804931640625 -0.0 6.300841358373458
2014.837768554688 -0.325562953949 6.2688735215246645
2014.903442382812 -1.092459917068 6.199353011443523
2014.96923828125 5.779235839844 6.123565291819343
2015.03564453125 9.836422920227 6.043095967834409
2015.101318359375 11.09855556488 5.96215071215593
2015.265625 28.784315109253 5.763876024806869
2015.331298828125 16.722095489502 5.688379286234496
2015.39697265625 -8.024819374084 5.61600580469246
2016.021850585938 6.526041984558 4.2719948885522685
2016.1533203125 -2.961805582047 4.193615691655946
2016.350463867188 5.961578369141 3.594629217538227
2016.416137695312 -28.066644668579 3.2942961336197034
2016.547607421875 7.016296863556 2.987084281538797
2016.744750976562 6.676365375519 2.8232378351150196
2016.777587890625 4.842784881592 2.393786188028867
2016.810424804688 1.159421563148 1.8921657322213115
2016.84326171875 0.361737370491 1.2405622495846633
2016.876098632812 -1.126654744148 0.5444180324428644
2016.908935546875 -1.997068405151 -0.12903580503708884
2016.941772460938 -0.766134738922 -0.8017136457455952
2016.974731445312 -1.505623221397 -1.471688065438381
2017.005493164062 -3.216879844666 -2.032226806354839
2017.038330078125 -3.913102626801 -2.661543605030032
2017.071166992188 -1.366505980492 -3.2484107035249012
2017.10400390625 -2.78106880188 -3.6879410521608134
2017.136840820312 -4.373156070709 -4.046578324249677
2017.169799804688 -6.193848133087 -4.361823246807544
2017.20263671875 -4.703030109406 -4.638148235963271
2017.235473632812 -5.363178730011 -4.874269963548051
2017.268310546875 -8.21614074707 -5.075726290452576
2017.301147460938 -5.773569583893 -5.258671115869193
2017.333984375 -6.065672397614 -5.444278776359605
2017.366821289062 -3.89105463028 -5.64280291089007
2017.399780273438 -6.878077030182 -5.845639872532583
2017.4326171875 -1.839371085167 -6.041295361706181
2017.498291015625 -7.084307670593 -6.477102428842216
2017.531127929688 -3.76390171051 -6.750480117904152
2017.56396484375 -7.081125736237 -7.071348363895516
2017.596801757812 -6.688672542572 -7.457050356682396
2017.629760742188 -8.247554779053 -7.914840324427843
2017.66259765625 -8.664733886719 -8.409126128543454
2017.695434570312 -8.475296974182 -8.88605311306516
2017.728271484375 -8.441953659058 -9.289566245758689
2017.761108398438 -11.07384967804 -9.593767891939628
2017.7939453125 -12.106575012207 -9.803898220770872
2017.826782226562 -10.43224811554 -9.941105166019232
2017.859741210938 -12.419765472412 -10.016660154276552
2017.892578125 -13.465090751648 -10.037389128127534
2017.925415039062 -13.900696754456 -10.021945270706256
2017.958251953125 -7.253498077393 -9.979600112623707
2017.991088867188 -8.913401603699 -9.923765461832359
2018.024658203125 -8.773658752441 -9.870688487838297
2018.057495117188 -9.560795783997 -9.835174843376118
2018.09033203125 -8.714577674866 -9.842324318632564
2018.123168945312 -4.319526195526 -9.92228192989454
2018.156005859375 -8.044662475586 -10.11163226692865
2018.18896484375 -12.223317146301 -10.447862996830906
2018.221801757812 -7.672930240631 -10.94370659437458
2018.254638671875 -10.217658996582 -11.57692052276923
2018.287475585938 -11.220456123352 -12.324740986639931
2018.3203125 -13.879927635193 -13.180595543895095
2018.353149414062 -11.608642578125 -14.159186692285923
2018.385986328125 -15.144757270813 -15.233115117302605
2018.4189453125 -13.418166160583 -16.34307368046084
2018.451782226562 -17.546028137207 -17.43298628665221
2018.484619140625 -21.276617050171 -18.491694376822945
2018.517456054688 -19.80778503418 -19.540889595269082
2018.55029296875 -28.498666763306 -20.585060857015044
2018.583129882812 -20.723545074463 -21.58766846431298
2018.615966796875 -29.178295135498 -22.517588666061894
2018.64892578125 -26.065574645996 -23.34521253016662
2018.681762695312 -24.883056640625 -24.041458474742896
2018.714599609375 -20.612489700317 -24.59403609727257
2018.747436523438 -27.442136764526 -24.98894091565003
2018.7802734375 -25.971195220947 -25.24162385906595
2018.813110351562 -29.16720199585 -25.33438067725184
2018.845947265625 -29.312833786011 -25.37051860386556
2018.87890625 -26.181449890137 -25.296384378753057
2018.911743164062 -26.147686004639 -25.127103565435952
2018.944580078125 -22.903461456299 -24.98546963299727
2018.977416992188 -22.123769760132 -24.762124590818324
2019.010986328125 -26.270837783813 -24.527751257478997
2019.043823242188 -20.199033737183 -24.21425167311827
2019.109497070312 -23.423276901245 -24.16279487474075
2019.1259765625 -23.752376556396 -24.171922222550865
2019.142333984375 -22.95708656311 -24.38675772222162
2019.175170898438 -22.545063018799 -24.886441119792575
2019.191650390625 -24.852056503296 -25.32448251847373
2019.208129882812 -24.672109603882 -25.85914262170683
2019.224487304688 -25.326066970825 -26.421953610880788
2019.240966796875 -27.033611297607 -27.0915384464364
2019.25732421875 -27.439647674561 -27.774678787529197
2019.273803710938 -28.027879714966 -28.446628295992983
2019.290161132812 -31.258279800415 -29.174998869773837
2019.306640625 -29.63960647583 -29.970812989630975
2019.323120117188 -31.864444732666 -30.781299056291946
2019.339477539062 -30.975046157837 -31.586659376628113
2019.35595703125 -32.844722747803 -32.379382994809355
2019.372314453125 -32.148956298828 -33.136048271830056
2019.388793945312 -33.401081085205 -33.87169137341294
2019.405151367188 -33.944797515869 -34.594476514943516
2019.421630859375 -35.390956878662 -35.34145595819709
2019.438110351562 -38.166233062744 -36.08673275844284
2019.454467773438 -36.551620483398 -36.81740862689174
2019.470947265625 -38.257797241211 -37.530980598849624
2019.4873046875 -38.889915466309 -38.200440540076166
2019.503784179688 -32.605117797852 -38.75399613125284
2019.520141601562 -38.139533996582 -39.355585228823685
2019.53662109375 -46.003379821777 -39.91753333429871
2019.569458007812 -44.147918701172 -40.87079872731881
2019.602294921875 -40.758556365967 -41.5163125211604
2019.618774414062 -44.383605957031 -41.83103473618219
2019.635131835938 -43.786128997803 -42.099312754551164
2019.651611328125 -42.548301696777 -42.17125036510571
2019.668090820312 -43.107391357422 -42.32568606361914
2019.71728515625 -41.450420379639 -42.074215107807056
2019.733764648438 -42.805461883545 -41.84039533042474
2019.750122070312 -47.249675750732 -41.39261860230116
2019.7666015625 -43.022548675537 -41.02552467387438
2019.799438476562 -38.785293579102 -40.06690664211447
2019.832275390625 -43.237342834473 -39.12375814246089
2019.865112304688 -40.018688201904 -38.128760841604226
2019.898071289062 -36.811424255371 -37.0755828612752
2019.930908203125 -34.891445159912 -35.998854754548645
2019.963745117188 -33.361793518066 -34.98441763797975
2019.99658203125 -33.508865356445 -34.05597334549293
2020.030151367188 -32.064533233643 -33.006511562841055
2020.06298828125 -30.591323852539 -32.319819076286265
2020.095825195312 -29.455671310425 -31.674927592604487
2020.128662109375 -30.162225723267 -31.158108242333288
2020.161499023438 -29.57368850708 -30.76625557475468
2020.177978515625 -30.571268081665 -30.655080390858082
2020.1943359375 -28.561902999878 -30.461697480399607
2020.227294921875 -29.337944030762 -30.21326494914347
2020.260131835938 -32.281379699707 -30.01660271220152
2020.29296875 -33.218780517578 -29.87358552445561
2020.325805664062 -29.252477645874 -29.77372250772193
2020.358642578125 -29.215972900391 -29.684901727945455
2020.391479492188 -29.464988708496 -29.656835938524583
2020.42431640625 -30.548126220703 -29.645275861607384
2020.457275390625 -26.067478179932 -29.661277076423065
2020.490112304688 -28.197896957397 -29.709513415444963
2020.52294921875 -36.837493896484 -29.82129391205826
2020.555786132812 -25.823644638062 -30.052177025443484
2020.572265625 -29.365201950073 -30.29969758676967
2020.588623046875 -28.164047241211 -30.580864466130823
2020.605102539062 -31.554155349731 -30.731497888312308
2020.621459960938 -34.024845123291 -31.070194411189746
2020.654296875 -26.362257003784 -31.695570763634713
2020.687255859375 -34.358409881592 -32.43588536170083
2020.70361328125 -33.417224884033 -32.824789251782
2020.720092773438 -28.627494812012 -33.167928144740785
2020.7529296875 -31.675092697144 -33.72078430073327
2020.785766601562 -36.055179595947 -34.04556519719339
2020.818603515625 -38.211620330811 -34.20288809481152
2020.851440429688 -37.268550872803 -34.281359596273106
2020.917236328125 -38.878559112549 -34.38701715746928
2020.950073242188 -39.256118774414 -34.376455405691495
2020.98291015625 -33.500797271729 -34.3130416962818
2021.013671875 -32.172550201416 -34.281243301864265
2021.046508789062 -31.31044960022 -34.003612271374095
2021.079345703125 -30.969640731812 -33.54334636863381
2021.1123046875 -32.461532592773 -32.9934227268617
2021.145141601562 -35.466251373291 -32.397218437832635
2021.177978515625 -38.053409576416 -31.809678531222897
2021.210815429688 -35.500366210938 -31.266914683396923
2021.24365234375 -31.348922729492 -30.8412635953043
2021.276489257812 -28.376169204712 -30.42387285407823
2021.309326171875 -31.570518493652 -30.0231398885932
2021.34228515625 -28.535217285156 -29.637567110765183
2021.358642578125 -28.039241790771 -29.55496404574415
2021.391479492188 -25.01771736145 -29.292236409605426
2021.407958984375 -25.332048416138 -29.307641958284556
2021.440795898438 -27.653039932251 -29.22034531619116
2021.4736328125 -27.284767150879 -29.304972705915148
2021.506469726562 -28.926475524902 -29.541030834769057
2021.539306640625 -27.964803695679 -29.873485351401342
2021.572265625 -34.489280700684 -30.291288208189428
2021.605102539062 -30.602119445801 -30.65573781623816
2021.637939453125 -29.32642364502 -31.072969753155665
2021.670776367188 -32.862678527832 -31.54117488345734
2021.736450195312 -36.499694824219 -32.505469363611965
2021.769287109375 -35.125938415527 -32.95447408205287
2021.80224609375 -28.525068283081 -33.3162045382148
2021.835083007812 -34.688968658447 -33.57659079631071
2021.867919921875 -31.148447036743 -33.67606915609664
2021.966430664062 -37.527320861816 -34.05564551210834
2022.0 -41.162040710449 -34.17623842695397
2022.065673828125 -27.335777282715 -34.485760297171005
2022.098510742188 -22.48585319519 -34.594429881958874
2022.197143554688 -35.366962432861 -34.87772838775287
2022.22998046875 -34.44921875 -34.96156947400621
2022.262817382812 -36.821022033691 -35.042063082599405
2022.295654296875 -31.778432846069 -35.111852322998196
2022.328491210938 -39.278636932373 -35.15451902156094
2022.394287109375 -34.213779449463 -35.1317545529134
2022.558471679688 -38.152324676514 -34.80768703895863
2022.591430664062 -32.322296142578 -34.765311242372015
2022.68994140625 -42.147727966309 -34.558896882748506
2022.722778320312 -35.62744140625 -34.44589553630071
2022.821411132812 -32.596508026123 -33.90161022504483
2022.854248046875 -33.056205749512 -33.6923711181631
2022.887084960938 -34.931949615479 -33.49774876218034
2022.919921875 -33.896125793457 -33.29205026279
2022.952758789062 -34.476291656494 -33.09882992214566
2022.985595703125 -31.539669036865 -33.00384699450524
2023.019165039062 -29.592803955078 -32.96890781274957
2023.052001953125 -31.711336135864 -32.88844014552904
2023.084838867188 -25.34628868103 -32.98413287528549
2023.11767578125 -29.6164894104 -33.24169821026339
2023.150634765625 -33.568099975586 -33.41981197920822
2023.183471679688 -34.529956817627 -33.71380518754351
2023.21630859375 -34.441856384277 -34.02840255762118
2023.249145507812 -31.343030929565 -34.36393362676901
2023.281982421875 -33.818099975586 -34.71706506469739
2023.314819335938 -34.969745635986 -35.08561592851544
2023.34765625 -34.79150390625 -35.46842489013254
2023.380615234375 -37.373138427734 -35.86643998808313
2023.413452148438 -39.981670379639 -36.27659501723973
2023.4462890625 -34.234886169434 -36.69944778817568
2023.57763671875 -47.977695465088 -38.490782984941895
