2014.804931640625 0.0 8.598813855324298
2014.837768554688 6.544025421143 6.501863763565791
2014.903442382812 5.248743057251 2.312817319902835
2014.96923828125 -1.186517953873 -1.8772955406958656
2015.03564453125 -4.481042861938 -6.099455360457702
2015.101318359375 -12.199932098389 -10.268586007861046
2015.265625 -20.667907714844 -20.674561782583584
2015.331298828125 -26.00689125061 -24.825479701201594
2015.39697265625 -31.067354202271 -28.97267726557289
2016.021850585938 -71.744209289551 -68.28469545471368
2016.1533203125 -74.816230773926 -76.39949085062571
2016.350463867188 -84.862586975098 -88.40631729286234
2016.416137695312 -94.872497558594 -92.3671298374085
2016.547607421875 -94.490196228027 -100.3087959150648
2016.744750976562 -111.678283691406 -112.67479685346274
2016.777587890625 -116.862998962402 -114.67566104746221
2016.810424804688 -117.19214630127 -116.63485906823297
2016.84326171875 -118.271606445312 -118.51000511157116
2016.876098632812 -120.808532714844 -120.36759817447917
2016.908935546875 -121.624420166016 -122.24990435211794
2016.941772460938 -124.318733215332 -124.15031530594051
2016.974731445312 -125.104957580566 -126.06167182722874
2017.005493164062 -127.709266662598 -127.88051249521696
2017.038330078125 -129.693984985352 -129.79784769887485
2017.071166992188 -131.159606933594 -131.71314226250004
2017.10400390625 -133.438049316406 -133.7228896788925
2017.136840820312 -135.324447631836 -135.78867070970543
2017.169799804688 -137.241088867188 -137.89704925371123
2017.20263671875 -139.705368041992 -140.04894605922283
2017.235473632812 -141.671112060547 -142.27525363053795
2017.268310546875 -143.429122924805 -144.58748433333295
2017.301147460938 -146.784301757812 -146.97048743457847
2017.333984375 -149.783142089844 -149.404004514901
2017.366821289062 -150.005920410156 -151.86433494960608
2017.399780273438 -154.387145996094 -154.33900883465506
2017.4326171875 -155.308563232422 -156.8083602957398
2017.498291015625 -165.123291015625 -161.75401645988774
2017.531127929688 -165.517730712891 -164.21662731608419
2017.56396484375 -167.313003540039 -166.66067148694142
2017.596801757812 -168.352798461914 -169.07182929568725
2017.629760742188 -173.360427856445 -171.44327402412654
2017.66259765625 -173.941848754883 -173.73422471030315
2017.695434570312 -175.075622558594 -175.92990939155575
2017.728271484375 -180.132583618164 -178.01197577359164
2017.761108398438 -181.002624511719 -179.99980944057893
2017.7939453125 -183.102203369141 -181.92835660675192
2017.826782226562 -184.030136108398 -183.82592704832194
2017.859741210938 -186.771041870117 -185.7003233101071
2017.892578125 -187.502029418945 -187.52252713008218
2017.925415039062 -189.637100219727 -189.30284408894292
2017.958251953125 -190.895248413086 -191.06150965341104
2017.991088867188 -192.375473022461 -192.81783861368214
2018.024658203125 -193.941864013672 -194.6151138740035
2018.057495117188 -196.701171875 -196.3874223502988
2018.09033203125 -198.103408813477 -198.2093779841718
2018.123168945312 -199.320419311523 -200.1131846576407
2018.156005859375 -199.902648925781 -202.11444393881902
2018.18896484375 -203.579772949219 -204.2256950911896
2018.221801757812 -204.984527587891 -206.4242617290656
2018.254638671875 -209.150207519531 -208.6947640007375
2018.287475585938 -209.654357910156 -211.0230667059411
2018.3203125 -210.809158325195 -213.39720400895854
2018.353149414062 -211.827743530273 -215.83214208654272
2018.385986328125 -218.500823974609 -218.34320958762754
2018.4189453125 -222.739944458008 -220.9419404296029
2018.451782226562 -222.455154418945 -223.60070939413782
2018.484619140625 -228.549209594727 -226.3166865103986
2018.517456054688 -228.518859863281 -229.08264105384205
2018.55029296875 -229.821731567383 -231.8896970040189
2018.583129882812 -234.219253540039 -234.70811483807356
2018.615966796875 -233.902084350586 -237.50165630870416
2018.64892578125 -241.643295288086 -240.2551843895226
2018.681762695312 -244.304611206055 -242.94706712943386
2018.714599609375 -235.220077514648 -245.60173208705848
2018.747436523438 -248.321502685547 -248.23676953418382
2018.7802734375 -252.245315551758 -250.86823186475132
2018.813110351562 -255.659515380859 -253.46915437829492
2018.845947265625 -258.901123046875 -256.09631595566344
2018.87890625 -258.321807861328 -258.62627515061087
2018.911743164062 -260.472381591797 -261.0047484348564
2018.944580078125 -263.761444091797 -263.34315521844417
2018.977416992188 -265.225067138672 -265.64014749257785
2019.010986328125 -267.166015625 -267.9860394026861
2019.043823242188 -269.957336425781 -270.2505182570663
2019.109497070312 -275.199035644531 -275.001851727546
2019.1259765625 -275.945526123047 -276.2000207502969
2019.142333984375 -277.006927490234 -277.4374171262084
2019.175170898438 -279.836883544922 -279.95276937079063
2019.191650390625 -280.945037841797 -281.2678585497541
2019.208129882812 -281.756958007812 -282.60880207741315
2019.224487304688 -283.368011474609 -283.9314610440401
2019.240966796875 -285.705017089844 -285.3201880513154
2019.25732421875 -286.262084960938 -286.7182605546427
2019.273803710938 -287.917327880859 -288.11187713352984
2019.290161132812 -289.874755859375 -289.5223234090189
2019.306640625 -290.706024169922 -290.9827834680542
2019.323120117188 -291.8740234375 -292.4404787509785
2019.339477539062 -294.375518798828 -293.8837922867925
2019.35595703125 -294.218170166016 -295.33053421762327
2019.372314453125 -299.105438232422 -296.7542928197612
2019.388793945312 -298.409332275391 -298.1824273041759
2019.405151367188 -299.932861328125 -299.60770323246214
2019.421630859375 -300.078094482422 -301.073324491784
2019.438110351562 -303.940216064453 -302.5613716842238
2019.454467773438 -303.330200195312 -304.07870276215715
2019.470947265625 -304.156707763672 -305.66353205545266
2019.4873046875 -308.160827636719 -307.2824746154576
2019.503784179688 -305.802642822266 -308.97432136067204
2019.520141601562 -306.951293945312 -310.56988196792656
2019.53662109375 -315.997436523438 -312.1499653617023
2019.569458007812 -316.014434814453 -315.16698675414057
2019.602294921875 -310.742614746094 -317.9367683421316
2019.618774414062 -321.338928222656 -319.3686220773603
2019.635131835938 -323.1171875 -320.7948096858694
2019.651611328125 -323.429412841797 -322.0662625892326
2019.668090820312 -324.587493896484 -323.4584680196642
2019.71728515625 -327.752777099609 -327.1081830041118
2019.733764648438 -326.932434082031 -328.2373272009719
2019.750122070312 -332.157684326172 -329.2590201730465
2019.7666015625 -329.049194335938 -330.31637415873115
2019.799438476562 -331.550842285156 -332.3226410459238
2019.832275390625 -336.852569580078 -334.2822425838618
2019.865112304688 -336.314880371094 -336.18532685403994
2019.898071289062 -337.559600830078 -338.05424975745893
2019.930908203125 -340.599975585938 -339.8584193206253
2019.963745117188 -342.734527587891 -341.5631403660412
2019.99658203125 -343.905181884766 -343.2127453464552
2020.030151367188 -345.583648681641 -344.9519268470726
2020.06298828125 -346.796478271484 -346.4537808429566
2020.095825195312 -347.953399658203 -347.9386989181586
2020.128662109375 -350.436706542969 -349.385747705751
2020.161499023438 -350.478820800781 -350.8150633693255
2020.177978515625 -351.492919921875 -351.5194553158584
2020.1943359375 -353.686370849609 -352.22273431144777
2020.227294921875 -353.300964355469 -353.63077695431383
2020.260131835938 -353.113403320312 -355.0801614785372
2020.29296875 -355.714721679688 -356.55806345935974
2020.325805664062 -357.127807617188 -358.1163071346524
2020.358642578125 -359.830657958984 -359.92375430959277
2020.391479492188 -361.395111083984 -361.8582080109193
2020.42431640625 -362.382171630859 -363.8752676483465
2020.457275390625 -361.849792480469 -366.0129485347761
2020.490112304688 -364.773101806641 -368.2442168586736
2020.52294921875 -371.446472167969 -370.5052197269504
2020.555786132812 -370.320678710938 -372.77853871409394
2020.572265625 -372.439788818359 -373.92618045363065
2020.588623046875 -377.968566894531 -375.04986631209505
2020.605102539062 -377.460998535156 -376.2035826917333
2020.621459960938 -379.418151855469 -377.31390546958875
2020.654296875 -382.628753662109 -379.54442776210533
2020.687255859375 -382.133087158203 -381.67282048532957
2020.70361328125 -384.049438476562 -382.7401374720452
2020.720092773438 -383.955261230469 -383.60171289960783
2020.7529296875 -384.766418457031 -385.36116611145235
2020.785766601562 -389.213317871094 -387.00363879198363
2020.818603515625 -389.406372070312 -388.57091590075305
2020.851440429688 -391.809600830078 -390.07293749289835
2020.917236328125 -393.052581787109 -392.9104259356926
2020.950073242188 -393.996429443359 -394.28047384228535
2020.98291015625 -395.830322265625 -395.640421995201
2021.013671875 -395.766784667969 -396.9170335995988
2021.046508789062 -397.988006591797 -398.26391541358066
2021.079345703125 -399.816680908203 -399.6930211178765
2021.1123046875 -400.472442626953 -401.15889462990833
2021.145141601562 -402.24072265625 -402.6801144133888
2021.177978515625 -403.741790771484 -404.24729390776906
2021.210815429688 -405.921600341797 -405.84593500736287
2021.24365234375 -404.514770507812 -407.42276716890524
2021.276489257812 -407.244293212891 -409.0956020874667
2021.309326171875 -411.657928466797 -410.81499640552886
2021.34228515625 -412.5 -412.60242891786345
2021.358642578125 -414.682891845703 -413.5540667089345
2021.391479492188 -414.941162109375 -415.47249939718677
2021.407958984375 -416.505310058594 -416.477995386408
2021.440795898438 -417.619781494141 -418.45257018960126
2021.4736328125 -418.403076171875 -420.42515455695354
2021.506469726562 -433.05322265625 -422.300623715718
2021.539306640625 -427.501159667969 -424.0291064125462
2021.572265625 -420.998779296875 -425.566837660906
2021.605102539062 -433.872436523438 -427.2746621779765
2021.637939453125 -431.366668701172 -428.9894012820707
2021.670776367188 -431.951568603516 -430.70486490378545
2021.736450195312 -439.104461669922 -433.83105970702076
2021.769287109375 -429.087127685547 -435.34846319207026
2021.80224609375 -435.921966552734 -436.6831851628465
2021.835083007812 -438.393920898438 -438.0294316118385
2021.867919921875 -441.246612548828 -439.2566490299913
2021.966430664062 -445.386169433594 -442.91686208855333
2022.0 -439.921539306641 -444.18448267294224
2022.065673828125 -444.749420166016 -446.6445459094258
2022.098510742188 -446.189392089844 -447.91425236221795
2022.197143554688 -451.52978515625 -451.7852985882045
2022.22998046875 -454.992065429688 -453.10552638692957
2022.262817382812 -452.319458007812 -454.4522382755258
2022.295654296875 -453.964202880859 -455.8283561241537
2022.328491210938 -457.294616699219 -457.2376695395587
2022.394287109375 -460.668548583984 -460.12131626368335
2022.558471679688 -467.958831787109 -467.41806210066324
2022.591430664062 -476.754364013672 -468.8978946428273
2022.68994140625 -471.029541015625 -473.3682778162329
2022.722778320312 -478.41259765625 -474.8560549618977
2022.821411132812 -479.18310546875 -479.2407363230285
2022.854248046875 -480.853393554688 -480.749347078029
2022.887084960938 -481.797790527344 -482.29981842926645
2022.919921875 -482.733795166016 -483.84831029849744
2022.952758789062 -484.159545898438 -485.43668249286975
2022.985595703125 -486.773803710938 -487.14206201915385
2023.019165039062 -488.636444091797 -488.95690413979145
2023.052001953125 -490.151733398438 -490.70564842590005
2023.084838867188 -492.67822265625 -492.61242812608924
2023.11767578125 -493.972747802734 -494.6453828248186
2023.150634765625 -494.808746337891 -496.63851452491434
2023.183471679688 -498.370697021484 -498.69380538074194
2023.21630859375 -499.241027832031 -500.7491693676287
2023.249145507812 -499.897857666016 -502.8079028484027
2023.281982421875 -504.673919677734 -504.87293005899807
2023.314819335938 -509.765869140625 -506.9468848239849
2023.34765625 -509.405181884766 -509.0314174135711
2023.380615234375 -510.018615722656 -511.13405178271574
2023.413452148438 -518.114501953125 -513.2383937611065
2023.4462890625 -512.742431640625 -515.3516033126509
2023.57763671875 -542.922119140625 -523.8658460123955
