2014.804931640625 0.0 0.8843482664020529
2014.837768554688 4.871016979218 0.8400515500632653
2014.903442382812 5.794742107391 0.7513410385624799
2014.96923828125 2.446030139923 0.6629427956589975
2015.03564453125 3.921066999435 0.5750025378126136
2015.101318359375 -5.733509540558 0.4898753387623662
2015.265625 0.866419553757 0.2887017607327792
2015.331298828125 -5.761276721954 0.2146244652663071
2015.39697265625 -12.271100997925 0.14480871722428987
2016.021850585938 -1.885459423065 -0.7927149952058363
2016.1533203125 -5.748815536499 -1.2033049110776877
2016.350463867188 0.753770232201 -0.6835200494242276
2016.416137695312 -7.013581752777 -0.46309583655283176
2016.547607421875 -0.592123329639 0.08133848822704479
2016.744750976562 0.773295044899 0.6785903058403319
2016.777587890625 0.911395132542 0.691574811861353
2016.810424804688 1.140384078026 0.7056372269386127
2016.84326171875 1.190852403641 0.7165380406369274
2016.876098632812 0.84946167469 0.6825365148077922
2016.908935546875 1.219508171082 0.613939740882295
2016.941772460938 0.822553515434 0.5463117010550427
2016.974731445312 0.98389428854 0.42122672740183137
2017.005493164062 0.315286278725 0.27648607240809914
2017.038330078125 0.220903009176 0.13065659271874397
2017.071166992188 0.264802366495 -0.022788990331006103
2017.10400390625 -0.057316679507 -0.19492763591026854
2017.136840820312 -0.778527021408 -0.37354396463647566
2017.169799804688 -1.413464665413 -0.5573739688902117
2017.20263671875 -0.639917016029 -0.735842348494913
2017.235473632812 -0.86480474472 -0.8906939912416458
2017.268310546875 -1.102295637131 -1.0039875921984933
2017.301147460938 -2.38099360466 -1.0747338382563694
2017.333984375 -0.413766056299 -1.1181266270726415
2017.366821289062 -1.064395785332 -1.1466630392695996
2017.399780273438 -2.4037733078 -1.1688426158161511
2017.4326171875 -3.857841968536 -1.194945113726215
2017.498291015625 -1.863411784172 -1.2855041995135663
2017.531127929688 -0.078661933541 -1.3448433777299607
2017.56396484375 -0.841801285744 -1.4013826240173535
2017.596801757812 -0.110959850252 -1.4562416241503273
2017.629760742188 -1.912474513054 -1.5187485641397314
2017.66259765625 -1.012229084969 -1.5982241555357226
2017.695434570312 -1.086217045784 -1.697818607130373
2017.728271484375 -2.256732463837 -1.8222037192346667
2017.761108398438 -2.749686717987 -1.9646538063165842
2017.7939453125 -2.580677509308 -2.115227748694953
2017.826782226562 -2.077112436295 -2.2696267145431404
2017.859741210938 -2.268100500107 -2.4222222881340563
2017.892578125 -2.473543167114 -2.562278383822161
2017.925415039062 -2.803042650223 -2.690989635079057
2017.958251953125 -2.893360614777 -2.814388269370556
2017.991088867188 -2.844111204147 -2.9364844186556263
2018.024658203125 -2.930959939957 -3.0607639717604087
2018.057495117188 -3.291919469833 -3.187363655975104
2018.09033203125 -3.4417719841 -3.3254462181672912
2018.123168945312 -3.474782943726 -3.472814976016171
2018.156005859375 -3.100220680237 -3.622341892821646
2018.18896484375 -3.490542411804 -3.770520796541378
2018.221801757812 -3.723065137863 -3.91231094582625
2018.254638671875 -4.949506282806 -4.044557232552802
2018.287475585938 -4.058022022247 -4.164849578143641
2018.3203125 -4.158566951752 -4.271269067130768
2018.353149414062 -4.600173473358 -4.367485200923954
2018.385986328125 -5.76259803772 -4.4646090036530826
2018.4189453125 -4.665756702423 -4.568213863200502
2018.451782226562 -4.503237724304 -4.681147195987658
2018.484619140625 -5.582709312439 -4.8130197884461605
2018.517456054688 -4.36815404892 -4.973145572586233
2018.55029296875 -3.535843610764 -5.1616809607868355
2018.583129882812 -4.724004745483 -5.369202288425614
2018.615966796875 -3.911226272583 -5.587061773645721
2018.64892578125 -5.268027305603 -5.815972346109185
2018.681762695312 -6.563775062561 -6.059878106523096
2018.714599609375 0.239816218615 -6.32740613010121
2018.747436523438 -6.091644763947 -6.623758291225279
2018.7802734375 -7.457380771637 -6.949986968371223
2018.813110351562 -7.875033855438 -7.3130622971883135
2018.845947265625 -8.711357116699 -7.703651460434551
2018.87890625 -7.117675304413 -8.104050211172378
2018.911743164062 -7.603710651398 -8.523591281863096
2018.944580078125 -8.865050315857 -8.933518993039048
2018.977416992188 -9.029515266418 -9.361514533237061
2019.010986328125 -9.289549827576 -9.843903339894315
2019.043823242188 -10.06573009491 -10.303870623669727
2019.109497070312 -11.620302200317 -11.436442426506565
2019.1259765625 -11.548358917236 -11.735742712044058
2019.142333984375 -11.914854049683 -12.04094562487065
2019.175170898438 -12.75227355957 -12.666808682430453
2019.191650390625 -12.748157501221 -12.98865085251846
2019.208129882812 -14.026378631592 -13.308787918998283
2019.224487304688 -13.454099655151 -13.626253160386321
2019.240966796875 -13.815154075623 -13.937052382256375
2019.25732421875 -14.317834854126 -14.237342889353084
2019.273803710938 -14.631120681763 -14.546525824252166
2019.290161132812 -14.474422454834 -14.850145061825637
2019.306640625 -15.186322212219 -15.119494171922364
2019.323120117188 -15.666075706482 -15.361732579569537
2019.339477539062 -16.358194351196 -15.575424968964748
2019.35595703125 -16.405794143677 -15.766059736270991
2019.372314453125 -15.879422187805 -15.933598031665381
2019.388793945312 -16.550220489502 -16.078786172046154
2019.405151367188 -16.701892852783 -16.17684871275624
2019.421630859375 -16.290071487427 -16.286380094880474
2019.438110351562 -17.825084686279 -16.378736767197164
2019.454467773438 -16.146667480469 -16.47140109351473
2019.470947265625 -14.893827438354 -16.58574899121039
2019.4873046875 -16.590858459473 -16.7004305557184
2019.503784179688 -14.211431503296 -16.75653928516678
2019.520141601562 -13.520112037659 -16.796202911060043
2019.53662109375 -20.348239898682 -16.821043864500062
2019.569458007812 -18.423456192017 -16.839857956455212
2019.602294921875 -11.956298828125 -16.824128215963732
2019.618774414062 -18.159461975098 -16.85121097327278
2019.635131835938 -17.839841842651 -16.896156543792895
2019.651611328125 -17.163177490234 -16.875753777525034
2019.668090820312 -15.597136497498 -16.908187265142953
2019.71728515625 -16.970302581787 -16.81274052868496
2019.733764648438 -15.078704833984 -16.752678906670713
2019.750122070312 -17.810667037964 -16.702862576005916
2019.7666015625 -15.812692642212 -16.64573822973154
2019.799438476562 -16.138158798218 -16.554548481010634
2019.832275390625 -17.609785079956 -16.46491839019689
2019.865112304688 -16.089078903198 -16.387377111839204
2019.898071289062 -16.285301208496 -16.3198919443593
2019.930908203125 -16.374038696289 -16.256542228214922
2019.963745117188 -16.300300598145 -16.173325212152328
2019.99658203125 -16.110809326172 -16.066355747515573
2020.030151367188 -16.150882720947 -15.964813823192896
2020.06298828125 -15.98068523407 -15.81058081081114
2020.095825195312 -15.705792427063 -15.64720152043314
2020.128662109375 -15.749972343445 -15.465306008315656
2020.161499023438 -15.984395027161 -15.266669886088017
2020.177978515625 -15.278559684753 -15.146126629237303
2020.1943359375 -15.273276329041 -15.04690099807791
2020.227294921875 -14.943483352661 -14.803353132239334
2020.260131835938 -13.718870162964 -14.548173016017047
2020.29296875 -14.357025146484 -14.2904928800685
2020.325805664062 -14.428495407104 -14.044533809447763
2020.358642578125 -13.299719810486 -13.888261871490721
2020.391479492188 -14.027101516724 -13.775572984048619
2020.42431640625 -12.149698257446 -13.68141731490935
2020.457275390625 -9.475219726562 -13.640664893975867
2020.490112304688 -12.021228790283 -13.661997466136267
2020.52294921875 -13.200548171997 -13.72450990030502
2020.555786132812 -12.992304801941 -13.827482894904048
2020.572265625 -12.912921905518 -13.957848398101529
2020.588623046875 -15.131578445435 -14.095214664485997
2020.605102539062 -13.578889846802 -14.155178741407163
2020.621459960938 -14.748823165894 -14.317526912166267
2020.654296875 -10.721343040466 -14.613878316846288
2020.687255859375 -15.078260421753 -14.952709270134385
2020.70361328125 -15.347277641296 -15.134867910605127
2020.720092773438 -14.898124694824 -15.288672920423135
2020.7529296875 -15.887119293213 -15.598134537056255
2020.785766601562 -16.348192214966 -15.884389649225412
2020.818603515625 -16.174743652344 -16.154480648584112
2020.851440429688 -17.002511978149 -16.409400800965187
2020.917236328125 -16.940654754639 -16.8662242923372
2020.950073242188 -17.002996444702 -17.05572362980893
2020.98291015625 -17.553926467896 -17.21743798661509
2021.013671875 -17.114698410034 -17.3822967506778
2021.046508789062 -17.68260383606 -17.50935224099678
2021.079345703125 -17.969711303711 -17.59417272577055
2021.1123046875 -17.900489807129 -17.66697249944019
2021.145141601562 -18.232036590576 -17.714939246376343
2021.177978515625 -17.947624206543 -17.738593286603866
2021.210815429688 -18.489734649658 -17.738829881499758
2021.24365234375 -17.518430709839 -17.746671956530456
2021.276489257812 -17.252643585205 -17.67400926667748
2021.309326171875 -18.302328109741 -17.56824190112322
2021.34228515625 -18.3658618927 -17.47275459487801
2021.358642578125 -17.790704727173 -17.477845778761402
2021.391479492188 -17.024282455444 -17.486130904207787
2021.407958984375 -16.004343032837 -17.541500637978032
2021.440795898438 -14.522736549377 -17.60152318400166
2021.4736328125 -15.722140312195 -17.689207511477452
2021.506469726562 -21.336494445801 -17.790891702026897
2021.539306640625 -16.109701156616 -17.89873583268846
2021.572265625 -16.986686706543 -18.1030122009541
2021.605102539062 -20.032941818237 -18.241447048606748
2021.637939453125 -17.828226089478 -18.408221175360552
2021.670776367188 -18.787725448608 -18.623291318218147
2021.736450195312 -19.291679382324 -19.304379092731228
2021.769287109375 -19.496440887451 -19.683945424694503
2021.80224609375 -19.10425567627 -20.10425971673725
2021.835083007812 -19.113330841064 -20.52862962729587
2021.867919921875 -21.844730377197 -20.962463388772107
2021.966430664062 -22.239063262939 -22.1918041484871
2022.0 -22.98268699646 -22.59933242201686
2022.065673828125 -23.201549530029 -23.411786388481918
2022.098510742188 -24.333011627197 -23.772600526301307
2022.197143554688 -25.850122451782 -24.696224527718776
2022.22998046875 -27.277200698853 -24.954565039186058
2022.262817382812 -25.480461120605 -25.188947611542098
2022.295654296875 -24.641056060791 -25.392891675208887
2022.328491210938 -27.215349197388 -25.552796768900443
2022.394287109375 -28.065488815308 -25.74691906400237
2022.558471679688 -26.374759674072 -26.061595236947092
2022.591430664062 -29.435855865479 -26.139005740369875
2022.68994140625 -27.149724960327 -26.2597286605762
2022.722778320312 -28.025951385498 -26.243172745434837
2022.821411132812 -25.026859283447 -26.019715358447424
2022.854248046875 -25.517589569092 -25.972331851303206
2022.887084960938 -25.521200180054 -25.944778357521535
2022.919921875 -25.428936004639 -25.899872475709383
2022.952758789062 -24.949485778809 -25.854371326160535
2022.985595703125 -24.983432769775 -25.884445957641237
2023.019165039062 -25.816801071167 -25.944769307739037
2023.052001953125 -26.071199417114 -26.00369882026199
2023.084838867188 -26.133550643921 -26.12811950867247
2023.11767578125 -26.475419998169 -26.251299493220724
2023.150634765625 -26.033891677856 -26.376017228110516
2023.183471679688 -26.832612991333 -26.481396708071266
2023.21630859375 -27.564241409302 -26.556101789284057
2023.249145507812 -26.792783737183 -26.60846367939988
2023.281982421875 -27.011682510376 -26.649906435207587
2023.314819335938 -27.692245483398 -26.686773326617473
2023.34765625 -27.079307556152 -26.721443679129855
2023.380615234375 -25.784990310669 -26.754058633815664
2023.413452148438 -29.731929779053 -26.78345878075979
2023.4462890625 -23.629943847656 -26.809019620018027
2023.57763671875 -24.838596343994 -26.85803164346868
