2014.804931640625 -0.0 1.05454230481323
2014.837768554688 -8.836722373962 0.680770434802474
2014.903442382812 1.994889974594 -0.06569652240408873
2014.96923828125 -1.411531686783 -0.8116373997505318
2015.03564453125 19.528661727905 -1.562318109644658
2015.101318359375 -19.86399269104 -2.302287328056971
2015.265625 44.018867492676 -4.140755878492086
2015.331298828125 -4.870282649994 -4.869521628754292
2015.39697265625 -41.981098175049 -5.5942950568670025
2016.021850585938 1.61535012722 -12.609074326202338
2016.1533203125 -15.621995925903 -14.579045061028694
2016.350463867188 -16.207162857056 -15.592981249995843
2016.416137695312 -25.785053253174 -15.426590636643274
2016.547607421875 -0.449744671583 -15.117072088644427
2016.744750976562 -16.220682144165 -14.547584063159308
2016.777587890625 -11.293375015259 -14.39950341311858
2016.810424804688 -16.632278442383 -14.26355259440361
2016.84326171875 -11.804625511169 -14.187369122726867
2016.876098632812 -15.455418586731 -14.135968128752873
2016.908935546875 -13.844265937805 -14.101312214313701
2016.941772460938 -13.950040817261 -14.07353876543563
2016.974731445312 -14.315197944641 -14.051525540400064
2017.005493164062 -13.183445930481 -14.067397649662713
2017.038330078125 -14.000737190247 -14.071212188023281
2017.071166992188 -13.634771347046 -14.091074730964655
2017.10400390625 -13.415556907654 -14.248305120982879
2017.136840820312 -13.599116325378 -14.547807774961214
2017.169799804688 -14.936675071716 -14.95217128518718
2017.20263671875 -16.20751953125 -15.475185231884169
2017.235473632812 -12.033184051514 -16.113293781222254
2017.268310546875 -13.142735481262 -16.87499508564021
2017.301147460938 -15.108268737793 -17.756194889225398
2017.333984375 -12.452692985535 -18.74478884804525
2017.366821289062 -24.40647315979 -19.80972190321299
2017.399780273438 -20.529653549194 -20.91698409866717
2017.4326171875 -20.063705444336 -22.017310437443502
2017.498291015625 -25.027444839478 -24.083786395886495
2017.531127929688 -32.364086151123 -25.024616642762147
2017.56396484375 -27.23752784729 -25.853174976223915
2017.596801757812 -31.493041992188 -26.52155086763618
2017.629760742188 -30.357025146484 -27.021922514847258
2017.66259765625 -30.53085899353 -27.35937015810768
2017.695434570312 -30.44765663147 -27.569197847352086
2017.728271484375 -30.232200622559 -27.597823158146294
2017.761108398438 -26.894588470459 -27.382544344394308
2017.7939453125 -26.46951675415 -26.96791706517918
2017.826782226562 -26.650182723999 -26.432873900869563
2017.859741210938 -26.016668319702 -25.79998575472211
2017.892578125 -24.644613265991 -25.11084720236974
2017.925415039062 -24.422857284546 -24.382638668623766
2017.958251953125 -23.393102645874 -23.63632978007057
2017.991088867188 -23.174053192139 -22.880812500930055
2018.024658203125 -22.950908660889 -22.11297457049403
2018.057495117188 -21.237474441528 -21.386808042139393
2018.09033203125 -20.740383148193 -20.71377789169453
2018.123168945312 -21.205045700073 -20.130682855163425
2018.156005859375 -17.478761672974 -19.68588489840873
2018.18896484375 -19.714721679688 -19.40311405287526
2018.221801757812 -15.81621837616 -19.280476501748492
2018.254638671875 -12.923913002014 -19.298533281239962
2018.287475585938 -14.449034690857 -19.44272460017645
2018.3203125 -17.170446395874 -19.694519257553143
2018.353149414062 -16.80108833313 -20.081495609004275
2018.385986328125 -18.033571243286 -20.62461029957985
2018.4189453125 -18.771675109863 -21.330200209128996
2018.451782226562 -22.068357467651 -22.16999177216359
2018.484619140625 -23.778276443481 -23.103041827285193
2018.517456054688 -24.600677490234 -24.08018066868033
2018.55029296875 -28.177381515503 -25.046524052471533
2018.583129882812 -28.473449707031 -25.945262810473682
2018.615966796875 -36.145805358887 -26.752606877228935
2018.64892578125 -29.929990768433 -27.454492252740895
2018.681762695312 -30.503999710083 -28.033304830679494
2018.714599609375 -29.571363449097 -28.473950720801664
2018.747436523438 -29.493936538696 -28.762901400532083
2018.7802734375 -27.358491897583 -28.907414264385864
2018.813110351562 -31.759449005127 -28.858472879649636
2018.845947265625 -29.87064743042 -28.69676079209662
2018.87890625 -29.560344696045 -28.368931200880528
2018.911743164062 -28.930425643921 -27.91367113223982
2018.944580078125 -27.510019302368 -27.47760113752876
2018.977416992188 -27.736536026001 -27.0069799275383
2019.010986328125 -25.453969955444 -26.43974593576453
2019.043823242188 -26.162405014038 -25.81659543418276
2019.109497070312 -22.417015075684 -24.542801573004333
2019.1259765625 -24.393501281738 -24.214749943852617
2019.142333984375 -23.937532424927 -23.944451877215503
2019.175170898438 -24.30357170105 -23.427262023344984
2019.191650390625 -22.484283447266 -23.24452307622001
2019.208129882812 -22.829578399658 -23.110913971742793
2019.224487304688 -22.253679275513 -22.974146582289826
2019.240966796875 -22.902753829956 -22.928079285215727
2019.25732421875 -22.074865341187 -22.91685599033922
2019.273803710938 -22.330724716187 -22.871719194766303
2019.290161132812 -21.64914894104 -22.833367852412387
2019.306640625 -23.84503364563 -22.90629265880443
2019.323120117188 -21.504861831665 -23.036760937236778
2019.339477539062 -21.902811050415 -23.232069838161284
2019.35595703125 -24.574096679688 -23.497750087059792
2019.372314453125 -24.317510604858 -23.81656729774749
2019.388793945312 -23.583307266235 -24.187697761601935
2019.405151367188 -23.578475952148 -24.6325646626988
2019.421630859375 -21.323034286499 -25.047058718449833
2019.438110351562 -26.878644943237 -25.480805348855736
2019.454467773438 -23.732158660889 -25.928966410419097
2019.470947265625 -31.483125686646 -26.38184894776685
2019.4873046875 -29.621137619019 -26.803001656406447
2019.503784179688 -17.924974441528 -27.107429470915346
2019.520141601562 -24.078382492065 -27.461220001509446
2019.53662109375 -29.961685180664 -27.79686662036043
2019.569458007812 -28.880908966064 -28.421318459812788
2019.602294921875 -36.18041229248 -28.961917636981525
2019.618774414062 -30.597053527832 -29.243389686229452
2019.635131835938 -30.480514526367 -29.48357428214368
2019.651611328125 -28.384941101074 -29.667606530080654
2019.668090820312 -28.2825756073 -29.858843337029647
2019.71728515625 -29.21208190918 -30.29663512908808
2019.733764648438 -30.226314544678 -30.40032098202744
2019.750122070312 -32.461860656738 -30.414016086263242
2019.7666015625 -32.973972320557 -30.442377188544306
2019.799438476562 -30.530967712402 -30.320792963639907
2019.832275390625 -29.708890914917 -30.173539897563888
2019.865112304688 -33.519100189209 -30.004237688191726
2019.898071289062 -31.334280014038 -29.856937196937995
2019.930908203125 -29.46808052063 -29.730846382872887
2019.963745117188 -28.447059631348 -29.631848984897655
2019.99658203125 -27.854389190674 -29.52249924418401
2020.030151367188 -26.331680297852 -29.314386410090258
2020.06298828125 -28.14373588562 -29.239932097650062
2020.095825195312 -29.508619308472 -29.17401995774528
2020.128662109375 -30.377246856689 -29.16472840055238
2020.161499023438 -28.74409866333 -29.21888420540436
2020.177978515625 -30.845230102539 -29.27879307058508
2020.1943359375 -28.500341415405 -29.33067165458323
2020.227294921875 -28.342679977417 -29.49203252288755
2020.260131835938 -30.355150222778 -29.676889025817562
2020.29296875 -29.239974975586 -29.85438146537597
2020.325805664062 -32.34468460083 -30.037157891680376
2020.358642578125 -28.488389968872 -30.402707206663546
2020.391479492188 -29.949489593506 -30.931881879298192
2020.42431640625 -30.044752120972 -31.48511218611866
2020.457275390625 -28.097982406616 -32.02357614359865
2020.490112304688 -36.66450881958 -32.57297183130244
2020.52294921875 -24.815313339233 -33.14914432337935
2020.555786132812 -29.677474975586 -33.780947276346005
2020.572265625 -47.531311035156 -34.11299729422467
2020.588623046875 -38.33678817749 -34.41712694421054
2020.605102539062 -36.245887756348 -34.77071878337267
2020.621459960938 -35.845066070557 -35.04875553357187
2020.654296875 -34.725784301758 -35.64895821809466
2020.687255859375 -34.962520599365 -36.12447360708548
2020.70361328125 -36.898914337158 -36.34171902519597
2020.720092773438 -39.212287902832 -36.369725546070846
2020.7529296875 -37.316299438477 -36.379136629885544
2020.785766601562 -38.216197967529 -36.19512756137676
2020.818603515625 -37.870796203613 -35.89112997086775
2020.851440429688 -34.94652557373 -35.5362358624742
2020.917236328125 -37.958168029785 -34.8490288442746
2020.950073242188 -35.861907958984 -34.58445501110833
2020.98291015625 -31.320899963379 -34.38240407628567
2021.013671875 -30.767986297607 -34.084963845357755
2021.046508789062 -30.166234970093 -33.87892299515627
2021.079345703125 -32.660892486572 -33.88724897047907
2021.1123046875 -32.817699432373 -33.87972803410645
2021.145141601562 -32.070777893066 -33.9857104886815
2021.177978515625 -34.432331085205 -34.21400714402547
2021.210815429688 -34.935817718506 -34.55547782461344
2021.24365234375 -33.258625030518 -34.95621468921592
2021.276489257812 -35.825325012207 -35.52736435985053
2021.309326171875 -37.67497253418 -36.13510259625234
2021.34228515625 -37.648403167725 -36.7768125072834
2021.358642578125 -37.679302215576 -37.13684241529369
2021.391479492188 -33.131809234619 -37.82961891012176
2021.407958984375 -34.657360076904 -38.15842315345033
2021.440795898438 -35.614501953125 -38.72894721641358
2021.4736328125 -41.452976226807 -39.18452551741291
2021.506469726562 -47.119583129883 -39.527463324944485
2021.539306640625 -50.004680633545 -39.78371765752006
2021.572265625 -54.59033203125 -39.79261177365619
2021.605102539062 -52.934516906738 -40.029628857711856
2021.637939453125 -44.255023956299 -40.24574103609668
2021.670776367188 -42.274486541748 -40.43777561920905
2021.736450195312 -41.348335266113 -40.24104450012857
2021.769287109375 -42.036994934082 -40.08397862192875
2021.80224609375 -39.548274993896 -39.622991451075606
2021.835083007812 -38.545219421387 -39.10054820419201
2021.867919921875 -39.129161834717 -38.42507681027216
2021.966430664062 -35.625526428223 -36.20517067835365
2022.0 -34.63257598877 -35.51481412953721
2022.065673828125 -33.116863250732 -34.184904194148174
2022.098510742188 -37.031784057617 -33.661019689208004
2022.197143554688 -28.63458442688 -32.388484122485806
2022.22998046875 -32.276718139648 -32.11554470467815
2022.262817382812 -26.342687606812 -31.952093693936256
2022.295654296875 -26.194375991821 -31.9239112140311
2022.328491210938 -26.413597106934 -32.02239378378186
2022.394287109375 -32.509101867676 -32.290330557684
2022.558471679688 -37.289699554443 -32.18665645224165
2022.591430664062 -11.672907829285 -32.35151507656173
2022.68994140625 -38.189582824707 -33.3748914312042
2022.722778320312 -47.267650604248 -33.72543302847017
2022.821411132812 -33.166126251221 -33.91642752612981
2022.854248046875 -40.147598266602 -33.63575117877285
2022.887084960938 -31.832916259766 -33.28310092934428
2022.919921875 -31.306550979614 -32.96036315362981
2022.952758789062 -33.550914764404 -32.669933960831266
2022.985595703125 -33.756916046143 -32.5071976224072
2023.019165039062 -30.14762878418 -32.46689973583554
2023.052001953125 -31.689693450928 -32.43877394371183
2023.084838867188 -30.171146392822 -32.614399205486485
2023.11767578125 -33.242835998535 -32.992414772981995
2023.150634765625 -32.56946182251 -33.31388578636973
2023.183471679688 -31.578025817871 -33.77274095369411
2023.21630859375 -30.255176544189 -34.240664613248114
2023.249145507812 -30.939605712891 -34.71722796290744
2023.281982421875 -35.785285949707 -35.20443995505171
2023.314819335938 -35.663734436035 -35.70519321492767
2023.34765625 -35.719314575195 -36.221777719349525
2023.380615234375 -42.209014892578 -36.758109004009036
2023.413452148438 -35.560913085938 -37.311522824780674
2023.4462890625 -45.061923980713 -37.88335619980162
2023.57763671875 -53.753131866455 -40.33017687788501
