2014.804931640625  -9.918725756184482
2014.837768554688  -10.295982753439807
2014.903442382812  -11.05012215434002
2014.96923828125  -11.804953065923868
2015.03564453125  -12.565936661869808
2015.101318359375  -13.317564560527364
2015.265625  -15.192702455133256
2015.331298828125  -15.939444923654959
2015.39697265625  -16.684154616888463
2016.021850585938  -24.2411668316694
2016.1533203125  -25.36000879647756
2016.350463867188  -26.16301680283097
2016.416137695312  -26.414532399581027
2016.547607421875  -27.216356906245473
2016.744750976562  -28.91894191886054
2016.777587890625  -28.521699807000786
2016.810424804688  -28.142500758134062
2016.84326171875  -27.777454327333835
2016.876098632812  -27.41548093982968
2016.908935546875  -27.124057689108533
2016.941772460938  -26.864560540329443
2016.974731445312  -26.614754065703128
2017.005493164062  -26.46086700731577
2017.038330078125  -26.24693886385499
2017.071166992188  -26.055829419588367
2017.10400390625  -26.02532661098218
2017.136840820312  -26.063591070339196
2017.169799804688  -26.13655265121136
2017.20263671875  -26.215273117939766
2017.235473632812  -26.26645834740867
2017.268310546875  -26.264977017712038
2017.301147460938  -26.206364466636373
2017.333984375  -26.096327105418016
2017.366821289062  -25.934159318695375
2017.399780273438  -25.714622695348293
2017.4326171875  -25.429016783462423
2017.498291015625  -24.62713124636113
2017.531127929688  -24.126960214037886
2017.56396484375  -23.584732349838813
2017.596801757812  -23.01689891308517
2017.629760742188  -22.42983960855418
2017.66259765625  -21.843971417188833
2017.695434570312  -21.285199961260034
2017.728271484375  -20.773947347276156
2017.761108398438  -20.31285615590975
2017.7939453125  -19.89928122118549
2017.826782226562  -19.53230143095458
2017.859741210938  -19.221587627693463
2017.892578125  -19.00443511858969
2017.925415039062  -18.89052739815214
2017.958251953125  -18.878410922767138
2017.991088867188  -18.94831920333171
2018.024658203125  -19.0828962842341
2018.057495117188  -19.26370365732302
2018.09033203125  -19.49072111553449
2018.123168945312  -19.77888919651385
2018.156005859375  -20.135843394330642
2018.18896484375  -20.55214756525082
2018.221801757812  -21.001448621947937
2018.254638671875  -21.47227222720333
2018.287475585938  -21.96226613026444
2018.3203125  -22.46736846070863
2018.353149414062  -22.981182671499337
2018.385986328125  -23.49478630261796
2018.4189453125  -23.989743349963327
2018.451782226562  -24.444228094870862
2018.484619140625  -24.847914865560508
2018.517456054688  -25.19452373273056
2018.55029296875  -25.48056535311993
2018.583129882812  -25.69235300269486
2018.615966796875  -25.82384516095385
2018.64892578125  -25.87957607856816
2018.681762695312  -25.87894660327664
2018.714599609375  -25.844361350990553
2018.747436523438  -25.78287644688826
2018.7802734375  -25.681176898072753
2018.813110351562  -25.50880183329906
2018.845947265625  -25.28014953445709
2018.87890625  -25.009439168646928
2018.911743164062  -24.7282288543625
2018.944580078125  -24.448502399377563
2018.977416992188  -24.179435801857917
2019.010986328125  -23.871457104334503
2019.043823242188  -23.575609368944832
2019.109497070312  -22.80960413312267
2019.1259765625  -22.606558992187708
2019.142333984375  -22.361082612834053
2019.175170898438  -21.862645044380532
2019.191650390625  -21.576858488281395
2019.208129882812  -21.27756415073381
2019.224487304688  -20.985626338325453
2019.240966796875  -20.661105984306836
2019.25732421875  -20.33557832363622
2019.273803710938  -19.999098228194683
2019.290161132812  -19.644141940896912
2019.306640625  -19.31914431995621
2019.323120117188  -19.025476860671947
2019.339477539062  -18.759489601592442
2019.35595703125  -18.50616885024484
2019.372314453125  -18.25946796050117
2019.388793945312  -18.01439766486852
2019.405151367188  -17.775758443429503
2019.421630859375  -17.55006198803342
2019.438110351562  -17.33989231398613
2019.454467773438  -17.14985587239409
2019.470947265625  -16.989925234249185
2019.4873046875  -16.870861685418156
2019.503784179688  -16.829332523628793
2019.520141601562  -16.742033513722312
2019.53662109375  -16.67375808071299
2019.569458007812  -16.617084800364054
2019.602294921875  -16.68488560438344
2019.618774414062  -16.713199529501093
2019.635131835938  -16.752648301162594
2019.651611328125  -16.846269780527262
2019.668090820312  -16.91055190178597
2019.71728515625  -17.219820209306075
2019.733764648438  -17.342679960274673
2019.750122070312  -17.473075412499178
2019.7666015625  -17.60111057583167
2019.799438476562  -17.866748324405254
2019.832275390625  -18.14039420404165
2019.865112304688  -18.43534640807607
2019.898071289062  -18.75898214774184
2019.930908203125  -19.12960319073575
2019.963745117188  -19.564396505620966
2019.99658203125  -20.013167703591144
2020.030151367188  -20.441448234509405
2020.06298828125  -20.919522379964366
2020.095825195312  -21.399028076759702
2020.128662109375  -21.895736136302293
2020.161499023438  -22.403991398259688
2020.177978515625  -22.65115057872182
2020.1943359375  -22.908264284872097
2020.227294921875  -23.394648237002983
2020.260131835938  -23.838463941772083
2020.29296875  -24.25685229731669
2020.325805664062  -24.611738594211822
2020.358642578125  -24.827581939003384
2020.391479492188  -24.986945603232726
2020.42431640625  -25.114114400893413
2020.457275390625  -25.17769599122211
2020.490112304688  -25.145269553668637
2020.52294921875  -25.031338951451897
2020.555786132812  -24.82550364556848
2020.572265625  -24.644963236431007
2020.588623046875  -24.451494087373064
2020.605102539062  -24.31594588160664
2020.621459960938  -24.09627908465033
2020.654296875  -23.68580077146955
2020.687255859375  -23.263606394385683
2020.70361328125  -23.044609954453623
2020.720092773438  -22.885057717848763
2020.7529296875  -22.56205821352013
2020.785766601562  -22.28319598478386
2020.818603515625  -22.050750074660343
2020.851440429688  -21.866707095536995
2020.917236328125  -21.654326049245856
2020.950073242188  -21.71212006930072
2020.98291015625  -21.822334506420777
2021.013671875  -21.86741992465611
2021.046508789062  -22.086642429429727
2021.079345703125  -22.40625914861568
2021.1123046875  -22.728029038966852
2021.145141601562  -23.054995632362637
2021.177978515625  -23.37271977400661
2021.210815429688  -23.680265258350875
2021.24365234375  -24.02805678924752
2021.276489257812  -24.324510699424806
2021.309326171875  -24.592491805588903
2021.34228515625  -24.830215584460998
2021.358642578125  -24.930260458319243
2021.391479492188  -25.157211339140765
2021.407958984375  -25.275897903817846
2021.440795898438  -25.510505678563764
2021.4736328125  -25.737848189585026
2021.506469726562  -25.94372704199597
2021.539306640625  -26.119515745164417
2021.572265625  -26.281765688269356
2021.605102539062  -26.451800369211124
2021.637939453125  -26.614183473635496
2021.670776367188  -26.76667026811682
2021.736450195312  -27.019992013815376
2021.769287109375  -27.17217324792716
2021.80224609375  -27.287880701823752
2021.835083007812  -27.412712855905166
2021.867919921875  -27.48734383321379
2021.966430664062  -27.598426831080335
2022.0  -27.620056775108093
2022.065673828125  -27.666058820409265
2022.098510742188  -27.698682858478026
2022.197143554688  -27.810367140339864
2022.22998046875  -27.863137800394608
2022.262817382812  -27.9252911225495
2022.295654296875  -27.977865497254147
2022.328491210938  -27.98027243894542
2022.394287109375  -27.795787963811076
2022.558471679688  -27.251090138187575
2022.591430664062  -27.222103190478
2022.68994140625  -27.224184669089205
2022.722778320312  -27.24348153629597
2022.821411132812  -26.92805579417916
2022.854248046875  -26.557024242507207
2022.887084960938  -26.09943277995297
2022.919921875  -25.673856365611993
2022.952758789062  -25.256218954158395
2022.985595703125  -24.88886880582191
2023.019165039062  -24.584346897566963
2023.052001953125  -24.275097752135856
2023.084838867188  -24.088081861797708
2023.11767578125  -24.01086410512995
2023.150634765625  -23.883041978518754
2023.183471679688  -23.825046897872014
2023.21630859375  -23.768275998557556
2023.249145507812  -23.715519369456164
2023.281982421875  -23.668983154348137
2023.314819335938  -23.630671209028772
2023.34765625  -23.60226363044055
2023.380615234375  -23.584693029960185
2023.413452148438  -23.57809436832312
2023.4462890625  -23.581325916871247
2023.57763671875  -23.67348720523426
