2014.804931640625 -0.0 0.5223258823091356
2014.837768554688 -6.746621131897 -2.0866452269317906
2014.903442382812 -7.746138095856 -7.302820720837001
2014.96923828125 -10.853368759155 -12.525331137182032
2015.03564453125 -8.531865119934 -17.79149722035431
2015.101318359375 -19.426076889038 -22.993631927175496
2015.265625 -20.881881713867 -35.976521136053115
2015.331298828125 -42.963432312012 -41.151835012688714
2015.39697265625 -62.073566436768 -46.31897346893766
2016.021850585938 -87.025764465332 -96.12306541130424
2016.1533203125 -113.086532592773 -109.2441996190682
2016.350463867188 -138.577865600586 -123.32140373795356
2016.416137695312 -125.813079833984 -126.04120959287724
2016.547607421875 -135.944381713867 -131.5389908869383
2016.744750976562 -133.089965820312 -139.71994370844416
2016.777587890625 -138.821502685547 -141.02007665542513
2016.810424804688 -148.34684753418 -142.31176866561248
2016.84326171875 -142.882385253906 -143.55128473728095
2016.876098632812 -145.892364501953 -144.72992088349898
2016.908935546875 -146.278991699219 -145.91655130790178
2016.941772460938 -147.343200683594 -147.1132940851125
2016.974731445312 -148.504165649414 -148.3840094952583
2017.005493164062 -150.118743896484 -149.5787975889796
2017.038330078125 -149.68278503418 -150.85625807530388
2017.071166992188 -151.878433227539 -152.1160420331099
2017.10400390625 -153.124084472656 -153.39107388618459
2017.136840820312 -154.113754272461 -154.70112678649284
2017.169799804688 -156.886749267578 -156.04408457039128
2017.20263671875 -157.73307800293 -157.41740863983873
2017.235473632812 -156.995223999023 -158.82637029635083
2017.268310546875 -153.028030395508 -160.25315079154757
2017.301147460938 -161.598724365234 -161.64031453149494
2017.333984375 -159.665283203125 -162.95309827277987
2017.366821289062 -167.255950927734 -164.2040830319733
2017.399780273438 -168.267807006836 -165.42527651530605
2017.4326171875 -161.232528686523 -166.6382518572581
2017.498291015625 -182.765640258789 -169.03299844293585
2017.531127929688 -171.343933105469 -170.1952357124225
2017.56396484375 -174.911834716797 -171.3016167212568
2017.596801757812 -171.56462097168 -172.33543628856046
2017.629760742188 -173.199142456055 -173.30052861020874
2017.66259765625 -174.332870483398 -174.16466441423043
2017.695434570312 -173.089080810547 -174.96276641882653
2017.728271484375 -178.219619750977 -175.74336711513862
2017.761108398438 -175.316329956055 -176.5196179393147
2017.7939453125 -176.871154785156 -177.2933136701402
2017.826782226562 -178.643783569336 -178.07087898868488
2017.859741210938 -179.328903198242 -178.85740934827578
2017.892578125 -179.463531494141 -179.65260104541613
2017.925415039062 -180.531555175781 -180.45546877764554
2017.958251953125 -180.979690551758 -181.25768519105972
2017.991088867188 -182.407409667969 -182.06307244015443
2018.024658203125 -182.807739257812 -182.9000175290347
2018.057495117188 -183.353515625 -183.74866966205582
2018.09033203125 -184.425216674805 -184.66126041932225
2018.123168945312 -185.481155395508 -185.6662927372025
2018.156005859375 -184.3955078125 -186.7826666891146
2018.18896484375 -188.371994018555 -188.01304047988927
2018.221801757812 -187.360122680664 -189.3332743258703
2018.254638671875 -188.382934570312 -190.73407387360302
2018.287475585938 -189.998336791992 -192.2075203854168
2018.3203125 -191.895034790039 -193.74659410158637
2018.353149414062 -193.061401367188 -195.35535908876565
2018.385986328125 -197.95361328125 -197.03839013747307
2018.4189453125 -200.515121459961 -198.78980142818756
2018.451782226562 -200.937286376953 -200.56578810990786
2018.484619140625 -202.670120239258 -202.33424835181114
2018.517456054688 -203.722305297852 -204.0745056687247
2018.55029296875 -208.912567138672 -205.7611520187498
2018.583129882812 -206.869415283203 -207.36383246005641
2018.615966796875 -209.3955078125 -208.87243864078863
2018.64892578125 -215.457962036133 -210.2948724582584
2018.681762695312 -214.383834838867 -211.63790542351276
2018.714599609375 -212.63330078125 -212.916705534471
2018.747436523438 -215.290496826172 -214.13654492150644
2018.7802734375 -214.177688598633 -215.30281190968475
2018.813110351562 -222.58952331543 -216.37244328541624
2018.845947265625 -218.342193603516 -217.4009528183772
2018.87890625 -219.14762878418 -218.33819607276294
2018.911743164062 -220.029190063477 -219.14343616449372
2018.944580078125 -219.552215576172 -219.9464711882292
2018.977416992188 -222.288864135742 -220.7451239885665
2019.010986328125 -221.382354736328 -221.444063125552
2019.043823242188 -221.9716796875 -222.06912720501026
2019.109497070312 -222.199111938477 -223.1329686238757
2019.1259765625 -223.079803466797 -223.3964799936749
2019.142333984375 -225.639205932617 -223.6364027573867
2019.175170898438 -224.590423583984 -224.1142129354084
2019.191650390625 -223.731918334961 -224.36313383343267
2019.208129882812 -226.592376708984 -224.62538860273435
2019.224487304688 -224.388168334961 -224.88539823776588
2019.240966796875 -224.17707824707 -225.161793544475
2019.25732421875 -225.411956787109 -225.45202829042285
2019.273803710938 -224.568634033203 -225.7133508190722
2019.290161132812 -223.767578125 -225.95908515010447
2019.306640625 -227.606185913086 -226.31644300124125
2019.323120117188 -225.816055297852 -226.749756135428
2019.339477539062 -226.8857421875 -227.24331091246637
2019.35595703125 -228.189376831055 -227.80124851974648
2019.372314453125 -228.081634521484 -228.41576162097337
2019.388793945312 -226.833343505859 -229.1054717684295
2019.405151367188 -229.071075439453 -229.93603975380475
2019.421630859375 -229.295288085938 -230.7619273362599
2019.438110351562 -230.773330688477 -231.6427413536975
2019.454467773438 -234.232772827148 -232.56871386297806
2019.470947265625 -236.358551025391 -233.54537643938542
2019.4873046875 -232.1884765625 -234.51318397046006
2019.503784179688 -219.469680786133 -235.33247196752387
2019.520141601562 -229.53010559082 -236.18917898854247
2019.53662109375 -238.74397277832 -237.04342859506318
2019.569458007812 -239.390731811523 -238.85604247698856
2019.602294921875 -245.929489135742 -240.86510845917817
2019.618774414062 -232.397445678711 -241.85466573716877
2019.635131835938 -249.55827331543 -242.81193542236224
2019.651611328125 -241.269149780273 -243.7920483731701
2019.668090820312 -243.843185424805 -244.72662167725863
2019.71728515625 -245.936996459961 -247.55960169849996
2019.733764648438 -249.533721923828 -248.51219943077066
2019.750122070312 -250.296020507812 -249.481080423755
2019.7666015625 -253.667129516602 -250.4472121830968
2019.799438476562 -252.426574707031 -252.40539466012012
2019.832275390625 -253.3505859375 -254.39152259617586
2019.865112304688 -256.412750244141 -256.4018075956937
2019.898071289062 -258.740325927734 -258.4338422993938
2019.930908203125 -259.964630126953 -260.47259170924593
2019.963745117188 -261.645690917969 -262.5592548391858
2019.99658203125 -264.397216796875 -264.66117590189987
2020.030151367188 -265.947235107422 -266.757372485518
2020.06298828125 -268.814788818359 -268.91130733875406
2020.095825195312 -271.166137695312 -271.0589855660582
2020.128662109375 -273.3291015625 -273.19906177697294
2020.161499023438 -275.708374023438 -275.30288852883547
2020.177978515625 -276.700469970703 -276.27659399704265
2020.1943359375 -277.625823974609 -277.32490139449675
2020.227294921875 -280.610870361328 -279.23555755776687
2020.260131835938 -281.544921875 -281.0300740684274
2020.29296875 -284.091949462891 -282.7839570883368
2020.325805664062 -288.367279052734 -284.39156559052327
2020.358642578125 -285.396362304688 -285.7022283391171
2020.391479492188 -290.662078857422 -286.8884985429583
2020.42431640625 -289.849853515625 -288.0313453161048
2020.457275390625 -289.498016357422 -289.0996825123983
2020.490112304688 -289.542144775391 -290.0471872604747
2020.52294921875 -283.438659667969 -290.8964740884079
2020.555786132812 -287.247375488281 -291.659415712093
2020.572265625 -299.478637695312 -292.00802844408116
2020.588623046875 -289.420501708984 -292.338861623794
2020.605102539062 -295.030456542969 -292.6898975427498
2020.621459960938 -295.446929931641 -293.0043597140266
2020.654296875 -294.924957275391 -293.64637545844084
2020.687255859375 -292.909942626953 -294.2796168964115
2020.70361328125 -296.262481689453 -294.6116959156299
2020.720092773438 -294.436279296875 -294.9129129626949
2020.7529296875 -294.979675292969 -295.54210322391765
2020.785766601562 -298.884796142578 -296.1503356921875
2020.818603515625 -295.869659423828 -296.7474007690554
2020.851440429688 -294.670867919922 -297.3476030512672
2020.917236328125 -298.600189208984 -298.6387328815804
2020.950073242188 -299.323822021484 -299.4192212774294
2020.98291015625 -300.201751708984 -300.25811880400494
2021.013671875 -300.739227294922 -300.9933006350525
2021.046508789062 -298.471038818359 -301.95249987542445
2021.079345703125 -302.676147460938 -303.15533963140314
2021.1123046875 -302.960754394531 -304.4435716418168
2021.145141601562 -304.958038330078 -305.86285772562604
2021.177978515625 -306.081970214844 -307.38513107674794
2021.210815429688 -307.380767822266 -309.0209406226516
2021.24365234375 -308.399658203125 -310.56534297389885
2021.276489257812 -309.871612548828 -312.5558359324638
2021.309326171875 -314.415954589844 -314.7798019962623
2021.34228515625 -314.974945068359 -317.20781763980966
2021.358642578125 -318.172698974609 -318.5860760632076
2021.391479492188 -320.992523193359 -321.2571377017246
2021.407958984375 -319.904754638672 -322.7365126088434
2021.440795898438 -323.779968261719 -325.65450602063754
2021.4736328125 -322.574432373047 -328.7089500974423
2021.506469726562 -330.874176025391 -331.6886183179967
2021.539306640625 -335.779693603516 -334.3124940680498
2021.572265625 -340.210754394531 -336.33397341408875
2021.605102539062 -346.853881835938 -338.78446195854366
2021.637939453125 -346.953765869141 -341.1822694062926
2021.670776367188 -349.280517578125 -343.485158709767
2021.736450195312 -358.054656982422 -347.49791169592737
2021.769287109375 -354.655303955078 -349.582645360173
2021.80224609375 -354.48828125 -351.3769889818385
2021.835083007812 -353.224212646484 -353.1999333276651
2021.867919921875 -356.210906982422 -354.6535094725528
2021.966430664062 -359.584014892578 -358.3777600732446
2022.0 -359.208038330078 -359.4031612080613
2022.065673828125 -365.173156738281 -361.47411747979066
2022.098510742188 -360.206390380859 -362.4671546539868
2022.197143554688 -360.946594238281 -365.47064530734104
2022.22998046875 -366.917175292969 -366.49978365353985
2022.262817382812 -364.384246826172 -367.5498595715504
2022.295654296875 -367.899261474609 -368.6240494630679
2022.328491210938 -371.550689697266 -369.72482196530655
2022.394287109375 -372.160797119141 -371.97298490889614
2022.558471679688 -396.758636474609 -377.7614147240485
2022.591430664062 -355.278656005859 -378.9749621681388
2022.68994140625 -382.484252929688 -382.55745652228643
2022.722778320312 -396.567138671875 -383.70259030619286
2022.821411132812 -386.256591796875 -387.1665157444095
2022.854248046875 -387.997192382812 -388.3532461398576
2022.887084960938 -388.809143066406 -389.5266187975396
2022.919921875 -391.535888671875 -390.702423258463
2022.952758789062 -395.301025390625 -391.87946619798373
2022.985595703125 -394.007080078125 -393.0671886971696
2023.019165039062 -393.611358642578 -394.3107393246029
2023.052001953125 -394.68603515625 -395.5251706714693
2023.084838867188 -396.197692871094 -396.7985120479237
2023.11767578125 -398.330780029297 -398.22207054509147
2023.150634765625 -398.743438720703 -399.635048113216
2023.183471679688 -399.260772705078 -401.1710301858511
2023.21630859375 -397.512054443359 -402.71290177029846
2023.249145507812 -399.639862060547 -404.25492076993066
2023.281982421875 -403.977355957031 -405.79783570920415
2023.314819335938 -407.864715576172 -407.3446658806513
2023.34765625 -406.283996582031 -408.89955525427064
2023.380615234375 -416.525848388672 -410.47223248749634
2023.413452148438 -405.549346923828 -412.05525596117724
2023.4462890625 -417.973083496094 -413.6572032145102
2023.57763671875 -441.376892089844 -420.2483455970862
