2014.804931640625 -0.0 -1.6036866213184229
2014.837768554688 -0.642942070961 -2.849675404262734
2014.903442382812 -2.368930101395 -5.3387809628588485
2014.96923828125 -8.152621269226 -7.8290751463237
2015.03564453125 -12.034941673279 -10.339677022122459
2015.101318359375 -20.733943939209 -12.82049291764245
2015.265625 -19.839139938354 -19.020233087265993
2015.331298828125 -32.013408660889 -21.49633185932104
2015.39697265625 -45.635929107666 -23.97162618273135
2016.021850585938 -46.623592376709 -47.564408980556735
2016.1533203125 -54.425231933594 -52.4577208185061
2016.350463867188 -59.037010192871 -58.94287988106463
2016.416137695312 -57.644393920898 -61.04465894157523
2016.547607421875 -68.986610412598 -65.30486459582518
2016.744750976562 -72.064720153809 -71.41935153500187
2016.777587890625 -72.20450592041 -72.45963070739892
2016.810424804688 -73.999443054199 -73.4790686797951
2016.84326171875 -75.250984191895 -74.3946707353407
2016.876098632812 -75.405944824219 -75.25052076579863
2016.908935546875 -75.745040893555 -76.13984813208496
2016.941772460938 -75.824424743652 -77.04452995574
2016.974731445312 -76.731285095215 -77.97908276700475
2017.005493164062 -78.449020385742 -78.91143558267416
2017.038330078125 -79.990257263184 -79.8691349300284
2017.071166992188 -80.212196350098 -80.83116673998008
2017.10400390625 -81.039199829102 -81.92288875779629
2017.136840820312 -82.260787963867 -83.0963394950154
2017.169799804688 -84.676849365234 -84.33312395732374
2017.20263671875 -84.61833190918 -85.62110328710997
2017.235473632812 -85.818435668945 -86.94485442672323
2017.268310546875 -89.889007568359 -88.28182869608774
2017.301147460938 -88.127250671387 -89.61639719030191
2017.333984375 -90.001487731934 -90.94388943399049
2017.366821289062 -92.812393188477 -92.26414661100549
2017.399780273438 -95.407295227051 -93.57517629924801
2017.4326171875 -96.947296142578 -94.86060353884942
2017.498291015625 -96.760299682617 -97.37890030582453
2017.531127929688 -99.46312713623 -98.60647043559203
2017.56396484375 -99.980979919434 -99.80129525048763
2017.596801757812 -101.163772583008 -100.96018570194016
2017.629760742188 -102.477279663086 -102.08132830361527
2017.66259765625 -103.361846923828 -103.14417119790404
2017.695434570312 -102.576583862305 -104.16085238311351
2017.728271484375 -104.659461975098 -105.1461789471875
2017.761108398438 -107.282600402832 -106.11028404728471
2017.7939453125 -108.793731689453 -107.0533966151709
2017.826782226562 -107.990173339844 -107.97119949047959
2017.859741210938 -109.481117248535 -108.86645866169903
2017.892578125 -110.666313171387 -109.74137121179876
2017.925415039062 -110.635757446289 -110.62240570049558
2017.958251953125 -111.000801086426 -111.53254969162528
2017.991088867188 -112.027923583984 -112.48373285475594
2018.024658203125 -113.282829284668 -113.49394972967482
2018.057495117188 -114.267517089844 -114.51370091699228
2018.09033203125 -113.441764831543 -115.57150651904485
2018.123168945312 -113.827522277832 -116.6752504353178
2018.156005859375 -115.899452209473 -117.82072345216547
2018.18896484375 -118.067878723145 -119.00151879273962
2018.221801757812 -121.454032897949 -120.20744079430735
2018.254638671875 -122.316566467285 -121.44311750158516
2018.287475585938 -123.580810546875 -122.7046967039373
2018.3203125 -123.28955078125 -123.97956472318472
2018.353149414062 -124.942276000977 -125.2546275684627
2018.385986328125 -127.96012878418 -126.51509509761458
2018.4189453125 -128.936828613281 -127.7460853307401
2018.451782226562 -129.490478515625 -128.92333175706926
2018.484619140625 -128.987152099609 -130.05056309584666
2018.517456054688 -131.174545288086 -131.13062968031417
2018.55029296875 -132.630310058594 -132.16477612006764
2018.583129882812 -134.219604492188 -133.14313036222967
2018.615966796875 -133.019485473633 -134.04888395507353
2018.64892578125 -136.002334594727 -134.87322423932665
2018.681762695312 -137.639511108398 -135.6132847787271
2018.714599609375 -137.4580078125 -136.28544538348666
2018.747436523438 -137.143829345703 -136.8993370111116
2018.7802734375 -139.100845336914 -137.46461262042556
2018.813110351562 -139.524047851562 -137.95590543096344
2018.845947265625 -139.442901611328 -138.42451126538552
2018.87890625 -138.554336547852 -138.80942506641983
2018.911743164062 -138.722106933594 -139.10270572159763
2018.944580078125 -139.073486328125 -139.36864784628455
2018.977416992188 -139.371032714844 -139.62558187053807
2019.010986328125 -139.923782348633 -139.96873533520218
2019.043823242188 -139.301162719727 -140.2878317103116
2019.109497070312 -140.280776977539 -141.23075378727373
2019.1259765625 -140.954727172852 -141.4609549201598
2019.142333984375 -141.170196533203 -141.76494599921847
2019.175170898438 -139.933807373047 -142.38819095969663
2019.191650390625 -141.996978759766 -142.7705682187223
2019.208129882812 -143.999984741211 -143.1780071653685
2019.224487304688 -144.655776977539 -143.6027851649364
2019.240966796875 -144.817276000977 -144.0362632529572
2019.25732421875 -144.719879150391 -144.45085117793474
2019.273803710938 -145.677703857422 -144.90034878011687
2019.290161132812 -145.077758789062 -145.34249672222435
2019.306640625 -145.332931518555 -145.68683060982335
2019.323120117188 -146.43928527832 -145.97982684766748
2019.339477539062 -146.422653198242 -146.223029835066
2019.35595703125 -147.075637817383 -146.41585058154547
2019.372314453125 -148.385147094727 -146.56064318695758
2019.388793945312 -146.757614135742 -146.67017420042214
2019.405151367188 -146.27018737793 -146.69874492145476
2019.421630859375 -147.167404174805 -146.7807269734906
2019.438110351562 -148.11408996582 -146.84832203906882
2019.454467773438 -147.597747802734 -146.90513140275237
2019.470947265625 -146.181091308594 -146.96867569614272
2019.4873046875 -147.213806152344 -147.0535433482893
2019.503784179688 -145.23551940918 -147.20925200549513
2019.520141601562 -145.964584350586 -147.31722457851205
2019.53662109375 -146.582061767578 -147.44844646172177
2019.569458007812 -149.214538574219 -147.84561669161644
2019.602294921875 -146.341979980469 -148.47607390008767
2019.618774414062 -147.691253662109 -148.77298315941238
2019.635131835938 -148.905258178711 -149.0901333648526
2019.651611328125 -150.64176940918 -149.48404836979938
2019.668090820312 -147.612121582031 -149.83914655360235
2019.71728515625 -151.6123046875 -150.97187047188268
2019.733764648438 -152.3740234375 -151.34591335974554
2019.750122070312 -151.372985839844 -151.68059527550002
2019.7666015625 -151.96826171875 -152.0288037657422
2019.799438476562 -153.470703125 -152.6378488483461
2019.832275390625 -154.200469970703 -153.22042225994525
2019.865112304688 -154.282211303711 -153.740538554224
2019.898071289062 -154.628616333008 -154.19665481911804
2019.930908203125 -154.97966003418 -154.6017930477846
2019.963745117188 -155.179901123047 -154.98406985606903
2019.99658203125 -155.545455932617 -155.38549866108892
2020.030151367188 -155.754455566406 -155.78873601076688
2020.06298828125 -155.053070068359 -156.19198517017912
2020.095825195312 -155.452835083008 -156.59431085282992
2020.128662109375 -156.55940246582 -157.02556314875693
2020.161499023438 -158.280853271484 -157.4997384452311
2020.177978515625 -157.187774658203 -157.78777319827302
2020.1943359375 -157.099975585938 -158.02372140549997
2020.227294921875 -159.714538574219 -158.6091370314264
2020.260131835938 -158.491882324219 -159.25044623071588
2020.29296875 -159.42497253418 -159.92676096491425
2020.325805664062 -160.199737548828 -160.64980916220279
2020.358642578125 -161.204727172852 -161.42426663064575
2020.391479492188 -161.806793212891 -162.19428641483998
2020.42431640625 -166.592819213867 -162.9525105046417
2020.457275390625 -162.016143798828 -163.71826629857898
2020.490112304688 -165.332611083984 -164.47677743760715
2020.52294921875 -164.606475830078 -165.20977101189698
2020.555786132812 -167.47509765625 -165.87283201489342
2020.572265625 -169.042633056641 -166.09174873161862
2020.588623046875 -166.970245361328 -166.26902731913515
2020.605102539062 -166.473617553711 -166.5744516367232
2020.621459960938 -168.015808105469 -166.69281720454623
2020.654296875 -166.485870361328 -166.97094597114514
2020.687255859375 -169.402313232422 -167.09119380998925
2020.70361328125 -169.042434692383 -167.15147491761144
2020.720092773438 -168.803833007812 -167.05588921269617
2020.7529296875 -167.23112487793 -166.9300369127862
2020.785766601562 -166.552886962891 -166.77052729526307
2020.818603515625 -166.578735351562 -166.61367106859961
2020.851440429688 -166.820327758789 -166.46297073998278
2020.917236328125 -164.031936645508 -166.16338554400704
2020.950073242188 -164.988143920898 -166.12338339540193
2020.98291015625 -164.92658996582 -166.18391583756141
2021.013671875 -165.142959594727 -166.15307343866039
2021.046508789062 -166.53825378418 -166.33259703983302
2021.079345703125 -166.105972290039 -166.73733111813965
2021.1123046875 -165.808822631836 -167.16322575059166
2021.145141601562 -165.977935791016 -167.68247838270108
2021.177978515625 -166.02033996582 -168.27457970538856
2021.210815429688 -169.114013671875 -168.91047215464224
2021.24365234375 -169.555358886719 -169.52975964930238
2021.276489257812 -169.649032592773 -170.22860157779905
2021.309326171875 -173.028579711914 -170.958214711261
2021.34228515625 -173.344253540039 -171.68740714081898
2021.358642578125 -171.98469543457 -171.98200364867938
2021.391479492188 -173.379241943359 -172.5953903429115
2021.407958984375 -172.840530395508 -172.8297452806598
2021.440795898438 -171.647964477539 -173.3402034171767
2021.4736328125 -175.117691040039 -173.72640875205735
2021.506469726562 -176.398880004883 -173.95170886955168
2021.539306640625 -177.433212280273 -174.03261985282907
2021.572265625 -169.857513427734 -173.8321086784207
2021.605102539062 -175.148788452148 -173.8068090431351
2021.637939453125 -174.916397094727 -173.75717794175634
2021.670776367188 -176.312316894531 -173.69959545980447
2021.736450195312 -176.981674194336 -173.47002154933665
2021.769287109375 -171.338363647461 -173.32636635552717
2021.80224609375 -172.590301513672 -173.10925563919153
2021.835083007812 -169.650131225586 -172.88650888255032
2021.867919921875 -172.364974975586 -172.67345050293494
2021.966430664062 -172.861099243164 -172.07431200321324
2022.0 -173.213424682617 -171.90500009618822
2022.065673828125 -168.99284362793 -171.52511687117106
2022.098510742188 -166.513259887695 -171.3718064491735
2022.197143554688 -172.43115234375 -170.91255838327422
2022.22998046875 -170.694320678711 -170.73464236380462
2022.262817382812 -168.233901977539 -170.53583358650607
2022.295654296875 -170.546401977539 -170.3189222488984
2022.328491210938 -172.148742675781 -170.08944031367113
2022.394287109375 -169.149139404297 -169.60794467276358
2022.558471679688 -173.016967773438 -168.24903907145185
2022.591430664062 -172.138168334961 -167.97978175011073
2022.68994140625 -166.483337402344 -167.14138468988867
2022.722778320312 -166.338134765625 -166.85008611706164
2022.821411132812 -166.729339599609 -165.69467728574574
2022.854248046875 -170.207992553711 -165.22335214592994
2022.887084960938 -166.423706054688 -164.74746612730914
2022.919921875 -164.470993041992 -164.27690283791569
2022.952758789062 -162.75959777832 -163.83030631177488
2022.985595703125 -163.731979370117 -163.40402941400333
2023.019165039062 -159.911636352539 -162.96092531660798
2023.052001953125 -161.723709106445 -162.5077650429702
2023.084838867188 -161.18896484375 -162.02511733480705
2023.11767578125 -160.976348876953 -161.5247347971487
2023.150634765625 -163.072387695312 -161.0104960284901
2023.183471679688 -160.47834777832 -160.49323910663048
2023.21630859375 -161.240814208984 -159.97641331143345
2023.249145507812 -161.750732421875 -159.46127141072378
2023.281982421875 -159.058990478516 -158.94714695963165
2023.314819335938 -158.688827514648 -158.4324107439079
2023.34765625 -157.874862670898 -157.9153855129974
2023.380615234375 -156.710906982422 -157.3925698094772
2023.413452148438 -157.860748291016 -156.8666100654577
2023.4462890625 -153.991592407227 -156.33479685976005
2023.57763671875 -147.712783813477 -154.1458975189626
