2014.804931640625 0.0 2.0838733456490286
2014.837768554688 -0.214272677898 -0.09465183046272793
2014.903442382812 -3.09511590004 -4.453619948380455
2014.96923828125 -9.266180992126 -8.822309415021975
2015.03564453125 -11.212574005127 -13.232022735655063
2015.101318359375 -24.272375106812 -17.5923274042962
2015.265625 -22.474243164062 -28.490486109495844
2015.331298828125 -47.607688903809 -32.83913185954373
2015.39697265625 -46.30786895752 -37.181718874772805
2016.021850585938 -69.857292175293 -86.88687972299527
2016.1533203125 -75.795600891113 -96.6613479973625
2016.350463867188 -104.216270446777 -104.3490063647759
2016.416137695312 -112.474456787109 -106.7487474743449
2016.547607421875 -100.209831237793 -111.54583608146467
2016.744750976562 -118.938682556152 -118.62068700269717
2016.777587890625 -119.944496154785 -119.79844482318028
2016.810424804688 -122.426719665527 -120.98985484212113
2016.84326171875 -122.562522888184 -122.24593775249868
2016.876098632812 -123.468902587891 -123.53320040892366
2016.908935546875 -123.592208862305 -124.88761373205807
2016.941772460938 -124.512512207031 -126.27076552184532
2016.974731445312 -126.744041442871 -127.67028600122396
2017.005493164062 -128.018829345703 -129.07096715932627
2017.038330078125 -129.994827270508 -130.4981820037079
2017.071166992188 -130.500946044922 -131.9336081646303
2017.10400390625 -133.092239379883 -133.58140034848233
2017.136840820312 -134.782745361328 -135.33990446017694
2017.169799804688 -136.150375366211 -137.18246872064353
2017.20263671875 -138.792556762695 -139.09132237625255
2017.235473632812 -140.354843139648 -141.04371943033468
2017.268310546875 -142.576766967773 -143.02417639393894
2017.301147460938 -144.959777832031 -145.03562942936443
2017.333984375 -146.425506591797 -147.07834528192245
2017.366821289062 -149.927764892578 -149.12991863022918
2017.399780273438 -152.939010620117 -151.16553482612878
2017.4326171875 -157.853790283203 -153.14829967399288
2017.498291015625 -156.239395141602 -156.98528738247595
2017.531127929688 -157.622985839844 -158.85862936556387
2017.56396484375 -162.998901367188 -160.70919480606528
2017.596801757812 -165.71125793457 -162.53476394094622
2017.629760742188 -166.07356262207 -164.33602626851078
2017.66259765625 -166.330780029297 -166.09497911309919
2017.695434570312 -165.948059082031 -167.82518518106366
2017.728271484375 -167.768447875977 -169.53840671435702
2017.761108398438 -170.838760375977 -171.23776315355101
2017.7939453125 -173.550903320312 -172.92054917651984
2017.826782226562 -174.455276489258 -174.58628848968803
2017.859741210938 -176.379928588867 -176.24739033220672
2017.892578125 -178.130126953125 -177.91466286984345
2017.925415039062 -180.386032104492 -179.61117020496812
2017.958251953125 -181.392517089844 -181.33111152555287
2017.991088867188 -182.937530517578 -183.05807049313364
2018.024658203125 -184.52018737793 -184.81683242628824
2018.057495117188 -186.358505249023 -186.5333898054253
2018.09033203125 -188.198501586914 -188.27159467266307
2018.123168945312 -189.880630493164 -190.0587900446361
2018.156005859375 -190.590637207031 -191.90789941092913
2018.18896484375 -193.674652099609 -193.82238999350793
2018.221801757812 -195.615036010742 -195.77809605563536
2018.254638671875 -196.645599365234 -197.77644341930613
2018.287475585938 -198.217422485352 -199.83103764491491
2018.3203125 -200.733932495117 -201.95782182031684
2018.353149414062 -202.744857788086 -204.1748021947188
2018.385986328125 -207.466384887695 -206.4885517569405
2018.4189453125 -209.297210693359 -208.88887258504874
2018.451782226562 -211.061813354492 -211.32683926523805
2018.484619140625 -212.987915039062 -213.7920972640786
2018.517456054688 -213.938339233398 -216.27836417718467
2018.55029296875 -215.577987670898 -218.77681006826168
2018.583129882812 -222.38215637207 -221.26486837022853
2018.615966796875 -226.543960571289 -223.72023203307057
2018.64892578125 -228.979888916016 -226.1331334632649
2018.681762695312 -229.445617675781 -228.4802901598455
2018.714599609375 -229.70378112793 -230.7718873559077
2018.747436523438 -233.279113769531 -233.00307198501145
2018.7802734375 -236.854919433594 -235.16462665345523
2018.813110351562 -240.031158447266 -237.2054092000308
2018.845947265625 -240.855102539062 -239.18149453106358
2018.87890625 -241.509216308594 -241.05166476221663
2018.911743164062 -243.871520996094 -242.83127452002196
2018.944580078125 -243.627304077148 -244.62895744211065
2018.977416992188 -245.764236450195 -246.36840806081452
2019.010986328125 -247.74494934082 -248.05024474837168
2019.043823242188 -249.459503173828 -249.63760161312558
2019.109497070312 -253.128967285156 -252.97679219692233
2019.1259765625 -253.87060546875 -253.84067026622486
2019.142333984375 -254.322372436523 -254.73393216848973
2019.175170898438 -256.203308105469 -256.53842202324574
2019.191650390625 -257.365173339844 -257.4646854719489
2019.208129882812 -258.294647216797 -258.4052985571139
2019.224487304688 -259.407409667969 -259.33530967823435
2019.240966796875 -259.866851806641 -260.2952397097168
2019.25732421875 -261.234436035156 -261.2407042681594
2019.273803710938 -261.744140625 -262.1973930615713
2019.290161132812 -262.799163818359 -263.15571083075525
2019.306640625 -264.428558349609 -264.083469177173
2019.323120117188 -265.420654296875 -264.980813038529
2019.339477539062 -267.035858154297 -265.83807583908833
2019.35595703125 -267.405059814453 -266.6655057421371
2019.372314453125 -268.722015380859 -267.45267384416684
2019.388793945312 -268.901550292969 -268.2220280232171
2019.405151367188 -268.284271240234 -268.93039669139023
2019.421630859375 -269.292419433594 -269.68656316023925
2019.438110351562 -271.575256347656 -270.42664065771686
2019.454467773438 -271.800140380859 -271.1536829219533
2019.470947265625 -269.713958740234 -271.89680521082215
2019.4873046875 -271.230651855469 -272.65786255296905
2019.503784179688 -273.183929443359 -273.4750113240916
2019.520141601562 -272.260467529297 -274.24226017159197
2019.53662109375 -277.127349853516 -275.0229377853221
2019.569458007812 -277.175750732422 -276.56903500211706
2019.602294921875 -272.179016113281 -278.08184194895824
2019.618774414062 -278.627502441406 -278.87754625425123
2019.635131835938 -283.072875976562 -279.6820060280703
2019.651611328125 -281.206604003906 -280.48765584879163
2019.668090820312 -277.278961181641 -281.3043139539059
2019.71728515625 -283.939117431641 -283.680844546717
2019.733764648438 -283.979522705078 -284.4619630430064
2019.750122070312 -283.199401855469 -285.23574862041954
2019.7666015625 -286.403137207031 -286.0066200685166
2019.799438476562 -289.135498046875 -287.53724102236055
2019.832275390625 -289.039916992188 -289.0403417319172
2019.865112304688 -290.213195800781 -290.51134355655665
2019.898071289062 -291.960968017578 -291.93543868108617
2019.930908203125 -294.711273193359 -293.27482464115616
2019.963745117188 -295.417419433594 -294.4935421467195
2019.99658203125 -296.382080078125 -295.6844431077802
2020.030151367188 -298.079895019531 -296.9640684404592
2020.06298828125 -297.8115234375 -298.05954847566164
2020.095825195312 -300.068786621094 -299.1708293559394
2020.128662109375 -299.755187988281 -300.3038949235902
2020.161499023438 -300.648864746094 -301.4865631222005
2020.177978515625 -301.428985595703 -302.1725720481995
2020.1943359375 -302.629455566406 -302.74062746406935
2020.227294921875 -303.082153320312 -304.0946801008511
2020.260131835938 -301.329864501953 -305.5587243139452
2020.29296875 -304.587066650391 -307.04829360663626
2020.325805664062 -307.153472900391 -308.66595755896054
2020.358642578125 -309.817810058594 -310.5483925305062
2020.391479492188 -311.494812011719 -312.5180757490777
2020.42431640625 -314.149383544922 -314.5713487489796
2020.457275390625 -315.613372802734 -316.8208004470476
2020.490112304688 -318.412628173828 -319.2838779923681
2020.52294921875 -321.406585693359 -321.8454366320557
2020.555786132812 -325.060424804688 -324.3864533825496
2020.572265625 -323.974365234375 -325.57599109946005
2020.588623046875 -327.772186279297 -326.69812068715004
2020.605102539062 -328.435577392578 -327.9317504410363
2020.621459960938 -329.779571533203 -329.00080727742994
2020.654296875 -335.445770263672 -331.20202621826996
2020.687255859375 -335.952026367188 -333.2909759181797
2020.70361328125 -339.880676269531 -334.373788476586
2020.720092773438 -338.834289550781 -335.22074391094003
2020.7529296875 -339.254028320312 -337.0323144014195
2020.785766601562 -339.107238769531 -338.75506709139034
2020.818603515625 -341.084075927734 -340.4168084346888
2020.851440429688 -342.296264648438 -342.0131413425407
2020.917236328125 -345.044586181641 -344.80024027744594
2020.950073242188 -346.207885742188 -346.0518743379935
2020.98291015625 -347.771697998047 -347.31042083114346
2021.013671875 -347.620269775391 -348.4894608840082
2021.046508789062 -349.234252929688 -349.79599919487333
2021.079345703125 -351.002410888672 -351.187301604087
2021.1123046875 -352.480041503906 -352.61321090816466
2021.145141601562 -353.296966552734 -354.08691365816446
2021.177978515625 -354.956665039062 -355.6442299259868
2021.210815429688 -356.355712890625 -357.32025163792053
2021.24365234375 -357.811248779297 -358.93156349938846
2021.276489257812 -358.005706787109 -360.8843437839986
2021.309326171875 -362.814300537109 -362.97501123602285
2021.34228515625 -364.139343261719 -365.16059378305704
2021.358642578125 -364.252044677734 -366.33055487896536
2021.391479492188 -367.204803466797 -368.59777346049873
2021.407958984375 -367.507080078125 -369.78908098541643
2021.440795898438 -368.083404541016 -372.1566251346855
2021.4736328125 -377.01611328125 -374.4919645086379
2021.506469726562 -380.412689208984 -376.67026050390547
2021.539306640625 -380.996185302734 -378.6871849469116
2021.572265625 -379.462219238281 -380.55748457006655
2021.605102539062 -395.247222900391 -382.6128899278497
2021.637939453125 -393.079895019531 -384.55487193628403
2021.670776367188 -396.724182128906 -386.3480702605963
2021.736450195312 -399.167327880859 -389.3027313509657
2021.769287109375 -389.895782470703 -390.8357938035971
2021.80224609375 -397.233459472656 -392.2328961436448
2021.835083007812 -396.655853271484 -393.68106682051183
2021.867919921875 -401.526580810547 -395.0177150688107
2021.966430664062 -400.140106201172 -398.95294792464904
2022.0 -398.114868164062 -400.0943011102572
2022.065673828125 -401.705627441406 -402.36353125964337
2022.098510742188 -403.842315673828 -403.42152433609715
2022.197143554688 -406.104797363281 -406.71952493352944
2022.22998046875 -407.582580566406 -407.8602632509089
2022.262817382812 -404.414154052734 -409.027269548551
2022.295654296875 -402.319305419922 -410.19677398629426
2022.328491210938 -412.646423339844 -411.3239122523608
2022.394287109375 -411.596008300781 -413.337501248178
2022.558471679688 -422.495025634766 -418.0700540979034
2022.591430664062 -423.038452148438 -419.16893514617755
2022.68994140625 -428.678131103516 -422.39875984638945
2022.722778320312 -426.755218505859 -423.4405127913374
2022.821411132812 -425.638671875 -426.0529069909404
2022.854248046875 -427.254455566406 -426.4969637262648
2022.887084960938 -426.486358642578 -426.82249015467056
2022.919921875 -425.949157714844 -427.14289238910806
2022.952758789062 -429.282501220703 -427.45064133160196
2022.985595703125 -427.765075683594 -427.77292711961945
2023.019165039062 -427.868255615234 -428.1325585074539
2023.052001953125 -428.741546630859 -428.47932059474823
2023.084838867188 -427.498443603516 -428.88502312964863
2023.11767578125 -427.444213867188 -429.3317357055106
2023.150634765625 -429.4375 -429.75292594965623
2023.183471679688 -430.534820556641 -430.18929356607293
2023.21630859375 -429.678070068359 -430.6232519305234
2023.249145507812 -434.167877197266 -431.0588568581493
2023.281982421875 -432.152770996094 -431.49834193805924
2023.314819335938 -430.407867431641 -431.94215578449604
2023.34765625 -432.541473388672 -432.39002338617973
2023.380615234375 -435.121826171875 -432.843743509153
2023.413452148438 -436.388793945312 -433.29974552206306
2023.4462890625 -431.707977294922 -433.75840620644595
2023.57763671875 -426.967437744141 -435.5963682444722
