2014.804931640625 0.0 0.311855157793006
2014.837768554688 2.86521935463 -0.3252982447178926
2014.903442382812 2.383533477783 -1.599959233651873
2014.96923828125 -1.253630280495 -2.877278923364452
2015.03564453125 -5.135518550873 -4.166500290580277
2015.101318359375 -4.933000087738 -5.441311654640924
2015.265625 -15.892649650574 -8.627247390517825
2015.331298828125 -13.143384933472 -9.898248010076884
2015.39697265625 -10.287300109863 -11.167172947563229
2016.021850585938 -25.415031433105 -23.43264490628211
2016.1533203125 -27.008665084839 -26.287742582218428
2016.350463867188 -28.458532333374 -29.67938341181408
2016.416137695312 -30.838060379028 -30.554302959646673
2016.547607421875 -33.15323638916 -32.30707058807294
2016.744750976562 -35.374351501465 -34.96619543507916
2016.777587890625 -35.690814971924 -35.4117621890648
2016.810424804688 -35.494113922119 -35.84212740833957
2016.84326171875 -35.603584289551 -36.262697513613624
2016.876098632812 -35.649467468262 -36.73249416088997
2016.908935546875 -36.837898254395 -37.238884342866264
2016.941772460938 -37.033779144287 -37.74528158418051
2016.974731445312 -37.827182769775 -38.28720573538225
2017.005493164062 -38.799976348877 -38.81761870605891
2017.038330078125 -39.207416534424 -39.37341037595469
2017.071166992188 -39.8796043396 -39.94490221360538
2017.10400390625 -40.685516357422 -40.53515736816208
2017.136840820312 -41.418785095215 -41.11483850131517
2017.169799804688 -41.964965820312 -41.68402398929865
2017.20263671875 -42.564575195312 -42.22960919500214
2017.235473632812 -43.398918151855 -42.751477992600755
2017.268310546875 -44.66577911377 -43.246294066188035
2017.301147460938 -44.332637786865 -43.71091083905628
2017.333984375 -43.64563369751 -44.146336915098956
2017.366821289062 -44.319004058838 -44.55024509820202
2017.399780273438 -45.981559753418 -44.920936172612954
2017.4326171875 -45.267555236816 -45.2553629272766
2017.498291015625 -46.23210144043 -45.84122915745944
2017.531127929688 -46.843284606934 -46.105636609302024
2017.56396484375 -46.759288787842 -46.35936762560794
2017.596801757812 -46.485332489014 -46.604341671454286
2017.629760742188 -47.411735534668 -46.83698004221357
2017.66259765625 -46.839855194092 -47.046491640564035
2017.695434570312 -46.416954040527 -47.230314457161846
2017.728271484375 -46.587581634521 -47.39486169739938
2017.761108398438 -48.114429473877 -47.55034114784589
2017.7939453125 -48.337356567383 -47.70077424326877
2017.826782226562 -48.034233093262 -47.849360992603515
2017.859741210938 -48.249801635742 -47.9966572251588
2017.892578125 -48.072021484375 -48.13840990435373
2017.925415039062 -48.088203430176 -48.269614760446444
2017.958251953125 -48.518043518066 -48.38569580070754
2017.991088867188 -48.463291168213 -48.484579895974306
2018.024658203125 -48.785007476807 -48.56592285284137
2018.057495117188 -49.259391784668 -48.62938361488044
2018.09033203125 -48.683574676514 -48.683844407246916
2018.123168945312 -48.834976196289 -48.73340126799286
2018.156005859375 -48.743106842041 -48.77754574447076
2018.18896484375 -48.895343780518 -48.814632983258846
2018.221801757812 -48.724418640137 -48.84500801238736
2018.254638671875 -49.018611907959 -48.87310830376468
2018.287475585938 -48.902614593506 -48.90563477481744
2018.3203125 -48.941730499268 -48.94791861115468
2018.353149414062 -47.724704742432 -49.00785524127142
2018.385986328125 -49.223411560059 -49.091678222542164
2018.4189453125 -48.854251861572 -49.20122343092232
2018.451782226562 -49.029384613037 -49.33655722846671
2018.484619140625 -48.927917480469 -49.49989479238043
2018.517456054688 -49.12813949585 -49.69151805705522
2018.55029296875 -49.616394042969 -49.908655350872884
2018.583129882812 -49.975826263428 -50.147906197193024
2018.615966796875 -49.624492645264 -50.40540389154592
2018.64892578125 -50.894840240479 -50.67788635671224
2018.681762695312 -51.830070495605 -50.95915012521054
2018.714599609375 -50.664363861084 -51.247571086547524
2018.747436523438 -51.906539916992 -51.543801435583944
2018.7802734375 -52.226856231689 -51.84578554493733
2018.813110351562 -52.421741485596 -52.153422710000186
2018.845947265625 -52.496784210205 -52.46455783098886
2018.87890625 -52.337188720703 -52.77359042413877
2018.911743164062 -52.762828826904 -53.094149537243474
2018.944580078125 -53.294952392578 -53.40720754314875
2018.977416992188 -53.562564849854 -53.72928727303147
2019.010986328125 -53.726776123047 -54.08030131912961
2019.043823242188 -54.277233123779 -54.4224474777367
2019.109497070312 -55.374893188477 -55.173904440619815
2019.1259765625 -55.647640228271 -55.37366356593615
2019.142333984375 -55.646266937256 -55.56048676304868
2019.175170898438 -55.74877166748 -55.94122407443878
2019.191650390625 -56.283832550049 -56.11094647740207
2019.208129882812 -56.734573364258 -56.26603865422068
2019.224487304688 -56.625450134277 -56.41885655398621
2019.240966796875 -56.911460876465 -56.54392888328738
2019.25732421875 -56.514801025391 -56.65657997613379
2019.273803710938 -56.918636322021 -56.777030701454514
2019.290161132812 -56.535144805908 -56.88782434408896
2019.306640625 -57.035541534424 -56.9627060091683
2019.323120117188 -57.17822265625 -57.01129697056296
2019.339477539062 -57.236602783203 -57.033392233156256
2019.35595703125 -57.36030960083 -57.02898498660841
2019.372314453125 -58.763568878174 -56.998848960425384
2019.388793945312 -57.162109375 -56.94450638088412
2019.405151367188 -57.82506942749 -56.827003028441965
2019.421630859375 -56.938442230225 -56.75027836276883
2019.438110351562 -57.634559631348 -56.661224300505346
2019.454467773438 -57.012798309326 -56.555228600661984
2019.470947265625 -55.839069366455 -56.43452921765358
2019.4873046875 -56.525230407715 -56.30860201634364
2019.503784179688 -54.992527008057 -56.18793426554024
2019.520141601562 -54.909679412842 -56.05750430869806
2019.53662109375 -55.774349212646 -55.927453435611945
2019.569458007812 -56.351615905762 -55.70524743876005
2019.602294921875 -53.581317901611 -55.570848502851085
2019.618774414062 -54.796760559082 -55.50391328003813
2019.635131835938 -55.350967407227 -55.45490651906363
2019.651611328125 -55.421962738037 -55.46813091354887
2019.668090820312 -52.497817993164 -55.45748236746005
2019.71728515625 -55.141036987305 -55.577523819772395
2019.733764648438 -54.956001281738 -55.63539494682451
2019.750122070312 -55.389709472656 -55.742067811764414
2019.7666015625 -54.997451782227 -55.823704024126705
2019.799438476562 -55.93786239624 -56.03877745458107
2019.832275390625 -56.75463104248 -56.25681190328908
2019.865112304688 -56.536956787109 -56.49511265970468
2019.898071289062 -56.77054977417 -56.74487109536665
2019.930908203125 -57.280906677246 -56.993996860551626
2019.963745117188 -57.416816711426 -57.21049734110756
2019.99658203125 -57.655673980713 -57.40256531404115
2020.030151367188 -57.685043334961 -57.618378020976564
2020.06298828125 -57.88793182373 -57.74611655814618
2020.095825195312 -58.051570892334 -57.85412164287276
2020.128662109375 -58.369953155518 -57.93047142440025
2020.161499023438 -58.309387207031 -57.974291812268476
2020.177978515625 -58.313415527344 -57.956627184728916
2020.1943359375 -58.292964935303 -57.97825061543471
2020.227294921875 -58.028968811035 -57.94009826146181
2020.260131835938 -58.235355377197 -57.85489121839354
2020.29296875 -58.15417098999 -57.74663808981095
2020.325805664062 -57.437870025635 -57.58578430214184
2020.358642578125 -57.538959503174 -57.343547282062154
2020.391479492188 -57.892097473145 -57.077763944438786
2020.42431640625 -57.493621826172 -56.80603629743169
2020.457275390625 -56.252502441406 -56.52896327274796
2020.490112304688 -57.137554168701 -56.24494964899697
2020.52294921875 -55.401676177979 -55.956558316382164
2020.555786132812 -54.96940612793 -55.66591859421359
2020.572265625 -51.210250854492 -55.533614882343464
2020.588623046875 -54.875961303711 -55.40668285706173
2020.605102539062 -55.20475769043 -55.2528472264834
2020.621459960938 -55.123245239258 -55.134807050687854
2020.654296875 -54.363220214844 -54.88383061244111
2020.687255859375 -54.816471099854 -54.664181098161514
2020.70361328125 -54.875583648682 -54.56037319335463
2020.720092773438 -54.265659332275 -54.485328342791576
2020.7529296875 -54.338012695312 -54.33861553370272
2020.785766601562 -54.17554473877 -54.21464925360794
2020.818603515625 -53.557334899902 -54.111924381370756
2020.851440429688 -54.057064056396 -54.02971224578028
2020.917236328125 -53.436195373535 -53.9266162280096
2020.950073242188 -53.535064697266 -53.9340402515914
2020.98291015625 -53.75817489624 -53.95987584842037
2021.013671875 -53.784893035889 -53.95512262542303
2021.046508789062 -53.266006469727 -54.00884593180376
2021.079345703125 -54.148765563965 -54.10169742555846
2021.1123046875 -54.244956970215 -54.18925583634878
2021.145141601562 -54.104705810547 -54.2822391931196
2021.177978515625 -54.307228088379 -54.37348929721756
2021.210815429688 -54.982406616211 -54.461069140085314
2021.24365234375 -55.499019622803 -54.56528938808332
2021.276489257812 -54.281764984131 -54.639354513129604
2021.309326171875 -55.218799591064 -54.70122821267272
2021.34228515625 -55.61287689209 -54.748858210976266
2021.358642578125 -54.973587036133 -54.76112039081524
2021.391479492188 -54.090068817139 -54.79871514808825
2021.407958984375 -54.33390045166 -54.81589558817168
2021.440795898438 -52.705947875977 -54.84704833013049
2021.4736328125 -54.506214141846 -54.869768481429396
2021.506469726562 -55.750587463379 -54.88415076480897
2021.539306640625 -54.900901794434 -54.88613938166915
2021.572265625 -53.600940704346 -54.861300094172194
2021.605102539062 -57.122531890869 -54.84651177983759
2021.637939453125 -55.200859069824 -54.82814592254914
2021.670776367188 -55.430416107178 -54.806897435615575
2021.736450195312 -57.029865264893 -54.73247533991503
2021.769287109375 -54.75220489502 -54.69594109175846
2021.80224609375 -55.097202301025 -54.63658631490572
2021.835083007812 -53.486148834229 -54.576984056320754
2021.867919921875 -54.609188079834 -54.506425112116844
2021.966430664062 -54.147842407227 -54.32807247200449
2022.0 -54.517749786377 -54.26805343167277
2022.065673828125 -54.049739837646 -54.13357435379584
2022.098510742188 -53.550151824951 -54.059785594429954
2022.197143554688 -53.358135223389 -53.792536622878416
2022.22998046875 -54.191940307617 -53.68348321309977
2022.262817382812 -54.204929351807 -53.5638388328964
2022.295654296875 -54.063262939453 -53.434642461682365
2022.328491210938 -54.415966033936 -53.29473151151288
2022.394287109375 -52.698627471924 -52.993125202347585
2022.558471679688 -52.436305999756 -52.22523657618596
2022.591430664062 -54.326210021973 -52.06187975536605
2022.68994140625 -51.694816589355 -51.486866559393384
2022.722778320312 -50.672348022461 -51.29212238985876
2022.821411132812 -50.986175537109 -50.748236915953505
2022.854248046875 -50.227592468262 -50.570390018326826
2022.887084960938 -50.512329101562 -50.39112914582477
2022.919921875 -50.337310791016 -50.20919817057052
2022.952758789062 -50.016994476318 -50.03300818154824
2022.985595703125 -49.626617431641 -49.849979741173755
2023.019165039062 -49.771385192871 -49.64538758634335
2023.052001953125 -49.562129974365 -49.454237656058005
2023.084838867188 -49.288665771484 -49.22319691390508
2023.11767578125 -49.328300476074 -48.966750356717824
2023.150634765625 -49.257537841797 -48.72535128113678
2023.183471679688 -48.591785430908 -48.47321655470281
2023.21630859375 -49.705394744873 -48.22237349267263
2023.249145507812 -49.758842468262 -47.97083168986107
2023.281982421875 -47.724170684814 -47.71732673014268
2023.314819335938 -47.262626647949 -47.46106208692177
2023.34765625 -46.828998565674 -47.20159831575156
2023.380615234375 -46.224296569824 -46.93790827557844
2023.413452148438 -47.738296508789 -46.67238048928555
2023.4462890625 -42.254844665527 -46.40486021196454
2023.57763671875 -37.19575881958 -45.32196030853733
