2014.804931640625 -0.0 -7.732489379071493
2014.837768554688 -8.00238609314 -8.227149512338839
2014.903442382812 -10.460495948792 -9.21577695607884
2014.96923828125 -8.597893714905 -10.205076647226514
2015.03564453125 -12.235220909119 -11.201867947292195
2015.101318359375 -9.16810798645 -12.18556964015273
2015.265625 -26.33051109314 -14.633838146383342
2015.331298828125 -22.436748504639 -15.605923180070528
2015.39697265625 -16.712472915649 -16.573476091272713
2016.021850585938 -26.704153060913 -25.445380301980812
2016.1533203125 -18.382438659668 -27.32862812103691
2016.350463867188 -41.365325927734 -30.10799339407291
2016.416137695312 -9.008873939514 -30.765668152618126
2016.547607421875 -37.997802734375 -32.341170876085144
2016.744750976562 -33.853572845459 -34.26666277902012
2016.777587890625 -35.181102752686 -34.42083103106475
2016.810424804688 -34.33122253418 -34.57830195467677
2016.84326171875 -35.361854553223 -34.739020380219394
2016.876098632812 -35.502353668213 -34.90278697779373
2016.908935546875 -34.366748809814 -35.08132896128339
2016.941772460938 -33.220096588135 -35.263774161300844
2016.974731445312 -35.544109344482 -35.447657749127146
2017.005493164062 -36.494827270508 -35.63069777920729
2017.038330078125 -35.356838226318 -35.81482779486427
2017.071166992188 -35.381153106689 -35.996091868210264
2017.10400390625 -36.033267974854 -36.21204399834204
2017.136840820312 -36.163627624512 -36.45976335300194
2017.169799804688 -37.199481964111 -36.73278476834061
2017.20263671875 -36.862998962402 -37.02245744100496
2017.235473632812 -37.782123565674 -37.31754328774585
2017.268310546875 -37.330066680908 -37.61200460841787
2017.301147460938 -37.66841506958 -37.91403115876783
2017.333984375 -36.550880432129 -38.23514908301126
2017.366821289062 -38.605690002441 -38.57099023356866
2017.399780273438 -40.070594787598 -38.90886492270555
2017.4326171875 -40.004947662354 -39.23981584563854
2017.498291015625 -38.242359161377 -39.9127121135894
2017.531127929688 -39.989749908447 -40.26763748898155
2017.56396484375 -40.398651123047 -40.63522459405154
2017.596801757812 -41.689544677734 -41.0116328729342
2017.629760742188 -42.583614349365 -41.393491297100994
2017.66259765625 -41.536533355713 -41.77941261470452
2017.695434570312 -41.062007904053 -42.175577306922925
2017.728271484375 -40.894184112549 -42.59082500614259
2017.761108398438 -43.340496063232 -43.02231349237123
2017.7939453125 -43.885848999023 -43.46014173793494
2017.826782226562 -44.117130279541 -43.89756626611113
2017.859741210938 -44.379215240479 -44.3362596282028
2017.892578125 -44.569473266602 -44.783542901405916
2017.925415039062 -45.109172821045 -45.24615650071159
2017.958251953125 -45.816436767578 -45.720006257996715
2017.991088867188 -46.31005859375 -46.19603481911973
2018.024658203125 -46.670776367188 -46.68177532118408
2018.057495117188 -47.01692199707 -47.163857294829114
2018.09033203125 -47.560317993164 -47.669165249207964
2018.123168945312 -48.304264068604 -48.211285596735486
2018.156005859375 -47.855930328369 -48.78878415854922
2018.18896484375 -49.418781280518 -49.39217797873677
2018.221801757812 -49.869140625 -50.0133063522435
2018.254638671875 -49.153949737549 -50.6621835141673
2018.287475585938 -50.241046905518 -51.35010380640371
2018.3203125 -52.232620239258 -52.082010197352865
2018.353149414062 -52.434574127197 -52.85888100144339
2018.385986328125 -56.201782226562 -53.68000808869172
2018.4189453125 -54.375217437744 -54.545170938895296
2018.451782226562 -54.779136657715 -55.42259275544419
2018.484619140625 -54.29577255249 -56.27876770933398
2018.517456054688 -56.239185333252 -57.08876974185942
2018.55029296875 -58.827327728271 -57.842059087076166
2018.583129882812 -60.422721862793 -58.53357981944149
2018.615966796875 -59.791614532471 -59.16677139844547
2018.64892578125 -62.683528900146 -59.74949341682035
2018.681762695312 -64.036720275879 -60.288480534889764
2018.714599609375 -62.716625213623 -60.792524192198364
2018.747436523438 -61.790512084961 -61.24673485889288
2018.7802734375 -62.012489318848 -61.62365372720632
2018.813110351562 -62.966819763184 -61.88604844698321
2018.845947265625 -61.984676361084 -62.08340809974666
2018.87890625 -61.552093505859 -62.17884824673046
2018.911743164062 -62.535148620605 -62.25192186627391
2018.944580078125 -61.969291687012 -62.309372693209994
2018.977416992188 -62.495540618896 -62.37965076766087
2019.010986328125 -66.584976196289 -62.48065982717809
2019.043823242188 -59.684551239014 -62.56254404830866
2019.109497070312 -61.962776184082 -62.787170977744864
2019.1259765625 -63.158840179443 -62.83161759250396
2019.142333984375 -64.103332519531 -62.89955550843914
2019.175170898438 -63.6256980896 -63.07631209788909
2019.191650390625 -62.484092712402 -63.18475461182412
2019.208129882812 -63.569454193115 -63.28878862962442
2019.224487304688 -62.947757720947 -63.39284307620879
2019.240966796875 -63.585456848145 -63.46483336793295
2019.25732421875 -63.573040008545 -63.5202368628219
2019.273803710938 -63.642608642578 -63.57507910901149
2019.290161132812 -63.37544631958 -63.619756425339354
2019.306640625 -63.744232177734 -63.65580450602695
2019.323120117188 -63.642501831055 -63.693579355294816
2019.339477539062 -64.820381164551 -63.74033073622214
2019.35595703125 -63.930503845215 -63.7953587611759
2019.372314453125 -67.921890258789 -63.84707710081417
2019.388793945312 -63.378456115723 -63.88744827865464
2019.405151367188 -61.635627746582 -63.916073764537515
2019.421630859375 -65.464790344238 -63.95931204115098
2019.438110351562 -62.29158782959 -64.01369362180307
2019.454467773438 -64.950706481934 -64.08337964022292
2019.470947265625 -63.116714477539 -64.1841741531031
2019.4873046875 -66.580375671387 -64.32773330186647
2019.503784179688 -64.05965423584 -64.5558980452682
2019.520141601562 -63.470859527588 -64.74243078148902
2019.53662109375 -62.481376647949 -64.9580577317413
2019.569458007812 -66.327903747559 -65.46841059722485
2019.602294921875 -69.625679016113 -66.0136703580566
2019.618774414062 -63.979919433594 -66.27797553164397
2019.635131835938 -66.581611633301 -66.54908314144436
2019.651611328125 -68.372856140137 -66.84909600687253
2019.668090820312 -63.758003234863 -67.14008608022479
2019.71728515625 -68.484672546387 -67.99393027716037
2019.733764648438 -70.329887390137 -68.26666061729794
2019.750122070312 -65.527900695801 -68.4777248195513
2019.7666015625 -68.052291870117 -68.7106585698877
2019.799438476562 -70.04793548584 -69.06513914558178
2019.832275390625 -70.6494140625 -69.39645831708255
2019.865112304688 -70.510131835938 -69.69099914237208
2019.898071289062 -70.128067016602 -69.95208733803568
2019.930908203125 -70.699691772461 -70.17504081892389
2019.963745117188 -69.680229187012 -70.37914778831738
2019.99658203125 -70.50463104248 -70.5773186995359
2020.030151367188 -70.302528381348 -70.76703370486779
2020.06298828125 -70.271041870117 -70.95295624490288
2020.095825195312 -71.378578186035 -71.14503079194958
2020.128662109375 -71.279502868652 -71.36891421492906
2020.161499023438 -71.618675231934 -71.62987964835253
2020.177978515625 -71.716514587402 -71.78435465438407
2020.1943359375 -71.547431945801 -71.91770090405133
2020.227294921875 -72.826202392578 -72.22870218542532
2020.260131835938 -69.899444580078 -72.54712687884988
2020.29296875 -73.101913452148 -72.8606852623608
2020.325805664062 -73.152206420898 -73.1666074087328
2020.358642578125 -74.20597076416 -73.45523799160607
2020.391479492188 -73.281921386719 -73.74697171106878
2020.42431640625 -76.785980224609 -74.04663278924292
2020.457275390625 -72.075973510742 -74.3463725419746
2020.490112304688 -76.877471923828 -74.62311597554468
2020.52294921875 -74.408744812012 -74.86370051609572
2020.555786132812 -75.012664794922 -75.04806606980061
2020.572265625 -74.189353942871 -75.08035264606062
2020.588623046875 -76.187156677246 -75.09108362642368
2020.605102539062 -76.86962890625 -75.16317281366952
2020.621459960938 -74.527908325195 -75.14612780966839
2020.654296875 -76.157218933105 -75.14378604217872
2020.687255859375 -77.074295043945 -75.10291963442701
2020.70361328125 -75.786239624023 -75.07996127737933
2020.720092773438 -75.359176635742 -75.05255505352697
2020.7529296875 -74.240219116211 -75.01554345522209
2020.785766601562 -73.446899414062 -74.98858945806552
2020.818603515625 -74.092826843262 -74.97427954171684
2020.851440429688 -74.606781005859 -74.96913840486444
2020.917236328125 -74.827949523926 -75.03372167179843
2020.950073242188 -74.516578674316 -75.21546058678194
2020.98291015625 -75.37272644043 -75.45762641749218
2021.013671875 -75.238578796387 -75.64821344209416
2021.046508789062 -74.869743347168 -76.000898610308
2021.079345703125 -76.264701843262 -76.46981722902245
2021.1123046875 -76.364639282227 -76.9445504787138
2021.145141601562 -75.873764038086 -77.44290658878654
2021.177978515625 -77.519088745117 -77.95957689390822
2021.210815429688 -79.379417419434 -78.4905005569826
2021.24365234375 -79.545066833496 -79.03269967413674
2021.276489257812 -76.667541503906 -79.60980628922198
2021.309326171875 -81.740608215332 -80.20118506046498
2021.34228515625 -82.219078063965 -80.80579123806294
2021.358642578125 -81.177238464355 -81.1080825113471
2021.391479492188 -80.222358703613 -81.72661468323172
2021.407958984375 -82.348640441895 -82.04192177095291
2021.440795898438 -81.466598510742 -82.65697334420139
2021.4736328125 -83.135154724121 -83.23515696592646
2021.506469726562 -83.050796508789 -83.74714231395835
2021.539306640625 -86.991401672363 -84.1882645745569
2021.572265625 -82.825775146484 -84.54409092633865
2021.605102539062 -87.341125488281 -84.96951969989841
2021.637939453125 -87.26708984375 -85.36943269806669
2021.670776367188 -93.140319824219 -85.72342677257667
2021.736450195312 -89.829124450684 -86.16537336373511
2021.769287109375 -85.55150604248 -86.39773481332311
2021.80224609375 -87.666702270508 -86.54631499201228
2021.835083007812 -86.842292785645 -86.72495545443705
2021.867919921875 -89.061302185059 -86.8356503850508
2021.966430664062 -86.745132446289 -87.03606211582611
2022.0 -85.47322845459 -87.0593926398692
2022.065673828125 -87.702903747559 -87.10562283582537
2022.098510742188 -86.21021270752 -87.12544550523154
2022.197143554688 -87.889610290527 -87.07808518517271
2022.22998046875 -88.842872619629 -87.01381838434438
2022.262817382812 -83.322662353516 -86.92462529826774
2022.295654296875 -85.004791259766 -86.80082920810125
2022.328491210938 -90.192527770996 -86.6316320060528
2022.394287109375 -88.420906066895 -86.16935513932815
2022.558471679688 -90.606002807617 -84.96745829678967
2022.591430664062 -81.19856262207 -84.80454452165586
2022.68994140625 -86.107093811035 -84.17926815577687
2022.722778320312 -85.072387695312 -83.85166933275003
2022.821411132812 -82.563568115234 -82.45352218823528
2022.854248046875 -79.325607299805 -81.9825063546463
2022.887084960938 -81.30152130127 -81.53427493129163
2022.919921875 -79.63932800293 -81.09581814237524
2022.952758789062 -79.250244140625 -80.6431608363635
2022.985595703125 -81.270652770996 -80.25608318043274
2023.019165039062 -79.385093688965 -79.91228349981077
2023.052001953125 -79.16268157959 -79.56060239169238
2023.084838867188 -78.953796386719 -79.36616021645588
2023.11767578125 -79.480651855469 -79.28388350524402
2023.150634765625 -77.545631408691 -79.18598959135967
2023.183471679688 -79.177375793457 -79.16888484967681
2023.21630859375 -77.289840698242 -79.17295461815397
2023.249145507812 -77.766006469727 -79.18073216774877
2023.281982421875 -79.120620727539 -79.18772034432266
2023.314819335938 -81.255043029785 -79.19542974182907
2023.34765625 -78.153709411621 -79.20579952624948
2023.380615234375 -76.025405883789 -79.21994979043453
2023.413452148438 -81.441467285156 -79.238861430516
2023.4462890625 -82.501037597656 -79.26358728135332
2023.57763671875 -79.422973632812 -79.41465299912014
