2014.804931640625 0.0 3.439098953929532
2014.837768554688 3.87477183342 3.028057988976053
2014.903442382812 4.652072429657 2.2067726210009138
2014.96923828125 1.369127869606 1.3848797580855237
2015.03564453125 0.547129034996 0.5560757807804015
2015.101318359375 -4.118171215057 -0.26313198784872677
2015.265625 -3.047226428986 -2.3127005505283464
2015.331298828125 -6.084718704224 -3.1328792943766794
2015.39697265625 -8.211033821106 -3.954008101438625
2016.021850585938 -11.363335609436 -11.732719412693541
2016.1533203125 -13.226469039917 -13.303236136868835
2016.350463867188 -16.147397994995 -15.71313663105621
2016.416137695312 -14.682199478149 -16.50255790207578
2016.547607421875 -19.427104949951 -18.121253960191357
2016.744750976562 -20.850065231323 -20.49931637908191
2016.777587890625 -20.716514587402 -20.86716332282689
2016.810424804688 -22.741586685181 -21.226602439242576
2016.84326171875 -21.688081741333 -21.533243555873142
2016.876098632812 -21.875093460083 -21.79806491518205
2016.908935546875 -21.863563537598 -22.07573453180618
2016.941772460938 -22.118566513062 -22.360747035627178
2016.974731445312 -22.092649459839 -22.6594933679849
2017.005493164062 -22.66884803772 -22.9724954603002
2017.038330078125 -22.943830490112 -23.285818125814348
2017.071166992188 -23.192161560059 -23.601779489306892
2017.10400390625 -23.727802276611 -23.990350167327485
2017.136840820312 -23.858022689819 -24.41960196952212
2017.169799804688 -24.920921325684 -24.876168347090573
2017.20263671875 -24.742918014526 -25.357238766294433
2017.235473632812 -25.700559616089 -25.858510018822155
2017.268310546875 -26.43116569519 -26.375591543474368
2017.301147460938 -27.088417053223 -26.906323234426363
2017.333984375 -26.707107543945 -27.44775258169774
2017.366821289062 -28.243902206421 -27.99615661999074
2017.399780273438 -29.115785598755 -28.54810817940918
2017.4326171875 -29.399141311646 -29.090955703714812
2017.498291015625 -29.700410842896 -30.131983751543075
2017.531127929688 -30.479328155518 -30.6228245012104
2017.56396484375 -31.532508850098 -31.0908756489483
2017.596801757812 -32.221473693848 -31.534631361899162
2017.629760742188 -32.348892211914 -31.952616951918447
2017.66259765625 -32.810817718506 -32.33738035706983
2017.695434570312 -33.209869384766 -32.6910537027529
2017.728271484375 -32.877361297607 -33.015630180837285
2017.761108398438 -33.48360824585 -33.315705890362715
2017.7939453125 -34.110675811768 -33.597853482318115
2017.826782226562 -33.737255096436 -33.865705748079186
2017.859741210938 -34.560111999512 -34.11948524768232
2017.892578125 -34.043365478516 -34.362893086081165
2017.925415039062 -34.324901580811 -34.605389044046625
2017.958251953125 -34.852603912354 -34.85663102095758
2017.991088867188 -34.788597106934 -35.12980151298941
2018.024658203125 -35.074371337891 -35.44342009420851
2018.057495117188 -35.701469421387 -35.78835943324136
2018.09033203125 -36.364906311035 -36.173890440751855
2018.123168945312 -35.754894256592 -36.6026061728366
2018.156005859375 -36.20149230957 -37.070908475794106
2018.18896484375 -36.85094833374 -37.5753866340524
2018.221801757812 -37.006816864014 -38.10906793506237
2018.254638671875 -38.098781585693 -38.66755011436487
2018.287475585938 -39.446083068848 -39.25001764058377
2018.3203125 -39.883335113525 -39.85812549754187
2018.353149414062 -40.121997833252 -40.49089096099253
2018.385986328125 -41.609546661377 -41.14233613402224
2018.4189453125 -42.34986114502 -41.8032936758746
2018.451782226562 -42.277603149414 -42.440879076779765
2018.484619140625 -43.242015838623 -43.02859801265108
2018.517456054688 -44.33903503418 -43.553081024459296
2018.55029296875 -43.91357421875 -44.017562512573946
2018.583129882812 -45.176719665527 -44.42861170517412
2018.615966796875 -46.668750762939 -44.79381468110948
2018.64892578125 -46.24613571167 -45.11972433611537
2018.681762695312 -46.189720153809 -45.409115814326974
2018.714599609375 -47.509822845459 -45.669819593514795
2018.747436523438 -46.178363800049 -45.90268616079544
2018.7802734375 -46.390819549561 -46.1065069262821
2018.813110351562 -46.215755462646 -46.27601754610383
2018.845947265625 -46.299133300781 -46.42073531381033
2018.87890625 -45.885852813721 -46.53258437447482
2018.911743164062 -45.855548858643 -46.68278805581156
2018.944580078125 -46.921379089355 -46.83601927015572
2018.977416992188 -46.520774841309 -47.02202864665806
2019.010986328125 -47.793560028076 -47.284031321379615
2019.043823242188 -46.279304504395 -47.545883223950206
2019.109497070312 -47.956802368164 -48.253984453449284
2019.1259765625 -48.075176239014 -48.42638431688826
2019.142333984375 -48.42639541626 -48.6363111502825
2019.175170898438 -48.957542419434 -49.075237455736
2019.191650390625 -49.503986358643 -49.360478382495174
2019.208129882812 -48.8171043396 -49.68032885374758
2019.224487304688 -49.713352203369 -50.00778660531609
2019.240966796875 -50.153949737549 -50.37569366591929
2019.25732421875 -50.644424438477 -50.75163475012011
2019.273803710938 -50.843280792236 -51.11541974714597
2019.290161132812 -51.411479949951 -51.49192504557053
2019.306640625 -51.794120788574 -51.91202023905198
2019.323120117188 -52.170169830322 -52.33751564300991
2019.339477539062 -52.854679107666 -52.760128348456846
2019.35595703125 -53.162677764893 -53.185474789462305
2019.372314453125 -54.696315765381 -53.60241678865549
2019.388793945312 -53.945831298828 -54.00806252062785
2019.405151367188 -53.860424041748 -54.357271097015904
2019.421630859375 -55.415836334229 -54.71823311115542
2019.438110351562 -55.834865570068 -55.05988357584767
2019.454467773438 -55.569332122803 -55.37000372747776
2019.470947265625 -55.482879638672 -55.638721653706746
2019.4873046875 -56.650279998779 -55.85362253266489
2019.503784179688 -56.747020721436 -55.9583747634049
2019.520141601562 -57.021003723145 -56.11031901367604
2019.53662109375 -55.852451324463 -56.23808666042491
2019.569458007812 -56.710411071777 -56.44485964793932
2019.602294921875 -59.100646972656 -56.63004805385948
2019.618774414062 -57.517387390137 -56.7233656815954
2019.635131835938 -56.400356292725 -56.807874312141905
2019.651611328125 -56.533626556396 -56.88933532345614
2019.668090820312 -55.824054718018 -56.96200262318209
2019.71728515625 -56.847312927246 -57.141835278379645
2019.733764648438 -57.609355926514 -57.19318447631532
2019.750122070312 -57.869953155518 -57.232335432530036
2019.7666015625 -57.451419830322 -57.27728910237777
2019.799438476562 -57.646865844727 -57.34867814723856
2019.832275390625 -57.736553192139 -57.429020247642946
2019.865112304688 -57.50955581665 -57.519256000163544
2019.898071289062 -57.575462341309 -57.625535341953814
2019.930908203125 -57.406646728516 -57.75377007388551
2019.963745117188 -57.282375335693 -57.92938236324444
2019.99658203125 -57.699184417725 -58.12873913936361
2020.030151367188 -57.597110748291 -58.28272565487721
2020.06298828125 -58.131851196289 -58.54723720251155
2020.095825195312 -58.693119049072 -58.82162980422064
2020.128662109375 -58.878795623779 -59.13468115365911
2020.161499023438 -59.517654418945 -59.480472601859255
2020.177978515625 -59.493152618408 -59.67090474311635
2020.1943359375 -59.394905090332 -59.84772672222923
2020.227294921875 -60.667846679688 -60.23046758840726
2020.260131835938 -60.554386138916 -60.62389726307455
2020.29296875 -61.274311065674 -61.027036655884565
2020.325805664062 -61.878257751465 -61.4367685075453
2020.358642578125 -61.606906890869 -61.86189504931083
2020.391479492188 -62.386451721191 -62.2922353423149
2020.42431640625 -62.247104644775 -62.69429172757074
2020.457275390625 -62.305168151855 -62.98593946850808
2020.490112304688 -63.599277496338 -63.15377486892746
2020.52294921875 -64.572319030762 -63.25968648287769
2020.555786132812 -65.199119567871 -63.33530964125422
2020.572265625 -70.871932983398 -63.297924862500075
2020.588623046875 -65.078262329102 -63.25337998863434
2020.605102539062 -65.376502990723 -63.32586549468399
2020.621459960938 -65.165115356445 -63.25668675883746
2020.654296875 -64.518600463867 -63.19507134342851
2020.687255859375 -62.76736831665 -63.054285196476634
2020.70361328125 -63.01965713501 -62.98251049446192
2020.720092773438 -62.245750427246 -62.81940798495562
2020.7529296875 -62.549873352051 -62.519666386064365
2020.785766601562 -62.220867156982 -62.18494933786159
2020.818603515625 -59.784297943115 -61.85817744398229
2020.851440429688 -61.176918029785 -61.57848483758144
2020.917236328125 -60.872093200684 -61.192768694582185
2020.950073242188 -59.807235717773 -61.131705385754955
2020.98291015625 -60.680835723877 -61.11614271632869
2021.013671875 -60.46017074585 -61.019627186924
2021.046508789062 -59.101390838623 -61.04508071121136
2021.079345703125 -60.362056732178 -61.183330392462246
2021.1123046875 -61.204322814941 -61.33000295392054
2021.145141601562 -60.911239624023 -61.51486434669879
2021.177978515625 -61.325050354004 -61.718988859295756
2021.210815429688 -62.727905273438 -61.9409960598017
2021.24365234375 -63.167278289795 -62.182964327608545
2021.276489257812 -62.488132476807 -62.44308561365485
2021.309326171875 -62.74845123291 -62.71630124031113
2021.34228515625 -62.846256256104 -63.00546355490374
2021.358642578125 -63.554481506348 -63.166813057130405
2021.391479492188 -63.123336791992 -63.48374975822574
2021.407958984375 -63.128688812256 -63.66287712766902
2021.440795898438 -62.666637420654 -63.999403327907686
2021.4736328125 -63.929054260254 -64.34810377042514
2021.506469726562 -62.693252563477 -64.69753158887508
2021.539306640625 -65.610572814941 -65.03340493195151
2021.572265625 -64.937339782715 -65.33549693618188
2021.605102539062 -66.356163024902 -65.65182537344577
2021.637939453125 -66.258750915527 -65.97424804027574
2021.670776367188 -67.63777923584 -66.29686655614462
2021.736450195312 -67.824005126953 -66.87470593763713
2021.769287109375 -67.704391479492 -67.15365156573172
2021.80224609375 -67.007652282715 -67.39241340036257
2021.835083007812 -66.508415222168 -67.6046368479055
2021.867919921875 -67.943878173828 -67.757411984384
2021.966430664062 -69.540061950684 -68.06967264040192
2022.0 -68.678886413574 -68.08783542752906
2022.065673828125 -68.762702941895 -68.20524445253005
2022.098510742188 -64.065467834473 -68.19377361129905
2022.197143554688 -68.513687133789 -68.13232035935413
2022.22998046875 -69.100219726562 -68.0845406214753
2022.262817382812 -69.431037902832 -68.02401095325597
2022.295654296875 -70.099830627441 -67.95344492075607
2022.328491210938 -67.092658996582 -67.87130086618849
2022.394287109375 -67.791557312012 -67.67913158144988
2022.558471679688 -66.982490539551 -67.18256560873662
2022.591430664062 -63.954048156738 -67.04724438584103
2022.68994140625 -66.016777038574 -66.7292359012049
2022.722778320312 -66.062553405762 -66.67406231136866
2022.821411132812 -65.82608795166 -66.65603971273387
2022.854248046875 -67.628601074219 -66.7150247467635
2022.887084960938 -65.68921661377 -66.80019242930962
2022.919921875 -66.915306091309 -66.87863224243814
2022.952758789062 -66.50895690918 -66.98159780993173
2022.985595703125 -67.934677124023 -67.11169142777011
2023.019165039062 -65.611892700195 -67.23872883032789
2023.052001953125 -67.828872680664 -67.3708248842264
2023.084838867188 -68.337524414062 -67.47901943052835
2023.11767578125 -67.606025695801 -67.55514159000774
2023.150634765625 -67.552780151367 -67.64439018621673
2023.183471679688 -67.533996582031 -67.70973121106547
2023.21630859375 -68.743858337402 -67.77333335753994
2023.249145507812 -69.621109008789 -67.83525542470721
2023.281982421875 -68.604553222656 -67.89518140416406
2023.314819335938 -67.228073120117 -67.95262995589266
2023.34765625 -67.849670410156 -68.00706615150376
2023.380615234375 -68.598365783691 -68.05861920002224
2023.413452148438 -67.763343811035 -68.1069988138017
2023.4462890625 -65.308547973633 -68.15232478386228
2023.57763671875 -61.48669052124 -68.30778042813617
