2014.804931640625 -0.0 -0.346798541642072
2014.837768554688 -22.341365814209 -1.493206205074214
2014.903442382812 -10.925746917725 -3.7909098579882774
2014.96923828125 -6.836416244507 -6.099375614343422
2015.03564453125 13.971599578857 -8.434741260093345
2015.101318359375 -3.716211795807 -10.747997869863998
2015.265625 23.045249938965 -16.540376290447544
2015.331298828125 -18.222757339478 -18.85468421258757
2015.39697265625 -44.174018859863 -21.16666902202079
2016.021850585938 -29.756763458252 -43.42257703664616
2016.1533203125 -48.479446411133 -50.288415406396425
2016.350463867188 -87.081062316895 -56.43918486515673
2016.416137695312 -60.49690246582 -56.968462046254594
2016.547607421875 -66.019203186035 -58.390611295910674
2016.744750976562 -65.820205688477 -59.684255493631845
2016.777587890625 -60.461566925049 -59.19896122151218
2016.810424804688 -63.958503723145 -58.72168628766864
2016.84326171875 -55.895240783691 -58.1285998771713
2016.876098632812 -56.693561553955 -57.26264681184303
2016.908935546875 -54.058284759521 -56.45210156756737
2016.941772460938 -51.785667419434 -55.6630821186881
2016.974731445312 -53.191417694092 -54.937340496137395
2017.005493164062 -51.198970794678 -54.6036759418217
2017.038330078125 -56.533100128174 -54.04743867745423
2017.071166992188 -44.636852264404 -53.5607811870183
2017.10400390625 -46.526927947998 -53.772459350852586
2017.136840820312 -51.101146697998 -54.323162044244356
2017.169799804688 -52.231761932373 -55.045952966158794
2017.20263671875 -56.218486785889 -55.96561267907546
2017.235473632812 -52.629817962646 -57.1360141351685
2017.268310546875 -51.946304321289 -58.605251660092456
2017.301147460938 -61.917976379395 -60.36477505901606
2017.333984375 -58.067691802979 -62.30753387853793
2017.366821289062 -67.755111694336 -64.26682060825296
2017.399780273438 -66.847549438477 -66.07611555145273
2017.4326171875 -67.526519775391 -67.63180375633297
2017.498291015625 -83.146492004395 -70.0164617783712
2017.531127929688 -79.845329284668 -70.89703420201027
2017.56396484375 -78.472900390625 -71.58724025905019
2017.596801757812 -79.081130981445 -72.09287286190373
2017.629760742188 -75.907615661621 -72.42006988963948
2017.66259765625 -79.987663269043 -72.48075482354847
2017.695434570312 -71.252914428711 -72.15333379812007
2017.728271484375 -73.55883026123 -71.31645476878153
2017.761108398438 -68.586044311523 -70.02549013766374
2017.7939453125 -68.453132629395 -68.49455789334567
2017.826782226562 -65.786399841309 -66.89064859521298
2017.859741210938 -64.458808898926 -65.2542362879473
2017.892578125 -63.634014129639 -63.671004701147154
2017.925415039062 -61.446273803711 -62.19786679190242
2017.958251953125 -62.361289978027 -60.87161944381765
2017.991088867188 -59.399841308594 -59.75730799416958
2018.024658203125 -59.84391784668 -58.93863280057775
2018.057495117188 -53.39087677002 -58.470477148646864
2018.09033203125 -50.7825050354 -58.28005201724375
2018.123168945312 -48.460273742676 -58.3624319513943
2018.156005859375 -50.135753631592 -58.71905006647903
2018.18896484375 -63.084762573242 -59.32210659527439
2018.221801757812 -50.895957946777 -60.1505075319546
2018.254638671875 -51.604530334473 -61.25918435118503
2018.287475585938 -57.428993225098 -62.7122942213166
2018.3203125 -63.841110229492 -64.55524943026595
2018.353149414062 -63.740055084229 -66.77721774818569
2018.385986328125 -64.129852294922 -69.22568539798787
2018.4189453125 -76.008804321289 -71.69987767830638
2018.451782226562 -74.095733642578 -74.05384701621927
2018.484619140625 -79.64379119873 -76.26399955595353
2018.517456054688 -91.164642333984 -78.36143132336755
2018.55029296875 -85.151702880859 -80.30554923269852
2018.583129882812 -88.490341186523 -82.00721497954085
2018.615966796875 -96.760787963867 -83.42670858124433
2018.64892578125 -87.041442871094 -84.52455945575689
2018.681762695312 -87.364448547363 -85.26498899872153
2018.714599609375 -89.359962463379 -85.63059913869428
2018.747436523438 -88.88591003418 -85.5985998417017
2018.7802734375 -85.818824768066 -85.18589303473034
2018.813110351562 -93.25708770752 -84.35063256869795
2018.845947265625 -85.363945007324 -83.353854157293
2018.87890625 -83.687431335449 -82.15909497067364
2018.911743164062 -81.342414855957 -80.82751362341111
2018.944580078125 -75.885139465332 -79.495508164713
2018.977416992188 -77.449974060059 -78.05419536212786
2019.010986328125 -79.085182189941 -76.66896152949087
2019.043823242188 -67.047119140625 -75.22029912659575
2019.109497070312 -67.64087677002 -72.85038380568749
2019.1259765625 -71.584609985352 -72.26809157035183
2019.142333984375 -75.51448059082 -71.87184486363812
2019.175170898438 -69.592292785645 -71.12579258837138
2019.191650390625 -69.858833312988 -71.02181881046276
2019.208129882812 -70.522689819336 -71.11036401756618
2019.224487304688 -70.88232421875 -71.27162720178114
2019.240966796875 -72.057792663574 -71.64060024767299
2019.25732421875 -70.00798034668 -72.10037185747377
2019.273803710938 -68.653266906738 -72.43361049502636
2019.290161132812 -70.541473388672 -72.81131992802484
2019.306640625 -70.893951416016 -73.57666915789099
2019.323120117188 -72.893173217773 -74.46175491035031
2019.339477539062 -74.798690795898 -75.42449992005687
2019.35595703125 -76.06322479248 -76.47305931292811
2019.372314453125 -79.291305541992 -77.56990168669562
2019.388793945312 -77.266059875488 -78.70963823313333
2019.405151367188 -81.577407836914 -79.79818380619551
2019.421630859375 -81.410934448242 -80.94857279694403
2019.438110351562 -82.427825927734 -82.10213876328172
2019.454467773438 -83.392387390137 -83.2064514743097
2019.470947265625 -86.255790710449 -84.29188621003249
2019.4873046875 -93.731323242188 -85.37889661590923
2019.503784179688 -81.949424743652 -86.52262624049791
2019.520141601562 -79.978446960449 -87.62333833688308
2019.53662109375 -88.539360046387 -88.72018150186463
2019.569458007812 -92.859115600586 -90.86200104308367
2019.602294921875 -111.980773925781 -92.9045919819677
2019.618774414062 -87.103897094727 -93.89940438762204
2019.635131835938 -103.453567504883 -94.87525838384344
2019.651611328125 -97.648078918457 -95.78061173567447
2019.668090820312 -96.185562133789 -96.7240491732142
2019.71728515625 -101.645683288574 -99.13636766594927
2019.733764648438 -100.853942871094 -99.83312396101063
2019.750122070312 -102.298393249512 -100.19062407410946
2019.7666015625 -101.492431640625 -100.65557848693423
2019.799438476562 -103.216361999512 -101.05762177085519
2019.832275390625 -102.898040771484 -101.33680168364658
2019.865112304688 -104.203819274902 -101.43296134015532
2019.898071289062 -103.623008728027 -101.43358014896452
2019.930908203125 -101.612289428711 -101.39742104299181
2019.963745117188 -98.698913574219 -101.39435969794545
2019.99658203125 -100.779289245605 -101.46548296583411
2020.030151367188 -98.065864562988 -101.43355734877233
2020.06298828125 -100.63159942627 -101.7204017934765
2020.095825195312 -99.989883422852 -102.06274588553615
2020.128662109375 -100.880401611328 -102.61233580713805
2020.161499023438 -102.665107727051 -103.40099916746648
2020.177978515625 -102.662506103516 -104.01962549430024
2020.1943359375 -101.221786499023 -104.4157628736018
2020.227294921875 -104.342391967773 -105.61827472987012
2020.260131835938 -105.78596496582 -106.91717613957111
2020.29296875 -111.451148986816 -108.25112975180099
2020.325805664062 -108.167922973633 -109.63670385630579
2020.358642578125 -111.010368347168 -110.88888150394783
2020.391479492188 -114.082969665527 -112.0770361774672
2020.42431640625 -115.876472473145 -113.23393786220038
2020.457275390625 -115.276832580566 -114.25625638149342
2020.490112304688 -118.962715148926 -115.07400460727276
2020.52294921875 -115.57869720459 -115.74073227918278
2020.555786132812 -111.073295593262 -116.27709884448596
2020.572265625 -131.930908203125 -116.4010254790344
2020.588623046875 -118.991851806641 -116.46659944345225
2020.605102539062 -114.48583984375 -116.68417900403193
2020.621459960938 -124.436859130859 -116.65743644111507
2020.654296875 -121.29320526123 -116.63946568025277
2020.687255859375 -113.82763671875 -116.4509944867246
2020.70361328125 -117.159362792969 -116.37649183678054
2020.720092773438 -116.058280944824 -116.11664458164681
2020.7529296875 -118.373268127441 -115.67719309526387
2020.785766601562 -120.774391174316 -115.13052456204049
2020.818603515625 -114.699478149414 -114.44075098695569
2020.851440429688 -107.852729797363 -113.60132152199334
2020.917236328125 -111.261840820312 -111.79153946154665
2020.950073242188 -114.037658691406 -111.07222359406015
2020.98291015625 -112.608879089355 -110.52393933663798
2021.013671875 -108.48413848877 -109.89570476126445
2021.046508789062 -97.714782714844 -109.46065175066448
2021.079345703125 -102.472267150879 -109.4144389645664
2021.1123046875 -105.464424133301 -109.42557270767907
2021.145141601562 -108.686126708984 -109.60431857529602
2021.177978515625 -105.786262512207 -109.89453850269443
2021.210815429688 -110.611068725586 -110.26739216175808
2021.24365234375 -108.35595703125 -110.55299305350506
2021.276489257812 -110.114616394043 -111.40941667621408
2021.309326171875 -113.203575134277 -112.44607687170418
2021.34228515625 -112.959365844727 -113.54326241564642
2021.358642578125 -118.641822814941 -114.05133548298141
2021.391479492188 -117.526840209961 -115.03383130731407
2021.407958984375 -116.604118347168 -115.40989975498798
2021.440795898438 -110.169242858887 -116.08453659468871
2021.4736328125 -116.539726257324 -116.45110519023353
2021.506469726562 -132.681198120117 -116.55572522734302
2021.539306640625 -130.489456176758 -116.49523949365623
2021.572265625 -122.179405212402 -116.0353230782449
2021.605102539062 -130.475784301758 -115.93369311712715
2021.637939453125 -119.843940734863 -115.75326200148908
2021.670776367188 -119.752159118652 -115.48506862428756
2021.736450195312 -112.44425201416 -114.38241585558427
2021.769287109375 -111.306114196777 -113.77175555876252
2021.80224609375 -114.252021789551 -112.88848865972538
2021.835083007812 -102.690460205078 -111.97818190659362
2021.867919921875 -115.419105529785 -111.03244879573748
2021.966430664062 -107.325248718262 -108.60951563240262
2022.0 -108.409393310547 -108.05233946530088
2022.065673828125 -105.035430908203 -106.76152432660555
2022.098510742188 -98.814079284668 -106.31730574325731
2022.197143554688 -101.40217590332 -104.996623702654
2022.22998046875 -111.03507232666 -104.65626357528666
2022.262817382812 -96.641510009766 -104.40555035693977
2022.295654296875 -101.361228942871 -104.27365840771736
2022.328491210938 -103.408233642578 -104.28132570758214
2022.394287109375 -108.533561706543 -104.4062627665616
2022.558471679688 -118.033203125 -104.43286988998233
2022.591430664062 -91.861289978027 -104.56873472433486
2022.68994140625 -122.569900512695 -105.0056686578182
2022.722778320312 -120.914833068848 -105.24087460856181
2022.821411132812 -99.772964477539 -104.91181225145895
2022.854248046875 -108.116622924805 -104.50246028180341
2022.887084960938 -103.114036560059 -104.11841546903904
2022.919921875 -105.233299255371 -103.83093275943988
2022.952758789062 -107.795150756836 -103.59862978565349
2022.985595703125 -101.86897277832 -103.42000420845199
2023.019165039062 -99.734817504883 -103.3313955536542
2023.052001953125 -100.746109008789 -103.23728401249194
2023.084838867188 -100.273994445801 -103.320658249115
2023.11767578125 -103.869689941406 -103.71480258474831
2023.150634765625 -104.160781860352 -104.02477545625406
2023.183471679688 -104.612632751465 -104.56111539655313
2023.21630859375 -94.863922119141 -105.10805914053896
2023.249145507812 -97.741905212402 -105.6630673666506
2023.281982421875 -104.084083557129 -106.22781979881988
2023.314819335938 -106.991111755371 -106.80617500462048
2023.34765625 -104.783027648926 -107.40256118636586
2023.380615234375 -117.631675720215 -108.02337398850534
2023.413452148438 -104.453338623047 -108.66772978560391
2023.4462890625 -116.798759460449 -109.33870951207071
2023.57763671875 -147.079620361328 -112.2695659428403
