2014.804931640625 0.0 9.778454241036501
2014.837768554688 17.870246887207 9.056070138327172
2014.903442382812 13.385149002075 7.617590110039533
2014.96923828125 7.204139232635 6.185692344658462
2015.03564453125 7.005764007568 4.750904605495346
2015.101318359375 -10.009572982788 3.342667343224206
2015.265625 7.027113437653 -0.13817726616824977
2015.331298828125 -6.239723682404 -1.5160122887901675
2015.39697265625 -20.512121200562 -2.8891516478375774
2016.021850585938 -18.484451293945 -17.48766558545875
2016.1533203125 -20.598663330078 -19.093499793815184
2016.350463867188 -20.099727630615 -20.324299964708576
2016.416137695312 -35.238132476807 -20.615567716166982
2016.547607421875 -18.329736709595 -21.174231960688395
2016.744750976562 -24.020885467529 -21.902662018671908
2016.777587890625 -21.516941070557 -22.08693317694087
2016.810424804688 -24.280672073364 -22.29077445491538
2016.84326171875 -22.550607681274 -22.50104039356696
2016.876098632812 -22.991529464722 -22.66747978097755
2016.908935546875 -22.399980545044 -22.8364833477894
2016.941772460938 -21.826204299927 -23.00981246555136
2016.974731445312 -21.784912109375 -23.146680540459293
2017.005493164062 -23.358913421631 -23.331038869985477
2017.038330078125 -23.535158157349 -23.48560035406433
2017.071166992188 -22.688827514648 -23.653873193067692
2017.10400390625 -23.180709838867 -23.969421580796745
2017.136840820312 -23.512300491333 -24.36649237593582
2017.169799804688 -24.6826171875 -24.824764467208205
2017.20263671875 -24.662996292114 -25.351738342068405
2017.235473632812 -24.699346542358 -25.9473302302033
2017.268310546875 -26.397920608521 -26.58104454400875
2017.301147460938 -27.368347167969 -27.197926800598164
2017.333984375 -27.358669281006 -27.75395827490334
2017.366821289062 -27.346157073975 -28.23585580161126
2017.399780273438 -30.712087631226 -28.662053882647825
2017.4326171875 -31.142162322998 -29.069254269013022
2017.498291015625 -34.06330871582 -29.91599467559472
2017.531127929688 -33.273567199707 -30.347564480764394
2017.56396484375 -30.485208511353 -30.76118423991509
2017.596801757812 -28.340070724487 -31.13797906851257
2017.629760742188 -28.858037948608 -31.467350583017275
2017.66259765625 -30.74787902832 -31.74072977803973
2017.695434570312 -30.701417922974 -31.97216798210122
2017.728271484375 -33.907024383545 -32.1958175115858
2017.761108398438 -33.626430511475 -32.44134832419382
2017.7939453125 -33.531055450439 -32.70737149297077
2017.826782226562 -32.957599639893 -32.98118444574607
2017.859741210938 -33.604270935059 -33.25096811224144
2017.892578125 -33.802326202393 -33.485010013184265
2017.925415039062 -34.957748413086 -33.662045023087884
2017.958251953125 -33.657562255859 -33.78527304253769
2017.991088867188 -34.141990661621 -33.872253418508386
2018.024658203125 -33.837409973145 -33.946246819316606
2018.057495117188 -34.310577392578 -34.02443364070938
2018.09033203125 -34.289737701416 -34.14007537051762
2018.123168945312 -34.203433990479 -34.32233753444324
2018.156005859375 -32.164257049561 -34.600097637263666
2018.18896484375 -34.072898864746 -34.99504410401752
2018.221801757812 -33.449123382568 -35.52013116826801
2018.254638671875 -35.547836303711 -36.183199527673814
2018.287475585938 -34.44811630249 -36.98334880154218
2018.3203125 -36.041744232178 -37.8997662326824
2018.353149414062 -30.891231536865 -38.924575988936894
2018.385986328125 -38.633239746094 -40.053398595138034
2018.4189453125 -39.288772583008 -41.28619458253258
2018.451782226562 -41.514785766602 -42.599683496282644
2018.484619140625 -47.787033081055 -43.97704587431174
2018.517456054688 -44.171989440918 -45.401427782130554
2018.55029296875 -50.198036193848 -46.85762641911166
2018.583129882812 -48.039886474609 -48.300542449455776
2018.615966796875 -48.721492767334 -49.677956765919504
2018.64892578125 -52.650337219238 -50.960301216012134
2018.681762695312 -54.828125 -52.137582175832314
2018.714599609375 -43.740982055664 -53.225201115125365
2018.747436523438 -54.304656982422 -54.220663955876255
2018.7802734375 -56.815715789795 -55.14565865544149
2018.813110351562 -58.795768737793 -56.00314978972533
2018.845947265625 -59.912700653076 -56.876258501982235
2018.87890625 -56.847652435303 -57.67821916352257
2018.911743164062 -57.533176422119 -58.344347872243276
2018.944580078125 -58.792888641357 -58.94072829533104
2018.977416992188 -58.338356018066 -59.50720463055579
2019.010986328125 -59.54956817627 -60.126800800267226
2019.043823242188 -60.406795501709 -60.70362486276332
2019.109497070312 -62.388538360596 -62.26239183868675
2019.1259765625 -62.124462127686 -62.67347275024715
2019.142333984375 -62.756553649902 -63.15481819315856
2019.175170898438 -63.774620056152 -64.155329150111
2019.191650390625 -63.988502502441 -64.74156175196143
2019.208129882812 -64.215339660645 -65.37642337141233
2019.224487304688 -65.276702880859 -65.99554285583218
2019.240966796875 -66.857276916504 -66.72876953140596
2019.25732421875 -66.605781555176 -67.4960411415841
2019.273803710938 -67.649482727051 -68.23867828917446
2019.290161132812 -69.135749816895 -69.02205027706452
2019.306640625 -69.695114135742 -69.92127244805405
2019.323120117188 -70.191963195801 -70.87418575621116
2019.339477539062 -72.95467376709 -71.87259778277489
2019.35595703125 -70.607879638672 -72.92436355434599
2019.372314453125 -75.31184387207 -73.99591264345216
2019.388793945312 -74.856391906738 -75.09962408214533
2019.405151367188 -72.64933013916 -76.24485706107691
2019.421630859375 -76.668914794922 -77.36133425974643
2019.438110351562 -78.415092468262 -78.47699174210824
2019.454467773438 -79.401977539062 -79.57980851242431
2019.470947265625 -82.597053527832 -80.68826461078613
2019.4873046875 -84.588790893555 -81.78726346780758
2019.503784179688 -82.349632263184 -82.8671868889516
2019.520141601562 -78.486053466797 -83.96912631901742
2019.53662109375 -86.699310302734 -85.06132236911027
2019.569458007812 -86.764747619629 -87.083399001241
2019.602294921875 -83.167472839355 -88.73085188676404
2019.618774414062 -91.06795501709 -89.56247233462878
2019.635131835938 -92.081604003906 -90.35985214815437
2019.651611328125 -92.202789306641 -91.05504555535855
2019.668090820312 -93.680366516113 -91.81449480929629
2019.71728515625 -95.04606628418 -93.74605908788412
2019.733764648438 -92.139755249023 -94.32858830740919
2019.750122070312 -96.833061218262 -94.78329035633267
2019.7666015625 -93.959259033203 -95.28217698028097
2019.799438476562 -96.136360168457 -96.09302478320255
2019.832275390625 -100.50269317627 -96.84595060290061
2019.865112304688 -98.41325378418 -97.49914546125811
2019.898071289062 -98.101791381836 -98.0798907580079
2019.930908203125 -99.502563476562 -98.57196220917112
2019.963745117188 -99.772354125977 -98.9327689976461
2019.99658203125 -99.867446899414 -99.23789056629413
2020.030151367188 -99.851112365723 -99.60556744802795
2020.06298828125 -100.033401489258 -99.78761590666232
2020.095825195312 -99.611137390137 -99.99278273800813
2020.128662109375 -100.997138977051 -100.2529531303507
2020.161499023438 -99.652870178223 -100.61511059858942
2020.177978515625 -100.310203552246 -100.91607570206097
2020.1943359375 -100.828300476074 -101.07920204309968
2020.227294921875 -99.099319458008 -101.67605695221434
2020.260131835938 -98.908500671387 -102.44027212622497
2020.29296875 -101.093894958496 -103.24993973113826
2020.325805664062 -102.720909118652 -104.23439001672999
2020.358642578125 -104.204666137695 -105.59357114601082
2020.391479492188 -106.112327575684 -107.09801685506278
2020.42431640625 -108.493011474609 -108.73594135103671
2020.457275390625 -106.88582611084 -110.61043789620102
2020.490112304688 -111.481842041016 -112.69747225134462
2020.52294921875 -115.318786621094 -114.87365267590003
2020.555786132812 -116.251472473145 -117.10170922480826
2020.572265625 -115.394241333008 -118.26181249397263
2020.588623046875 -120.703605651855 -119.41153367918115
2020.605102539062 -121.861473083496 -120.54709572547303
2020.621459960938 -124.944297790527 -121.69772365956338
2020.654296875 -120.097602844238 -123.96742559668365
2020.687255859375 -127.758102416992 -126.14333787437778
2020.70361328125 -128.141754150391 -127.24628031003677
2020.720092773438 -128.119873046875 -128.12425000917295
2020.7529296875 -130.493927001953 -129.9259807679968
2020.785766601562 -134.039276123047 -131.5890890675045
2020.818603515625 -135.115676879883 -133.15179780055243
2020.851440429688 -137.51481628418 -134.62547797347713
2020.917236328125 -137.958343505859 -137.28753469537202
2020.950073242188 -138.814147949219 -138.46770284785916
2020.98291015625 -140.033813476562 -139.63235263521057
2021.013671875 -140.635848999023 -140.744902131793
2021.046508789062 -141.170471191406 -141.8450266499105
2021.079345703125 -142.119995117188 -142.97957352725712
2021.1123046875 -142.963317871094 -144.11950571911595
2021.145141601562 -145.018508911133 -145.28347954263137
2021.177978515625 -145.53776550293 -146.46676404105952
2021.210815429688 -149.229568481445 -147.6622563452545
2021.24365234375 -145.410675048828 -148.86806328817855
2021.276489257812 -150.376449584961 -150.10828600722564
2021.309326171875 -153.374160766602 -151.36691976895378
2021.34228515625 -151.5244140625 -152.65620166825067
2021.358642578125 -156.253753662109 -153.35169181394616
2021.391479492188 -152.939468383789 -154.76213314059177
2021.407958984375 -156.003280639648 -155.52601148341455
2021.440795898438 -154.848663330078 -156.99228769549927
2021.4736328125 -154.604354858398 -158.46171375798227
2021.506469726562 -176.150482177734 -159.90468561464658
2021.539306640625 -168.506546020508 -161.3007564879991
2021.572265625 -162.091827392578 -162.660036921631
2021.605102539062 -174.469711303711 -164.027118769389
2021.637939453125 -168.541458129883 -165.39137758538442
2021.670776367188 -166.545318603516 -166.76094254225936
2021.736450195312 -171.364654541016 -169.32447918780855
2021.769287109375 -171.109939575195 -170.57202339145272
2021.80224609375 -172.462585449219 -171.66627390114752
2021.835083007812 -171.126495361328 -172.73226583622687
2021.867919921875 -175.423889160156 -173.70068892958335
2021.966430664062 -177.690002441406 -176.51866039738482
2022.0 -177.543121337891 -177.44265462418264
2022.065673828125 -177.927169799805 -179.26561529486924
2022.098510742188 -179.244445800781 -180.16404509504918
2022.197143554688 -182.744674682617 -182.88715766726315
2022.22998046875 -186.307479858398 -183.7951130876684
2022.262817382812 -184.662796020508 -184.70542756852012
2022.295654296875 -183.944091796875 -185.61703355335897
2022.328491210938 -186.575561523438 -186.52674064139745
2022.394287109375 -188.282379150391 -188.34201594536822
2022.558471679688 -193.747192382812 -193.07170503987513
2022.591430664062 -201.433029174805 -194.00674552498026
2022.68994140625 -189.837387084961 -196.9516836102138
2022.722778320312 -196.997970581055 -197.94489005644314
2022.821411132812 -200.03742980957 -201.1196348561478
2022.854248046875 -201.004959106445 -202.4251240959914
2022.887084960938 -201.868804931641 -203.89274713143163
2022.919921875 -203.521575927734 -205.352545554338
2022.952758789062 -205.192169189453 -207.01906480441326
2022.985595703125 -207.407852172852 -209.14092030119997
2023.019165039062 -210.078567504883 -211.55045367587238
2023.052001953125 -212.36865234375 -213.8330559285567
2023.084838867188 -215.470001220703 -216.55050216055054
2023.11767578125 -218.543090820312 -219.62540464866325
2023.150634765625 -218.131286621094 -222.5303321021211
2023.183471679688 -223.45671081543 -225.62557461376934
2023.21630859375 -221.416519165039 -228.7138210345526
2023.249145507812 -221.76725769043 -231.80687681673675
2023.281982421875 -232.526718139648 -234.91000801917062
2023.314819335938 -239.904296875 -238.0257867535158
2023.34765625 -239.956970214844 -241.15615302241258
2023.380615234375 -243.210342407227 -244.31351905688155
2023.413452148438 -251.167663574219 -247.47536820094606
2023.4462890625 -252.624771118164 -250.65429240245587
2023.57763671875 -297.701232910156 -263.5130723566396
