2014.804931640625 -0.0 -5.0571770738589965
2014.837768554688 -4.082595348358 -5.775317443185858
2014.903442382812 -3.568965435028 -7.208580739325448
2014.96923828125 -9.478777885437 -8.641344544553137
2015.03564453125 -11.401327133179 -10.085746815113279
2015.101318359375 -17.340026855469 -11.51419213064696
2015.265625 -23.828332901001 -15.095286709537925
2015.331298828125 -27.319345474243 -16.53130461912948
2015.39697265625 -31.947933197021 -17.970756856600012
2016.021850585938 -31.134963989258 -30.728816171653833
2016.1533203125 -32.228393554688 -34.017395890646974
2016.350463867188 -51.835716247559 -38.68522188361269
2016.416137695312 -28.964302062988 -40.14683458210748
2016.547607421875 -50.707653045654 -43.63723564246574
2016.744750976562 -51.880813598633 -50.81946153498627
2016.777587890625 -52.643814086914 -50.435889160251165
2016.810424804688 -48.875385284424 -50.065042195834074
2016.84326171875 -50.712669372559 -49.70136218158012
2016.876098632812 -48.52103805542 -49.3325677611474
2016.908935546875 -48.515995025635 -49.027824292404716
2016.941772460938 -48.121822357178 -48.74999174646117
2016.974731445312 -47.040050506592 -48.48077243678788
2017.005493164062 -46.703735351562 -48.323985187229454
2017.038330078125 -47.425594329834 -48.09673049930381
2017.071166992188 -46.844230651855 -47.892690572258296
2017.10400390625 -47.776473999023 -47.88561704543834
2017.136840820312 -46.809555053711 -47.97569086676128
2017.169799804688 -47.54220199585 -48.127124457754704
2017.20263671875 -47.572647094727 -48.352503610621795
2017.235473632812 -48.191417694092 -48.64917436322836
2017.268310546875 -50.53653717041 -49.00001694105991
2017.301147460938 -48.782531738281 -49.38119079368625
2017.333984375 -47.567111968994 -49.77715142438233
2017.366821289062 -49.973484039307 -50.1689299067888
2017.399780273438 -51.729526519775 -50.5356480003136
2017.4326171875 -51.145858764648 -50.85809733033927
2017.498291015625 -52.354454040527 -51.3720929645117
2017.531127929688 -53.619926452637 -51.5813949199641
2017.56396484375 -51.812858581543 -51.77239013140658
2017.596801757812 -52.227294921875 -51.945180564163294
2017.629760742188 -54.924861907959 -52.095203232837235
2017.66259765625 -52.270092010498 -52.21122082730745
2017.695434570312 -50.357604980469 -52.30008121373837
2017.728271484375 -49.438999176025 -52.3787522144031
2017.761108398438 -52.796703338623 -52.45929794129123
2017.7939453125 -51.936431884766 -52.5530079313139
2017.826782226562 -53.167922973633 -52.6721064846703
2017.859741210938 -52.563556671143 -52.83540006072738
2017.892578125 -52.159049987793 -53.05803245368934
2017.925415039062 -53.146831512451 -53.337909206255446
2017.958251953125 -53.978981018066 -53.67896315556755
2017.991088867188 -54.190288543701 -54.09197286183136
2018.024658203125 -54.564636230469 -54.61394708635613
2018.057495117188 -52.257987976074 -55.2642998860072
2018.09033203125 -55.331283569336 -56.07162045644327
2018.123168945312 -54.589412689209 -57.03338668062361
2018.156005859375 -57.145835876465 -58.1173444625166
2018.18896484375 -57.430614471436 -59.29726495076737
2018.221801757812 -52.428127288818 -60.552438434093325
2018.254638671875 -58.066921234131 -61.90564387918599
2018.287475585938 -61.208415985107 -63.38347029932162
2018.3203125 -63.467464447021 -64.99051994468243
2018.353149414062 -68.423057556152 -66.73533669697848
2018.385986328125 -68.026054382324 -68.61735062866687
2018.4189453125 -72.50407409668 -70.62919416569706
2018.451782226562 -71.145164489746 -72.70518404955514
2018.484619140625 -72.863159179688 -74.74637340376314
2018.517456054688 -74.075996398926 -76.66475523253769
2018.55029296875 -82.986213684082 -78.43947008806694
2018.583129882812 -82.256614685059 -80.08473969191499
2018.615966796875 -92.986488342285 -81.62339681990659
2018.64892578125 -87.953231811523 -83.09472779498421
2018.681762695312 -87.797760009766 -84.52878208961116
2018.714599609375 -91.271331787109 -85.93235416678097
2018.747436523438 -88.988433837891 -87.27523974496239
2018.7802734375 -89.550521850586 -88.53920717073915
2018.813110351562 -88.968269348145 -89.74560735630806
2018.845947265625 -87.424446105957 -90.87361302446378
2018.87890625 -88.598922729492 -92.0393261789948
2018.911743164062 -90.675476074219 -93.57121516738715
2018.944580078125 -93.239768981934 -95.02566353694068
2018.977416992188 -79.492713928223 -96.58926977834717
2019.010986328125 -95.975799560547 -98.49206959949443
2019.043823242188 -98.376808166504 -100.40109370704258
2019.109497070312 -107.146141052246 -105.11030930336608
2019.1259765625 -108.648498535156 -106.3548273534015
2019.142333984375 -107.255973815918 -107.66059659449952
2019.175170898438 -110.529670715332 -110.37424499885931
2019.191650390625 -108.739952087402 -111.74312086212507
2019.208129882812 -113.464080810547 -113.1018922410114
2019.224487304688 -111.94945526123 -114.41951994773405
2019.240966796875 -116.267311096191 -115.74944694975427
2019.25732421875 -115.392234802246 -117.07431933003527
2019.273803710938 -119.608451843262 -118.39092392190068
2019.290161132812 -121.72469329834 -119.76366128503767
2019.306640625 -122.157447814941 -121.18043152573269
2019.323120117188 -120.580780029297 -122.57223846871985
2019.339477539062 -122.95093536377 -123.92518622171855
2019.35595703125 -125.580268859863 -125.24813113601492
2019.372314453125 -130.765365600586 -126.51502340647522
2019.388793945312 -130.100357055664 -127.74510941225249
2019.405151367188 -126.854415893555 -128.8985991814766
2019.421630859375 -130.538177490234 -130.1086292425917
2019.438110351562 -132.331359863281 -131.3130700059475
2019.454467773438 -132.834945678711 -132.49959887691566
2019.470947265625 -130.66374206543 -133.69238748295825
2019.4873046875 -138.160263061523 -134.88440074739168
2019.503784179688 -131.698944091797 -136.12704256373664
2019.520141601562 -130.080200195312 -137.32746508018496
2019.53662109375 -137.691833496094 -138.53015089525653
2019.569458007812 -144.03955078125 -140.86834034385356
2019.602294921875 -142.258392333984 -143.01763297077505
2019.618774414062 -143.340118408203 -144.12552058298778
2019.635131835938 -151.296966552734 -145.23447406006102
2019.651611328125 -149.211059570312 -146.33898583661252
2019.668090820312 -147.925750732422 -147.4925902427673
2019.71728515625 -152.323974609375 -150.90730681284944
2019.733764648438 -150.088912963867 -152.0085192053804
2019.750122070312 -148.978378295898 -153.02332845879417
2019.7666015625 -151.301696777344 -154.0283653200488
2019.799438476562 -157.723449707031 -155.8174744462364
2019.832275390625 -161.334945678711 -157.5417196208022
2019.865112304688 -162.761962890625 -159.17276161710743
2019.898071289062 -162.078186035156 -160.71666385808112
2019.930908203125 -164.430908203125 -162.13876185452662
2019.963745117188 -164.358505249023 -163.3183707597154
2019.99658203125 -164.36408996582 -164.39960762501448
2020.030151367188 -166.029937744141 -165.59779644316006
2020.06298828125 -167.078048706055 -166.34100971764127
2020.095825195312 -166.869674682617 -167.02305951096886
2020.128662109375 -168.052963256836 -167.64658297388368
2020.161499023438 -168.502395629883 -168.25702074054638
2020.177978515625 -168.944046020508 -168.56681979953973
2020.1943359375 -168.846328735352 -168.8768943318908
2020.227294921875 -170.391891479492 -169.5037192891466
2020.260131835938 -169.946273803711 -170.1167932305115
2020.29296875 -168.365600585938 -170.71211547866164
2020.325805664062 -170.455596923828 -171.29818444480472
2020.358642578125 -173.980056762695 -171.90146612981746
2020.391479492188 -170.300064086914 -172.49482149110284
2020.42431640625 -174.157470703125 -173.06876121293845
2020.457275390625 -178.006713867188 -173.65966339747706
2020.490112304688 -173.35009765625 -174.28150585827368
2020.52294921875 -173.428512573242 -174.9205630431398
2020.555786132812 -174.824722290039 -175.54308401675232
2020.572265625 -180.871978759766 -175.8423369660031
2020.588623046875 -181.345657348633 -176.1363672609989
2020.605102539062 -176.393203735352 -176.42817213636238
2020.621459960938 -173.091461181641 -176.72012275365682
2020.654296875 -174.328247070312 -177.29954552524404
2020.687255859375 -178.285095214844 -177.89438346237114
2020.70361328125 -179.653533935547 -178.18648999950958
2020.720092773438 -178.767944335938 -178.5120023305634
2020.7529296875 -179.409362792969 -179.1594865112015
2020.785766601562 -180.112686157227 -179.82874934572703
2020.818603515625 -178.988967895508 -180.48642418592001
2020.851440429688 -181.103591918945 -181.11624728854372
2020.917236328125 -182.871795654297 -182.28320683945992
2020.950073242188 -183.166732788086 -182.8375032281832
2020.98291015625 -184.055358886719 -183.41045838201774
2021.013671875 -183.867553710938 -183.96166050566364
2021.046508789062 -187.78205871582 -184.5928270449664
2021.079345703125 -182.218994140625 -185.28865481337246
2021.1123046875 -185.328796386719 -186.0026291524919
2021.145141601562 -184.577239990234 -186.74131164293507
2021.177978515625 -186.319549560547 -187.51267069748684
2021.210815429688 -189.55305480957 -188.33281022127872
2021.24365234375 -188.036224365234 -189.0831581438494
2021.276489257812 -185.282302856445 -190.04281573438178
2021.309326171875 -193.021011352539 -191.0861846330572
2021.34228515625 -192.540878295898 -192.21268182796058
2021.358642578125 -191.445785522461 -192.817660757731
2021.391479492188 -187.567459106445 -194.00827909147577
2021.407958984375 -195.690887451172 -194.64053879810822
2021.440795898438 -194.102203369141 -195.87298709115234
2021.4736328125 -196.977294921875 -197.10494329220884
2021.506469726562 -198.815551757812 -198.29940481260044
2021.539306640625 -200.52294921875 -199.43321385716197
2021.572265625 -198.798141479492 -200.44513011615356
2021.605102539062 -204.989776611328 -201.524109947474
2021.637939453125 -202.440048217773 -202.55794430889077
2021.670776367188 -208.344802856445 -203.5241411530119
2021.736450195312 -211.137115478516 -205.099202651621
2021.769287109375 -204.47492980957 -205.86223042110896
2021.80224609375 -207.864608764648 -206.51960686948982
2021.835083007812 -207.951400756836 -207.18857681510548
2021.867919921875 -209.969543457031 -207.7071854863876
2021.966430664062 -208.976257324219 -208.98772785834902
2022.0 -210.153274536133 -209.2725921541371
2022.065673828125 -210.795562744141 -209.93146561383492
2022.098510742188 -210.586547851562 -210.1754974157453
2022.197143554688 -211.713333129883 -211.0579221647933
2022.22998046875 -211.610137939453 -211.394868537382
2022.262817382812 -210.033157348633 -211.7513510203801
2022.295654296875 -210.576309204102 -212.11581443076713
2022.328491210938 -212.901916503906 -212.47588290227438
2022.394287109375 -208.646774291992 -213.16939848134925
2022.558471679688 -219.143951416016 -214.836865291761
2022.591430664062 -205.564376831055 -215.20303734232593
2022.68994140625 -218.167175292969 -216.51841424079214
2022.722778320312 -216.188186645508 -217.03173950296227
2022.821411132812 -217.535064697266 -217.9968262529693
2022.854248046875 -215.497192382812 -218.06332049805894
2022.887084960938 -221.870208740234 -218.06523520440234
2022.919921875 -218.882583618164 -218.06054564308354
2022.952758789062 -219.580902099609 -218.07327527302178
2022.985595703125 -221.543243408203 -218.03922255292255
2023.019165039062 -218.226898193359 -217.97138515893363
2023.052001953125 -217.061187744141 -217.95391148078988
2023.084838867188 -219.427612304688 -217.7807737986051
2023.11767578125 -215.964324951172 -217.48725005483192
2023.150634765625 -217.147979736328 -217.22572435694264
2023.183471679688 -216.566802978516 -216.90699826186614
2023.21630859375 -217.449523925781 -216.60949987361835
2023.249145507812 -219.281539916992 -216.33116815410236
2023.281982421875 -215.877319335938 -216.0645281566905
2023.314819335938 -214.803604125977 -215.80268508819645
2023.34765625 -214.450332641602 -215.5411067045732
2023.380615234375 -215.279769897461 -215.2765889560659
2023.413452148438 -213.583023071289 -215.010504868736
2023.4462890625 -214.484451293945 -214.74219159668667
2023.57763671875 -219.779266357422 -213.67507956766335
