2014.804931640625  -3.0884322496737315
2014.837768554688  -3.5910077117928565
2014.903442382812  -4.589844288535596
2014.96923828125  -5.582073462716002
2015.03564453125  -6.574884265774307
2015.101318359375  -7.548583628555731
2015.265625  -9.953268187220443
2015.331298828125  -10.9043513339534
2015.39697265625  -11.851983526702375
2016.021850585938  -22.49705964069438
2016.1533203125  -24.493709052276415
2016.350463867188  -25.1267530768533
2016.416137695312  -24.829522042350316
2016.547607421875  -24.24821210534226
2016.744750976562  -23.401928232762284
2016.777587890625  -23.213241554474475
2016.810424804688  -22.99497797865938
2016.84326171875  -22.659871052273477
2016.876098632812  -22.226363510749366
2016.908935546875  -21.77638385920927
2016.941772460938  -21.321564571506133
2016.974731445312  -20.802035059057566
2017.005493164062  -20.388011378875476
2017.038330078125  -19.91120989888653
2017.071166992188  -19.473430505885418
2017.10400390625  -19.340804636928272
2017.136840820312  -19.439130396338115
2017.169799804688  -19.690173535598426
2017.20263671875  -20.156523675738047
2017.235473632812  -20.872249702889818
2017.268310546875  -21.79085186117145
2017.301147460938  -22.820659943675807
2017.333984375  -23.912349617975064
2017.366821289062  -25.045614953350007
2017.399780273438  -26.17903126471929
2017.4326171875  -27.28794137708338
2017.498291015625  -29.479428274517883
2017.531127929688  -30.53999799984366
2017.56396484375  -31.46880372740357
2017.596801757812  -32.21081497714683
2017.629760742188  -32.76199367076649
2017.66259765625  -33.07696268844927
2017.695434570312  -33.173889071939904
2017.728271484375  -33.031239509573965
2017.761108398438  -32.71402911609548
2017.7939453125  -32.28009961434751
2017.826782226562  -31.732969092603096
2017.859741210938  -31.047162449981904
2017.892578125  -30.224357453566757
2017.925415039062  -29.314206188920558
2017.958251953125  -28.347272742732034
2017.991088867188  -27.33158043665534
2018.024658203125  -26.238442496282733
2018.057495117188  -25.119689030760412
2018.09033203125  -23.975623978785002
2018.123168945312  -22.84691892137531
2018.156005859375  -21.84902117423121
2018.18896484375  -21.08889685256711
2018.221801757812  -20.608127971756993
2018.254638671875  -20.36041249071364
2018.287475585938  -20.32109499296914
2018.3203125  -20.470976486732543
2018.353149414062  -20.83243836362546
2018.385986328125  -21.365568352158363
2018.4189453125  -21.997881488699452
2018.451782226562  -22.687482677712534
2018.484619140625  -23.446532834342534
2018.517456054688  -24.303187354489687
2018.55029296875  -25.231492094291138
2018.583129882812  -26.146404292614584
2018.615966796875  -26.976523093058198
2018.64892578125  -27.670478229878576
2018.681762695312  -28.19934553183111
2018.714599609375  -28.564552637197757
2018.747436523438  -28.775108707162754
2018.7802734375  -28.859283956902722
2018.813110351562  -28.79025167526309
2018.845947265625  -28.62769859906479
2018.87890625  -28.383768553821128
2018.911743164062  -28.080323638613894
2018.944580078125  -27.818096197311753
2018.977416992188  -27.516976888614685
2019.010986328125  -27.097178421890536
2019.043823242188  -26.637300010392913
2019.109497070312  -25.60958763694086
2019.1259765625  -25.331573584014013
2019.142333984375  -25.10255885240065
2019.175170898438  -24.64864519967961
2019.191650390625  -24.475283302057623
2019.208129882812  -24.33678729105656
2019.224487304688  -24.197948857621856
2019.240966796875  -24.12948895483418
2019.25732421875  -24.10600562933285
2019.273803710938  -24.058079634850735
2019.290161132812  -24.030688330739544
2019.306640625  -24.130757878187993
2019.323120117188  -24.32497256747916
2019.339477539062  -24.62291420616166
2019.35595703125  -25.01812520801885
2019.372314453125  -25.48889213937301
2019.388793945312  -26.060152586710625
2019.405151367188  -26.88891602212962
2019.421630859375  -27.688172339571494
2019.438110351562  -28.581262170120837
2019.454467773438  -29.515047365415647
2019.470947265625  -30.443516993717
2019.4873046875  -31.313698547685828
2019.503784179688  -32.019081061762805
2019.520141601562  -32.83877255924966
2019.53662109375  -33.673154203350386
2019.569458007812  -35.392451973785754
2019.602294921875  -37.14686090378833
2019.618774414062  -38.00697257621489
2019.635131835938  -38.814337762221015
2019.651611328125  -39.56270862074277
2019.668090820312  -40.289958519510996
2019.71728515625  -42.116381683854954
2019.733764648438  -42.643706663787015
2019.750122070312  -43.01148763032211
2019.7666015625  -43.43334968411232
2019.799438476562  -44.01312557940404
2019.832275390625  -44.54961063052208
2019.865112304688  -44.945397054900596
2019.898071289062  -45.19547090677847
2019.930908203125  -45.242297908467805
2019.963745117188  -45.09341349977962
2019.99658203125  -44.88585540339191
2020.030151367188  -44.691669803953616
2020.06298828125  -44.39797626580051
2020.095825195312  -44.07773935900475
2020.128662109375  -43.72272326816166
2020.161499023438  -43.365463829082316
2020.177978515625  -43.206030580948585
2020.1943359375  -43.03709657251776
2020.227294921875  -42.765301970293564
2020.260131835938  -42.552739115007284
2020.29296875  -42.33750853367545
2020.325805664062  -42.174006421203046
2020.358642578125  -42.218940665443
2020.391479492188  -42.47934176773026
2020.42431640625  -42.935894319915676
2020.457275390625  -43.5578742101823
2020.490112304688  -44.28783520225437
2020.52294921875  -45.12789475244249
2020.555786132812  -46.07277249410425
2020.572265625  -46.53018141984539
2020.588623046875  -46.91949545251722
2020.605102539062  -47.40450515953633
2020.621459960938  -47.72282387271002
2020.654296875  -48.40958877373298
2020.687255859375  -48.94854899300549
2020.70361328125  -49.27926805432311
2020.720092773438  -49.25400283577373
2020.7529296875  -49.309396806075796
2020.785766601562  -49.113945543972164
2020.818603515625  -48.704305082795045
2020.851440429688  -48.14878009893294
2020.917236328125  -46.827711415106066
2020.950073242188  -46.05483704448196
2020.98291015625  -45.231615359554084
2021.013671875  -44.467328316149086
2021.046508789062  -43.52270531199487
2021.079345703125  -42.481413258180126
2021.1123046875  -41.41110698160583
2021.145141601562  -40.299023252144735
2021.177978515625  -39.14632405600851
2021.210815429688  -37.99685037202614
2021.24365234375  -36.88033347120591
2021.276489257812  -35.791430935754256
2021.309326171875  -34.77289679166442
2021.34228515625  -33.84749500959609
2021.358642578125  -33.589326701152515
2021.391479492188  -33.01347534832088
2021.407958984375  -32.92024887995062
2021.440795898438  -32.49352108567593
2021.4736328125  -32.03257691544026
2021.506469726562  -31.510882834729923
2021.539306640625  -30.955829339628178
2021.572265625  -30.378014401701574
2021.605102539062  -29.911826796499003
2021.637939453125  -29.486500295540694
2021.670776367188  -29.0705317122517
2021.736450195312  -27.891831527398214
2021.769287109375  -27.303256465786998
2021.80224609375  -26.597674406761012
2021.835083007812  -25.88847124938652
2021.867919921875  -25.209861278989525
2021.966430664062  -23.476357811818502
2022.0  -23.134992313223037
2022.065673828125  -22.529307402623566
2022.098510742188  -22.534184516463462
2022.197143554688  -23.085398339944692
2022.22998046875  -23.482669977352348
2022.262817382812  -24.01819108583199
2022.295654296875  -24.640982438966766
2022.328491210938  -25.104763771392793
2022.394287109375  -25.33919145020981
2022.558471679688  -26.468019967560764
2022.591430664062  -27.370220129131322
2022.68994140625  -30.193554689231245
2022.722778320312  -30.178789687156826
2022.821411132812  -28.676281227220638
2022.854248046875  -27.797442951694595
2022.887084960938  -26.80242603109038
2022.919921875  -25.94150837037841
2022.952758789062  -25.034377305062225
2022.985595703125  -24.17893917467883
2023.019165039062  -23.522437821355243
2023.052001953125  -22.8323681256857
2023.084838867188  -22.48218725044981
2023.11767578125  -22.43123787183585
2023.150634765625  -22.182917584456252
2023.183471679688  -22.136800338136652
2023.21630859375  -22.091679992504925
2023.249145507812  -22.06109552244635
2023.281982421875  -22.0513134325173
2023.314819335938  -22.065370977432107
2023.34765625  -22.104606025709813
2023.380615234375  -22.169822992879904
2023.413452148438  -22.261059931725192
2023.4462890625  -22.37719224398051
2023.57763671875  -23.028778844343556
