2014.804931640625 0.0 7.0301114025125875
2014.837768554688 5.170952320099 5.140572030752894
2014.903442382812 3.392600297928 1.3627852585470204
2014.96923828125 -3.001144170761 -2.4203309979146046
2015.03564453125 -5.820364952087 -6.2371110958111515
2015.101318359375 -14.870397567749 -10.010687794282005
2015.265625 -15.327149391174 -19.449306767647506
2015.331298828125 -24.653093338013 -23.222049610019244
2015.39697265625 -34.221321105957 -26.99560839766335
2016.021850585938 -61.135982513428 -62.91325852602317
2016.1533203125 -70.169982910156 -70.31733373833298
2016.350463867188 -83.341491699219 -81.14105114833099
2016.416137695312 -96.882553100586 -84.73678018679104
2016.547607421875 -94.75350189209 -92.05906880335657
2016.744750976562 -101.600379943848 -102.50919146622249
2016.777587890625 -104.062461853027 -104.11713460345851
2016.810424804688 -104.940757751465 -105.73785651166281
2016.84326171875 -106.580764770508 -107.43247289781581
2016.876098632812 -109.203224182129 -109.22299488714292
2016.908935546875 -110.688735961914 -111.06979683999357
2016.941772460938 -112.401229858398 -112.9239648569946
2016.974731445312 -114.508712768555 -114.8612238329396
2017.005493164062 -116.493637084961 -116.70468963754487
2017.038330078125 -118.481826782227 -118.66104548158751
2017.071166992188 -120.224060058594 -120.62378176042317
2017.10400390625 -122.336097717285 -122.61081244767675
2017.136840820312 -124.758560180664 -124.60473756313685
2017.169799804688 -127.824569702148 -126.6098711674628
2017.20263671875 -128.410430908203 -128.60877555398005
2017.235473632812 -130.71533203125 -130.59217624720807
2017.268310546875 -133.123825073242 -132.50563239232778
2017.301147460938 -134.734130859375 -134.2905570437225
2017.333984375 -135.608459472656 -135.92409739402078
2017.366821289062 -138.575134277344 -137.4262929221387
2017.399780273438 -141.013061523438 -138.85351364319615
2017.4326171875 -142.126235961914 -140.24371040439274
2017.498291015625 -146.363830566406 -142.99721201667526
2017.531127929688 -147.297729492188 -144.349274706145
2017.56396484375 -144.457122802734 -145.66372836956577
2017.596801757812 -145.503570556641 -146.92838381535597
2017.629760742188 -146.130111694336 -148.14051083460353
2017.66259765625 -147.908401489258 -149.29422792871188
2017.695434570312 -150.869522094727 -150.42298782226274
2017.728271484375 -152.702941894531 -151.5727055821495
2017.761108398438 -153.862564086914 -152.76701886556495
2017.7939453125 -154.209716796875 -154.00263617175167
2017.826782226562 -154.981109619141 -155.263968370104
2017.859741210938 -156.409973144531 -156.5439832517358
2017.892578125 -157.764251708984 -157.81969321787793
2017.925415039062 -158.687942504883 -159.0887679001223
2017.958251953125 -159.371490478516 -160.35940369145735
2017.991088867188 -161.66291809082 -161.64242115381046
2018.024658203125 -163.129257202148 -162.98574313646733
2018.057495117188 -164.387176513672 -164.34810967106017
2018.09033203125 -165.637893676758 -165.7666213793033
2018.123168945312 -165.750915527344 -167.2375890683831
2018.156005859375 -167.700317382812 -168.75019711431656
2018.18896484375 -170.064880371094 -170.31012419438983
2018.221801757812 -171.475204467773 -171.9108909204901
2018.254638671875 -173.746505737305 -173.5609835297969
2018.287475585938 -173.760162353516 -175.25770010259993
2018.3203125 -176.736602783203 -176.98670280146084
2018.353149414062 -178.337280273438 -178.73074846241028
2018.385986328125 -181.368255615234 -180.47883646869718
2018.4189453125 -182.223937988281 -182.22972559579378
2018.451782226562 -182.657791137695 -183.9506755643726
2018.484619140625 -187.30632019043 -185.63437976240726
2018.517456054688 -188.102844238281 -187.28671283873626
2018.55029296875 -191.30403137207 -188.91716637367472
2018.583129882812 -191.540924072266 -190.51670522719803
2018.615966796875 -191.901168823242 -192.07185798585783
2018.64892578125 -192.510848999023 -193.58054676037523
2018.681762695312 -195.942581176758 -195.03253864973712
2018.714599609375 -190.300140380859 -196.4402267399705
2018.747436523438 -197.324020385742 -197.8122636349138
2018.7802734375 -199.347579956055 -199.1609112045463
2018.813110351562 -201.57926940918 -200.52081378313383
2018.845947265625 -203.428573608398 -201.8998130247352
2018.87890625 -202.351745605469 -203.3284292407646
2018.911743164062 -203.028961181641 -204.8382150580539
2018.944580078125 -206.203796386719 -206.3413012891715
2018.977416992188 -206.214416503906 -207.88046316938468
2019.010986328125 -208.802444458008 -209.56349207134122
2019.043823242188 -210.282531738281 -211.17183361754334
2019.109497070312 -215.069763183594 -214.86365987606814
2019.1259765625 -215.413040161133 -215.8323211880563
2019.142333984375 -216.309387207031 -216.8517782326192
2019.175170898438 -218.632888793945 -218.9376621884384
2019.191650390625 -219.644958496094 -220.02660754564124
2019.208129882812 -221.303024291992 -221.127644263381
2019.224487304688 -222.003265380859 -222.2225330907273
2019.240966796875 -223.556488037109 -223.34363327883685
2019.25732421875 -224.333572387695 -224.4589046200958
2019.273803710938 -225.790878295898 -225.58548380951967
2019.290161132812 -226.568206787109 -226.71527793802767
2019.306640625 -228.017669677734 -227.84354988575998
2019.323120117188 -228.962478637695 -228.95547994640145
2019.339477539062 -230.563552856445 -230.03822217257547
2019.35595703125 -231.254364013672 -231.09942104118116
2019.372314453125 -231.619354248047 -232.11825041594307
2019.388793945312 -234.208557128906 -233.11165137783695
2019.405151367188 -234.105331420898 -234.03592949551384
2019.421630859375 -235.111083984375 -235.00513447913704
2019.438110351562 -237.857543945312 -235.96643505867164
2019.454467773438 -237.56005859375 -236.92721501721013
2019.470947265625 -236.524932861328 -237.91780907802823
2019.4873046875 -239.440887451172 -238.914732894379
2019.503784179688 -237.189590454102 -239.9208048908363
2019.520141601562 -237.490417480469 -240.87465966778865
2019.53662109375 -246.527786254883 -241.80746315697715
2019.569458007812 -245.750259399414 -243.56154189720846
2019.602294921875 -241.029693603516 -245.159405236362
2019.618774414062 -247.779037475586 -245.98592881547765
2019.635131835938 -248.53092956543 -246.8143759598908
2019.651611328125 -248.403381347656 -247.54083521889802
2019.668090820312 -248.821014404297 -248.34910725340274
2019.71728515625 -250.767333984375 -250.37379696694978
2019.733764648438 -249.906524658203 -250.9660192682806
2019.750122070312 -254.064987182617 -251.47196024594012
2019.7666015625 -251.234771728516 -252.0012941664528
2019.799438476562 -252.675231933594 -252.98316070754117
2019.832275390625 -255.653991699219 -253.94839366005496
2019.865112304688 -254.858917236328 -254.88963801000992
2019.898071289062 -255.688827514648 -255.8108455920637
2019.930908203125 -256.753692626953 -256.69921941413565
2019.963745117188 -257.832427978516 -257.533898728627
2019.99658203125 -258.59375 -258.33053748541073
2020.030151367188 -259.448822021484 -259.16620966536397
2020.06298828125 -260.169494628906 -259.9091868165256
2020.095825195312 -260.627227783203 -260.6528728916066
2020.128662109375 -261.789276123047 -261.39030220370495
2020.161499023438 -262.538391113281 -262.1242450751141
2020.177978515625 -262.562957763672 -262.4813843962932
2020.1943359375 -262.88623046875 -262.8419541211237
2020.227294921875 -262.986480712891 -263.5426965936927
2020.260131835938 -262.630767822266 -264.2365020139705
2020.29296875 -265.641662597656 -264.92910324660266
2020.325805664062 -266.100189208984 -265.6280968655544
2020.358642578125 -265.972564697266 -266.35895211853364
2020.391479492188 -268.289276123047 -267.11502791682267
2020.42431640625 -267.367797851562 -267.89020930170716
2020.457275390625 -264.628997802734 -268.6687717567941
2020.490112304688 -268.605102539062 -269.41804677703345
2020.52294921875 -271.411254882812 -270.1277007932366
2020.555786132812 -271.759460449219 -270.80319642715796
2020.572265625 -269.349945068359 -271.1166885260202
2020.588623046875 -271.754699707031 -271.4299827279185
2020.605102539062 -272.786468505859 -271.77617608752286
2020.621459960938 -274.360290527344 -272.0919756927314
2020.654296875 -267.830596923828 -272.7527003694003
2020.687255859375 -273.685577392578 -273.4069274201932
2020.70361328125 -272.828857421875 -273.72655282848064
2020.720092773438 -274.0849609375 -274.0389013144753
2020.7529296875 -274.714630126953 -274.6336485879221
2020.785766601562 -273.614471435547 -275.18577119867496
2020.818603515625 -275.40625 -275.69943973473
2020.851440429688 -278.552581787109 -276.1981660374234
2020.917236328125 -277.999114990234 -277.3534559878327
2020.950073242188 -278.337799072266 -278.0964336044952
2020.98291015625 -278.728485107422 -278.87354104787744
2021.013671875 -276.416137695312 -279.54537001695525
2021.046508789062 -276.131134033203 -280.3236152823147
2021.079345703125 -277.154632568359 -281.1553602005164
2021.1123046875 -280.595092773438 -281.94405898615577
2021.145141601562 -282.910247802734 -282.7309896564182
2021.177978515625 -285.024078369141 -283.5418335171216
2021.210815429688 -286.497955322266 -284.38301820805714
2021.24365234375 -283.12939453125 -285.2940213064577
2021.276489257812 -288.077209472656 -286.1492517844259
2021.309326171875 -288.044921875 -286.8728260456862
2021.34228515625 -288.027221679688 -287.4984145636571
2021.358642578125 -289.096099853516 -287.7886939259837
2021.391479492188 -288.919342041016 -288.4307112314054
2021.407958984375 -288.054748535156 -288.7562554663057
2021.440795898438 -285.252349853516 -289.3831133048961
2021.4736328125 -285.605651855469 -289.98139378776926
2021.506469726562 -301.447082519531 -290.570457948345
2021.539306640625 -289.378387451172 -291.1583644538507
2021.572265625 -289.892944335938 -291.7614367795554
2021.605102539062 -294.207580566406 -292.32762050673756
2021.637939453125 -295.613647460938 -292.89751215617315
2021.670776367188 -293.481231689453 -293.49298691485694
2021.736450195312 -290.285491943359 -294.8023805140823
2021.769287109375 -294.671203613281 -295.4928749053732
2021.80224609375 -297.101867675781 -296.20551326058177
2021.835083007812 -297.169647216797 -296.9207712796845
2021.867919921875 -295.571228027344 -297.6326916726557
2021.966430664062 -299.06787109375 -299.48743535362394
2022.0 -305.038635253906 -300.10450968156255
2022.065673828125 -303.699432373047 -301.3538098189729
2022.098510742188 -297.508941650391 -301.9909977812938
2022.197143554688 -305.537414550781 -303.8824882301964
2022.22998046875 -310.463623046875 -304.48790037714525
2022.262817382812 -304.091949462891 -305.07689576336395
2022.295654296875 -304.355499267578 -305.6463540208013
2022.328491210938 -306.341918945312 -306.18893301554493
2022.394287109375 -308.554412841797 -307.18681583941543
2022.558471679688 -310.824676513672 -309.3684911582311
2022.591430664062 -315.505950927734 -309.82985053301957
2022.68994140625 -309.728912353516 -311.2438709134132
2022.722778320312 -313.120544433594 -311.6763731867906
2022.821411132812 -312.688873291016 -312.7945017177058
2022.854248046875 -313.127838134766 -313.2162243670336
2022.887084960938 -312.547515869141 -313.6942966225927
2022.919921875 -313.671752929688 -314.1675306557313
2022.952758789062 -313.59423828125 -314.68648485467094
2022.985595703125 -313.963409423828 -315.37928999345183
2023.019165039062 -315.498718261719 -316.2062508020698
2023.052001953125 -315.879760742188 -316.95081013291576
2023.084838867188 -316.686187744141 -317.98051482961534
2023.11767578125 -319.336486816406 -319.24184898318623
2023.150634765625 -318.220977783203 -320.3911519353773
2023.183471679688 -320.1337890625 -321.6653049703849
2023.21630859375 -319.635375976562 -322.93500823609634
2023.249145507812 -319.075927734375 -324.2082646762123
2023.281982421875 -324.312622070312 -325.4893822518563
2023.314819335938 -327.580017089844 -326.78070391495174
2023.34765625 -328.013763427734 -328.0838291307462
2023.380615234375 -331.079315185547 -329.4043687726715
2023.413452148438 -330.713653564453 -330.73265664947183
2023.4462890625 -333.441223144531 -332.0728469441293
2023.57763671875 -350.990203857422 -337.5287269561302
