2014.804931640625 0.0 6.795763380086784
2014.837768554688 0.997169792652 6.227524128995009
2014.903442382812 7.222199440002 5.085525731394227
2014.96923828125 1.692497253418 3.934121130066867
2015.03564453125 13.334086418152 2.7643200753829626
2015.101318359375 -5.577227115631 1.6000729121588535
2015.265625 17.992017745972 -1.3397277203340048
2015.331298828125 2.549453258514 -2.522319909024447
2015.39697265625 -13.906433105469 -3.7063994694321836
2016.021850585938 -7.68697309494 -13.504256984414459
2016.1533203125 -24.778160095215 -17.463672165044134
2016.350463867188 -15.297684669495 -22.117462017042357
2016.416137695312 -23.51905632019 -23.285680144711556
2016.547607421875 -27.841274261475 -25.65720133761339
2016.744750976562 -25.917366027832 -28.18130752757983
2016.777587890625 -27.383722305298 -28.5510183671183
2016.810424804688 -35.151489257812 -28.917607268879358
2016.84326171875 -31.793569564819 -29.251384691963228
2016.876098632812 -34.901668548584 -29.51373087842904
2016.908935546875 -30.096752166748 -29.754340727100814
2016.941772460938 -29.663024902344 -30.007571153112714
2016.974731445312 -30.580787658691 -30.2819928455689
2017.005493164062 -30.232967376709 -30.523441765986753
2017.038330078125 -30.412860870361 -30.78597133411024
2017.071166992188 -30.903945922852 -30.99836435385823
2017.10400390625 -30.821996688843 -31.223053774538695
2017.136840820312 -29.999132156372 -31.49788352390797
2017.169799804688 -32.209903717041 -31.814849358346194
2017.20263671875 -32.373344421387 -32.189774263277585
2017.235473632812 -32.332504272461 -32.624814857390675
2017.268310546875 -29.05224609375 -33.12126046281773
2017.301147460938 -32.443260192871 -33.672904288267034
2017.333984375 -34.496822357178 -34.27104420119314
2017.366821289062 -36.941005706787 -34.90429376919679
2017.399780273438 -34.361911773682 -35.567026727131065
2017.4326171875 -34.306823730469 -36.24045024206463
2017.498291015625 -39.187587738037 -37.48523719902678
2017.531127929688 -37.538780212402 -38.00096251020013
2017.56396484375 -40.246055603027 -38.42682725545627
2017.596801757812 -39.964389801025 -38.76133331117681
2017.629760742188 -40.964618682861 -39.00762441504518
2017.66259765625 -40.921154022217 -39.146599047223525
2017.695434570312 -41.929027557373 -39.16628584563075
2017.728271484375 -42.602699279785 -39.04324942125041
2017.761108398438 -38.332855224609 -38.77489372889634
2017.7939453125 -38.317073822021 -38.39479588044809
2017.826782226562 -37.75443649292 -37.93467078193471
2017.859741210938 -38.403430938721 -37.39109801623025
2017.892578125 -37.791988372803 -36.77474887495069
2017.925415039062 -37.382289886475 -36.11839943211993
2017.958251953125 -34.421215057373 -35.44371430142246
2017.991088867188 -34.183654785156 -34.77415053992218
2018.024658203125 -33.739562988281 -34.15338531347579
2018.057495117188 -33.149219512939 -33.70251742924034
2018.09033203125 -33.076442718506 -33.45665355206197
2018.123168945312 -30.737676620483 -33.377919408108674
2018.156005859375 -30.412496566772 -33.430868627306545
2018.18896484375 -32.641761779785 -33.58672181762485
2018.221801757812 -29.988138198853 -33.84330889412443
2018.254638671875 -26.791675567627 -34.20709340833689
2018.287475585938 -28.568471908569 -34.68395183523735
2018.3203125 -33.423290252686 -35.27581712242435
2018.353149414062 -36.39001083374 -35.99107532245447
2018.385986328125 -37.30394744873 -36.83373967253118
2018.4189453125 -34.521816253662 -37.79733020950484
2018.451782226562 -39.270595550537 -38.81444156178125
2018.484619140625 -38.206539154053 -39.79758760855892
2018.517456054688 -40.366436004639 -40.69840206636035
2018.55029296875 -44.128944396973 -41.49687924395297
2018.583129882812 -46.77734375 -42.1953780292694
2018.615966796875 -46.440460205078 -42.8180217177933
2018.64892578125 -49.355583190918 -43.37735535150217
2018.681762695312 -44.682022094727 -43.863086568193076
2018.714599609375 -50.901290893555 -44.260550073642435
2018.747436523438 -44.99987411499 -44.54001672630384
2018.7802734375 -44.568511962891 -44.69514787511088
2018.813110351562 -48.266166687012 -44.67050923826559
2018.845947265625 -44.732501983643 -44.52100951471572
2018.87890625 -44.968463897705 -44.21370423029265
2018.911743164062 -44.593360900879 -43.88802339127808
2018.944580078125 -43.976619720459 -43.583611453710084
2018.977416992188 -42.711776733398 -43.27640354934582
2019.010986328125 -39.725456237793 -43.01501866746743
2019.043823242188 -41.615535736084 -42.69274663834604
2019.109497070312 -41.524272918701 -42.27083099115544
2019.1259765625 -41.239852905273 -42.157269105372315
2019.142333984375 -42.518436431885 -42.19090578304017
2019.175170898438 -42.300464630127 -42.38167560750502
2019.191650390625 -42.193260192871 -42.594166810246435
2019.208129882812 -42.000434875488 -42.849744401189305
2019.224487304688 -42.665802001953 -43.09301791457748
2019.240966796875 -44.044128417969 -43.40631839324311
2019.25732421875 -43.266307830811 -43.737281553378914
2019.273803710938 -42.695770263672 -44.04905967707749
2019.290161132812 -44.207954406738 -44.37627121425017
2019.306640625 -43.310901641846 -44.74933021837836
2019.323120117188 -46.471794128418 -45.136902876620425
2019.339477539062 -46.17248916626 -45.53924876017007
2019.35595703125 -46.264221191406 -45.95836752237011
2019.372314453125 -45.515232086182 -46.38931112599882
2019.388793945312 -48.478668212891 -46.845073638540754
2019.405151367188 -46.808586120605 -47.32943108138476
2019.421630859375 -47.469856262207 -47.80512171057773
2019.438110351562 -47.079441070557 -48.28563663231206
2019.454467773438 -46.845932006836 -48.76400695285768
2019.470947265625 -52.383888244629 -49.25448910061298
2019.4873046875 -50.0244140625 -49.75129335397316
2019.503784179688 -46.939483642578 -50.2720246987033
2019.520141601562 -51.40832901001 -50.77119978364316
2019.53662109375 -53.010566711426 -51.28200199915246
2019.569458007812 -50.954914093018 -52.3077688152169
2019.602294921875 -54.862815856934 -53.34710826681031
2019.618774414062 -52.439754486084 -53.87977161294621
2019.635131835938 -56.602787017822 -54.401381367880944
2019.651611328125 -49.184108734131 -54.90669114012544
2019.668090820312 -54.890907287598 -55.41265651537785
2019.71728515625 -57.006538391113 -56.87638741130283
2019.733764648438 -56.91100692749 -57.3595636004264
2019.750122070312 -58.001834869385 -57.81794120001157
2019.7666015625 -63.883583068848 -58.28436230987198
2019.799438476562 -59.6379737854 -59.162930574106774
2019.832275390625 -59.388000488281 -60.02693067193061
2019.865112304688 -61.552253723145 -60.855788682343736
2019.898071289062 -62.168621063232 -61.65805610423403
2019.930908203125 -62.754676818848 -62.41879433776957
2019.963745117188 -63.395763397217 -63.11636092328736
2019.99658203125 -63.886455535889 -63.77357256884471
2020.030151367188 -64.310340881348 -64.46134408080367
2020.06298828125 -65.226348876953 -65.059977126795
2020.095825195312 -65.724746704102 -65.64315421845879
2020.128662109375 -66.780151367188 -66.18340086086413
2020.161499023438 -67.301414489746 -66.65926069104981
2020.177978515625 -67.429443359375 -66.82153431636404
2020.1943359375 -67.081756591797 -67.05009228391765
2020.227294921875 -67.276573181152 -67.35266191431508
2020.260131835938 -67.922027587891 -67.58686379577328
2020.29296875 -69.176277160645 -67.81990438714519
2020.325805664062 -73.182441711426 -68.01977757832437
2020.358642578125 -66.722770690918 -68.23752998575097
2020.391479492188 -75.698165893555 -68.50185108281435
2020.42431640625 -68.569831848145 -68.78199654183769
2020.457275390625 -66.996978759766 -69.01381128557486
2020.490112304688 -69.189895629883 -69.17891585167362
2020.52294921875 -66.927772521973 -69.31017628163855
2020.555786132812 -74.488380432129 -69.41412896382114
2020.572265625 -70.788948059082 -69.38008810595777
2020.588623046875 -64.027648925781 -69.28999561701347
2020.605102539062 -73.795440673828 -69.33467062241267
2020.621459960938 -73.886054992676 -69.1770604801868
2020.654296875 -71.226028442383 -68.95146023939573
2020.687255859375 -70.002021789551 -68.58857232926293
2020.70361328125 -66.609260559082 -68.4523497368816
2020.720092773438 -70.424659729004 -68.06063294026801
2020.7529296875 -71.600036621094 -67.37607144188372
2020.785766601562 -65.878265380859 -66.54757900938469
2020.818603515625 -65.971824645996 -65.61772301621033
2020.851440429688 -62.855197906494 -64.64084441171975
2020.917236328125 -64.04670715332 -62.743064995710675
2020.950073242188 -61.116790771484 -61.960208697697546
2020.98291015625 -60.248058319092 -61.26148627807635
2021.013671875 -59.448738098145 -60.52603412527733
2021.046508789062 -56.349704742432 -59.92515322118409
2021.079345703125 -59.123908996582 -59.51976670615619
2021.1123046875 -57.651607513428 -59.14862443563178
2021.145141601562 -57.973167419434 -58.90513352330128
2021.177978515625 -57.562591552734 -58.7898536910236
2021.210815429688 -58.987827301025 -58.788471786869174
2021.24365234375 -57.926048278809 -58.7484282370101
2021.276489257812 -57.397380828857 -58.987450358770516
2021.309326171875 -59.7268409729 -59.32005079209754
2021.34228515625 -57.988670349121 -59.70903153647064
2021.358642578125 -64.95484161377 -59.90947830417229
2021.391479492188 -56.090145111084 -60.22974442708708
2021.407958984375 -59.981452941895 -60.33277451396419
2021.440795898438 -61.329166412354 -60.54787905450921
2021.4736328125 -61.917823791504 -60.71303548927877
2021.506469726562 -63.383731842041 -60.823719870160915
2021.539306640625 -63.814056396484 -60.847124033608196
2021.572265625 -66.089599609375 -60.589799113037955
2021.605102539062 -62.031620025635 -60.42019112404092
2021.637939453125 -60.784267425537 -60.18283249790501
2021.670776367188 -59.095989227295 -59.918041777278425
2021.736450195312 -58.233474731445 -59.40317549579981
2021.769287109375 -67.722396850586 -59.11082950004028
2021.80224609375 -52.57300567627 -58.7815828788349
2021.835083007812 -53.188106536865 -58.38907729890184
2021.867919921875 -58.341747283936 -57.932149353884704
2021.966430664062 -57.375114440918 -56.42405080061088
2022.0 -59.298374176025 -55.92617615964667
2022.065673828125 -56.825500488281 -55.05894629723446
2022.098510742188 -48.115165710449 -54.63947711911033
2022.197143554688 -49.441131591797 -53.62140162482054
2022.22998046875 -54.340091705322 -53.289976647930736
2022.262817382812 -51.865112304688 -52.96255164370163
2022.295654296875 -50.598052978516 -52.663676596247754
2022.328491210938 -45.979530334473 -52.43035359411711
2022.394287109375 -50.680213928223 -52.24282622018991
2022.558471679688 -50.632816314697 -52.419118864552125
2022.591430664062 -52.384197235107 -52.48270141911906
2022.68994140625 -42.970321655273 -52.739666053440104
2022.722778320312 -68.288131713867 -52.910381160374435
2022.821411132812 -54.897232055664 -53.47446515850872
2022.854248046875 -58.660705566406 -53.631567740552825
2022.887084960938 -53.298542022705 -53.76593119735967
2022.919921875 -52.521553039551 -53.97827035962795
2022.952758789062 -55.078952789307 -54.140869060462315
2022.985595703125 -57.970012664795 -54.08573352567185
2023.019165039062 -53.2760887146 -54.02754808904003
2023.052001953125 -53.283554077148 -53.970406892104975
2023.084838867188 -52.011444091797 -53.99195535799226
2023.11767578125 -53.693367004395 -54.09659324824243
2023.150634765625 -54.572254180908 -54.161132192950745
2023.183471679688 -52.248695373535 -54.28009311072476
2023.21630859375 -53.861915588379 -54.43160398429329
2023.249145507812 -54.677127838135 -54.612735637013
2023.281982421875 -51.315921783447 -54.81418866250334
2023.314819335938 -56.396095275879 -55.02927908745847
2023.34765625 -55.61515045166 -55.254497746580014
2023.380615234375 -56.890579223633 -55.48850566262673
2023.413452148438 -55.4153175354 -55.72808615675287
2023.4462890625 -53.641712188721 -55.972857321145824
2023.57763671875 -61.294761657715 -57.00781218092346
