2014.804931640625 -0.0 -3.353475087368939
2014.837768554688 -16.569965362549 -5.547951402985689
2014.903442382812 -13.964027404785 -9.926499995385132
2014.96923828125 -13.995334625244 -14.2990600178038
2015.03564453125 -11.549862861633 -18.697001695846676
2015.101318359375 -12.247241973877 -23.030647530959932
2015.265625 -20.157976150513 -33.80475465265251
2015.331298828125 -40.478206634521 -38.08590365752424
2015.39697265625 -46.202083587646 -42.35486540312378
2016.021850585938 -70.695220947266 -82.70843501355323
2016.1533203125 -96.155403137207 -91.89237644362436
2016.350463867188 -119.959602355957 -104.39641236984134
2016.416137695312 -107.396591186523 -106.19245183139292
2016.547607421875 -112.832511901855 -109.8945401611612
2016.744750976562 -107.863311767578 -115.15220441135365
2016.777587890625 -116.937316894531 -115.88495729098936
2016.810424804688 -119.910675048828 -116.59310049434457
2016.84326171875 -115.202354431152 -117.28027884384642
2016.876098632812 -117.414245605469 -118.07373853710453
2016.908935546875 -118.029930114746 -118.97445145659215
2016.941772460938 -118.597328186035 -119.89179574252509
2016.974731445312 -119.940849304199 -120.9475430167991
2017.005493164062 -121.086235046387 -122.01312945194427
2017.038330078125 -121.394134521484 -123.11707618981667
2017.071166992188 -123.29630279541 -124.2265457320103
2017.10400390625 -124.963409423828 -125.48144909366215
2017.136840820312 -127.537467956543 -126.86453817763935
2017.169799804688 -129.001434326172 -128.34676425420673
2017.20263671875 -131.192642211914 -129.8991061104106
2017.235473632812 -130.031204223633 -131.51281902842712
2017.268310546875 -130.371551513672 -133.1772510786108
2017.301147460938 -134.361999511719 -134.92103420424198
2017.333984375 -130.241302490234 -136.750516669778
2017.366821289062 -149.423675537109 -138.63546193237667
2017.399780273438 -147.703735351562 -140.52286682990677
2017.4326171875 -139.303146362305 -142.35806208452962
2017.498291015625 -177.414291381836 -145.9257256096816
2017.531127929688 -146.379257202148 -147.7195336727709
2017.56396484375 -148.282318115234 -149.49775752687168
2017.596801757812 -155.763458251953 -151.17055541932234
2017.629760742188 -155.209716796875 -152.7198133176368
2017.66259765625 -159.477844238281 -154.2082750353305
2017.695434570312 -155.647064208984 -155.70367341352056
2017.728271484375 -155.931518554688 -157.1928213950295
2017.761108398438 -154.192337036133 -158.63186763403064
2017.7939453125 -156.062637329102 -159.99759098027883
2017.826782226562 -159.969009399414 -161.3157831466925
2017.859741210938 -163.345184326172 -162.61631507548933
2017.892578125 -166.012573242188 -163.93541058179082
2017.925415039062 -167.482055664062 -165.33046427170703
2017.958251953125 -170.846206665039 -166.84789380438588
2017.991088867188 -163.017211914062 -168.5081319114201
2018.024658203125 -168.270050048828 -170.33879838552093
2018.057495117188 -171.367462158203 -172.24239588018207
2018.09033203125 -171.351516723633 -174.23004592171034
2018.123168945312 -174.663116455078 -176.28745298547037
2018.156005859375 -174.422882080078 -178.4627412842733
2018.18896484375 -180.200317382812 -180.817449614027
2018.221801757812 -179.491851806641 -183.36696013733598
2018.254638671875 -183.684646606445 -186.09849817827148
2018.287475585938 -191.186767578125 -188.95889336694546
2018.3203125 -189.746551513672 -191.9171687450802
2018.353149414062 -198.732513427734 -194.9632405419108
2018.385986328125 -196.208908081055 -198.12917242348945
2018.4189453125 -210.633361816406 -201.42734538553742
2018.451782226562 -205.033493041992 -204.7935593911276
2018.484619140625 -205.585296630859 -208.1684920940038
2018.517456054688 -219.096298217773 -211.5117162314479
2018.55029296875 -211.621063232422 -214.78782199669595
2018.583129882812 -213.057083129883 -217.97492175970945
2018.615966796875 -227.357192993164 -221.10020808495244
2018.64892578125 -214.105361938477 -224.21774179367256
2018.681762695312 -232.171127319336 -227.31458794697244
2018.714599609375 -231.522369384766 -230.41074655481466
2018.747436523438 -236.888000488281 -233.48633635528773
2018.7802734375 -234.713714599609 -236.53504732711744
2018.813110351562 -243.380935668945 -239.4742483271986
2018.845947265625 -240.100326538086 -242.32164651793917
2018.87890625 -242.872161865234 -244.97231062136586
2018.911743164062 -247.257751464844 -247.4685128164776
2018.944580078125 -251.046859741211 -249.94766985569953
2018.977416992188 -253.248718261719 -252.4404577899074
2019.010986328125 -255.741806030273 -254.9693735480247
2019.043823242188 -259.614501953125 -257.49503674914564
2019.109497070312 -256.727508544922 -262.4448491276287
2019.1259765625 -264.805328369141 -263.6314675115615
2019.142333984375 -266.075225830078 -264.7624860334204
2019.175170898438 -267.089416503906 -266.9957555131545
2019.191650390625 -266.104309082031 -268.1285527053427
2019.208129882812 -271.338714599609 -269.280257860234
2019.224487304688 -268.792663574219 -270.4270343038827
2019.240966796875 -273.575958251953 -271.6317019240964
2019.25732421875 -270.797943115234 -272.83841641524583
2019.273803710938 -273.883117675781 -274.03990199471906
2019.290161132812 -273.019622802734 -275.2087578644204
2019.306640625 -279.958587646484 -276.4356847245711
2019.323120117188 -278.015930175781 -277.6993272941067
2019.339477539062 -277.711364746094 -278.9806162728528
2019.35595703125 -279.160491943359 -280.28877130968704
2019.372314453125 -282.680908203125 -281.5844186085429
2019.388793945312 -283.354278564453 -282.8649459496545
2019.405151367188 -283.321044921875 -284.0503619029477
2019.421630859375 -284.08154296875 -285.282895761093
2019.438110351562 -287.402008056641 -286.54271990790903
2019.454467773438 -287.966369628906 -287.84087932186327
2019.470947265625 -292.486846923828 -289.2264476242761
2019.4873046875 -290.928863525391 -290.67548428378046
2019.503784179688 -280.268035888672 -292.2080437435764
2019.520141601562 -289.433776855469 -293.63791325967276
2019.53662109375 -290.264739990234 -295.08290664136314
2019.569458007812 -298.530456542969 -298.01079701541585
2019.602294921875 -305.743865966797 -301.12822572746927
2019.618774414062 -294.147155761719 -302.67395482591445
2019.635131835938 -305.794036865234 -304.2237734447031
2019.651611328125 -305.823516845703 -305.8457917507073
2019.668090820312 -304.016784667969 -307.430604136342
2019.71728515625 -314.083892822266 -312.1527756070401
2019.733764648438 -313.314331054688 -313.71262487341295
2019.750122070312 -315.294708251953 -315.16164863744325
2019.7666015625 -319.020935058594 -316.65267174574416
2019.799438476562 -320.154022216797 -319.4675470171613
2019.832275390625 -322.129272460938 -322.24965300702036
2019.865112304688 -326.042938232422 -324.9911614803811
2019.898071289062 -327.765869140625 -327.7170676497561
2019.930908203125 -331.394226074219 -330.38782866776603
2019.963745117188 -331.954315185547 -333.011508196865
2019.99658203125 -335.479309082031 -335.6161230898497
2020.030151367188 -337.305572509766 -338.2662561806289
2020.06298828125 -341.037963867188 -340.8694419383881
2020.095825195312 -343.637634277344 -343.4638255758717
2020.128662109375 -346.525268554688 -346.05402405138676
2020.161499023438 -349.129669189453 -348.63372826994873
2020.177978515625 -349.866149902344 -349.89284808009427
2020.1943359375 -350.711730957031 -351.1815557855427
2020.227294921875 -354.039672851562 -353.6738398466312
2020.260131835938 -356.205139160156 -356.0711088934674
2020.29296875 -360.430297851562 -358.43827167562114
2020.325805664062 -362.168304443359 -360.7355862052349
2020.358642578125 -362.135833740234 -362.99731125494566
2020.391479492188 -366.854919433594 -365.309325217437
2020.42431640625 -368.832580566406 -367.63324224090866
2020.457275390625 -368.177276611328 -369.9517094478829
2020.490112304688 -369.662292480469 -372.2500375929036
2020.52294921875 -367.659088134766 -374.56484301391004
2020.555786132812 -375.706787109375 -376.92287831217914
2020.572265625 -378.963256835938 -378.15132457507224
2020.588623046875 -381.920837402344 -379.3237389972218
2020.605102539062 -380.626525878906 -380.50150824779087
2020.621459960938 -381.47412109375 -381.62728500071216
2020.654296875 -383.881317138672 -383.8626049298926
2020.687255859375 -386.4013671875 -385.9810511258496
2020.70361328125 -388.857208251953 -387.07251062088994
2020.720092773438 -394.134887695312 -387.91346492147113
2020.7529296875 -392.251220703125 -389.70162999058937
2020.785766601562 -394.320861816406 -391.353197768457
2020.818603515625 -393.390441894531 -392.88117889233007
2020.851440429688 -392.340301513672 -394.3049651348837
2020.917236328125 -397.852691650391 -396.8379540987398
2020.950073242188 -398.272399902344 -397.94839995247577
2020.98291015625 -400.094055175781 -399.0592279823589
2021.013671875 -402.390014648438 -400.08549813054685
2021.046508789062 -397.278015136719 -401.2086493536374
2021.079345703125 -401.597778320312 -402.40451929281534
2021.1123046875 -402.862884521484 -403.61863556426255
2021.145141601562 -404.4931640625 -404.8440295353771
2021.177978515625 -405.469207763672 -406.07146024027173
2021.210815429688 -407.4990234375 -407.31288898723284
2021.24365234375 -407.2822265625 -408.5358912411662
2021.276489257812 -409.667236328125 -409.90203851531606
2021.309326171875 -413.760131835938 -411.3525839158346
2021.34228515625 -410.849243164062 -412.8910968294255
2021.358642578125 -414.415679931641 -413.73450580534893
2021.391479492188 -415.79150390625 -415.38945516821
2021.407958984375 -415.136657714844 -416.29709424388943
2021.440795898438 -413.988128662109 -418.0195166959671
2021.4736328125 -418.024200439453 -419.7261961004196
2021.506469726562 -420.626800537109 -421.3735199233733
2021.539306640625 -425.34912109375 -422.9470163077802
2021.572265625 -423.395385742188 -424.4219455723012
2021.605102539062 -431.676422119141 -425.99081492587754
2021.637939453125 -430.298522949219 -427.54883217967034
2021.670776367188 -437.329498291016 -429.058603498457
2021.736450195312 -431.488372802734 -431.7224625009999
2021.769287109375 -432.192810058594 -433.02616867303044
2021.80224609375 -435.925018310547 -434.1873543568152
2021.835083007812 -432.738098144531 -435.3225821588079
2021.867919921875 -441.325744628906 -436.26911466821264
2021.966430664062 -440.569641113281 -438.78454224641445
2022.0 -438.970947265625 -439.58880703405543
2022.065673828125 -445.283752441406 -441.2728731396384
2022.098510742188 -441.473297119141 -442.1524161576013
2022.197143554688 -442.255187988281 -445.0818205063299
2022.22998046875 -446.947326660156 -446.1769681423673
2022.262817382812 -441.5751953125 -447.3368777807218
2022.295654296875 -443.94189453125 -448.54734824682265
2022.328491210938 -447.803283691406 -449.7924368942978
2022.394287109375 -452.771484375 -452.249754289615
2022.558471679688 -462.698150634766 -458.2536585642704
2022.591430664062 -427.778686523438 -459.6400361552251
2022.68994140625 -464.889282226562 -464.0201646532853
2022.722778320312 -470.539794921875 -465.46372213377504
2022.821411132812 -466.622863769531 -468.8730755188168
2022.854248046875 -470.007171630859 -469.6508270462449
2022.887084960938 -467.69287109375 -470.31193350493203
2022.919921875 -473.572082519531 -470.95613279019045
2022.952758789062 -475.575408935547 -471.57831472383475
2022.985595703125 -473.988616943359 -472.1238483064368
2023.019165039062 -473.502899169922 -472.66840757361246
2023.052001953125 -472.635314941406 -473.2248062748209
2023.084838867188 -473.337158203125 -473.7255898424555
2023.11767578125 -474.409576416016 -474.18251857079065
2023.150634765625 -474.578338623047 -474.6405777176478
2023.183471679688 -476.000671386719 -475.0463700546548
2023.21630859375 -473.046539306641 -475.4378292704346
2023.249145507812 -473.621429443359 -475.82085039340507
2023.281982421875 -474.447875976562 -476.2004294990855
2023.314819335938 -479.742645263672 -476.581098240214
2023.34765625 -478.798492431641 -476.966361750145
2023.380615234375 -489.111846923828 -477.35823778838846
2023.413452148438 -477.685760498047 -477.75232836771227
2023.4462890625 -473.265838623047 -478.14804920188953
2023.57763671875 -509.323760986328 -479.7273313127091
