2014.804931640625 -0.0 -5.483033076786414
2014.837768554688 -20.315195083618 -6.472807273754783
2014.903442382812 -9.15708732605 -8.453523192045918
2014.96923828125 -14.756391525269 -10.440884615250484
2015.03564453125 3.668657064438 -12.451244041856194
2015.101318359375 -15.313774108887 -14.445093390708674
2015.265625 15.987594604492 -19.469854957750233
2015.331298828125 -34.359764099121 -21.498269618804997
2015.39697265625 -21.386184692383 -23.541383933828186
2016.021850585938 -36.080230712891 -43.031600232957935
2016.1533203125 -41.115093231201 -46.59878069853181
2016.350463867188 -78.686897277832 -53.555200181120576
2016.416137695312 -72.03604888916 -56.243485765424175
2016.547607421875 -78.096733093262 -62.698873116831955
2016.744750976562 -65.167335510254 -71.29650274731476
2016.777587890625 -72.705467224121 -71.24054884578482
2016.810424804688 -71.454299926758 -71.1778197758807
2016.84326171875 -73.359992980957 -71.13941781036004
2016.876098632812 -69.821884155273 -71.22854340439099
2016.908935546875 -73.003242492676 -71.47957422218957
2016.941772460938 -70.105918884277 -71.8043805905652
2016.974731445312 -69.006858825684 -72.25439550953777
2017.005493164062 -76.961616516113 -72.88212178796489
2017.038330078125 -70.674560546875 -73.43927972838362
2017.071166992188 -69.574745178223 -73.98452489217176
2017.10400390625 -69.231018066406 -74.98396084445291
2017.136840820312 -74.792335510254 -76.25653906804816
2017.169799804688 -71.770149230957 -77.699830745509
2017.20263671875 -80.616371154785 -79.37467509050751
2017.235473632812 -83.104194641113 -81.31737100790066
2017.268310546875 -73.973083496094 -83.59474074628709
2017.301147460938 -81.825729370117 -86.22937181528978
2017.333984375 -85.753036499023 -89.11558352669753
2017.366821289062 -93.68782043457 -92.03275553741246
2017.399780273438 -97.200241088867 -94.8596017093599
2017.4326171875 -92.121467590332 -97.50639754597344
2017.498291015625 -111.590225219727 -102.08922472304727
2017.531127929688 -127.207389831543 -104.03682126099945
2017.56396484375 -117.338500976562 -105.79666925406903
2017.596801757812 -117.467750549316 -107.37612144578087
2017.629760742188 -112.711479187012 -108.77629922389634
2017.66259765625 -111.480361938477 -109.8714376883863
2017.695434570312 -119.162300109863 -110.49518771966497
2017.728271484375 -114.737442016602 -110.42779675230412
2017.761108398438 -107.681289672852 -109.68675252189675
2017.7939453125 -107.493865966797 -108.5233124638625
2017.826782226562 -106.209564208984 -107.18803314466541
2017.859741210938 -105.942947387695 -105.76578681848196
2017.892578125 -101.167137145996 -104.34629941323739
2017.925415039062 -108.879776000977 -102.9758759173758
2017.958251953125 -104.356986999512 -101.67240779287471
2017.991088867188 -100.376991271973 -100.46829535575813
2018.024658203125 -94.378082275391 -99.39621079334228
2018.057495117188 -96.245979309082 -98.52020129789847
2018.09033203125 -95.018226623535 -97.82794750997901
2018.123168945312 -93.639503479004 -97.42229944298998
2018.156005859375 -91.75080871582 -97.44026730459024
2018.18896484375 -98.354606628418 -97.95613974679476
2018.221801757812 -95.441497802734 -98.97430256227338
2018.254638671875 -90.269729614258 -100.45044740033079
2018.287475585938 -96.145561218262 -102.35089938550931
2018.3203125 -99.961044311523 -104.62502858309153
2018.353149414062 -97.356910705566 -107.20073119085076
2018.385986328125 -100.762748718262 -110.0122629057214
2018.4189453125 -112.755325317383 -113.04469801822161
2018.451782226562 -120.37580871582 -116.2099205640691
2018.484619140625 -119.528343200684 -119.46407082806687
2018.517456054688 -124.248977661133 -122.7526360407209
2018.55029296875 -129.189895629883 -125.97103607645255
2018.583129882812 -137.595092773438 -128.98105103257464
2018.615966796875 -137.434234619141 -131.6875429768041
2018.64892578125 -134.512710571289 -134.0336566133607
2018.681762695312 -140.753295898438 -135.97807967724023
2018.714599609375 -144.14631652832 -137.53728422116802
2018.747436523438 -136.603775024414 -138.73676365676778
2018.7802734375 -143.608551025391 -139.6432657637926
2018.813110351562 -147.568374633789 -140.181368486375
2018.845947265625 -140.132247924805 -140.55774521117496
2018.87890625 -144.651901245117 -140.60968473484374
2018.911743164062 -142.990478515625 -140.36918447113146
2018.944580078125 -139.126510620117 -140.12749397168176
2018.977416992188 -139.650497436523 -139.7710351561931
2019.010986328125 -136.784103393555 -139.48769598820087
2019.043823242188 -138.051300048828 -139.05298564171133
2019.109497070312 -135.643676757812 -138.7194108255698
2019.1259765625 -135.150573730469 -138.61302855277125
2019.142333984375 -136.158813476562 -138.77532661968354
2019.175170898438 -135.938919067383 -139.18388269592717
2019.191650390625 -140.733764648438 -139.57954040769013
2019.208129882812 -142.83283996582 -140.05215602252187
2019.224487304688 -142.522506713867 -140.57155805037686
2019.240966796875 -142.474349975586 -141.16928394754626
2019.25732421875 -142.862991333008 -141.7915554245231
2019.273803710938 -141.231521606445 -142.46029368935055
2019.290161132812 -140.807067871094 -143.08556519928783
2019.306640625 -147.151672363281 -143.6771522877263
2019.323120117188 -143.278366088867 -144.2849677309285
2019.339477539062 -143.217407226562 -144.91843323601978
2019.35595703125 -141.969863891602 -145.58346550658825
2019.372314453125 -145.968154907227 -146.28145315615023
2019.388793945312 -146.925338745117 -147.06722349886414
2019.405151367188 -147.31364440918 -148.09175992787888
2019.421630859375 -147.438980102539 -149.12746709973112
2019.438110351562 -151.974746704102 -150.32164630735528
2019.454467773438 -152.95637512207 -151.66942584020595
2019.470947265625 -146.641448974609 -153.18034567164938
2019.4873046875 -157.619674682617 -154.79608866387278
2019.503784179688 -149.532684326172 -156.55775736527664
2019.520141601562 -148.362091064453 -158.1472266149427
2019.53662109375 -167.623306274414 -159.74440986944668
2019.569458007812 -162.558715820312 -162.91706912593867
2019.602294921875 -172.818023681641 -166.05496498924612
2019.618774414062 -162.867294311523 -167.65301498432794
2019.635131835938 -175.934188842773 -169.23508738890865
2019.651611328125 -175.101745605469 -170.6354071578085
2019.668090820312 -165.892105102539 -172.10846480372635
2019.71728515625 -176.771606445312 -175.6426858853517
2019.733764648438 -177.515060424805 -176.63487324643754
2019.750122070312 -183.920745849609 -177.227731884774
2019.7666015625 -179.133880615234 -177.92533331614288
2019.799438476562 -181.281555175781 -178.61324923663094
2019.832275390625 -183.767944335938 -179.1275259426507
2019.865112304688 -180.964477539062 -179.3137311776903
2019.898071289062 -183.530090332031 -179.2489232983787
2019.930908203125 -183.664611816406 -178.9920975873797
2019.963745117188 -177.580200195312 -178.6616210206262
2019.99658203125 -177.072601318359 -178.44121475004965
2020.030151367188 -173.980712890625 -178.1101481271797
2020.06298828125 -173.306427001953 -178.03333697229206
2020.095825195312 -174.087387084961 -177.95377214049296
2020.128662109375 -177.508911132812 -178.04286030214405
2020.161499023438 -176.507598876953 -178.34053002078633
2020.177978515625 -176.811447143555 -178.69561979247362
2020.1943359375 -176.415100097656 -178.84539719158505
2020.227294921875 -181.005279541016 -179.5682718216674
2020.260131835938 -181.435455322266 -180.4634496509274
2020.29296875 -184.015914916992 -181.47456148330554
2020.325805664062 -182.820678710938 -182.58004358938734
2020.358642578125 -181.131637573242 -183.80568293363913
2020.391479492188 -187.135314941406 -185.11898567226524
2020.42431640625 -182.992050170898 -186.43584693182265
2020.457275390625 -183.077239990234 -187.64025997340545
2020.490112304688 -192.246047973633 -188.6926759013176
2020.52294921875 -188.204635620117 -189.67140050669283
2020.555786132812 -188.045761108398 -190.58176081886015
2020.572265625 -195.012771606445 -190.84249835691438
2020.588623046875 -201.102386474609 -191.02430305307422
2020.605102539062 -195.401184082031 -191.47877861215412
2020.621459960938 -196.728317260742 -191.55506696116038
2020.654296875 -195.944244384766 -191.8554447367764
2020.687255859375 -189.870483398438 -191.85048773557665
2020.70361328125 -190.391403198242 -191.83444019040957
2020.720092773438 -188.892517089844 -191.42768267843516
2020.7529296875 -198.164657592773 -190.62224779213687
2020.785766601562 -193.057434082031 -189.5141138003489
2020.818603515625 -185.622344970703 -188.19917689181943
2020.851440429688 -188.693756103516 -186.79570859721835
2020.917236328125 -190.63298034668 -184.2182313601741
2020.950073242188 -183.81120300293 -183.23148437215175
2020.98291015625 -176.755416870117 -182.3991553060461
2021.013671875 -178.571060180664 -181.43375821515167
2021.046508789062 -172.277618408203 -180.6415755485568
2021.079345703125 -173.545745849609 -180.2466679120492
2021.1123046875 -178.713027954102 -179.84581100496104
2021.145141601562 -179.356018066406 -179.65625617264507
2021.177978515625 -179.177062988281 -179.68639652400321
2021.210815429688 -180.154251098633 -179.95607288438188
2021.24365234375 -176.1259765625 -180.28535370028848
2021.276489257812 -185.26725769043 -181.0760754736093
2021.309326171875 -184.961074829102 -182.0427173346691
2021.34228515625 -178.835327148438 -183.1437208688156
2021.358642578125 -182.109756469727 -183.82058322845214
2021.391479492188 -181.426193237305 -185.0334412468897
2021.407958984375 -182.553482055664 -185.7322302194082
2021.440795898438 -184.135589599609 -186.95844801234233
2021.4736328125 -186.934692382812 -188.0867729918649
2021.506469726562 -194.198425292969 -188.98199539317076
2021.539306640625 -192.391876220703 -189.60161460376708
2021.572265625 -194.924285888672 -189.6771028300821
2021.605102539062 -194.147171020508 -190.12571246015972
2021.637939453125 -198.15592956543 -190.49504806996913
2021.670776367188 -195.596817016602 -190.70970845917608
2021.736450195312 -195.305587768555 -190.15191002334447
2021.769287109375 -183.867889404297 -189.72343511142165
2021.80224609375 -185.510803222656 -189.03676340148357
2021.835083007812 -184.70036315918 -188.32954102377633
2021.867919921875 -199.530212402344 -187.51660377613737
2021.966430664062 -189.992523193359 -185.12597314423633
2022.0 -171.740814208984 -184.5627850589944
2022.065673828125 -185.138275146484 -183.3168532337238
2022.098510742188 -179.877914428711 -182.90932332172287
2022.197143554688 -172.606353759766 -181.84200527685437
2022.22998046875 -187.9248046875 -181.7164568209247
2022.262817382812 -167.662811279297 -181.72033670567674
2022.295654296875 -170.252792358398 -181.8311551248516
2022.328491210938 -180.596603393555 -182.02696675367022
2022.394287109375 -187.689758300781 -182.43569408769486
2022.558471679688 -200.871200561523 -183.3121476029214
2022.591430664062 -167.341064453125 -183.73653180022325
2022.68994140625 -185.692092895508 -185.14429782546318
2022.722778320312 -200.609817504883 -185.58536299012556
2022.821411132812 -182.081359863281 -185.60720945731597
2022.854248046875 -189.092239379883 -185.16453700501688
2022.887084960938 -184.300720214844 -184.62222936267128
2022.919921875 -185.270462036133 -184.09922226731516
2022.952758789062 -186.859390258789 -183.5453089590451
2022.985595703125 -184.522842407227 -182.91557269933895
2023.019165039062 -180.215774536133 -182.30009884871026
2023.052001953125 -179.970352172852 -181.66496860878055
2023.084838867188 -177.383148193359 -181.1763109031542
2023.11767578125 -180.282974243164 -181.01290631100798
2023.150634765625 -180.460418701172 -180.80184581102668
2023.183471679688 -181.087966918945 -180.8678235832209
2023.21630859375 -174.429046630859 -180.96215687515664
2023.249145507812 -171.295791625977 -181.06942079111815
2023.281982421875 -183.95768737793 -181.1887453444928
2023.314819335938 -176.319854736328 -181.32553787426218
2023.34765625 -178.315048217773 -181.4854340807156
2023.380615234375 -190.809341430664 -181.67712924334162
2023.413452148438 -160.239944458008 -181.907493175722
2023.4462890625 -190.679824829102 -182.18076993444586
2023.57763671875 -205.772644042969 -183.6710955993135
