2014.804931640625 -0.0 7.2398525036737205
2014.837768554688 -6.565114974976 6.889662300376323
2014.903442382812 6.935557842255 6.185008695445812
2014.96923828125 5.321853160858 5.47377880652151
2015.03564453125 22.502960205078 4.751023327677452
2015.101318359375 -9.88258934021 4.031870841567477
2015.265625 35.839756011963 2.2182596015448897
2015.331298828125 3.529186725616 1.4901957214648858
2015.39697265625 -22.589109420776 0.7623158589887044
2016.021850585938 -1.878781557083 -6.0780756843522346
2016.1533203125 -10.493848800659 -7.9463214579588355
2016.350463867188 -11.166151046753 -10.16956876444755
2016.416137695312 -20.68955039978 -10.814788032452492
2016.547607421875 -20.317842483521 -12.268781942456135
2016.744750976562 -11.299622535706 -13.812038891502484
2016.777587890625 -10.652670860291 -13.960819193102976
2016.810424804688 -15.997744560242 -14.051553626395977
2016.84326171875 -12.943869590759 -14.03786364007441
2016.876098632812 -17.048976898193 -14.035084753540724
2016.908935546875 -13.59773349762 -14.063292228652703
2016.941772460938 -15.759943962097 -14.124168332924603
2016.974731445312 -16.200883865356 -14.230268733077725
2017.005493164062 -15.142164230347 -14.36917149606194
2017.038330078125 -13.408772468567 -14.501427446305327
2017.071166992188 -13.13366985321 -14.604324405755014
2017.10400390625 -11.833495140076 -14.889624431489331
2017.136840820312 -12.994076728821 -15.418294902651317
2017.169799804688 -15.106213569641 -16.123292740940386
2017.20263671875 -16.505128860474 -17.009017750114616
2017.235473632812 -12.573370933533 -18.019188303893866
2017.268310546875 -10.54679775238 -19.0773993818825
2017.301147460938 -19.189348220825 -20.15704968352908
2017.333984375 -11.045762062073 -21.287854469278432
2017.366821289062 -28.63596534729 -22.475530728938278
2017.399780273438 -28.537425994873 -23.7024169475545
2017.4326171875 -23.689905166626 -24.93707004910831
2017.498291015625 -30.463579177856 -27.245046220791934
2017.531127929688 -27.226789474487 -28.177135965214635
2017.56396484375 -29.607805252075 -28.842685658555673
2017.596801757812 -30.370233535767 -29.227567597377508
2017.629760742188 -35.434944152832 -29.373754307010536
2017.66259765625 -32.194248199463 -29.308068419254248
2017.695434570312 -30.946218490601 -29.094227476286378
2017.728271484375 -33.686901092529 -28.725211824986435
2017.761108398438 -28.563432693481 -28.171819841107524
2017.7939453125 -28.614330291748 -27.42939815883469
2017.826782226562 -27.13437461853 -26.525251224806922
2017.859741210938 -27.745664596558 -25.4376511569576
2017.892578125 -24.333742141724 -24.160271436681857
2017.925415039062 -24.145439147949 -22.76115164594868
2017.958251953125 -22.179321289062 -21.31141079506622
2017.991088867188 -20.376169204712 -19.86902366621785
2018.024658203125 -18.849704742432 -18.469995095803302
2018.057495117188 -15.879305839539 -17.242143291848798
2018.09033203125 -13.668431282043 -16.180397450553784
2018.123168945312 -10.039993286133 -15.317866851288253
2018.156005859375 -9.141501426697 -14.689053820029349
2018.18896484375 -13.481587409973 -14.295372641524693
2018.221801757812 -10.422902107239 -14.128746804708207
2018.254638671875 -7.942733764648 -14.174645281201371
2018.287475585938 -9.096041679382 -14.462555360044103
2018.3203125 -13.049947738647 -15.021821352771672
2018.353149414062 -13.497059822083 -15.881461971992454
2018.385986328125 -12.740514755249 -17.03048692190051
2018.4189453125 -17.007392883301 -18.42871398943146
2018.451782226562 -20.172277450562 -19.98442324744355
2018.484619140625 -20.829832077026 -21.627785756595124
2018.517456054688 -23.442050933838 -23.33227338105028
2018.55029296875 -31.00467300415 -25.049945332739583
2018.583129882812 -26.135906219482 -26.69489062193667
2018.615966796875 -33.175357818604 -28.213182418016935
2018.64892578125 -30.599739074707 -29.5899930476662
2018.681762695312 -31.952003479004 -30.81166996449835
2018.714599609375 -37.047863006592 -31.874566580293884
2018.747436523438 -33.925815582275 -32.77506021502286
2018.7802734375 -33.710994720459 -33.533655449057456
2018.813110351562 -43.263854980469 -34.08634560196188
2018.845947265625 -36.372116088867 -34.55579302147957
2018.87890625 -36.652618408203 -34.86268629240304
2018.911743164062 -36.330497741699 -34.922145433420724
2018.944580078125 -35.204933166504 -34.96910954651135
2018.977416992188 -35.634819030762 -34.884332446794446
2019.010986328125 -34.37622833252 -34.679782444617814
2019.043823242188 -33.811004638672 -34.40775461790149
2019.109497070312 -34.270988464355 -33.81358719712432
2019.1259765625 -32.233459472656 -33.64816640167871
2019.142333984375 -33.33101272583 -33.551034043925256
2019.175170898438 -33.466957092285 -33.372321533071904
2019.191650390625 -31.290830612183 -33.347801588857486
2019.208129882812 -32.61897277832 -33.35794572292836
2019.224487304688 -33.26290512085 -33.367752989060286
2019.240966796875 -34.129695892334 -33.44668016976093
2019.25732421875 -34.692485809326 -33.56840002791291
2019.273803710938 -34.820224761963 -33.671973700697286
2019.290161132812 -32.552501678467 -33.813982456315024
2019.306640625 -33.999252319336 -34.0578882152848
2019.323120117188 -32.248935699463 -34.331910234175936
2019.339477539062 -33.222015380859 -34.606011002839914
2019.35595703125 -34.491329193115 -34.86438266838675
2019.372314453125 -34.076053619385 -35.10016269804399
2019.388793945312 -35.827259063721 -35.335818989902535
2019.405151367188 -36.977397918701 -35.59398456909733
2019.421630859375 -35.948993682861 -35.874624428310305
2019.438110351562 -38.20853805542 -36.19399686126599
2019.454467773438 -36.973232269287 -36.53614176838408
2019.470947265625 -37.72435760498 -36.895292119758004
2019.4873046875 -36.457054138184 -37.257419937962915
2019.503784179688 -34.369083404541 -37.66695871665466
2019.520141601562 -37.148197174072 -38.04899862769062
2019.53662109375 -38.257530212402 -38.43097617984715
2019.569458007812 -39.19713973999 -39.20485484871832
2019.602294921875 -41.700656890869 -40.08240462494521
2019.618774414062 -34.73514175415 -40.508309358342295
2019.635131835938 -47.746578216553 -40.927480231289785
2019.651611328125 -40.084171295166 -41.27972561806716
2019.668090820312 -43.477798461914 -41.63480261823503
2019.71728515625 -42.572036743164 -42.32356981192585
2019.733764648438 -43.006416320801 -42.501291966176844
2019.750122070312 -45.164165496826 -42.48978030668895
2019.7666015625 -46.098770141602 -42.57186519720917
2019.799438476562 -44.022590637207 -42.48302543659028
2019.832275390625 -42.115600585938 -42.34995657509308
2019.865112304688 -41.859172821045 -42.11840580505749
2019.898071289062 -41.217624664307 -41.82523483744231
2019.930908203125 -42.511234283447 -41.49746947469555
2019.963745117188 -40.274673461914 -41.210360275212985
2019.99658203125 -40.82869720459 -41.01386702949441
2020.030151367188 -38.663703918457 -40.74074707057549
2020.06298828125 -38.886165618896 -40.771920750856225
2020.095825195312 -41.036594390869 -40.854807950965785
2020.128662109375 -41.207405090332 -41.057501677013725
2020.161499023438 -38.189777374268 -41.35882769964732
2020.177978515625 -40.103652954102 -41.58811021685436
2020.1943359375 -39.195217132568 -41.72132098454904
2020.227294921875 -42.75651550293 -42.11807437743119
2020.260131835938 -43.759468078613 -42.521685490989384
2020.29296875 -43.354202270508 -42.95812276852726
2020.325805664062 -46.877799987793 -43.40225901749204
2020.358642578125 -43.218227386475 -43.82267425194963
2020.391479492188 -47.875587463379 -44.32246422879911
2020.42431640625 -44.227764129639 -44.858760482580436
2020.457275390625 -42.688655853271 -45.34006200533787
2020.490112304688 -45.308567047119 -45.76063403053695
2020.52294921875 -42.592144012451 -46.21494378387348
2020.555786132812 -45.68030166626 -46.798727854210924
2020.572265625 -41.97127532959 -47.268829317709006
2020.588623046875 -50.2912940979 -47.7723784123358
2020.605102539062 -48.091339111328 -48.141497860290634
2020.621459960938 -48.769016265869 -48.69262044944214
2020.654296875 -51.14725112915 -49.71655076332791
2020.687255859375 -47.57396697998 -50.739284174538376
2020.70361328125 -47.988136291504 -51.278695530972016
2020.720092773438 -69.94066619873 -51.58919827027555
2020.7529296875 -58.135402679443 -52.21206254646058
2020.785766601562 -58.520500183105 -52.64735147724433
2020.818603515625 -55.234573364258 -52.94865531274229
2020.851440429688 -55.57169342041 -53.16703971888243
2020.917236328125 -57.839630126953 -53.41078854137584
2020.950073242188 -55.523803710938 -53.22850400993623
2020.98291015625 -50.521057128906 -53.02220927593399
2021.013671875 -52.957183837891 -52.7938472892233
2021.046508789062 -47.823955535889 -52.49053930121277
2021.079345703125 -49.289306640625 -52.417065025828094
2021.1123046875 -49.48152923584 -52.353031307640386
2021.145141601562 -52.637577056885 -52.371548609672736
2021.177978515625 -51.144798278809 -52.470967585845955
2021.210815429688 -51.482494354248 -52.663622554378634
2021.24365234375 -48.962047576904 -52.87768592786468
2021.276489257812 -57.645500183105 -53.3525903438334
2021.309326171875 -58.034580230713 -53.959340140597234
2021.34228515625 -53.142364501953 -54.66727420396679
2021.358642578125 -56.597461700439 -55.06686169870533
2021.391479492188 -52.709259033203 -55.78953401358362
2021.407958984375 -55.518623352051 -56.13818257884772
2021.440795898438 -51.308174133301 -56.8049512139475
2021.4736328125 -54.640907287598 -57.43713235609736
2021.506469726562 -65.038711547852 -58.02041241044764
2021.539306640625 -61.798980712891 -58.54153463292751
2021.572265625 -60.942764282227 -58.918039506840785
2021.605102539062 -73.511535644531 -59.37730138333134
2021.637939453125 -61.548393249512 -59.82797612644578
2021.670776367188 -58.348789215088 -60.25069913872027
2021.736450195312 -64.39533996582 -60.68077427364499
2021.769287109375 -61.93376159668 -60.81706927032971
2021.80224609375 -61.468597412109 -60.77392181082386
2021.835083007812 -60.422519683838 -60.69217707221758
2021.867919921875 -60.466808319092 -60.4929864484691
2021.966430664062 -62.778392791748 -59.84076529438424
2022.0 -54.152969360352 -59.666027042834386
2022.065673828125 -62.825965881348 -59.33459617718001
2022.098510742188 -55.175006866455 -59.20641406244985
2022.197143554688 -56.311195373535 -58.97761833252839
2022.22998046875 -59.851238250732 -59.09793294434402
2022.262817382812 -52.888652801514 -59.39380600707579
2022.295654296875 -55.693576812744 -59.917952193673976
2022.328491210938 -58.872512817383 -60.63771084868602
2022.394287109375 -70.49870300293 -62.01379608847613
2022.558471679688 -75.640579223633 -64.01138682344822
2022.591430664062 -54.4045753479 -64.66019225958044
2022.68994140625 -74.878463745117 -67.42177616773597
2022.722778320312 -89.33723449707 -68.77055811808945
2022.821411132812 -67.839500427246 -70.19264738951959
2022.854248046875 -78.579689025879 -69.61937649857303
2022.887084960938 -67.64331817627 -69.03312757000141
2022.919921875 -68.974052429199 -68.51852743170251
2022.952758789062 -69.325309753418 -68.02044880837117
2022.985595703125 -70.363105773926 -67.60525931676676
2023.019165039062 -64.212051391602 -67.2835361220579
2023.052001953125 -67.781707763672 -66.98241552339117
2023.084838867188 -60.009838104248 -66.83764008663142
2023.11767578125 -62.61731338501 -66.8433214926867
2023.150634765625 -67.869537353516 -66.77859481611732
2023.183471679688 -63.525245666504 -66.8050220802155
2023.21630859375 -61.914554595947 -66.83043321562397
2023.249145507812 -68.962249755859 -66.86150152327693
2023.281982421875 -65.3564453125 -66.90319910989912
2023.314819335938 -66.443641662598 -66.9579494367037
2023.34765625 -67.12899017334 -67.02753514944007
2023.380615234375 -71.28540802002 -67.11360169724924
2023.413452148438 -68.365211486816 -67.21583789801738
2023.4462890625 -66.898498535156 -67.33294825138617
2023.57763671875 -80.626411437988 -67.90840448648039
