2014.804931640625 0.0 13.790028910091666
2014.837768554688 12.053782463074 13.083256734380473
2014.903442382812 13.063494682312 11.669434433198743
2014.96923828125 9.168622016907 10.25295913047352
2015.03564453125 9.972296714783 8.823626283951468
2015.101318359375 -0.003789840499 7.410820830682184
2015.265625 13.526069641113 3.8819758837676743
2015.331298828125 7.602633953094 2.4748278151476715
2015.39697265625 -10.504934310913 1.0702584491091078
2016.021850585938 -2.175099372864 -14.409077246354254
2016.1533203125 -15.349358558655 -16.372155917961138
2016.350463867188 -21.34033203125 -18.74711146984874
2016.416137695312 -48.957366943359 -19.62762302001762
2016.547607421875 -15.680383682251 -21.42649053999519
2016.744750976562 -20.135866165161 -23.340965240883268
2016.777587890625 -22.933750152588 -23.535008186579134
2016.810424804688 -25.669981002808 -23.874745811596874
2016.84326171875 -24.379985809326 -24.645225733279535
2016.876098632812 -26.275690078735 -25.552334780589966
2016.908935546875 -25.844892501831 -26.494510861523054
2016.941772460938 -26.662981033325 -27.465232733701292
2016.974731445312 -27.428640365601 -28.44492402754166
2017.005493164062 -29.165956497192 -29.40026833326055
2017.038330078125 -30.22744178772 -30.393218388966957
2017.071166992188 -31.195688247681 -31.383792024244897
2017.10400390625 -32.030742645264 -32.474920273746456
2017.136840820312 -32.431247711182 -33.62836736558522
2017.169799804688 -34.596855163574 -34.830429102296414
2017.20263671875 -35.68371963501 -36.07326945201685
2017.235473632812 -36.36474609375 -37.35371946511554
2017.268310546875 -39.497692108154 -38.64807768709818
2017.301147460938 -39.975044250488 -39.91928031300363
2017.333984375 -40.874534606934 -41.13462289395432
2017.366821289062 -41.783241271973 -42.28266998415201
2017.399780273438 -44.925971984863 -43.383297888974845
2017.4326171875 -46.310203552246 -44.45502205912061
2017.498291015625 -51.363456726074 -46.54447900143201
2017.531127929688 -48.985557556152 -47.54460708511194
2017.56396484375 -49.357799530029 -48.50089597580938
2017.596801757812 -49.204166412354 -49.40693354763893
2017.629760742188 -47.573600769043 -50.258860872154
2017.66259765625 -50.083435058594 -51.030410768333184
2017.695434570312 -52.121593475342 -51.7239984642169
2017.728271484375 -54.378360748291 -52.360061545538734
2017.761108398438 -54.173648834229 -52.97099852087465
2017.7939453125 -54.301830291748 -53.574597935556
2017.826782226562 -53.924560546875 -54.17616075481948
2017.859741210938 -54.690467834473 -54.773309185044155
2017.892578125 -55.360332489014 -55.347390471009604
2017.925415039062 -56.50154876709 -55.8924786773921
2017.958251953125 -56.274394989014 -56.417110441260654
2017.991088867188 -56.558094024658 -56.94171689859558
2018.024658203125 -56.779071807861 -57.50731843190161
2018.057495117188 -57.99584197998 -58.11060970814497
2018.09033203125 -58.804088592529 -58.79908654987011
2018.123168945312 -59.149108886719 -59.60494514760338
2018.156005859375 -57.69490814209 -60.53893628545189
2018.18896484375 -60.668258666992 -61.59686164995975
2018.221801757812 -59.956836700439 -62.77054929017219
2018.254638671875 -63.204700469971 -64.04162762593816
2018.287475585938 -62.81787109375 -65.41979774071709
2018.3203125 -65.473243713379 -66.94401123322969
2018.353149414062 -62.562622070312 -68.63598141432925
2018.385986328125 -69.813629150391 -70.47154708523486
2018.4189453125 -71.21183013916 -72.41681199486028
2018.451782226562 -73.324935913086 -74.40996711773099
2018.484619140625 -80.671524047852 -76.41385791155717
2018.517456054688 -77.738807678223 -78.4097847929609
2018.55029296875 -86.77961730957 -80.38469663990254
2018.583129882812 -87.203338623047 -82.28504471754013
2018.615966796875 -85.638885498047 -84.07201582630408
2018.64892578125 -87.615798950195 -85.74370170731693
2018.681762695312 -89.839790344238 -87.31352974621105
2018.714599609375 -80.625839233398 -88.80507237007197
2018.747436523438 -91.052154541016 -90.15858972770314
2018.7802734375 -93.207504272461 -91.33691590362169
2018.813110351562 -95.35034942627 -92.33186533981052
2018.845947265625 -96.354919433594 -93.25320256518168
2018.87890625 -93.498115539551 -94.07493564388113
2018.911743164062 -93.468521118164 -94.84840969938695
2018.944580078125 -95.357292175293 -95.56368457744588
2018.977416992188 -94.822174072266 -96.23339401929962
2019.010986328125 -95.958473205566 -96.98760109597569
2019.043823242188 -97.545043945312 -97.71769774331715
2019.109497070312 -100.056114196777 -99.63241945381348
2019.1259765625 -99.857437133789 -100.14400645993723
2019.142333984375 -99.908683776855 -100.71577622042544
2019.175170898438 -101.321357727051 -101.89769962286019
2019.191650390625 -102.152557373047 -102.54728506333589
2019.208129882812 -101.968719482422 -103.22609267359933
2019.224487304688 -103.619445800781 -103.88974354227427
2019.240966796875 -105.39330291748 -104.64252394197575
2019.25732421875 -104.85977935791 -105.44147476055394
2019.273803710938 -105.947677612305 -106.21915611390635
2019.290161132812 -107.116493225098 -107.03606571950422
2019.306640625 -107.703979492188 -108.01278823030589
2019.323120117188 -106.935981750488 -109.06919819861905
2019.339477539062 -111.176391601562 -110.1815762707932
2019.35595703125 -109.325073242188 -111.35454874137505
2019.372314453125 -110.651695251465 -112.55109788250383
2019.388793945312 -113.151893615723 -113.78153202668025
2019.405151367188 -111.79906463623 -115.11727910315948
2019.421630859375 -116.174438476562 -116.43678598434246
2019.438110351562 -120.149307250977 -117.81104285944203
2019.454467773438 -119.516807556152 -119.22379388910088
2019.470947265625 -120.212516784668 -120.68623373909836
2019.4873046875 -123.468528747559 -122.1606630863027
2019.503784179688 -122.911018371582 -123.65647115928347
2019.520141601562 -123.76252746582 -125.14224984702119
2019.53662109375 -132.856079101562 -126.59735045693718
2019.569458007812 -131.521987915039 -129.2404897081218
2019.602294921875 -127.873725891113 -131.336352042319
2019.618774414062 -138.829879760742 -132.39735047880959
2019.635131835938 -136.093841552734 -133.44004236338526
2019.651611328125 -137.09765625 -134.27870321554047
2019.668090820312 -140.253540039062 -135.28062262961672
2019.71728515625 -139.807266235352 -137.65798626970943
2019.733764648438 -139.430236816406 -138.360799102995
2019.750122070312 -144.343292236328 -138.75132378103496
2019.7666015625 -138.604431152344 -139.27039634008324
2019.799438476562 -140.074905395508 -139.94307379300858
2019.832275390625 -144.591079711914 -140.54037339746415
2019.865112304688 -141.398956298828 -141.0143831960701
2019.898071289062 -141.763122558594 -141.40634946567735
2019.930908203125 -141.952880859375 -141.74935360929052
2019.963745117188 -141.881103515625 -142.06234438957912
2019.99658203125 -142.508331298828 -142.37685476528858
2020.030151367188 -141.954299926758 -142.7033854904414
2020.06298828125 -142.929748535156 -143.0468948121143
2020.095825195312 -143.277297973633 -143.422953777053
2020.128662109375 -143.887573242188 -143.86228646294168
2020.161499023438 -143.277221679688 -144.37198762882682
2020.177978515625 -144.215438842773 -144.69717557098403
2020.1943359375 -143.944717407227 -144.94544912329084
2020.227294921875 -144.583999633789 -145.60770434849096
2020.260131835938 -145.704132080078 -146.40392412652673
2020.29296875 -146.168334960938 -147.2839054065138
2020.325805664062 -148.575408935547 -148.3312628960063
2020.358642578125 -148.86669921875 -149.7116977030784
2020.391479492188 -149.596054077148 -151.20402965499304
2020.42431640625 -150.725036621094 -152.7574922402536
2020.457275390625 -149.559310913086 -154.4058352025011
2020.490112304688 -153.725036621094 -156.13859071343268
2020.52294921875 -158.583312988281 -157.9219701304111
2020.555786132812 -157.934585571289 -159.764175521643
2020.572265625 -160.915603637695 -160.7170463803127
2020.588623046875 -163.321304321289 -161.64840936842313
2020.605102539062 -163.922927856445 -162.60475941437002
2020.621459960938 -167.085388183594 -163.51863714733193
2020.654296875 -165.321640014648 -165.33482742620075
2020.687255859375 -168.455581665039 -166.98842411188923
2020.70361328125 -169.225112915039 -167.8149969380904
2020.720092773438 -168.328277587891 -168.38232511950457
2020.7529296875 -169.843612670898 -169.56547356753074
2020.785766601562 -172.889236450195 -170.60281385347787
2020.818603515625 -173.593963623047 -171.53843135584424
2020.851440429688 -174.743087768555 -172.38517484653943
2020.917236328125 -174.733978271484 -173.82163229341134
2020.950073242188 -174.569366455078 -174.41292000389583
2020.98291015625 -175.334487915039 -174.97955668675922
2021.013671875 -175.159042358398 -175.52143011790653
2021.046508789062 -175.456298828125 -175.98765243011297
2021.079345703125 -176.186309814453 -176.4257934357626
2021.1123046875 -175.549942016602 -176.8578954152511
2021.145141601562 -177.863250732422 -177.29919611301634
2021.177978515625 -177.783081054688 -177.75700799738485
2021.210815429688 -180.284301757812 -178.23610745090622
2021.24365234375 -174.991973876953 -178.72685992028866
2021.276489257812 -179.881607055664 -179.2906162489639
2021.309326171875 -179.292999267578 -179.94294757753391
2021.34228515625 -178.929565429688 -180.70021237133724
2021.358642578125 -181.601928710938 -181.2384809759786
2021.391479492188 -181.486251831055 -182.25283999941325
2021.407958984375 -180.582015991211 -182.9135914389229
2021.440795898438 -179.599334716797 -184.09062286405128
2021.4736328125 -181.942260742188 -185.38809821269462
2021.506469726562 -195.221588134766 -186.7931169245436
2021.539306640625 -188.146408081055 -188.25637058627248
2021.572265625 -187.315307617188 -189.82230682814043
2021.605102539062 -196.745254516602 -191.2760125463635
2021.637939453125 -193.24674987793 -192.72724962456897
2021.670776367188 -194.114242553711 -194.1754470190361
2021.736450195312 -199.789276123047 -196.86860343034004
2021.769287109375 -200.003723144531 -198.19039904479692
2021.80224609375 -201.65657043457 -199.39005429685795
2021.835083007812 -201.300567626953 -200.58685236027588
2021.867919921875 -202.621994018555 -201.66621932197145
2021.966430664062 -204.415817260742 -204.76980292776514
2022.0 -205.691345214844 -205.76793292222663
2022.065673828125 -207.295227050781 -207.75749886440377
2022.098510742188 -208.054000854492 -208.73837515894246
2022.197143554688 -211.012344360352 -211.71134675810185
2022.22998046875 -214.019271850586 -212.69898495165017
2022.262817382812 -211.588989257812 -213.68993724994286
2022.295654296875 -213.7529296875 -214.67769877681798
2022.328491210938 -216.090362548828 -215.65230995590971
2022.394287109375 -218.763061523438 -217.55401213861455
2022.558471679688 -224.728759765625 -222.33020470820549
2022.591430664062 -230.898193359375 -223.33372870524036
2022.68994140625 -223.523025512695 -226.34019793108655
2022.722778320312 -228.295791625977 -227.2872486777162
2022.821411132812 -229.34423828125 -230.00195006865954
2022.854248046875 -230.571746826172 -231.01662359040841
2022.887084960938 -230.633148193359 -232.12185524884663
2022.919921875 -232.740524291992 -233.2293735821051
2022.952758789062 -233.07209777832 -234.4176955361757
2022.985595703125 -234.544204711914 -235.81882006736262
2023.019165039062 -236.780548095703 -237.3603978063187
2023.052001953125 -237.988021850586 -238.8189979871729
2023.084838867188 -239.780426025391 -240.51618639298715
2023.11767578125 -241.62532043457 -242.3772867417188
2023.150634765625 -241.449523925781 -244.17875814353832
2023.183471679688 -245.683853149414 -246.0647961243205
2023.21630859375 -245.764099121094 -247.95230391796144
2023.249145507812 -244.039901733398 -249.84562868270814
2023.281982421875 -252.00715637207 -251.74775395045845
2023.314819335938 -256.626861572266 -253.6602957911515
2023.34765625 -255.53678894043 -255.5835815017117
2023.380615234375 -256.641571044922 -257.52354691924097
2023.413452148438 -267.876373291016 -259.46448924938323
2023.4462890625 -262.235473632812 -261.4128560915701
2023.57763671875 -288.796203613281 -269.2639790704775
