2014.804931640625 0.0 9.201536965045936
2014.837768554688 14.529247283936 8.21210308942095
2014.903442382812 10.331099510193 6.237163399601003
2014.96923828125 4.377078533173 4.263775917686097
2015.03564453125 1.232451081276 2.276802639203948
2015.101318359375 -6.925550937653 0.31565652439455033
2015.265625 1.981112837791 -4.577512441282834
2015.331298828125 -8.731022834778 -6.529559873919729
2015.39697265625 -8.611469268799 -8.480512366268513
2016.021850585938 -28.227228164673 -26.899953713151795
2016.1533203125 -28.295015335083 -30.574537690556667
2016.350463867188 -40.01099395752 -36.13794922214359
2016.416137695312 -32.645404815674 -37.8808900556098
2016.547607421875 -34.66138458252 -41.52385853255289
2016.744750976562 -54.626644134521 -48.09613215138185
2016.777587890625 -50.62816619873 -49.04614861576512
2016.810424804688 -53.063407897949 -50.02202223759082
2016.84326171875 -51.718700408936 -50.59863951303368
2016.876098632812 -50.18021774292 -50.60657840675444
2016.908935546875 -50.408294677734 -50.503255554866186
2016.941772460938 -49.992755889893 -50.41220173715631
2016.974731445312 -49.311676025391 -50.284650065463886
2017.005493164062 -50.308250427246 -50.2048983766394
2017.038330078125 -50.238826751709 -50.09818410243051
2017.071166992188 -48.357662200928 -49.99737022481881
2017.10400390625 -49.566246032715 -50.021778086590814
2017.136840820312 -49.345069885254 -50.12898675634485
2017.169799804688 -49.568321228027 -50.297390432089784
2017.20263671875 -50.292739868164 -50.547892863018035
2017.235473632812 -49.344215393066 -50.89580541691994
2017.268310546875 -50.935855865479 -51.347953527406965
2017.301147460938 -51.096431732178 -51.895322062744604
2017.333984375 -51.479248046875 -52.525605518822985
2017.366821289062 -51.742034912109 -53.219627734565805
2017.399780273438 -53.836013793945 -53.94450899842298
2017.4326171875 -54.109729766846 -54.67136354116284
2017.498291015625 -56.973644256592 -56.12215076587294
2017.531127929688 -57.488594055176 -56.832077023453046
2017.56396484375 -58.316093444824 -57.51751834854578
2017.596801757812 -59.077159881592 -58.15650333793189
2017.629760742188 -60.894184112549 -58.72767426976227
2017.66259765625 -61.054298400879 -59.198998693412754
2017.695434570312 -57.791023254395 -59.56036320928935
2017.728271484375 -60.340358734131 -59.80504874824391
2017.761108398438 -61.428768157959 -59.9522085232031
2017.7939453125 -61.770233154297 -60.03208153737221
2017.826782226562 -60.270938873291 -60.06659450543081
2017.859741210938 -61.836574554443 -60.05224805024362
2017.892578125 -59.564643859863 -59.98706498919509
2017.925415039062 -59.101459503174 -59.88641985705791
2017.958251953125 -59.836563110352 -59.77506604117415
2017.991088867188 -59.277168273926 -59.67210664908058
2018.024658203125 -59.417297363281 -59.57745908576142
2018.057495117188 -59.403564453125 -59.50600568057819
2018.09033203125 -59.625385284424 -59.51116091797176
2018.123168945312 -58.797176361084 -59.63731555284687
2018.156005859375 -57.404258728027 -59.885620551580644
2018.18896484375 -59.031677246094 -60.27041967574865
2018.221801757812 -58.467586517334 -60.79803013698592
2018.254638671875 -61.331836700439 -61.46111035821112
2018.287475585938 -60.576473236084 -62.23238719458503
2018.3203125 -59.696762084961 -63.07367988927059
2018.353149414062 -57.734359741211 -63.988042360512146
2018.385986328125 -66.782257080078 -64.99043898160971
2018.4189453125 -65.820571899414 -66.08854337394772
2018.451782226562 -61.513740539551 -67.25402233924285
2018.484619140625 -71.365516662598 -68.46117654621051
2018.517456054688 -68.264526367188 -69.68906966914821
2018.55029296875 -71.592636108398 -70.92132506555521
2018.583129882812 -72.492576599121 -72.1245537525838
2018.615966796875 -69.843811035156 -73.26166661871353
2018.64892578125 -76.417686462402 -74.3069388629516
2018.681762695312 -79.033195495605 -75.25616560859821
2018.714599609375 -68.223030090332 -76.13093547069913
2018.747436523438 -77.023483276367 -76.93747811985462
2018.7802734375 -79.450050354004 -77.69277412586666
2018.813110351562 -80.742111206055 -78.38220625873194
2018.845947265625 -81.719947814941 -79.09889014972278
2018.87890625 -79.673439025879 -79.67373972392899
2018.911743164062 -79.67455291748 -80.00617137647419
2018.944580078125 -80.296852111816 -80.24885239787606
2018.977416992188 -80.197845458984 -80.43076555701002
2019.010986328125 -80.116256713867 -80.5593318198022
2019.043823242188 -80.831428527832 -80.63764556307073
2019.109497070312 -81.120407104492 -80.87788085578399
2019.1259765625 -81.036331176758 -80.9588046921092
2019.142333984375 -81.626220703125 -81.03633146918202
2019.175170898438 -81.429496765137 -81.19696012523622
2019.191650390625 -80.968765258789 -81.28237397445913
2019.208129882812 -80.410118103027 -81.3704317084065
2019.224487304688 -81.139030456543 -81.44607305760518
2019.240966796875 -81.652671813965 -81.54282673231629
2019.25732421875 -81.111328125 -81.64794585810903
2019.273803710938 -81.096794128418 -81.73925627968434
2019.290161132812 -81.980697631836 -81.8437597142918
2019.306640625 -82.264495849609 -82.00245559032157
2019.323120117188 -82.870712280273 -82.18970159774003
2019.339477539062 -82.733673095703 -82.39308451460526
2019.35595703125 -82.177322387695 -82.60815902061883
2019.372314453125 -81.943710327148 -82.83561844621717
2019.388793945312 -83.252487182617 -83.12863214004416
2019.405151367188 -81.506378173828 -83.69916847423605
2019.421630859375 -84.847991943359 -84.29503585876871
2019.438110351562 -82.233856201172 -85.0046546481701
2019.454467773438 -86.049278259277 -85.81120051118091
2019.470947265625 -78.638046264648 -86.68670414546557
2019.4873046875 -81.481086730957 -87.57913595865456
2019.503784179688 -80.646713256836 -88.56712220994065
2019.520141601562 -80.377082824707 -89.42672358367312
2019.53662109375 -90.677047729492 -90.32360495368951
2019.569458007812 -92.147239685059 -92.18463989305442
2019.602294921875 -98.382698059082 -94.0663542910279
2019.618774414062 -94.093116760254 -95.03214201985509
2019.635131835938 -96.715599060059 -95.9817378128487
2019.651611328125 -98.499534606934 -96.86059076566528
2019.668090820312 -96.221549987793 -97.75523557649896
2019.71728515625 -102.858840942383 -100.06859603405279
2019.733764648438 -99.50244140625 -100.77737452353715
2019.750122070312 -103.269073486328 -101.38412377459521
2019.7666015625 -101.324768066406 -102.02474906175541
2019.799438476562 -104.683418273926 -103.1138545463555
2019.832275390625 -110.531097412109 -104.14230631768119
2019.865112304688 -105.891403198242 -105.04527338813413
2019.898071289062 -106.494155883789 -105.83479431669079
2019.930908203125 -108.100914001465 -106.4556594095086
2019.963745117188 -108.530334472656 -106.8609229217688
2019.99658203125 -107.987510681152 -107.19945592427864
2020.030151367188 -108.286270141602 -107.62810038891301
2020.06298828125 -108.065551757812 -107.74051953394277
2020.095825195312 -107.541130065918 -107.85063719500981
2020.128662109375 -108.587409973145 -108.01016550748069
2020.161499023438 -107.344146728516 -108.31990092320329
2020.177978515625 -107.435905456543 -108.68050668824623
2020.1943359375 -109.00154876709 -108.8192476230216
2020.227294921875 -105.465423583984 -109.50206341247768
2020.260131835938 -104.130432128906 -110.36577562069962
2020.29296875 -107.614799499512 -111.2310865828135
2020.325805664062 -107.556938171387 -112.25478778325869
2020.358642578125 -112.646347045898 -113.66233097989031
2020.391479492188 -111.706085205078 -115.1783765376295
2020.42431640625 -116.471145629883 -116.86201615835299
2020.457275390625 -118.567626953125 -118.95782512380944
2020.490112304688 -118.943481445312 -121.4239573060975
2020.52294921875 -124.287322998047 -123.91244808036643
2020.555786132812 -125.244285583496 -126.28865849146725
2020.572265625 -129.375671386719 -127.33617021193527
2020.588623046875 -135.201919555664 -128.31820703743082
2020.605102539062 -130.726058959961 -129.48541800426764
2020.621459960938 -135.447616577148 -130.38871207109196
2020.654296875 -139.484985351562 -132.25461796430406
2020.687255859375 -139.718078613281 -133.8559201589569
2020.70361328125 -137.537170410156 -134.7481421306366
2020.720092773438 -137.778213500977 -135.1136971225588
2020.7529296875 -137.999038696289 -136.12699163397633
2020.785766601562 -139.130554199219 -136.9548874028153
2020.818603515625 -140.351867675781 -137.6166679981726
2020.851440429688 -139.749465942383 -138.06254615251393
2020.917236328125 -137.060089111328 -138.32267579849218
2020.950073242188 -137.263671875 -138.371715654722
2020.98291015625 -138.619827270508 -138.46871475300418
2021.013671875 -138.056915283203 -138.5686783300956
2021.046508789062 -137.175750732422 -138.99999346524586
2021.079345703125 -138.42366027832 -140.06559422209074
2021.1123046875 -137.035583496094 -141.18170394494717
2021.145141601562 -139.602096557617 -142.4472945823541
2021.177978515625 -140.818878173828 -143.82995509527382
2021.210815429688 -140.766311645508 -145.29040563574566
2021.24365234375 -138.102722167969 -146.52791535984215
2021.276489257812 -142.883972167969 -148.2148624742121
2021.309326171875 -150.030303955078 -150.09032940281952
2021.34228515625 -153.122177124023 -152.1612990860316
2021.358642578125 -154.477569580078 -153.27658879800103
2021.391479492188 -153.260772705078 -155.45273582783778
2021.407958984375 -155.914306640625 -156.5045214162069
2021.440795898438 -159.90461730957 -158.57641790067416
2021.4736328125 -161.613037109375 -160.41010281921345
2021.506469726562 -189.204879760742 -161.88937902080372
2021.539306640625 -169.598617553711 -163.06214745995402
2021.572265625 -166.985198974609 -163.71673787703457
2021.605102539062 -180.438125610352 -164.80320882406187
2021.637939453125 -173.312393188477 -165.83953903655635
2021.670776367188 -169.906509399414 -166.798816767098
2021.736450195312 -176.913177490234 -167.94855487149758
2021.769287109375 -170.837295532227 -168.5438246290929
2021.80224609375 -171.073669433594 -168.74549552747993
2021.835083007812 -169.25065612793 -168.9291623701472
2021.867919921875 -169.343215942383 -168.74860675554282
2021.966430664062 -169.194488525391 -167.7369716441127
2022.0 -168.864501953125 -167.27664513539986
2022.065673828125 -165.368576049805 -166.43180830136572
2022.098510742188 -164.057174682617 -166.04477559899198
2022.197143554688 -164.496765136719 -165.26848045222422
2022.22998046875 -165.224319458008 -165.090072240649
2022.262817382812 -163.028289794922 -164.96635779445504
2022.295654296875 -161.727844238281 -164.91407991703576
2022.328491210938 -161.694793701172 -164.95545971757662
2022.394287109375 -163.6982421875 -165.29588466630202
2022.558471679688 -165.085113525391 -166.82177222212115
2022.591430664062 -170.63459777832 -167.1232685749616
2022.68994140625 -160.237258911133 -168.49549055194285
2022.722778320312 -166.454330444336 -169.08362161028015
2022.821411132812 -170.252853393555 -171.19446590806837
2022.854248046875 -169.474456787109 -172.07386499618727
2022.887084960938 -171.671463012695 -173.0526588467209
2022.919921875 -172.091232299805 -173.94476763230625
2022.952758789062 -173.856750488281 -174.9651509481895
2022.985595703125 -176.047668457031 -176.38865743359761
2023.019165039062 -178.098648071289 -177.98424589225732
2023.052001953125 -179.147720336914 -179.5379837193088
2023.084838867188 -181.248184204102 -181.2258506922278
2023.11767578125 -182.309326171875 -182.98994004695206
2023.150634765625 -183.503189086914 -184.72452433031242
2023.183471679688 -187.201065063477 -186.47706726193985
2023.21630859375 -185.631576538086 -188.22469955247033
2023.249145507812 -186.330291748047 -189.97287087480942
2023.281982421875 -192.731094360352 -191.72546755541887
2023.314819335938 -196.855133056641 -193.48541689379908
2023.34765625 -196.31819152832 -195.25350717026203
2023.380615234375 -195.066848754883 -197.03449453775224
2023.413452148438 -207.486511230469 -198.81248195614364
2023.4462890625 -198.869201660156 -200.59221022690159
2023.57763671875 -225.620346069336 -207.70870589668
