2014.804931640625 -0.0 -4.861093197205085
2014.837768554688 -9.716104507446 -5.279795001836493
2014.903442382812 -3.817611932755 -6.112135897072326
2014.96923828125 -10.15497303009 -6.939157514302877
2015.03564453125 17.100685119629 -7.767121482215922
2015.101318359375 -40.007869720459 -8.579056315203433
2015.265625 34.529148101807 -10.577205048321652
2015.331298828125 -26.186180114746 -11.361319123207863
2015.39697265625 -43.024757385254 -12.136685692202331
2016.021850585938 -7.064619064331 -25.73229182990028
2016.1533203125 -24.444494247437 -24.338963356171003
2016.350463867188 -36.688076019287 -22.3115534304249
2016.416137695312 -45.228950500488 -21.71334750860394
2016.547607421875 -20.582660675049 -20.468924060848053
2016.744750976562 -8.649363517761 -18.309090788559413
2016.777587890625 -16.468267440796 -18.166355510354684
2016.810424804688 -23.629648208618 -18.01660682613167
2016.84326171875 -16.336669921875 -17.858036327554085
2016.876098632812 -19.521947860718 -17.761979104558282
2016.908935546875 -15.518046379089 -17.74279808104385
2016.941772460938 -16.021905899048 -17.727818107370293
2016.974731445312 -17.975374221802 -17.86563098655773
2017.005493164062 -16.636533737183 -18.07270670619751
2017.038330078125 -17.624332427979 -18.273206015883595
2017.071166992188 -18.806749343872 -18.47677952636678
2017.10400390625 -18.237539291382 -18.771223020335686
2017.136840820312 -18.602109909058 -19.128583173921285
2017.169799804688 -20.253896713257 -19.529658786957086
2017.20263671875 -20.115964889526 -19.958284397221153
2017.235473632812 -19.533367156982 -20.38876102108797
2017.268310546875 -22.967096328735 -20.810627163910468
2017.301147460938 -19.556283950806 -21.234752114790048
2017.333984375 -16.404441833496 -21.67199928622767
2017.366821289062 -23.524326324463 -22.10763980154584
2017.399780273438 -25.310283660889 -22.503574336514937
2017.4326171875 -21.997091293335 -22.824233987569716
2017.498291015625 -39.902969360352 -23.17053976438931
2017.531127929688 -21.766771316528 -23.198679254930394
2017.56396484375 -26.918527603149 -23.13427316492958
2017.596801757812 -25.4466381073 -22.973244919927147
2017.629760742188 -27.564025878906 -22.702470487545426
2017.66259765625 -25.466779708862 -22.28489535966927
2017.695434570312 -22.144868850708 -21.715344124364375
2017.728271484375 -22.287212371826 -20.96179580251149
2017.761108398438 -20.416763305664 -20.030523422736728
2017.7939453125 -18.040674209595 -18.973127020226936
2017.826782226562 -17.675340652466 -17.851687347611207
2017.859741210938 -16.651142120361 -16.673922790699475
2017.892578125 -14.708675384521 -15.466838427555594
2017.925415039062 -15.24933719635 -14.26899489803753
2017.958251953125 -12.49268245697 -13.096548773403846
2017.991088867188 -11.752498626709 -11.958478141460041
2018.024658203125 -11.044238090515 -10.841287450831349
2018.057495117188 -9.037117958069 -9.794616353869262
2018.09033203125 -8.492091178894 -8.799550159528467
2018.123168945312 -7.764034748077 -7.85800455882127
2018.156005859375 -3.786294221878 -6.971483789805916
2018.18896484375 -8.146892547607 -6.174730899705093
2018.221801757812 -4.053611278534 -5.511065337150781
2018.254638671875 -2.074266433716 -4.980076203032497
2018.287475585938 -2.968526601791 -4.577306998392657
2018.3203125 -4.655998706818 -4.287183183411905
2018.353149414062 -1.035254597664 -4.131185287985015
2018.385986328125 -2.496034145355 -4.116177737997035
2018.4189453125 -2.578247785568 -4.227852696244615
2018.451782226562 0.808799028397 -4.438737822483171
2018.484619140625 -7.368278026581 -4.714614831258469
2018.517456054688 -5.711380958557 -5.048574520058263
2018.55029296875 -2.406738042831 -5.436187783183114
2018.583129882812 -6.404504299164 -5.849899994007961
2018.615966796875 -14.235331535339 -6.263908008111694
2018.64892578125 -8.668189048767 -6.658328480637982
2018.681762695312 -7.345559120178 -7.003918697624803
2018.714599609375 -7.013601303101 -7.2671991136935326
2018.747436523438 -9.513605117798 -7.436181986956835
2018.7802734375 -5.329401493073 -7.528953541327023
2018.813110351562 -12.433957099915 -7.531746064451483
2018.845947265625 -8.794628143311 -7.513336839067918
2018.87890625 -8.753879547119 -7.368460419073359
2018.911743164062 -7.964718818665 -7.112258047448566
2018.944580078125 -6.471580028534 -6.8814856207427
2018.977416992188 -6.849756240845 -6.593418012513992
2019.010986328125 -4.968390464783 -6.210861083778888
2019.043823242188 -5.35812330246 -5.771730092147724
2019.109497070312 -5.177712917328 -4.973732878175484
2019.1259765625 -4.792337417603 -4.7878477740864325
2019.142333984375 -3.72314119339 -4.670088066840021
2019.175170898438 -4.854226589203 -4.467558897855569
2019.191650390625 -3.508978366852 -4.431153638333185
2019.208129882812 -4.541261196136 -4.437790341184569
2019.224487304688 -3.370983123779 -4.430354339542128
2019.240966796875 -4.178873062134 -4.523308137542053
2019.25732421875 -4.264253616333 -4.671275343366767
2019.273803710938 -3.93223118782 -4.772536842684179
2019.290161132812 -4.136449337006 -4.915486237706617
2019.306640625 -6.382790088654 -5.22851347144008
2019.323120117188 -3.6942486763 -5.595845920399843
2019.339477539062 -4.219600200653 -6.003725355687544
2019.35595703125 -6.834356307983 -6.451644449718733
2019.372314453125 -4.908856391907 -6.921669590688961
2019.388793945312 -8.237347602844 -7.423316453133819
2019.405151367188 -8.57733631134 -7.995786272026639
2019.421630859375 -7.204420566559 -8.586086292177821
2019.438110351562 -10.82423210144 -9.239044706655752
2019.454467773438 -10.590103149414 -9.957990347803202
2019.470947265625 -8.017889976501 -10.72969877052299
2019.4873046875 -14.203973770142 -11.48178939184509
2019.503784179688 -6.217436790466 -12.117612830311568
2019.520141601562 -9.753911972046 -12.736621943204367
2019.53662109375 -14.440364837646 -13.312767261550576
2019.569458007812 -16.604822158813 -14.34658012739057
2019.602294921875 -19.27063369751 -15.266705933075686
2019.618774414062 -18.989511489868 -15.737115818600303
2019.635131835938 -18.289541244507 -16.159724961774927
2019.651611328125 -14.110407829285 -16.366188985532684
2019.668090820312 -15.08162021637 -16.65355038297368
2019.71728515625 -17.335807800293 -16.91762899624794
2019.733764648438 -17.854751586914 -16.91120876048246
2019.750122070312 -22.093332290649 -16.734155615950183
2019.7666015625 -20.519823074341 -16.62708351023276
2019.799438476562 -15.6859998703 -16.2266272102777
2019.832275390625 -15.299758911133 -15.835097027805702
2019.865112304688 -16.932384490967 -15.445021215701578
2019.898071289062 -15.128237724304 -15.06263398034828
2019.930908203125 -14.11553478241 -14.676878733902104
2019.963745117188 -11.352549552917 -14.362544780169419
2019.99658203125 -13.620651245117 -14.114999902063133
2020.030151367188 -11.81711101532 -13.772625209777646
2020.06298828125 -13.130808830261 -13.752187511031435
2020.095825195312 -14.049325942993 -13.764929147278503
2020.128662109375 -12.88921546936 -13.869361604130326
2020.161499023438 -12.476624488831 -14.052368451312322
2020.177978515625 -14.253296852112 -14.18980538081441
2020.1943359375 -13.06097984314 -14.293099127710132
2020.227294921875 -13.992421150208 -14.581388040235169
2020.260131835938 -16.186368942261 -14.906185504431104
2020.29296875 -17.515743255615 -15.264671454148054
2020.325805664062 -16.406507492065 -15.674904564812904
2020.358642578125 -15.126854896545 -16.17028683623713
2020.391479492188 -16.48893737793 -16.698861006372894
2020.42431640625 -14.941918373108 -17.18999170991541
2020.457275390625 -14.363520622253 -17.56051018212949
2020.490112304688 -22.246967315674 -17.808662228811443
2020.52294921875 -17.026660919189 -18.029225564058237
2020.555786132812 -20.881721496582 -18.284333975413567
2020.572265625 -29.411817550659 -18.36466467835818
2020.588623046875 -23.207653045654 -18.41965788910435
2020.605102539062 -18.046520233154 -18.589299181750143
2020.621459960938 -24.868469238281 -18.60677077759537
2020.654296875 -19.443584442139 -18.716716692280325
2020.687255859375 -14.844571113586 -18.716349956642638
2020.70361328125 -16.979772567749 -18.697304372102263
2020.720092773438 -17.614093780518 -18.57955846142032
2020.7529296875 -21.781959533691 -18.327434107115362
2020.785766601562 -24.238033294678 -17.98447446764657
2020.818603515625 -16.231592178345 -17.583805011925143
2020.851440429688 -17.180456161499 -17.153233777136297
2020.917236328125 -18.136053085327 -16.35291399866412
2020.950073242188 -17.202648162842 -15.98639438151779
2020.98291015625 -15.456791877747 -15.646250333552205
2021.013671875 -14.345945358276 -15.296279353839308
2021.046508789062 -11.156058311462 -14.926034028514099
2021.079345703125 -13.47200012207 -14.64346219492811
2021.1123046875 -13.765410423279 -14.384212601862638
2021.145141601562 -14.343649864197 -14.192370810764631
2021.177978515625 -13.433076858521 -14.078154240129336
2021.210815429688 -15.063578605652 -14.053472393160654
2021.24365234375 -12.399627685547 -14.013737028200453
2021.276489257812 -13.517556190491 -14.189440692421966
2021.309326171875 -14.880997657776 -14.441440528514066
2021.34228515625 -11.289999008179 -14.757205648491357
2021.358642578125 -14.977873802185 -14.985846084930817
2021.391479492188 -8.608257293701 -15.36721610865553
2021.407958984375 -16.762172698975 -15.567996321771268
2021.440795898438 -14.488429069519 -15.922655878616965
2021.4736328125 -17.138509750366 -16.22254134847378
2021.506469726562 -16.80690574646 -16.440852574330616
2021.539306640625 -25.597478866577 -16.590912445945765
2021.572265625 -20.483427047729 -16.571604616600673
2021.605102539062 -30.074026107788 -16.716507689134158
2021.637939453125 -22.628675460815 -16.8138879827005
2021.670776367188 -13.354727745056 -16.826762602303983
2021.736450195312 -19.02304649353 -16.47448907947488
2021.769287109375 -17.198375701904 -16.337459957049056
2021.80224609375 -16.472297668457 -16.129826345323817
2021.835083007812 -12.14711856842 -15.919675481648397
2021.867919921875 -18.262798309326 -15.669519865359945
2021.966430664062 -11.225796699524 -14.908646311773337
2022.0 -12.66984462738 -14.670030249219952
2022.065673828125 -15.274626731873 -14.183601294205697
2022.098510742188 -15.493349075317 -14.109551168762868
2022.197143554688 -8.686369895935 -14.326190425872515
2022.22998046875 -14.738302230835 -14.414222993540314
2022.262817382812 -4.951303482056 -14.518159258345442
2022.295654296875 -6.535701274872 -14.616145107573704
2022.328491210938 -12.534721374512 -14.670948130028977
2022.394287109375 -24.29753112793 -14.568157869339013
2022.558471679688 -19.2174243927 -14.168074896835497
2022.591430664062 -15.903933525085 -14.308585838839754
2022.68994140625 -33.342380523682 -14.77563231237027
2022.722778320312 -32.724666595459 -14.69230959006051
2022.821411132812 -12.746265411377 -13.461744713788406
2022.854248046875 -14.444544792175 -12.861351619637182
2022.887084960938 -12.147637367249 -12.250969668326087
2022.919921875 -13.091977119446 -11.685012774934172
2022.952758789062 -12.419553756714 -11.106617978986945
2022.985595703125 -11.309873580933 -10.456543845217524
2023.019165039062 -7.710923671722 -9.837281517888195
2023.052001953125 -7.771055698395 -9.222140412163785
2023.084838867188 -6.542971611023 -8.748255841242512
2023.11767578125 -9.100317001343 -8.500070597805532
2023.150634765625 -6.083082675934 -8.170226944825705
2023.183471679688 -6.340084552765 -7.99566511822774
2023.21630859375 -5.199768543243 -7.824405806274923
2023.249145507812 -4.879805088043 -7.659576369767649
2023.281982421875 -5.791943073273 -7.504839880041999
2023.314819335938 -9.61449432373 -7.36388071435081
2023.34765625 -5.009865760803 -7.23985978280253
2023.380615234375 -8.658233642578 -7.134240986358776
2023.413452148438 -9.388342857361 -7.049550090157356
2023.4462890625 -9.229056358337 -6.985887677437654
2023.57763671875 -20.073097229004 -6.906989572542975
