2014.804931640625 0.0 8.775060627557739
2014.837768554688 8.34725189209 8.565402091887695
2014.903442382812 7.967787742615 8.145411213639106
2014.96923828125 7.347229003906 7.7238230961636285
2015.03564453125 3.403918266296 7.297694256483418
2015.101318359375 9.622386932373 6.87601155315702
2015.265625 -1.073302745819 5.823168773784058
2015.331298828125 8.162239074707 5.4044540512123165
2015.39697265625 17.52970123291 4.987781242857665
2016.021850585938 -0.434490680695 0.6170679925352772
2016.1533203125 0.439677536488 -0.3367137844994062
2016.350463867188 -1.612515807152 -0.9163639275491587
2016.416137695312 -0.671674013138 -1.065452840420595
2016.547607421875 -3.215093374252 -1.3801441221364905
2016.744750976562 -2.21663236618 -1.876844760776571
2016.777587890625 -2.028079271317 -1.9236937450507317
2016.810424804688 0.042570397258 -1.9555645527702294
2016.84326171875 -1.120657444 -2.0033698506517768
2016.876098632812 -1.329824566841 -2.1314022266766104
2016.908935546875 -2.016402721405 -2.3020168433958714
2016.941772460938 -2.292836904526 -2.469647149891836
2016.974731445312 -2.476637601852 -2.691891637870738
2017.005493164062 -2.839968681335 -2.9024462578983816
2017.038330078125 -3.17670750618 -3.1345022901005257
2017.071166992188 -3.480664253235 -3.3821380346369527
2017.10400390625 -3.870100021362 -3.5745710945645484
2017.136840820312 -4.721339702606 -3.7137835659708807
2017.169799804688 -5.162675380707 -3.8157073506571035
2017.20263671875 -4.481245040894 -3.862022791623394
2017.235473632812 -4.936022281647 -3.841057002979769
2017.268310546875 -4.521016597748 -3.7510640982436283
2017.301147460938 -4.614923000336 -3.6027731798280525
2017.333984375 -2.752691030502 -3.411619109309461
2017.366821289062 -3.74299955368 -3.190385885178863
2017.399780273438 -3.621468305588 -2.9490012645967574
2017.4326171875 -2.122226953506 -2.7061365265105404
2017.498291015625 -1.073660850525 -2.331779863386716
2017.531127929688 -0.856000304222 -2.2389010567181
2017.56396484375 -1.765958547592 -2.212721448518092
2017.596801757812 -1.138620972633 -2.255635802660838
2017.629760742188 -1.594993829727 -2.3732146945633663
2017.66259765625 -1.214090585709 -2.5777773723410013
2017.695434570312 -1.208468675613 -2.8763816923394763
2017.728271484375 -1.803255915642 -3.2810435162730642
2017.761108398438 -4.000222206116 -3.7736002874033647
2017.7939453125 -4.378187179565 -4.319824247980344
2017.826782226562 -4.862135410309 -4.892777451559705
2017.859741210938 -5.036736488342 -5.483776801238633
2017.892578125 -6.256148815155 -6.074314535227686
2017.925415039062 -6.989615440369 -6.644767702085733
2017.958251953125 -7.437983989716 -7.174646518344518
2017.991088867188 -8.710348129272 -7.648940111073145
2018.024658203125 -9.178849220276 -8.065740750560286
2018.057495117188 -9.392428398132 -8.404027200288441
2018.09033203125 -9.599363327026 -8.677892375116027
2018.123168945312 -10.04340839386 -8.88595645856687
2018.156005859375 -9.574947357178 -9.020752533363652
2018.18896484375 -9.685264587402 -9.077232782256194
2018.221801757812 -9.316691398621 -9.054014331553025
2018.254638671875 -9.839882850647 -8.959753997291454
2018.287475585938 -9.199699401855 -8.809247423071492
2018.3203125 -8.913708686829 -8.621483120146598
2018.353149414062 -8.15904712677 -8.42189864730642
2018.385986328125 -8.830515861511 -8.230741097135544
2018.4189453125 -7.933413028717 -8.054625266620635
2018.451782226562 -6.905669689178 -7.907479179103528
2018.484619140625 -7.192846298218 -7.806180264032364
2018.517456054688 -6.645649433136 -7.764908065329699
2018.55029296875 -6.602348804474 -7.783889293833377
2018.583129882812 -7.428403377533 -7.856472806798955
2018.615966796875 -6.275047302246 -7.9785490962787184
2018.64892578125 -8.112337112427 -8.153081321695957
2018.681762695312 -8.602193832397 -8.383011203151128
2018.714599609375 -4.737501621246 -8.672978476276633
2018.747436523438 -8.317791938782 -9.021579814070622
2018.7802734375 -9.301355361938 -9.413779066585194
2018.813110351562 -10.085022926331 -9.852906237031904
2018.845947265625 -10.078466415405 -10.307240002514522
2018.87890625 -9.853600502014 -10.795483426021375
2018.911743164062 -10.806330680847 -11.346713614987225
2018.944580078125 -11.758432388306 -11.90432808578581
2018.977416992188 -12.371099472046 -12.501393708874517
2019.010986328125 -13.055165290833 -13.122626581412728
2019.043823242188 -13.770317077637 -13.72903486927633
2019.109497070312 -15.465045928955 -14.958389637254584
2019.1259765625 -15.618989944458 -15.282408057946192
2019.142333984375 -15.727869033813 -15.545846321144753
2019.175170898438 -16.619426727295 -16.061267198839555
2019.191650390625 -16.734981536865 -16.23955365407508
2019.208129882812 -17.495397567749 -16.361809954239543
2019.224487304688 -16.713621139526 -16.492058605736702
2019.240966796875 -16.760057449341 -16.49857050650917
2019.25732421875 -16.949096679688 -16.454318547250423
2019.273803710938 -17.28754234314 -16.455752168997883
2019.290161132812 -16.480823516846 -16.417498449176584
2019.306640625 -17.03373336792 -16.234928765966945
2019.323120117188 -16.793695449829 -16.009041727229732
2019.339477539062 -16.405227661133 -15.75205414075853
2019.35595703125 -16.034578323364 -15.455502392520932
2019.372314453125 -14.8784532547 -15.12689624463641
2019.388793945312 -14.851205825806 -14.781757801366194
2019.405151367188 -14.309279441833 -14.510395811937922
2019.421630859375 -13.632333755493 -14.269782985166923
2019.438110351562 -14.442259788513 -14.078269566276726
2019.454467773438 -13.148490905762 -13.962603162008664
2019.470947265625 -10.876020431519 -13.928212518362361
2019.4873046875 -12.027672767639 -13.943813014379737
2019.503784179688 -10.440035820007 -14.043905332890851
2019.520141601562 -9.964985847473 -14.033475400737048
2019.53662109375 -15.386331558228 -14.040993005053267
2019.569458007812 -14.853980064392 -14.140181277912037
2019.602294921875 -9.370746612549 -14.393551567850702
2019.618774414062 -14.005344390869 -14.53608846807797
2019.635131835938 -15.537259101868 -14.706390628411604
2019.651611328125 -14.901131629944 -14.909952923712504
2019.668090820312 -13.508269309998 -15.115038786094011
2019.71728515625 -15.705309867859 -15.816976332928194
2019.733764648438 -14.827383995056 -16.065569599878646
2019.750122070312 -16.735345840454 -16.359217839229597
2019.7666015625 -15.758096694946 -16.631157075902028
2019.799438476562 -16.776420593262 -17.22222899981733
2019.832275390625 -18.943710327148 -17.811547080819917
2019.865112304688 -18.326597213745 -18.40833889477648
2019.898071289062 -18.931507110596 -19.000542682327353
2019.930908203125 -20.040107727051 -19.5635486428906
2019.963745117188 -20.650880813599 -20.04630460758063
2019.99658203125 -20.784938812256 -20.47225806871586
2020.030151367188 -21.599477767944 -20.951661491775106
2020.06298828125 -21.795434951782 -21.229509885909984
2020.095825195312 -21.855659484863 -21.45767622292922
2020.128662109375 -22.442956924438 -21.5869649979913
2020.161499023438 -22.642728805542 -21.612857205110927
2020.177978515625 -22.389772415161 -21.509067513139648
2020.1943359375 -22.587516784668 -21.529530459392237
2020.227294921875 -22.18999671936 -21.334847107416277
2020.260131835938 -21.769422531128 -21.04409540928899
2020.29296875 -21.380874633789 -20.715519737400182
2020.325805664062 -21.095928192139 -20.30132550601839
2020.358642578125 -19.550016403198 -19.859208927215885
2020.391479492188 -19.581331253052 -19.467689917022632
2020.42431640625 -18.230476379395 -19.11562054413378
2020.457275390625 -16.659393310547 -18.842624529447125
2020.490112304688 -16.802724838257 -18.672106501703794
2020.52294921875 -17.605756759644 -18.59788012422287
2020.555786132812 -17.712799072266 -18.635969701015735
2020.572265625 -16.213220596313 -18.809453030499252
2020.588623046875 -16.463748931885 -18.99913925963128
2020.605102539062 -18.51443862915 -19.030366389264373
2020.621459960938 -19.882038116455 -19.26697723246666
2020.654296875 -17.874897003174 -19.674477692301732
2020.687255859375 -21.048202514648 -20.205475918521223
2020.70361328125 -20.621215820312 -20.493459269574874
2020.720092773438 -20.271041870117 -20.821792102153474
2020.7529296875 -21.70821762085 -21.46874531804552
2020.785766601562 -22.568113327026 -22.1190436831782
2020.818603515625 -22.25643157959 -22.76497363171072
2020.851440429688 -23.62381362915 -23.400937899361377
2020.917236328125 -24.826650619507 -24.591845778057237
2020.950073242188 -25.525152206421 -25.10982209597896
2020.98291015625 -25.992755889893 -25.547100594910873
2021.013671875 -26.409191131592 -25.97870752958592
2021.046508789062 -26.88418006897 -26.280241992436242
2021.079345703125 -27.509553909302 -26.386909652110877
2021.1123046875 -28.218194961548 -26.48571515878696
2021.145141601562 -27.635654449463 -26.500971293307064
2021.177978515625 -27.366216659546 -26.434275293469664
2021.210815429688 -28.587091445923 -26.28791536387167
2021.24365234375 -27.905244827271 -26.154230037082197
2021.276489257812 -24.946340560913 -25.819133748696583
2021.309326171875 -25.856981277466 -25.41231761524935
2021.34228515625 -25.586433410645 -25.034074689517023
2021.358642578125 -24.668807983398 -24.960426277997794
2021.391479492188 -20.614427566528 -24.741508983533496
2021.407958984375 -21.522359848022 -24.708527986795985
2021.440795898438 -18.213012695312 -24.554289535094906
2021.4736328125 -19.045408248901 -24.479405064123586
2021.506469726562 -22.810899734497 -24.494337827120095
2021.539306640625 -18.644996643066 -24.576714271815817
2021.572265625 -19.083057403564 -24.952117319578146
2021.605102539062 -24.392889022827 -25.091489379268097
2021.637939453125 -23.378963470459 -25.27057203994644
2021.670776367188 -24.192199707031 -25.557220522314875
2021.736450195312 -25.785682678223 -26.84323725988224
2021.769287109375 -26.810241699219 -27.608919380177255
2021.80224609375 -28.548887252808 -28.465037452678054
2021.835083007812 -28.346237182617 -29.322162895647917
2021.867919921875 -31.254566192627 -30.202922468425943
2021.966430664062 -34.672695159912 -32.6392058622605
2022.0 -33.731834411621 -33.24718883367051
2022.065673828125 -35.434753417969 -34.570905513317804
2022.098510742188 -36.353977203369 -34.987316945915644
2022.197143554688 -39.019771575928 -35.96388530890538
2022.22998046875 -40.191757202148 -36.22921226007166
2022.262817382812 -39.871734619141 -36.45348677544202
2022.295654296875 -39.425277709961 -36.640121529970266
2022.328491210938 -38.818630218506 -36.77475944352383
2022.394287109375 -37.844451904297 -36.92697180184461
2022.558471679688 -38.172016143799 -37.096205809770524
2022.591430664062 -35.307064056396 -36.97796013749386
2022.68994140625 -33.828430175781 -36.485404024759255
2022.722778320312 -35.07926940918 -36.35853517605011
2022.821411132812 -36.747482299805 -36.18094752057742
2022.854248046875 -35.500427246094 -36.192826507635495
2022.887084960938 -36.087997436523 -36.22410761236317
2022.919921875 -36.099933624268 -36.24900028627939
2022.952758789062 -36.460910797119 -36.31446065760323
2022.985595703125 -36.637348175049 -36.37030037041839
2023.019165039062 -37.097625732422 -36.36323613986431
2023.052001953125 -36.78638458252 -36.37730557930756
2023.084838867188 -36.870552062988 -36.24953391215153
2023.11767578125 -36.566909790039 -36.012807958919815
2023.150634765625 -37.007465362549 -35.83130687927027
2023.183471679688 -36.307922363281 -35.59050265824336
2023.21630859375 -37.871166229248 -35.3522237777549
2023.249145507812 -37.700653076172 -35.11146201603296
2023.281982421875 -35.042507171631 -34.864775487970086
2023.314819335938 -34.629043579102 -34.60956528592793
2023.34765625 -32.86633682251 -34.34398682144613
2023.380615234375 -31.315528869629 -34.065988455707604
2023.413452148438 -34.509365081787 -33.77820396097389
2023.4462890625 -24.78581237793 -33.48153466204144
2023.57763671875 -19.465690612793 -32.23175270960473
