2014.804931640625 0.0 7.935827510887779
2014.837768554688 7.266448974609 6.962743602994806
2014.903442382812 2.945215463638 5.014464901752566
2014.96923828125 3.56747841835 3.059440824836103
2015.03564453125 -5.43056344986 1.082964276601457
2015.101318359375 11.868579864502 -0.875221354392295
2015.265625 -10.279013633728 -5.7915117727675955
2015.331298828125 7.577123641968 -7.764197026128
2015.39697265625 23.601879119873 -9.741590597120775
2016.021850585938 -34.276287078857 -26.419810560385688
2016.1533203125 -29.683029174805 -32.14111575238761
2016.350463867188 -54.873722076416 -39.30135620664507
2016.416137695312 -36.366775512695 -41.3492268513381
2016.547607421875 -46.962097167969 -45.69846571645091
2016.744750976562 -58.315711975098 -52.00666626924238
2016.777587890625 -56.356006622314 -52.540752395815296
2016.810424804688 -53.877296447754 -53.08964881629573
2016.84326171875 -55.676963806152 -53.656976034260694
2016.876098632812 -54.464984893799 -54.14692131632312
2016.908935546875 -54.782749176025 -54.58143692040442
2016.941772460938 -54.441513061523 -55.02607863740726
2016.974731445312 -54.516445159912 -55.31673880762921
2017.005493164062 -56.020576477051 -55.56044422270333
2017.038330078125 -56.654487609863 -55.81690531823506
2017.071166992188 -55.055145263672 -56.07920840551268
2017.10400390625 -56.176830291748 -56.39693529792639
2017.136840820312 -56.250659942627 -56.75001901545917
2017.169799804688 -56.380512237549 -57.12708096821468
2017.20263671875 -57.10168838501 -57.52662109951872
2017.235473632812 -57.894634246826 -57.9500274702514
2017.268310546875 -58.783203125 -58.41057867512084
2017.301147460938 -58.417984008789 -58.92629649016479
2017.333984375 -58.761661529541 -59.509874909754295
2017.366821289062 -59.796920776367 -60.15218833380924
2017.399780273438 -60.968490600586 -60.830563153117836
2017.4326171875 -61.26978302002 -61.52825180621707
2017.498291015625 -58.802722930908 -63.04763947924616
2017.531127929688 -61.841659545898 -63.88347759525599
2017.56396484375 -64.322448730469 -64.76143455904467
2017.596801757812 -65.264595031738 -65.67033725478692
2017.629760742188 -67.359260559082 -66.60584746923298
2017.66259765625 -67.212142944336 -67.5600623348663
2017.695434570312 -64.424667358398 -68.54242050797224
2017.728271484375 -66.174606323242 -69.56033498360853
2017.761108398438 -71.070022583008 -70.60045793811956
2017.7939453125 -72.347602844238 -71.63994737493907
2017.826782226562 -72.554946899414 -72.66280499880766
2017.859741210938 -74.493988037109 -73.66597348309915
2017.892578125 -74.75959777832 -74.63513546351727
2017.925415039062 -75.982841491699 -75.57097417719804
2017.958251953125 -76.302299499512 -76.46861744133469
2017.991088867188 -77.708366394043 -77.32482573404063
2018.024658203125 -78.626258850098 -78.15777142135008
2018.057495117188 -79.557220458984 -78.94303695330393
2018.09033203125 -80.219718933105 -79.70844078907447
2018.123168945312 -80.70970916748 -80.46205056115453
2018.156005859375 -80.506126403809 -81.21474300601096
2018.18896484375 -82.144721984863 -81.98096072455124
2018.221801757812 -82.425033569336 -82.7516929839332
2018.254638671875 -84.045394897461 -83.51553582484213
2018.287475585938 -83.569297790527 -84.26563979967392
2018.3203125 -83.511894226074 -85.00159278977667
2018.353149414062 -81.495918273926 -85.73922859576975
2018.385986328125 -89.790794372559 -86.49384465513546
2018.4189453125 -87.642318725586 -87.27258240769275
2018.451782226562 -88.176399230957 -88.06552043904367
2018.484619140625 -90.501152038574 -88.86831025341431
2018.517456054688 -89.091293334961 -89.67485368520882
2018.55029296875 -89.494262695312 -90.47933423472253
2018.583129882812 -91.084533691406 -91.26462186150576
2018.615966796875 -90.72004699707 -92.01396589654495
2018.64892578125 -93.859107971191 -92.72188562039058
2018.681762695312 -94.811752319336 -93.39333171030884
2018.714599609375 -89.437561035156 -94.04669584778208
2018.747436523438 -94.91088104248 -94.69198245567814
2018.7802734375 -95.928344726562 -95.33458679743701
2018.813110351562 -96.637786865234 -95.96517250258087
2018.845947265625 -97.825378417969 -96.60537303422211
2018.87890625 -96.556503295898 -97.19030638149931
2018.911743164062 -97.3056640625 -97.70901590865279
2018.944580078125 -98.044792175293 -98.1952061139134
2018.977416992188 -98.420989990234 -98.67337291055254
2019.010986328125 -98.672271728516 -99.14868363548905
2019.043823242188 -100.063056945801 -99.6025618611903
2019.109497070312 -101.018539428711 -100.57121406139734
2019.1259765625 -101.241203308105 -100.83478136542388
2019.142333984375 -101.394355773926 -101.07311448393924
2019.175170898438 -101.447441101074 -101.54954348077814
2019.191650390625 -101.918716430664 -101.76673800220354
2019.208129882812 -101.403221130371 -101.97549451478338
2019.224487304688 -102.082168579102 -102.17018351614205
2019.240966796875 -102.48592376709 -102.36841583735031
2019.25732421875 -102.227256774902 -102.56418305255274
2019.273803710938 -102.552825927734 -102.7574198470271
2019.290161132812 -102.840362548828 -102.95735015896959
2019.306640625 -103.533142089844 -103.16476183814181
2019.323120117188 -103.375053405762 -103.37634108931472
2019.339477539062 -103.498352050781 -103.58677533805937
2019.35595703125 -103.867500305176 -103.79437365506023
2019.372314453125 -106.001571655273 -103.99496880683544
2019.388793945312 -104.284049987793 -104.20241065083017
2019.405151367188 -103.069763183594 -104.46363287536687
2019.421630859375 -104.06534576416 -104.74565358674023
2019.438110351562 -105.015586853027 -105.05228475768732
2019.454467773438 -105.762847900391 -105.38280691578335
2019.470947265625 -100.341888427734 -105.75530491579724
2019.4873046875 -104.93318939209 -106.16709660038214
2019.503784179688 -102.679901123047 -106.6743831439463
2019.520141601562 -102.880638122559 -107.11780956905437
2019.53662109375 -107.965538024902 -107.59876412904657
2019.569458007812 -109.875801086426 -108.6711327805989
2019.602294921875 -105.989601135254 -109.82452254236993
2019.618774414062 -108.456466674805 -110.3814794433324
2019.635131835938 -111.301567077637 -110.94602577941684
2019.651611328125 -112.736015319824 -111.54447404771247
2019.668090820312 -107.564613342285 -112.13330692307026
2019.71728515625 -114.662902832031 -113.84422945438314
2019.733764648438 -115.100830078125 -114.39357292117822
2019.750122070312 -114.767364501953 -114.88384874915864
2019.7666015625 -115.014488220215 -115.38976028684667
2019.799438476562 -116.898620605469 -116.27658468256476
2019.832275390625 -119.484687805176 -117.10674683696553
2019.865112304688 -118.329467773438 -117.82478479275065
2019.898071289062 -118.492652893066 -118.42783577757287
2019.930908203125 -120.34349822998 -118.90512166881078
2019.963745117188 -120.576148986816 -119.2429386025691
2019.99658203125 -120.017272949219 -119.53851613208637
2020.030151367188 -121.050170898438 -119.92316802255233
2020.06298828125 -120.334854125977 -120.02818837832258
2020.095825195312 -119.884132385254 -120.08486722845721
2020.128662109375 -120.658111572266 -120.07273299434769
2020.161499023438 -120.714019775391 -120.00908784716036
2020.177978515625 -119.968330383301 -119.9497117471023
2020.1943359375 -120.46280670166 -119.90258087615982
2020.227294921875 -120.592491149902 -119.81323128785412
2020.260131835938 -116.927352905273 -119.87054446722414
2020.29296875 -119.143417358398 -120.00849013375806
2020.325805664062 -118.242401123047 -120.29327576366045
2020.358642578125 -119.795585632324 -120.91773237664728
2020.391479492188 -115.603378295898 -121.55139830571248
2020.42431640625 -116.730422973633 -122.16321886846302
2020.457275390625 -117.279228210449 -122.88131919224736
2020.490112304688 -121.168350219727 -123.77876821735462
2020.52294921875 -123.634490966797 -124.78400760799232
2020.555786132812 -124.954582214355 -125.85639415195776
2020.572265625 -121.986534118652 -126.53109858369662
2020.588623046875 -128.134887695312 -127.19925483950298
2020.605102539062 -128.619674682617 -127.78920463019752
2020.621459960938 -127.779273986816 -128.47340535565797
2020.654296875 -132.178726196289 -129.79145632589098
2020.687255859375 -131.296905517578 -131.02843592012812
2020.70361328125 -133.299926757812 -131.6519258556844
2020.720092773438 -132.634963989258 -132.08925321922752
2020.7529296875 -133.608383178711 -133.00259698521782
2020.785766601562 -135.749465942383 -133.81591705204184
2020.818603515625 -135.689865112305 -134.55603502916927
2020.851440429688 -136.68815612793 -135.22778753744493
2020.917236328125 -137.14323425293 -136.3635959782533
2020.950073242188 -136.507064819336 -136.804809948726
2020.98291015625 -137.124572753906 -137.22141625427722
2021.013671875 -137.181228637695 -137.62488697845632
2021.046508789062 -138.467346191406 -138.01212967010878
2021.079345703125 -138.2841796875 -138.46832793544496
2021.1123046875 -138.146545410156 -138.9548394751593
2021.145141601562 -139.269805908203 -139.48472677516602
2021.177978515625 -139.093719482422 -140.05202232956387
2021.210815429688 -140.288757324219 -140.64682358757202
2021.24365234375 -139.621978759766 -141.21238732093758
2021.276489257812 -139.323181152344 -141.8606240807552
2021.309326171875 -143.353912353516 -142.52577322130995
2021.34228515625 -144.310440063477 -143.20633015750207
2021.358642578125 -144.877716064453 -143.52825885675404
2021.391479492188 -143.952682495117 -144.18442794588793
2021.407958984375 -143.889068603516 -144.48343517569782
2021.440795898438 -145.333312988281 -145.11424254769733
2021.4736328125 -148.191772460938 -145.7013733112997
2021.506469726562 -151.453414916992 -146.22291512224325
2021.539306640625 -147.094467163086 -146.67663377688874
2021.572265625 -144.259826660156 -147.02302469918882
2021.605102539062 -148.94677734375 -147.43633472524886
2021.637939453125 -148.652694702148 -147.84042288773105
2021.670776367188 -148.248565673828 -148.23526795265454
2021.736450195312 -153.310241699219 -148.94475710131564
2021.769287109375 -148.538116455078 -149.28722098490277
2021.80224609375 -149.911346435547 -149.61442979749313
2021.835083007812 -148.65153503418 -149.94274491919944
2021.867919921875 -150.797744750977 -150.28266245337136
2021.966430664062 -153.859405517578 -151.1948720018687
2022.0 -150.549606323242 -151.46786720389244
2022.065673828125 -150.862289428711 -152.03259740968582
2022.098510742188 -153.71484375 -152.29962029747946
2022.197143554688 -154.153411865234 -153.13387382360403
2022.22998046875 -156.50749206543 -153.43329017286052
2022.262817382812 -153.214508056641 -153.75584199533958
2022.295654296875 -152.974548339844 -154.11520515422905
2022.328491210938 -152.494277954102 -154.51782085057593
2022.394287109375 -154.819458007812 -155.36564628521847
2022.558471679688 -162.81608581543 -157.24799611837182
2022.591430664062 -163.050048828125 -157.58867280302698
2022.68994140625 -154.199203491211 -158.83165830063578
2022.722778320312 -159.827789306641 -159.34620638332945
2022.821411132812 -161.238845825195 -160.75594396552367
2022.854248046875 -160.423583984375 -161.12082296537764
2022.887084960938 -162.275054931641 -161.45852155091134
2022.919921875 -159.982208251953 -161.78068723231792
2022.952758789062 -162.131439208984 -162.10014837374496
2022.985595703125 -163.109359741211 -162.3998469346065
2023.019165039062 -163.50163269043 -162.67044927871368
2023.052001953125 -162.842681884766 -162.94953312412122
2023.084838867188 -163.146347045898 -163.14824359702
2023.11767578125 -162.995208740234 -163.26310652608018
2023.150634765625 -165.693969726562 -163.4083910861904
2023.183471679688 -164.136978149414 -163.50277353461803
2023.21630859375 -166.177444458008 -163.5975192127693
2023.249145507812 -167.955993652344 -163.69070169973372
2023.281982421875 -163.824371337891 -163.77988729410114
2023.314819335938 -165.284912109375 -163.8629397507963
2023.34765625 -162.919494628906 -163.9378596906725
2023.380615234375 -160.588821411133 -164.0026222188375
2023.413452148438 -168.485443115234 -164.05604254517286
2023.4462890625 -154.132598876953 -164.09947714898055
2023.57763671875 -151.212982177734 -164.19611205708952
