2014.804931640625 -0.0 -3.2497125621720704
2014.837768554688 -17.856767654419 -5.041670022896673
2014.903442382812 -11.285036087036 -8.62609681875837
2014.96923828125 -15.684843063354 -12.218314328171468
2015.03564453125 -2.141988754272 -15.844786436605283
2015.101318359375 -16.341400146484 -19.430981726655325
2015.265625 -27.201808929443 -28.392123477607036
2015.331298828125 -49.132266998291 -31.96592256361371
2015.39697265625 -51.494564056396 -35.533264389177084
2016.021850585938 -60.246425628662 -69.53642114374034
2016.1533203125 -90.863250732422 -80.39888599055003
2016.350463867188 -115.294692993164 -90.74020074763952
2016.416137695312 -90.836952209473 -93.11551783579019
2016.547607421875 -92.715599060059 -97.71051726402828
2016.744750976562 -110.020988464355 -104.78449101961641
2016.777587890625 -108.516876220703 -106.07784983529301
2016.810424804688 -110.593650817871 -107.40449223742768
2016.84326171875 -106.746994018555 -108.70468030503714
2016.876098632812 -107.87606048584 -109.79564301432961
2016.908935546875 -110.218109130859 -110.79817404346257
2016.941772460938 -111.586708068848 -111.76357988681288
2016.974731445312 -111.958694458008 -112.6308166926456
2017.005493164062 -113.499359130859 -113.43142171589918
2017.038330078125 -113.020973205566 -114.27561006159621
2017.071166992188 -114.700798034668 -115.15356801280836
2017.10400390625 -116.146331787109 -116.05850218174037
2017.136840820312 -118.567443847656 -116.9582165612183
2017.169799804688 -119.792640686035 -117.84486251431895
2017.20263671875 -121.486587524414 -118.69526620702152
2017.235473632812 -119.541526794434 -119.50605256917405
2017.268310546875 -116.33519744873 -120.26116530586063
2017.301147460938 -122.400382995605 -120.98779852790082
2017.333984375 -117.942390441895 -121.78822499118914
2017.366821289062 -137.773162841797 -122.64134656969131
2017.399780273438 -128.688888549805 -123.43292112843744
2017.4326171875 -119.655860900879 -124.12875500191625
2017.498291015625 -152.140914916992 -125.38106096428733
2017.531127929688 -114.071510314941 -126.05960512372327
2017.56396484375 -117.414672851562 -126.80093261153777
2017.596801757812 -128.751983642578 -127.55043088808075
2017.629760742188 -133.375747680664 -128.25359554878528
2017.66259765625 -128.88249206543 -128.89705992588696
2017.695434570312 -126.816146850586 -129.5073323908554
2017.728271484375 -130.401885986328 -130.15265423788614
2017.761108398438 -128.684280395508 -130.86094577688058
2017.7939453125 -129.563919067383 -131.63971196674942
2017.826782226562 -132.533447265625 -132.51470041014687
2017.859741210938 -132.398818969727 -133.48356817711354
2017.892578125 -133.586242675781 -134.550639050013
2017.925415039062 -134.281143188477 -135.72684117724336
2017.958251953125 -136.497024536133 -137.03349193900735
2017.991088867188 -137.878814697266 -138.47605344096098
2018.024658203125 -138.395095825195 -140.08091416945499
2018.057495117188 -141.029983520508 -141.79465025596988
2018.09033203125 -143.485473632812 -143.6735551041724
2018.123168945312 -144.730056762695 -145.71846922107076
2018.156005859375 -144.360794067383 -147.9275627261621
2018.18896484375 -149.635513305664 -150.2703739747251
2018.221801757812 -149.286651611328 -152.700464206159
2018.254638671875 -152.832168579102 -155.22193671841487
2018.287475585938 -157.652801513672 -157.82719726148713
2018.3203125 -156.866271972656 -160.48708020583825
2018.353149414062 -167.322067260742 -163.12412512900835
2018.385986328125 -168.160079956055 -165.67699692294937
2018.4189453125 -175.839859008789 -168.14497736251062
2018.451782226562 -172.341247558594 -170.50840925468046
2018.484619140625 -167.666900634766 -172.75344856785895
2018.517456054688 -183.998687744141 -174.85727158801345
2018.55029296875 -181.888671875 -176.80950731616846
2018.583129882812 -181.954711914062 -178.58830200891643
2018.615966796875 -185.744415283203 -180.17451268147946
2018.64892578125 -181.813812255859 -181.56225177249576
2018.681762695312 -183.29621887207 -182.7591078110301
2018.714599609375 -185.81559753418 -183.7921824463376
2018.747436523438 -185.874206542969 -184.66367019393005
2018.7802734375 -183.288131713867 -185.40103759836376
2018.813110351562 -186.572967529297 -186.01466865882756
2018.845947265625 -185.093017578125 -186.5697369313636
2018.87890625 -188.21940612793 -187.12789709319725
2018.911743164062 -186.641891479492 -187.7055142174575
2018.944580078125 -188.683135986328 -188.27813781821396
2018.977416992188 -190.732986450195 -188.8530973312441
2019.010986328125 -188.154098510742 -189.45094216398067
2019.043823242188 -190.076431274414 -190.04775800575015
2019.109497070312 -190.237747192383 -191.07905379722447
2019.1259765625 -191.869079589844 -191.33253655055051
2019.142333984375 -193.811477661133 -191.5436655982668
2019.175170898438 -192.662399291992 -191.97312529404448
2019.191650390625 -191.639953613281 -192.16576968251547
2019.208129882812 -192.038391113281 -192.33590052009458
2019.224487304688 -192.825241088867 -192.49722662271955
2019.240966796875 -192.910980224609 -192.60805783945688
2019.25732421875 -192.870727539062 -192.72013006610928
2019.273803710938 -192.765777587891 -192.82013934295378
2019.290161132812 -191.8974609375 -192.9042909121762
2019.306640625 -194.697906494141 -193.0824982697667
2019.323120117188 -191.861068725586 -193.36169907333797
2019.339477539062 -192.209594726562 -193.73736239632717
2019.35595703125 -192.442306518555 -194.19694335804334
2019.372314453125 -196.789260864258 -194.7305998660753
2019.388793945312 -192.762542724609 -195.36910412060504
2019.405151367188 -190.718872070312 -196.27900453373434
2019.421630859375 -194.556579589844 -197.14923630403965
2019.438110351562 -197.2802734375 -198.1460089924048
2019.454467773438 -198.722213745117 -199.25726393715146
2019.470947265625 -200.5400390625 -200.5044222712622
2019.4873046875 -204.208023071289 -201.85823452225878
2019.503784179688 -183.232803344727 -203.38741755811853
2019.520141601562 -190.042022705078 -204.8341399086673
2019.53662109375 -204.180892944336 -206.3142766221071
2019.569458007812 -208.730941772461 -209.1340140531759
2019.602294921875 -216.829681396484 -211.6390141802645
2019.618774414062 -204.654174804688 -212.9420412073818
2019.635131835938 -218.034957885742 -214.21909613379987
2019.651611328125 -217.120697021484 -215.39566958881642
2019.668090820312 -204.055709838867 -216.6630801395945
2019.71728515625 -221.557495117188 -220.28530454880573
2019.733764648438 -221.287139892578 -221.4974549215368
2019.750122070312 -221.560592651367 -222.6857515874132
2019.7666015625 -223.787887573242 -223.89079872071147
2019.799438476562 -223.57746887207 -226.27428276979512
2019.832275390625 -228.81120300293 -228.6216073567162
2019.865112304688 -230.655456542969 -230.9761570583866
2019.898071289062 -233.215133666992 -233.38304323609574
2019.930908203125 -237.244323730469 -235.83789886416162
2019.963745117188 -238.738037109375 -238.3244420907402
2019.99658203125 -240.462188720703 -240.79178252925828
2020.030151367188 -243.013824462891 -243.3386788223918
2020.06298828125 -245.52507019043 -245.77221360134806
2020.095825195312 -248.151168823242 -248.18177235805283
2020.128662109375 -250.822662353516 -250.5565697576088
2020.161499023438 -255.0732421875 -252.90872899347676
2020.177978515625 -254.071075439453 -254.04476231243385
2020.1943359375 -254.585876464844 -255.2116386075713
2020.227294921875 -258.653503417969 -257.431418093295
2020.260131835938 -257.430419921875 -259.50859210063925
2020.29296875 -264.500701904297 -261.52755422676256
2020.325805664062 -264.935882568359 -263.41037561959547
2020.358642578125 -264.184783935547 -265.14062573838595
2020.391479492188 -271.935272216797 -266.92322597086076
2020.42431640625 -272.149078369141 -268.7810164420938
2020.457275390625 -266.205657958984 -270.63852719492814
2020.490112304688 -264.993408203125 -272.4332090119287
2020.52294921875 -271.059753417969 -274.1798084918257
2020.555786132812 -265.915740966797 -275.89002113859897
2020.572265625 -288.359436035156 -276.8209216181504
2020.588623046875 -283.106506347656 -277.7163477718061
2020.605102539062 -276.056762695312 -278.5393628875122
2020.621459960938 -280.480529785156 -279.42351512213924
2020.654296875 -287.540252685547 -281.13850173345355
2020.687255859375 -278.893981933594 -282.8269677868066
2020.70361328125 -284.503295898438 -283.7253503015282
2020.720092773438 -285.964965820312 -284.37762864282917
2020.7529296875 -290.079956054688 -285.74007623955885
2020.785766601562 -289.743072509766 -286.93532916124263
2020.818603515625 -289.770477294922 -288.03490182191643
2020.851440429688 -286.06640625 -289.08841031163934
2020.917236328125 -291.398040771484 -291.1522816176387
2020.950073242188 -292.7939453125 -292.1631603938229
2020.98291015625 -290.866149902344 -293.16077449452433
2021.013671875 -293.419311523438 -294.0367671236558
2021.046508789062 -294.247283935547 -295.0312703927845
2021.079345703125 -295.639190673828 -296.1565205113174
2021.1123046875 -297.49462890625 -297.31410801582416
2021.145141601562 -299.325622558594 -298.5166343346953
2021.177978515625 -299.366333007812 -299.7400580499425
2021.210815429688 -302.438934326172 -300.9856162236719
2021.24365234375 -298.259490966797 -302.2432082238871
2021.276489257812 -302.345245361328 -303.5751173666482
2021.309326171875 -309.688751220703 -304.98644592399125
2021.34228515625 -304.888854980469 -306.5273913995906
2021.358642578125 -308.170684814453 -307.4368624324175
2021.391479492188 -306.811004638672 -309.13149621530835
2021.407958984375 -308.662872314453 -310.08480172386624
2021.440795898438 -303.488677978516 -311.89593900312536
2021.4736328125 -309.596588134766 -313.7637491314799
2021.506469726562 -315.713287353516 -315.63221378105
2021.539306640625 -317.191436767578 -317.46969162126135
2021.572265625 -326.631774902344 -319.29288111876343
2021.605102539062 -323.995788574219 -321.1701978658132
2021.637939453125 -322.979431152344 -323.05943337818127
2021.670776367188 -335.687469482422 -324.93105173818014
2021.736450195312 -332.261962890625 -328.42935017129815
2021.769287109375 -326.160064697266 -330.1470548993507
2021.80224609375 -331.983306884766 -331.7292382400286
2021.835083007812 -332.476196289062 -333.27160655818966
2021.867919921875 -341.585418701172 -334.6212367895995
2021.966430664062 -340.419982910156 -338.41492232251625
2022.0 -340.003601074219 -339.6352037443647
2022.065673828125 -346.624298095703 -342.13954946956756
2022.098510742188 -342.130798339844 -343.32963003122484
2022.197143554688 -343.597259521484 -346.8471197787087
2022.22998046875 -349.936645507812 -347.9588911227721
2022.262817382812 -346.242614746094 -349.0410207359262
2022.295654296875 -347.9931640625 -350.10777935971856
2022.328491210938 -355.929565429688 -351.1795649398164
2022.394287109375 -353.9697265625 -353.37693349474284
2022.558471679688 -371.306243896484 -359.05200228114705
2022.591430664062 -350.253021240234 -360.2374978609425
2022.68994140625 -362.528198242188 -363.6875817077197
2022.722778320312 -390.520172119141 -364.75957231686573
2022.821411132812 -369.015808105469 -367.9525160347302
2022.854248046875 -367.936553955078 -369.1002405182552
2022.887084960938 -369.339599609375 -370.2545968726503
2022.919921875 -373.152130126953 -371.44028984856504
2022.952758789062 -373.869110107422 -372.62917272938927
2022.985595703125 -375.814880371094 -373.85920524287974
2023.019165039062 -373.101837158203 -375.20935497703874
2023.052001953125 -373.618530273438 -376.49740016907674
2023.084838867188 -377.126708984375 -377.9771099079718
2023.11767578125 -378.568939208984 -379.6200374684791
2023.150634765625 -379.463684082031 -381.173906270962
2023.183471679688 -381.851013183594 -382.79765171412834
2023.21630859375 -373.531951904297 -384.40986796411926
2023.249145507812 -378.219299316406 -386.0241944560066
2023.281982421875 -384.431365966797 -387.64873771684415
2023.314819335938 -392.880187988281 -389.28943633977065
2023.34765625 -391.974670410156 -390.9511236993844
2023.380615234375 -399.622772216797 -392.64095364481784
2023.413452148438 -384.865051269531 -394.34438916168267
2023.4462890625 -390.221771240234 -396.06252212593364
2023.57763671875 -436.630554199219 -403.0138967269822
