2014.804931640625 -0.0 -8.528050099882078
2014.837768554688 -12.88257598877 -9.253459086649771
2014.903442382812 -12.264442443848 -10.70532428540125
2014.96923828125 -11.23392868042 -12.160957410376856
2015.03564453125 -12.957739830017 -13.630475239702626
2015.101318359375 -5.89899969101 -15.08353646151147
2015.265625 -21.112613677979 -18.71441642164045
2015.331298828125 -16.768886566162 -20.16228981924827
2015.39697265625 -9.804277420044 -21.606766679221682
2016.021850585938 -41.459560394287 -35.49032679246857
2016.1533203125 -40.132369995117 -39.37249716571531
2016.350463867188 -42.05659866333 -42.745662378551536
2016.416137695312 -44.312175750732 -43.21319551365072
2016.547607421875 -42.902214050293 -44.14783776209591
2016.744750976562 -71.478500366211 -45.392794202466426
2016.777587890625 -50.521007537842 -45.67105284926189
2016.810424804688 -55.04439163208 -46.10224410417532
2016.84326171875 -51.857757568359 -46.518175050499146
2016.876098632812 -47.80806350708 -46.42815753288539
2016.908935546875 -47.465847015381 -46.125662157022255
2016.941772460938 -45.192764282227 -45.87946492086598
2016.974731445312 -43.190174102783 -45.27068991488851
2017.005493164062 -43.979091644287 -44.692156505198845
2017.038330078125 -43.923309326172 -44.053866204272076
2017.071166992188 -38.918636322021 -43.43333767063208
2017.10400390625 -40.423805236816 -43.06624134416036
2017.136840820312 -40.373134613037 -42.833103018873786
2017.169799804688 -41.59986114502 -42.679338001179886
2017.20263671875 -40.550815582275 -42.64903731904529
2017.235473632812 -41.67586517334 -42.764069540951695
2017.268310546875 -44.624351501465 -43.03311504543247
2017.301147460938 -42.946109771729 -43.434945406005006
2017.333984375 -42.328678131104 -43.923745070301855
2017.366821289062 -44.051212310791 -44.4287721662619
2017.399780273438 -43.882789611816 -44.886938443624075
2017.4326171875 -48.414928436279 -45.25627340896563
2017.498291015625 -46.470092773438 -45.785884480172264
2017.531127929688 -51.822799682617 -45.97726722813163
2017.56396484375 -47.755565643311 -46.138965707226134
2017.596801757812 -48.594856262207 -46.27615634715758
2017.629760742188 -48.957508087158 -46.371736576439424
2017.66259765625 -45.171947479248 -46.38262737310384
2017.695434570312 -41.72424697876 -46.290432069616436
2017.728271484375 -43.805671691895 -46.10624166671185
2017.761108398438 -48.009212493896 -45.88011981663037
2017.7939453125 -45.711711883545 -45.664358096093736
2017.826782226562 -45.423728942871 -45.47487131211811
2017.859741210938 -45.63138961792 -45.31563026199874
2017.892578125 -45.049789428711 -45.20281370603305
2017.925415039062 -43.089702606201 -45.13745969428319
2017.958251953125 -44.862300872803 -45.11327760241674
2017.991088867188 -45.312522888184 -45.113321310156174
2018.024658203125 -44.661972045898 -45.12885325487754
2018.057495117188 -45.492164611816 -45.166732497593586
2018.09033203125 -45.294765472412 -45.2543349061654
2018.123168945312 -45.061080932617 -45.40770949620593
2018.156005859375 -44.10958480835 -45.635046541944995
2018.18896484375 -45.478820800781 -45.94142330394394
2018.221801757812 -45.668956756592 -46.30781889517229
2018.254638671875 -46.631813049316 -46.71374424408144
2018.287475585938 -45.127300262451 -47.155314989332716
2018.3203125 -47.495338439941 -47.6514603983325
2018.353149414062 -45.719299316406 -48.22249918975771
2018.385986328125 -50.793525695801 -48.88023729398766
2018.4189453125 -47.549415588379 -49.62482885761851
2018.451782226562 -53.966869354248 -50.4309830645082
2018.484619140625 -52.266410827637 -51.286125453037634
2018.517456054688 -46.774311065674 -52.18557472686635
2018.55029296875 -49.355686187744 -53.123648564284636
2018.583129882812 -51.97386932373 -54.087907135935154
2018.615966796875 -55.388404846191 -55.061608965986174
2018.64892578125 -56.298606872559 -56.03102476849629
2018.681762695312 -60.852672576904 -56.98603490766425
2018.714599609375 -57.34407043457 -57.926365705902505
2018.747436523438 -58.346668243408 -58.84811061353659
2018.7802734375 -59.836292266846 -59.74438511236627
2018.813110351562 -63.882251739502 -60.57713728878942
2018.845947265625 -62.963119506836 -61.39638633596157
2018.87890625 -63.101894378662 -62.11124999207168
2018.911743164062 -64.077690124512 -62.65769970913278
2018.944580078125 -62.510227203369 -63.197315491470604
2018.977416992188 -64.111106872559 -63.68226403017886
2019.010986328125 -63.834957122803 -64.03890439508295
2019.043823242188 -64.238456726074 -64.30733309008058
2019.109497070312 -64.733963012695 -64.79863385848644
2019.1259765625 -64.930267333984 -64.93331932635323
2019.142333984375 -65.576797485352 -65.07914928154597
2019.175170898438 -65.132820129395 -65.37569480460756
2019.191650390625 -65.289581298828 -65.54224447183793
2019.208129882812 -65.82829284668 -65.72507102755456
2019.224487304688 -65.295669555664 -65.89989774788489
2019.240966796875 -65.99764251709 -66.0998690648343
2019.25732421875 -65.971298217773 -66.29005423117293
2019.273803710938 -66.566925048828 -66.4790455791469
2019.290161132812 -66.059219360352 -66.6746410844867
2019.306640625 -66.47029876709 -66.83862358372002
2019.323120117188 -66.978080749512 -66.97352365792985
2019.339477539062 -67.993453979492 -67.09350074104076
2019.35595703125 -68.720771789551 -67.2217615209562
2019.372314453125 -70.820014953613 -67.3597851285713
2019.388793945312 -67.893653869629 -67.50166766369237
2019.405151367188 -64.218200683594 -67.64060051293285
2019.421630859375 -67.420440673828 -67.80280133177048
2019.438110351562 -67.454986572266 -67.97714834055064
2019.454467773438 -67.744239807129 -68.17365837911325
2019.470947265625 -65.273544311523 -68.41258292225747
2019.4873046875 -68.520660400391 -68.6867736648367
2019.503784179688 -71.504455566406 -69.06953484313773
2019.520141601562 -67.245155334473 -69.38518635536609
2019.53662109375 -68.055183410645 -69.76216369069202
2019.569458007812 -74.418663024902 -70.76390286316592
2019.602294921875 -70.587867736816 -72.07129034089766
2019.618774414062 -70.441879272461 -72.7070340990638
2019.635131835938 -75.67497253418 -73.35441484171152
2019.651611328125 -70.166549682617 -74.09115811200556
2019.668090820312 -72.543640136719 -74.76804138468482
2019.71728515625 -78.704368591309 -76.82042612673467
2019.733764648438 -79.47891998291 -77.49378887321836
2019.750122070312 -76.687881469727 -78.1152825987211
2019.7666015625 -79.080276489258 -78.75583042293479
2019.799438476562 -81.266075134277 -79.90213954605099
2019.832275390625 -83.962928771973 -81.00791337832392
2019.865112304688 -82.4130859375 -82.01163298548089
2019.898071289062 -83.257591247559 -82.88650773194942
2019.930908203125 -84.658332824707 -83.60045572808426
2019.963745117188 -84.981903076172 -84.13920705483685
2019.99658203125 -85.227874755859 -84.62085878059037
2020.030151367188 -86.024040222168 -85.17392690452512
2020.06298828125 -85.491569519043 -85.49550108126968
2020.095825195312 -85.507049560547 -85.80223960804881
2020.128662109375 -86.53727722168 -86.09351375007715
2020.161499023438 -86.889495849609 -86.39836065116219
2020.177978515625 -86.443367004395 -86.59856911931813
2020.1943359375 -86.810218811035 -86.74731282852022
2020.227294921875 -86.510444641113 -87.18757374118158
2020.260131835938 -82.036231994629 -87.74659891372603
2020.29296875 -87.156455993652 -88.33054567764245
2020.325805664062 -86.712181091309 -89.02367949678921
2020.358642578125 -90.264610290527 -89.97277147012841
2020.391479492188 -87.834030151367 -90.9828917790855
2020.42431640625 -90.368621826172 -92.06771093117776
2020.457275390625 -92.15251159668 -93.32794668705706
2020.490112304688 -95.325164794922 -94.76067395955441
2020.52294921875 -96.498344421387 -96.24766306811168
2020.555786132812 -99.485725402832 -97.71226571266196
2020.572265625 -96.82861328125 -98.3702060208191
2020.588623046875 -100.262382507324 -98.97732202859427
2020.605102539062 -100.983726501465 -99.69512279378725
2020.621459960938 -100.388359069824 -100.24158162830997
2020.654296875 -104.258888244629 -101.37680924352861
2020.687255859375 -104.855453491211 -102.34770427325154
2020.70361328125 -103.94441986084 -102.83836812113786
2020.720092773438 -104.38557434082 -103.10712751294716
2020.7529296875 -103.79573059082 -103.70168062360862
2020.785766601562 -105.48804473877 -104.17550120233608
2020.818603515625 -104.205688476562 -104.56690776141748
2020.851440429688 -106.008438110352 -104.88676551909303
2020.917236328125 -106.204551696777 -105.32052554611576
2020.950073242188 -105.331848144531 -105.48118284410839
2020.98291015625 -105.619995117188 -105.66039474078704
2021.013671875 -105.384132385254 -105.8407047368957
2021.046508789062 -105.323577880859 -106.12399115906166
2021.079345703125 -106.102485656738 -106.66010563873749
2021.1123046875 -105.101974487305 -107.31881117925506
2021.145141601562 -107.107208251953 -108.14566644926329
2021.177978515625 -106.868255615234 -109.11806051365977
2021.210815429688 -107.095069885254 -110.19113277144174
2021.24365234375 -106.805351257324 -111.12352597891261
2021.276489257812 -108.4755859375 -112.43119976261295
2021.309326171875 -114.971527099609 -113.89577071006087
2021.34228515625 -110.787139892578 -115.54409156808471
2021.358642578125 -116.964775085449 -116.4714168802906
2021.391479492188 -122.571891784668 -118.30094706751501
2021.407958984375 -118.290687561035 -119.23662924255537
2021.440795898438 -118.623184204102 -120.98250230976193
2021.4736328125 -124.485633850098 -122.36414007389328
2021.506469726562 -136.633361816406 -123.33628380452993
2021.539306640625 -132.356796264648 -124.11063421351054
2021.572265625 -129.998001098633 -124.43584752590937
2021.605102539062 -133.15446472168 -125.25977553451244
2021.637939453125 -131.024719238281 -126.04295822992502
2021.670776367188 -135.077514648438 -126.78193883783885
2021.736450195312 -131.478179931641 -127.71047691778725
2021.769287109375 -126.175743103027 -128.1579614094883
2021.80224609375 -128.025436401367 -128.31775732595665
2021.835083007812 -129.354248046875 -128.37607012586906
2021.867919921875 -126.399658203125 -128.23176803312361
2021.966430664062 -127.611793518066 -127.91711225209775
2022.0 -118.557334899902 -128.00168989468233
2022.065673828125 -128.893859863281 -128.08398628969542
2022.098510742188 -115.50740814209 -128.33466923954353
2022.197143554688 -124.977127075195 -129.67524095505857
2022.22998046875 -124.18244934082 -130.34556083374636
2022.262817382812 -124.62703704834 -131.11873505388948
2022.295654296875 -125.103622436523 -131.9885656988413
2022.328491210938 -132.512878417969 -132.8948463974604
2022.394287109375 -121.58927154541 -134.43017226638844
2022.558471679688 -142.790191650391 -137.70068755156183
2022.591430664062 -159.202896118164 -138.84824492992402
2022.68994140625 -146.923812866211 -142.75962648687488
2022.722778320312 -154.396118164062 -143.99722744663688
2022.821411132812 -148.13786315918 -145.08262764753502
2022.854248046875 -141.594345092773 -144.80329340287383
2022.887084960938 -146.854431152344 -144.49022916691246
2022.919921875 -142.565185546875 -144.19902141309692
2022.952758789062 -144.353424072266 -143.83888693327282
2022.985595703125 -145.148239135742 -143.4220416035764
2023.019165039062 -142.787582397461 -143.01820058412682
2023.052001953125 -141.519912719727 -142.6178939513763
2023.084838867188 -139.413955688477 -142.26052006284175
2023.11767578125 -141.691497802734 -141.93883230758755
2023.150634765625 -142.259399414062 -141.5998429461781
2023.183471679688 -140.969741821289 -141.28653243942847
2023.21630859375 -140.984786987305 -140.97598157703257
2023.249145507812 -140.751953125 -140.66959071642256
2023.281982421875 -138.765045166016 -140.3681217260044
2023.314819335938 -141.297149658203 -140.07209335302477
2023.34765625 -143.082916259766 -139.78239448198767
2023.380615234375 -137.884735107422 -139.497544470139
2023.413452148438 -149.897659301758 -139.2175733731073
2023.4462890625 -120.645469665527 -138.94035906712978
2023.57763671875 -149.467300415039 -137.84909432618198
