2014.804931640625 -0.0 -4.2159482831973945
2014.837768554688 -17.53325843811 -4.895141004227482
2014.903442382812 -7.287752628326 -6.2465279369615825
2014.96923828125 -7.540971755981 -7.591479164020374
2015.03564453125 13.368967056274 -8.940147032670055
2015.101318359375 -17.013576507568 -10.26564741367025
2015.265625 24.958408355713 -13.547297829054731
2015.331298828125 -28.988590240479 -14.84513258235523
2015.39697265625 -43.447944641113 -16.13562131691177
2016.021850585938 -6.352785110474 -36.769526340184264
2016.1533203125 -36.243137359619 -36.026143515877806
2016.350463867188 -34.621803283691 -33.81003087374273
2016.416137695312 -50.273845672607 -33.09121692352111
2016.547607421875 -28.308725357056 -31.633542323173184
2016.744750976562 -35.123161315918 -29.269844791670668
2016.777587890625 -26.832704544067 -28.906545239524814
2016.810424804688 -31.051485061646 -28.594398645854913
2016.84326171875 -27.239833831787 -28.380772317438513
2016.876098632812 -29.323692321777 -28.16652615986647
2016.908935546875 -28.016094207764 -27.97141152137768
2016.941772460938 -27.161281585693 -27.781369053135393
2016.974731445312 -24.775440216064 -27.563962827906945
2017.005493164062 -25.243162155151 -27.434888471199248
2017.038330078125 -26.774887084961 -27.24909457736037
2017.071166992188 -25.979936599731 -27.085688319676812
2017.10400390625 -26.664600372314 -27.095936943656895
2017.136840820312 -27.408798217773 -27.190692116515038
2017.169799804688 -27.864551544189 -27.353159258767853
2017.20263671875 -27.166145324707 -27.609040597103416
2017.235473632812 -27.75047492981 -27.982519702269993
2017.268310546875 -25.561668395996 -28.498758168087367
2017.301147460938 -30.079113006592 -29.154206332318584
2017.333984375 -25.464414596558 -29.879141807291983
2017.366821289062 -31.069236755371 -30.582950181516935
2017.399780273438 -30.657981872559 -31.191662543104304
2017.4326171875 -24.126836776733 -31.690465280618106
2017.498291015625 -39.467655181885 -32.45409224891811
2017.531127929688 -40.493434906006 -32.775566977390625
2017.56396484375 -39.695819854736 -33.08145969133813
2017.596801757812 -35.185146331787 -33.355606483784825
2017.629760742188 -34.338382720947 -33.547602338221346
2017.66259765625 -38.156841278076 -33.53741494695635
2017.695434570312 -31.5189037323 -33.190703878553336
2017.728271484375 -33.858375549316 -32.45225671960085
2017.761108398438 -31.426313400269 -31.464556977767025
2017.7939453125 -30.729850769043 -30.40060930322316
2017.826782226562 -28.912212371826 -29.32703166399668
2017.859741210938 -30.672357559204 -28.252446592653204
2017.892578125 -26.380319595337 -27.204084511257744
2017.925415039062 -25.187831878662 -26.18095599254292
2017.958251953125 -25.289670944214 -25.178190360220697
2017.991088867188 -23.353105545044 -24.21767567095311
2018.024658203125 -22.860301971436 -23.345356408533892
2018.057495117188 -21.038585662842 -22.674831011873657
2018.09033203125 -21.513521194458 -22.223927880555305
2018.123168945312 -19.053647994995 -22.000489199819434
2018.156005859375 -17.282342910767 -21.9908629545528
2018.18896484375 -22.845478057861 -22.165987673333298
2018.221801757812 -17.821281433105 -22.517695247053943
2018.254638671875 -15.778200149536 -23.03335290725557
2018.287475585938 -18.210742950439 -23.709351877432535
2018.3203125 -22.939929962158 -24.549031891145166
2018.353149414062 -25.665170669556 -25.57377758152077
2018.385986328125 -24.43373298645 -26.778009443767008
2018.4189453125 -28.088949203491 -28.104599869940525
2018.451782226562 -30.886571884155 -29.443044927558827
2018.484619140625 -29.153755187988 -30.716621779112018
2018.517456054688 -35.958862304688 -31.908382034220935
2018.55029296875 -33.630550384521 -32.99010100656396
2018.583129882812 -40.281120300293 -33.939209577227686
2018.615966796875 -51.607452392578 -34.75333445134903
2018.64892578125 -39.749462127686 -35.4312260597042
2018.681762695312 -39.262023925781 -35.97386866522668
2018.714599609375 -37.095546722412 -36.36927030221797
2018.747436523438 -37.582675933838 -36.59156981144435
2018.7802734375 -34.333053588867 -36.64348327086781
2018.813110351562 -43.440235137939 -36.47322316742531
2018.845947265625 -34.756229400635 -36.16121872280161
2018.87890625 -39.619190216064 -35.664757307422356
2018.911743164062 -36.082592010498 -35.09416961292891
2018.944580078125 -34.399604797363 -34.56147092499177
2018.977416992188 -35.091110229492 -34.02970801405109
2019.010986328125 -31.363901138306 -33.38034772604702
2019.043823242188 -32.004936218262 -32.66829517646794
2019.109497070312 -32.184341430664 -31.190355930855876
2019.1259765625 -31.293060302734 -30.82429583005466
2019.142333984375 -30.406949996948 -30.54743008820989
2019.175170898438 -28.957235336304 -30.04280042468309
2019.191650390625 -27.673011779785 -29.878310237344028
2019.208129882812 -30.154581069946 -29.76496905686145
2019.224487304688 -29.538581848145 -29.618680012102434
2019.240966796875 -27.405895233154 -29.59365014862146
2019.25732421875 -29.12414932251 -29.625267299068813
2019.273803710938 -27.930822372437 -29.59855913630354
2019.290161132812 -29.239074707031 -29.647775247628086
2019.306640625 -32.166423797607 -29.881593790015422
2019.323120117188 -27.542364120483 -30.165066572665737
2019.339477539062 -30.170797348022 -30.479538013441868
2019.35595703125 -31.582975387573 -30.823221821050815
2019.372314453125 -29.383413314819 -31.193235936270966
2019.388793945312 -33.477508544922 -31.610547494477373
2019.405151367188 -30.724725723267 -32.122520143086845
2019.421630859375 -30.569843292236 -32.62910794307111
2019.438110351562 -37.141208648682 -33.169674889028734
2019.454467773438 -32.801677703857 -33.76024029250928
2019.470947265625 -31.56095123291 -34.41439394510218
2019.4873046875 -36.937183380127 -35.07385706277947
2019.503784179688 -29.420738220215 -35.63429470095924
2019.520141601562 -34.951126098633 -36.165941692108234
2019.53662109375 -40.969673156738 -36.67574487110409
2019.569458007812 -38.303115844727 -37.60619376950829
2019.602294921875 -52.600891113281 -38.4359106372217
2019.618774414062 -42.091159820557 -38.90384396557006
2019.635131835938 -44.574897766113 -39.35880415592075
2019.651611328125 -36.543117523193 -39.710345930769655
2019.668090820312 -35.085773468018 -40.108434185819874
2019.71728515625 -43.369579315186 -40.890804167496505
2019.733764648438 -40.83491897583 -41.06273254345979
2019.750122070312 -39.526103973389 -41.08434966669547
2019.7666015625 -45.524280548096 -41.15144186685397
2019.799438476562 -42.606727600098 -41.07970019295548
2019.832275390625 -42.125286102295 -40.98797557595707
2019.865112304688 -42.129722595215 -40.85372739325673
2019.898071289062 -41.159488677979 -40.698495508880626
2019.930908203125 -40.045486450195 -40.50548907383208
2019.963745117188 -38.782539367676 -40.28915757698704
2019.99658203125 -39.48934173584 -40.09836321179406
2020.030151367188 -38.149108886719 -39.84166883386345
2020.06298828125 -39.442420959473 -39.75261326556605
2020.095825195312 -39.877479553223 -39.67242584276134
2020.128662109375 -39.68127822876 -39.671715866572825
2020.161499023438 -38.58899307251 -39.74509762965609
2020.177978515625 -39.459468841553 -39.826850773274664
2020.1943359375 -38.869850158691 -39.87375337825228
2020.227294921875 -39.169589996338 -40.03449873987781
2020.260131835938 -43.027687072754 -40.195217584778646
2020.29296875 -40.691307067871 -40.364886061503526
2020.325805664062 -41.199600219727 -40.54983704667473
2020.358642578125 -36.960460662842 -40.78486291165264
2020.391479492188 -44.351356506348 -41.083829984224664
2020.42431640625 -40.031036376953 -41.42813195309656
2020.457275390625 -41.233276367188 -41.75830057566356
2020.490112304688 -42.231498718262 -42.03828856605478
2020.52294921875 -37.517360687256 -42.308927575716496
2020.555786132812 -40.327548980713 -42.60398063402318
2020.572265625 -50.26216506958 -42.71177924055022
2020.588623046875 -48.062984466553 -42.768839559446995
2020.605102539062 -43.160377502441 -42.91405130014252
2020.621459960938 -56.154113769531 -42.92201163408951
2020.654296875 -48.206077575684 -42.99618708785415
2020.687255859375 -35.418872833252 -42.993268462989704
2020.70361328125 -42.353256225586 -43.040670781301024
2020.720092773438 -42.005752563477 -42.90154762588755
2020.7529296875 -47.131034851074 -42.7290696163868
2020.785766601562 -47.608669281006 -42.47054522101939
2020.818603515625 -40.027332305908 -42.132448072098775
2020.851440429688 -39.384693145752 -41.7302105853134
2020.917236328125 -41.135704040527 -40.9136914839467
2020.950073242188 -41.039443969727 -40.57834701917705
2020.98291015625 -40.220291137695 -40.285126134364084
2021.013671875 -39.994926452637 -39.980674299114646
2021.046508789062 -36.506484985352 -39.78953715664101
2021.079345703125 -39.537929534912 -39.830028760286176
2021.1123046875 -38.932437896729 -39.98458549076737
2021.145141601562 -39.739292144775 -40.285108317943035
2021.177978515625 -38.601470947266 -40.69906181772059
2021.210815429688 -40.179691314697 -41.22619654910233
2021.24365234375 -37.061630249023 -41.64921514360459
2021.276489257812 -39.796230316162 -42.47519373667159
2021.309326171875 -46.285472869873 -43.46444260631458
2021.34228515625 -41.146953582764 -44.615460139653294
2021.358642578125 -41.778854370117 -45.24863978392554
2021.391479492188 -49.348457336426 -46.32929272366599
2021.407958984375 -47.643306732178 -46.67064509794006
2021.440795898438 -44.628852844238 -47.332452308487795
2021.4736328125 -54.597305297852 -47.66386282647998
2021.506469726562 -53.845825195312 -47.73609707638677
2021.539306640625 -55.36039352417 -47.657421031316545
2021.572265625 -62.988384246826 -47.05063017215783
2021.605102539062 -55.918239593506 -46.940141754463994
2021.637939453125 -53.827461242676 -46.71688478610038
2021.670776367188 -45.586933135986 -46.33559966777737
2021.736450195312 -48.276798248291 -44.62631586566048
2021.769287109375 -43.403259277344 -43.673844084799335
2021.80224609375 -44.034683227539 -42.34865336218476
2021.835083007812 -38.608646392822 -40.9507024175191
2021.867919921875 -42.501861572266 -39.45879373783139
2021.966430664062 -34.167793273926 -35.28407941237537
2022.0 -30.955488204956 -34.02576775804672
2022.065673828125 -40.860584259033 -31.506030263587306
2022.098510742188 -27.544589996338 -30.593874897136967
2022.197143554688 -19.841508865356 -28.499956569182437
2022.22998046875 -26.583276748657 -27.98058874498603
2022.262817382812 -14.667654037476 -27.63856328833287
2022.295654296875 -22.567010879517 -27.58478180685321
2022.328491210938 -19.531126022339 -27.725867049477113
2022.394287109375 -36.332496643066 -27.510102803697574
2022.558471679688 -33.529396057129 -26.25467872149938
2022.591430664062 -14.840903282166 -26.430088922757484
2022.68994140625 -53.228298187256 -28.027863950833158
2022.722778320312 -42.221069335938 -28.30717109156027
2022.821411132812 -25.262187957764 -26.56821131311254
2022.854248046875 -26.378643035889 -25.701821218169727
2022.887084960938 -23.772659301758 -24.81011113964665
2022.919921875 -25.102375030518 -23.948936954914824
2022.952758789062 -25.118619918823 -23.097606381599256
2022.985595703125 -22.652305603027 -22.27152431495368
2023.019165039062 -20.97357749939 -21.504633316273484
2023.052001953125 -19.863164901733 -20.754260237325838
2023.084838867188 -17.431560516357 -20.14134645799311
2023.11767578125 -18.074802398682 -19.681417764677605
2023.150634765625 -19.435831069946 -19.13707965910935
2023.183471679688 -18.513938903809 -18.67725827071224
2023.21630859375 -12.722981452942 -18.20967720252331
2023.249145507812 -14.686797142029 -17.742641576973526
2023.281982421875 -15.29283618927 -17.282575964204305
2023.314819335938 -20.218965530396 -16.834882157623145
2023.34765625 -17.394006729126 -16.40360201088145
2023.380615234375 -18.304986953735 -15.988533483119195
2023.413452148438 -18.491003036499 -15.592224365892191
2023.4462890625 -9.448634147644 -15.210662037120006
2023.57763671875 -35.522235870361 -13.77590753562594
