2014.804931640625 0.0 7.580159195155956
2014.837768554688 11.577635765076 5.7388035060420455
2014.903442382812 2.119302272797 2.0555360688589244
2014.96923828125 -1.895339250565 -1.63525958936624
2015.03564453125 -5.670642375946 -5.360878834720527
2015.101318359375 -15.321298599243 -9.045748508488547
2015.265625 -9.776516914368 -18.263287265674947
2015.331298828125 -19.519620895386 -21.94534059659163
2015.39697265625 -35.704856872559 -25.624973909750526
2016.021850585938 -61.689682006836 -60.61360312498476
2016.1533203125 -76.992393493652 -68.19225184383166
2016.350463867188 -76.237945556641 -79.10995898709712
2016.416137695312 -104.335716247559 -82.67799178195997
2016.547607421875 -82.721054077148 -89.49067334535769
2016.744750976562 -100.363800048828 -100.38530790938844
2016.777587890625 -100.312057495117 -102.38206025632383
2016.810424804688 -105.507255554199 -104.37250935467858
2016.84326171875 -106.267356872559 -106.3562611019945
2016.876098632812 -109.092681884766 -108.34003272266816
2016.908935546875 -109.902153015137 -110.31228102242433
2016.941772460938 -112.323799133301 -112.27789420357135
2016.974731445312 -114.054626464844 -114.24793189287854
2017.005493164062 -116.254302978516 -116.06876843212437
2017.038330078125 -118.449485778809 -118.02066838952938
2017.071166992188 -120.121452331543 -119.9639809651963
2017.10400390625 -121.887657165527 -121.8816028602255
2017.136840820312 -123.798202514648 -123.79517122832382
2017.169799804688 -126.160118103027 -125.7169292262784
2017.20263671875 -127.859336853027 -127.63226148973628
2017.235473632812 -129.161651611328 -129.55135583679876
2017.268310546875 -130.798873901367 -131.4830959404302
2017.301147460938 -133.794372558594 -133.4291442550232
2017.333984375 -134.670379638672 -135.3733493248504
2017.366821289062 -136.799926757812 -137.30275313858965
2017.399780273438 -140.838989257812 -139.2258842956896
2017.4326171875 -139.903656005859 -141.14979620399723
2017.498291015625 -148.733840942383 -145.06178052265972
2017.531127929688 -150.80061340332 -147.04231745712795
2017.56396484375 -149.679504394531 -149.02471089260936
2017.596801757812 -150.681488037109 -150.99916569155772
2017.629760742188 -151.290451049805 -152.96825985173385
2017.66259765625 -154.690963745117 -154.91006193472694
2017.695434570312 -155.640182495117 -156.8208258117906
2017.728271484375 -160.896896362305 -158.69258128460277
2017.761108398438 -161.833465576172 -160.52063286762032
2017.7939453125 -162.895843505859 -162.30152862480895
2017.826782226562 -164.382141113281 -164.0451769543003
2017.859741210938 -166.351699829102 -165.76031153656777
2017.892578125 -168.086059570312 -167.4174767774045
2017.925415039062 -170.646865844727 -169.00709092487767
2017.958251953125 -170.466735839844 -170.52389659474017
2017.991088867188 -172.471633911133 -171.9760511263592
2018.024658203125 -173.621002197266 -173.40835775281903
2018.057495117188 -175.355316162109 -174.7775308553081
2018.09033203125 -176.38737487793 -176.13280587051344
2018.123168945312 -177.788864135742 -177.48742109841479
2018.156005859375 -177.397155761719 -178.86658488812523
2018.18896484375 -180.007766723633 -180.30588915209475
2018.221801757812 -181.029815673828 -181.82504095351322
2018.254638671875 -183.507217407227 -183.436785135516
2018.287475585938 -183.159973144531 -185.1196467111434
2018.3203125 -185.300567626953 -186.85551748393516
2018.353149414062 -181.717391967773 -188.64987269928878
2018.385986328125 -188.838104248047 -190.50785162454932
2018.4189453125 -190.96647644043 -192.44103997318666
2018.451782226562 -193.613555908203 -194.4404591518468
2018.484619140625 -198.901947021484 -196.5137074837276
2018.517456054688 -198.514221191406 -198.6605741518298
2018.55029296875 -201.607299804688 -200.87835947848032
2018.583129882812 -201.400909423828 -203.12331197696173
2018.615966796875 -204.044982910156 -205.3215776499765
2018.64892578125 -208.991790771484 -207.44288742131147
2018.681762695312 -212.111389160156 -209.48407796845981
2018.714599609375 -203.273529052734 -211.4752948745164
2018.747436523438 -213.98600769043 -213.4304658543082
2018.7802734375 -217.632751464844 -215.37095787881074
2018.813110351562 -220.282974243164 -217.28491034576828
2018.845947265625 -222.987426757812 -219.25789705946463
2018.87890625 -221.330902099609 -221.16894412162836
2018.911743164062 -222.879730224609 -222.86907422019982
2018.944580078125 -224.688568115234 -224.47866495377133
2018.977416992188 -225.567718505859 -226.0308024554726
2019.010986328125 -227.323059082031 -227.58284097047763
2019.043823242188 -229.149429321289 -229.08024509207647
2019.109497070312 -232.611434936523 -232.15921937192672
2019.1259765625 -232.968872070312 -232.93705659755727
2019.142333984375 -233.761734008789 -233.72679873815775
2019.175170898438 -235.275115966797 -235.32422728647643
2019.191650390625 -235.683319091797 -236.14450093748036
2019.208129882812 -236.105484008789 -236.97654515820957
2019.224487304688 -237.408294677734 -237.79155452719414
2019.240966796875 -238.832122802734 -238.6549080629245
2019.25732421875 -239.084579467773 -239.53372512031103
2019.273803710938 -239.90087890625 -240.4021415407784
2019.290161132812 -241.248321533203 -241.29148455595248
2019.306640625 -242.308013916016 -242.2614513405368
2019.323120117188 -243.239608764648 -243.2678921708256
2019.339477539062 -245.5830078125 -244.294380177725
2019.35595703125 -243.559982299805 -245.3474947180873
2019.372314453125 -245.608612060547 -246.40529904702908
2019.388793945312 -247.595458984375 -247.48918734277976
2019.405151367188 -245.25309753418 -248.6474328419765
2019.421630859375 -249.559906005859 -249.82142471847862
2019.438110351562 -250.779876708984 -251.04370829095564
2019.454467773438 -252.200317382812 -252.32039352028346
2019.470947265625 -253.237640380859 -253.67475348142716
2019.4873046875 -254.575073242188 -255.05577921904748
2019.503784179688 -252.520309448242 -256.4222687787036
2019.520141601562 -251.914047241211 -257.7428948383348
2019.53662109375 -261.792449951172 -259.06130985452876
2019.569458007812 -261.952362060547 -261.61753216253885
2019.602294921875 -259.014221191406 -263.9992805296149
2019.618774414062 -267.009033203125 -265.23601987604775
2019.635131835938 -268.240478515625 -266.46872493145923
2019.651611328125 -268.899139404297 -267.5852130620217
2019.668090820312 -267.636688232422 -268.78028417081214
2019.71728515625 -273.06884765625 -271.94244083799066
2019.733764648438 -271.827850341797 -272.9326009146863
2019.750122070312 -276.784759521484 -273.86427446518735
2019.7666015625 -273.747283935547 -274.80392374695043
2019.799438476562 -277.169067382812 -276.5652835913248
2019.832275390625 -282.626434326172 -278.2606107812093
2019.865112304688 -281.179473876953 -279.85381910448774
2019.898071289062 -281.819549560547 -281.3754059178141
2019.930908203125 -284.53955078125 -282.7850981293868
2019.963745117188 -285.595550537109 -283.98995187786556
2019.99658203125 -285.954986572266 -285.10995458036695
2020.030151367188 -287.477172851562 -286.3551803478551
2020.06298828125 -287.898071289062 -287.21915691298364
2020.095825195312 -287.740203857422 -288.03675478299647
2020.128662109375 -289.638031005859 -288.7840795731449
2020.161499023438 -289.982727050781 -289.50061052561205
2020.177978515625 -289.857666015625 -289.84517007520526
2020.1943359375 -290.764373779297 -290.1910785069619
2020.227294921875 -290.146911621094 -290.885261664612
2020.260131835938 -289.36767578125 -291.6519440467056
2020.29296875 -291.364624023438 -292.4665375802702
2020.325805664062 -292.854705810547 -293.3988942329672
2020.358642578125 -294.151306152344 -294.63306656197915
2020.391479492188 -294.808807373047 -295.94935039041746
2020.42431640625 -295.061462402344 -297.31467658975396
2020.457275390625 -294.109436035156 -298.83098054579716
2020.490112304688 -297.676361083984 -300.504559303816
2020.52294921875 -301.95068359375 -302.26245405760284
2020.555786132812 -303.275695800781 -304.07631649658424
2020.572265625 -300.837432861328 -305.08781567870517
2020.588623046875 -306.347808837891 -306.1045836006379
2020.605102539062 -306.957427978516 -307.0311853367017
2020.621459960938 -311.142120361328 -308.08192413898524
2020.654296875 -307.208648681641 -310.13299193618275
2020.687255859375 -311.997314453125 -312.15894265150234
2020.70361328125 -313.985870361328 -313.1802657942202
2020.720092773438 -313.819793701172 -314.0410421520891
2020.7529296875 -316.697113037109 -315.80173326769466
2020.785766601562 -319.932647705078 -317.4967738729769
2020.818603515625 -321.7275390625 -319.14752046342903
2020.851440429688 -323.087036132812 -320.75133056966473
2020.917236328125 -324.458038330078 -323.79464403922736
2020.950073242188 -324.816864013672 -325.1862513091269
2020.98291015625 -326.925079345703 -326.5382596820499
2021.013671875 -327.308929443359 -327.824872752088
2021.046508789062 -329.899688720703 -329.05042518008463
2021.079345703125 -329.867034912109 -330.2459154223554
2021.1123046875 -331.181884765625 -331.44554437296676
2021.145141601562 -333.082214355469 -332.64840256591816
2021.177978515625 -333.677886962891 -333.8577283874226
2021.210815429688 -336.153198242188 -335.0747366148267
2021.24365234375 -332.991668701172 -336.29215115032645
2021.276489257812 -335.696655273438 -337.5667108375578
2021.309326171875 -339.019104003906 -338.9418026875387
2021.34228515625 -340.597076416016 -340.4224572283772
2021.358642578125 -341.451934814453 -341.2791100343285
2021.391479492188 -340.475128173828 -342.89881113262396
2021.407958984375 -341.671173095703 -343.786314676524
2021.440795898438 -341.736389160156 -345.45129755257756
2021.4736328125 -341.395385742188 -347.1648907781475
2021.506469726562 -356.256988525391 -348.9181143059643
2021.539306640625 -351.906585693359 -350.6881174813559
2021.572265625 -351.026031494141 -352.4854552635926
2021.605102539062 -361.315246582031 -354.26912472479074
2021.637939453125 -357.108184814453 -356.05429657699233
2021.670776367188 -357.440795898438 -357.8349764065804
2021.736450195312 -364.158538818359 -361.2102794966062
2021.769287109375 -363.126495361328 -362.8349555511057
2021.80224609375 -365.280303955078 -364.36152442466835
2021.835083007812 -365.731201171875 -365.87648227039193
2021.867919921875 -369.347015380859 -367.3201871787502
2021.966430664062 -373.027557373047 -371.3977615175814
2022.0 -372.669860839844 -372.6737325805527
2022.065673828125 -375.269195556641 -375.26770794521934
2022.098510742188 -376.564453125 -376.4743855056016
2022.197143554688 -381.518188476562 -380.0712811258091
2022.22998046875 -384.320068359375 -381.23463794152457
2022.262817382812 -382.233215332031 -382.37719653997726
2022.295654296875 -382.041595458984 -383.50173438947
2022.328491210938 -384.980895996094 -384.6124290624675
2022.394287109375 -387.1708984375 -386.82456602479334
2022.558471679688 -392.167755126953 -392.4228541382387
2022.591430664062 -399.492523193359 -393.51618250148283
2022.68994140625 -391.191009521484 -396.88380041782585
2022.722778320312 -397.434814453125 -398.01389526761096
2022.821411132812 -401.141479492188 -401.54132731584986
2022.854248046875 -402.738067626953 -402.869513390084
2022.887084960938 -402.897491455078 -404.2837137606299
2022.919921875 -404.351440429688 -405.69441579650663
2022.952758789062 -406.654693603516 -407.194717232731
2022.985595703125 -407.576507568359 -408.89624744817775
2023.019165039062 -410.427398681641 -410.74005957902074
2023.052001953125 -411.785980224609 -412.51136640654653
2023.084838867188 -414.077972412109 -414.4835115196809
2023.11767578125 -415.923004150391 -416.6238622973623
2023.150634765625 -416.786987304688 -418.69467998337655
2023.183471679688 -420.370513916016 -420.8479582741379
2023.21630859375 -420.078765869141 -422.9980152590912
2023.249145507812 -419.924468994141 -425.15050276493093
2023.281982421875 -426.395080566406 -427.3084476315137
2023.314819335938 -431.529937744141 -429.4734738928455
2023.34765625 -431.413177490234 -431.64657520697585
2023.380615234375 -432.974822998047 -433.83577253357146
2023.413452148438 -438.965698242188 -436.0246604415886
2023.4462890625 -438.412261962891 -438.22127950276956
2023.57763671875 -463.628051757812 -447.0661284672048
