2014.804931640625 0.0 11.400653554333132
2014.837768554688 8.583738327026 9.353062646917934
2014.903442382812 5.350691795349 5.257481073083744
2014.96923828125 1.405500531197 1.1541372156823622
2015.03564453125 -4.357048988342 -2.986892012210437
2015.101318359375 -3.350124120712 -7.081251638487506
2015.265625 -17.375787734985 -17.315044501444977
2015.331298828125 -20.701612472534 -21.399645462002937
2015.39697265625 -32.510639190674 -25.479632083876883
2016.021850585938 -52.944404602051 -63.48527538938159
2016.1533203125 -74.517707824707 -72.66872119811045
2016.350463867188 -85.249755859375 -83.91782003632868
2016.416137695312 -119.987487792969 -86.77084184035337
2016.547607421875 -82.226959228516 -92.52814066736755
2016.744750976562 -95.688262939453 -100.8851580781715
2016.777587890625 -101.136848449707 -102.13097110728533
2016.810424804688 -107.609062194824 -103.40196094960905
2016.84326171875 -105.829627990723 -104.88713663497805
2016.876098632812 -106.755783081055 -106.44899678939036
2016.908935546875 -107.473167419434 -108.06663338314401
2016.941772460938 -109.268547058105 -109.72488317002552
2016.974731445312 -110.110282897949 -111.39901119490669
2017.005493164062 -111.181373596191 -113.04523185239034
2017.038330078125 -115.708427429199 -114.74639711459628
2017.071166992188 -109.628425598145 -116.43896496055756
2017.10400390625 -111.579772949219 -118.36133979655429
2017.136840820312 -118.609802246094 -120.42874991190212
2017.169799804688 -121.329734802246 -122.57544956125247
2017.20263671875 -123.669738769531 -124.80066835111406
2017.235473632812 -124.031044006348 -127.13446753261458
2017.268310546875 -129.137313842773 -129.6405731727199
2017.301147460938 -130.336776733398 -132.3779657557072
2017.333984375 -132.397262573242 -135.36423044065842
2017.366821289062 -138.988891601562 -138.5095583347498
2017.399780273438 -141.817199707031 -141.70269188743183
2017.4326171875 -143.819534301758 -144.8515741618398
2017.498291015625 -156.829971313477 -150.9544748188501
2017.531127929688 -161.62939453125 -153.90598995376018
2017.56396484375 -158.713653564453 -156.7936348671753
2017.596801757812 -166.508392333984 -159.61540031188488
2017.629760742188 -164.612823486328 -162.3796792534473
2017.66259765625 -167.314895629883 -165.02762665371694
2017.695434570312 -169.051391601562 -167.50113120940338
2017.728271484375 -172.859939575195 -169.6301415694063
2017.761108398438 -172.13801574707 -171.3603176280406
2017.7939453125 -173.919799804688 -172.84103739379773
2017.826782226562 -174.427749633789 -174.23277046535213
2017.859741210938 -177.277099609375 -175.58329577097072
2017.892578125 -176.840682983398 -176.8972747300649
2017.925415039062 -178.458847045898 -178.21559355842928
2017.958251953125 -178.140609741211 -179.5762616913863
2017.991088867188 -178.975646972656 -180.99846664217685
2018.024658203125 -180.770477294922 -182.5393516748578
2018.057495117188 -183.097457885742 -184.15049866742146
2018.09033203125 -185.252471923828 -185.87611277109835
2018.123168945312 -180.248687744141 -187.71588436602954
2018.156005859375 -187.292877197266 -189.69152579404016
2018.18896484375 -190.164291381836 -191.8389966249612
2018.221801757812 -193.172073364258 -194.16348617566712
2018.254638671875 -194.329040527344 -196.66675973384585
2018.287475585938 -197.677627563477 -199.3379894216876
2018.3203125 -200.881851196289 -202.15973385474078
2018.353149414062 -203.341217041016 -205.13123933054933
2018.385986328125 -207.963470458984 -208.24987701781274
2018.4189453125 -207.730422973633 -211.50027233940833
2018.451782226562 -213.565658569336 -214.79887716590295
2018.484619140625 -220.40495300293 -218.11404683851686
2018.517456054688 -222.889282226562 -221.44063631405706
2018.55029296875 -224.028472900391 -224.76989721780294
2018.583129882812 -231.218505859375 -228.0641455077939
2018.615966796875 -230.027755737305 -231.28742835357832
2018.64892578125 -236.022689819336 -234.43146544190307
2018.681762695312 -240.89013671875 -237.46397885035825
2018.714599609375 -234.05778503418 -240.39091224994166
2018.747436523438 -242.775970458984 -243.21716795300722
2018.7802734375 -248.183990478516 -245.97267233217437
2018.813110351562 -250.601364135742 -248.65442171312444
2018.845947265625 -254.39909362793 -251.3423735284748
2018.87890625 -253.547927856445 -253.9422775646016
2018.911743164062 -255.937316894531 -256.4021881688008
2018.944580078125 -258.901336669922 -258.80376708785826
2018.977416992188 -260.22509765625 -261.1593605415417
2019.010986328125 -262.813598632812 -263.5524613259829
2019.043823242188 -265.757415771484 -265.84909962080354
2019.109497070312 -271.317535400391 -270.7155264516387
2019.1259765625 -271.868865966797 -271.957734203059
2019.142333984375 -272.596923828125 -273.24052546376936
2019.175170898438 -275.63720703125 -275.8433826373515
2019.191650390625 -276.777770996094 -277.20135165352275
2019.208129882812 -277.225463867188 -278.5877592228579
2019.224487304688 -279.395935058594 -279.948405383212
2019.240966796875 -281.671020507812 -281.39684548907536
2019.25732421875 -282.238372802734 -282.86483345577915
2019.273803710938 -283.968078613281 -284.3190046999133
2019.290161132812 -285.139465332031 -285.8025866990977
2019.306640625 -287.668304443359 -287.3747822350914
2019.323120117188 -289.187896728516 -288.9575009580635
2019.339477539062 -291.139251708984 -290.52233263647855
2019.35595703125 -291.768920898438 -292.0814074086939
2019.372314453125 -293.377655029297 -293.60451657534134
2019.388793945312 -295.167572021484 -295.12420394365364
2019.405151367188 -296.422821044922 -296.6334790703307
2019.421630859375 -299.085266113281 -298.1970893991698
2019.438110351562 -302.038726806641 -299.7801371914812
2019.454467773438 -300.825927734375 -301.3854718451591
2019.470947265625 -302.019073486328 -303.05685629269595
2019.4873046875 -303.439758300781 -304.7784927594911
2019.503784179688 -304.095031738281 -306.65049830472384
2019.520141601562 -304.149169921875 -308.4108249323911
2019.53662109375 -314.777648925781 -310.17712410138824
2019.569458007812 -314.554504394531 -313.6159111711618
2019.602294921875 -312.199432373047 -316.84920627036604
2019.618774414062 -322.933135986328 -318.4797584098705
2019.635131835938 -320.930236816406 -320.109751266059
2019.651611328125 -325.063659667969 -321.62142616140255
2019.668090820312 -324.737182617188 -323.231485509133
2019.71728515625 -328.453247070312 -327.4831021598646
2019.733764648438 -328.549041748047 -328.7861690201401
2019.750122070312 -333.754699707031 -329.87989192572405
2019.7666015625 -329.896942138672 -331.0460612077506
2019.799438476562 -333.223022460938 -333.1103551560316
2019.832275390625 -339.158508300781 -335.1084298379325
2019.865112304688 -338.107025146484 -336.9726268336144
2019.898071289062 -338.800811767578 -338.72887198445113
2019.930908203125 -341.396484375 -340.36300707829224
2019.963745117188 -342.64794921875 -341.85323945289997
2019.99658203125 -343.847625732422 -343.2879254585928
2020.030151367188 -345.268157958984 -344.8053536038613
2020.06298828125 -346.29296875 -346.0999430909826
2020.095825195312 -347.082092285156 -347.3998736905175
2020.128662109375 -348.859313964844 -348.7326254856525
2020.161499023438 -349.695587158203 -350.1454027873796
2020.177978515625 -350.322235107422 -350.9456550778541
2020.1943359375 -352.147583007812 -351.63702871488755
2020.227294921875 -351.554809570312 -353.234679631136
2020.260131835938 -352.177917480469 -354.9461415782433
2020.29296875 -354.373962402344 -356.6965657550005
2020.325805664062 -357.523040771484 -358.5730698141389
2020.358642578125 -359.154205322266 -360.6812940275427
2020.391479492188 -363.830596923828 -362.8664147315761
2020.42431640625 -365.604400634766 -365.1437627976575
2020.457275390625 -363.060424804688 -367.5693038962579
2020.490112304688 -370.136932373047 -370.0866216051805
2020.52294921875 -371.678985595703 -372.5923101501879
2020.555786132812 -376.589630126953 -375.03381343835287
2020.572265625 -375.188568115234 -376.1773311009933
2020.588623046875 -378.321350097656 -377.2883882402682
2020.605102539062 -378.250671386719 -378.4919175199142
2020.621459960938 -382.733093261719 -379.57306267777255
2020.654296875 -386.819244384766 -381.7863087034628
2020.687255859375 -385.441101074219 -383.9128805667055
2020.70361328125 -386.245513916016 -384.9744762997264
2020.720092773438 -385.802215576172 -385.909880338927
2020.7529296875 -387.183898925781 -387.8076285275566
2020.785766601562 -390.327819824219 -389.59735456605625
2020.818603515625 -388.973052978516 -391.2541228849754
2020.851440429688 -395.456665039062 -392.7634866408928
2020.917236328125 -397.943237304688 -395.66544924753055
2020.950073242188 -397.4970703125 -397.3091467712674
2020.98291015625 -399.284240722656 -399.05593715775717
2021.013671875 -392.180389404297 -400.6247202188956
2021.046508789062 -397.103729248047 -402.36933046825635
2021.079345703125 -399.046966552734 -404.1859222737634
2021.1123046875 -401.668701171875 -405.9516624394405
2021.145141601562 -406.793762207031 -407.73653848503125
2021.177978515625 -409.787292480469 -409.57419094049453
2021.210815429688 -412.328247070312 -411.5054551893799
2021.24365234375 -415.670074462891 -413.47787563010047
2021.276489257812 -414.416168212891 -415.74733159714
2021.309326171875 -417.711273193359 -418.11592964288786
2021.34228515625 -423.492797851562 -420.5325305536442
2021.358642578125 -419.886627197266 -421.7596163474431
2021.391479492188 -423.1240234375 -424.1330481365285
2021.407958984375 -421.948883056641 -425.2901136964718
2021.440795898438 -426.957061767578 -427.5568619833557
2021.4736328125 -422.614868164062 -429.7564633089448
2021.506469726562 -437.128204345703 -431.9014086672358
2021.539306640625 -437.340362548828 -434.02221629378266
2021.572265625 -437.715087890625 -436.0061126668781
2021.605102539062 -444.917205810547 -438.11622927764387
2021.637939453125 -442.557556152344 -440.22399173829587
2021.670776367188 -440.119750976562 -442.29336591551373
2021.736450195312 -447.658386230469 -446.057352042988
2021.769287109375 -447.742431640625 -447.8500608472772
2021.80224609375 -449.554534912109 -449.5093760011335
2021.835083007812 -452.776733398438 -451.1586782735656
2021.867919921875 -450.227600097656 -452.850575380871
2021.966430664062 -461.396270751953 -458.0904073124359
2022.0 -459.022125244141 -459.8461521109041
2022.065673828125 -458.948516845703 -463.2331956528731
2022.098510742188 -459.253479003906 -464.9048177611454
2022.197143554688 -471.951965332031 -469.90571456172427
2022.22998046875 -476.699676513672 -471.54312972355945
2022.262817382812 -473.047790527344 -473.16542941355596
2022.295654296875 -475.300872802734 -474.7604554003015
2022.328491210938 -478.2861328125 -476.3052128483088
2022.394287109375 -475.739349365234 -479.2431200900386
2022.558471679688 -488.555694580078 -486.38318078139184
2022.591430664062 -493.944396972656 -487.76920674185595
2022.68994140625 -490.030242919922 -491.94068281379185
2022.722778320312 -499.362945556641 -493.3486938701576
2022.821411132812 -494.936828613281 -497.50864351816045
2022.854248046875 -497.638427734375 -498.904251158977
2022.887084960938 -500.020904541016 -500.34111371226345
2022.919921875 -502.481048583984 -501.74363178742874
2022.952758789062 -503.305328369141 -503.2430036971511
2022.985595703125 -503.666442871094 -504.9770181706843
2023.019165039062 -506.109252929688 -506.83249702167205
2023.052001953125 -508.407653808594 -508.64137083632176
2023.084838867188 -510.232238769531 -510.56496242232896
2023.11767578125 -510.603576660156 -512.5738352950214
2023.150634765625 -511.847961425781 -514.563878821272
2023.183471679688 -516.561157226562 -516.606057626228
2023.21630859375 -519.985229492188 -518.634683366927
2023.249145507812 -519.088439941406 -520.6524248618941
2023.281982421875 -525.201416015625 -522.6669838969412
2023.314819335938 -524.607055664062 -524.6834580470279
2023.34765625 -525.109191894531 -526.7037457886789
2023.380615234375 -529.839599609375 -528.7360320234385
2023.413452148438 -545.517639160156 -530.76566169307
2023.4462890625 -534.6669921875 -532.7998282090268
2023.57763671875 -539.559326171875 -540.958791040049
