2014.804931640625 0.0 6.799283039293858
2014.837768554688 6.729651927948 6.706425853613902
2014.903442382812 7.764220714569 6.521274311674597
2014.96923828125 6.409478187561 6.336532780412038
2015.03564453125 5.462290763855 6.150710911971153
2015.101318359375 5.275135040283 5.967399249978085
2015.265625 5.556358337402 5.510865257662866
2015.331298828125 7.269192218781 5.32967629940373
2015.39697265625 9.347623825073 5.149602768933037
2016.021850585938 2.655201435089 3.5312174235034304
2016.1533203125 3.503402233124 3.0307213743694326
2016.350463867188 5.176472663879 2.755837411089385
2016.416137695312 -6.041560173035 2.731511820891726
2016.547607421875 1.72056388855 2.6362270074269216
2016.744750976562 2.842199087143 2.382867684847292
2016.777587890625 2.241216897964 2.4538873425599608
2016.810424804688 1.972346663475 2.529381593914212
2016.84326171875 2.63133430481 2.6090370055528855
2016.876098632812 2.384556293488 2.6824332507256896
2016.908935546875 3.143211841583 2.7421279623249153
2016.941772460938 3.104889154434 2.7981355134497594
2016.974731445312 3.18528842926 2.8424554469639833
2017.005493164062 2.946284294128 2.8588017171538778
2017.038330078125 3.074700832367 2.8906252494484614
2017.071166992188 3.340339899063 2.920231198156993
2017.10400390625 3.400854825974 2.8886355450779426
2017.136840820312 3.011753797531 2.8202844337999227
2017.169799804688 2.353544950485 2.725187734147955
2017.20263671875 3.059725761414 2.5968329638362078
2017.235473632812 2.907145023346 2.4392041239088633
2017.268310546875 4.613222122192 2.2675909858176357
2017.301147460938 1.37066411972 2.1028479761460566
2017.333984375 3.430514097214 1.9477670809225829
2017.366821289062 1.847654104233 1.8016171033584374
2017.399780273438 0.798338413239 1.649907879437213
2017.4326171875 -1.480342268944 1.4867197590264836
2017.498291015625 -0.013646034524 1.1556785095175963
2017.531127929688 3.491824150085 1.0025935586351162
2017.56396484375 1.192331194878 0.8703772020109548
2017.596801757812 1.900301337242 0.7602656282211115
2017.629760742188 -0.604035973549 0.6675651195609463
2017.66259765625 1.43648314476 0.5980923414659307
2017.695434570312 -0.986262321472 0.5575347380770092
2017.728271484375 -1.161370754242 0.5329002628914181
2017.761108398438 0.427540630102 0.507496585832914
2017.7939453125 0.876723885536 0.47634469702065463
2017.826782226562 0.033798962831 0.44115773765271743
2017.859741210938 0.884911775589 0.406647427255188
2017.892578125 0.387470513582 0.37912655302044573
2017.925415039062 0.594644069672 0.3558593524255917
2017.958251953125 0.522304594517 0.3241372453420388
2017.991088867188 0.558075606823 0.272920926503588
2018.024658203125 0.397706568241 0.19655820126507478
2018.057495117188 0.063993543386 0.09415420746659453
2018.09033203125 -0.067239157856 -0.03432111908518563
2018.123168945312 0.201551139355 -0.18310458307415256
2018.156005859375 0.192862197757 -0.3470278041753776
2018.18896484375 -0.418121486902 -0.5257605676377805
2018.221801757812 -0.210327446461 -0.7149581025889994
2018.254638671875 -1.383863449097 -0.9155236022381849
2018.287475585938 -0.81563693285 -1.1288635557606743
2018.3203125 -1.265409588814 -1.3512560492475736
2018.353149414062 -1.883076071739 -1.5805096807048467
2018.385986328125 -2.526052951813 -1.816633994836307
2018.4189453125 -1.56136739254 -2.058591616497817
2018.451782226562 -1.758830547333 -2.3010155221499655
2018.484619140625 -3.096495866776 -2.546648989050167
2018.517456054688 -2.391556978226 -2.800817499566163
2018.55029296875 -3.046216011047 -3.0660798105542173
2018.583129882812 -4.196094036102 -3.3368160988339737
2018.615966796875 -2.394500494003 -3.60617030654371
2018.64892578125 -3.609917402267 -3.8723485279768877
2018.681762695312 -4.215813159943 -4.136082148516348
2018.714599609375 1.698489785194 -4.401556577568157
2018.747436523438 -4.428892612457 -4.669815537213123
2018.7802734375 -5.63631772995 -4.941343433988194
2018.813110351562 -5.482620716095 -5.227832783085172
2018.845947265625 -6.24235534668 -5.526326939604727
2018.87890625 -5.250096797943 -5.84323333369329
2018.911743164062 -5.151050567627 -6.194022466197425
2018.944580078125 -6.424851417542 -6.536843012184787
2018.977416992188 -6.547851085663 -6.8927220768499975
2019.010986328125 -6.683954238892 -7.308876496311196
2019.043823242188 -7.460229873657 -7.705770576144497
2019.109497070312 -8.935570716858 -8.720942121818954
2019.1259765625 -8.869655609131 -8.993236152096864
2019.142333984375 -8.835129737854 -9.283160403061764
2019.175170898438 -9.682137489319 -9.877660237517969
2019.191650390625 -9.920647621155 -10.192481181983498
2019.208129882812 -11.026915550232 -10.507372718970876
2019.224487304688 -10.801344871521 -10.820439814276027
2019.240966796875 -11.143047332764 -11.124366167384315
2019.25732421875 -11.314549446106 -11.405900320444598
2019.273803710938 -11.964201927185 -11.70690603272054
2019.290161132812 -11.686192512512 -12.000829210239903
2019.306640625 -12.921118736267 -12.211772299125052
2019.323120117188 -13.417488098145 -12.377143624188905
2019.339477539062 -13.051609992981 -12.504772832184527
2019.35595703125 -13.815014839172 -12.60258750471621
2019.372314453125 -12.106163024902 -12.67147713655203
2019.388793945312 -14.224452018738 -12.707589656055825
2019.405151367188 -13.972612380981 -12.681266925115652
2019.421630859375 -12.394708633423 -12.677196630732254
2019.438110351562 -13.193024635315 -12.661187420811281
2019.454467773438 -12.480211257935 -12.670034549223066
2019.470947265625 -11.245510101318 -12.727503235220913
2019.4873046875 -11.838822364807 -12.795330620909914
2019.503784179688 -9.542266845703 -12.849120803400211
2019.520141601562 -9.940142631531 -12.852800319467978
2019.53662109375 -15.748488426208 -12.85378181281329
2019.569458007812 -14.125647544861 -12.861669124041923
2019.602294921875 -8.536901473999 -12.903767550430747
2019.618774414062 -13.406335830688 -12.947028202138725
2019.635131835938 -13.592058181763 -13.010501657147872
2019.651611328125 -13.012336730957 -13.045832936004723
2019.668090820312 -11.526732444763 -13.107018817071811
2019.71728515625 -13.388020515442 -13.205344987822482
2019.733764648438 -12.726923942566 -13.228122907794402
2019.750122070312 -13.420672416687 -13.263814782200837
2019.7666015625 -12.945236206055 -13.29303126049882
2019.799438476562 -13.053891181946 -13.36924136272651
2019.832275390625 -14.271294593811 -13.44301644405127
2019.865112304688 -13.413158416748 -13.51635415066953
2019.898071289062 -13.591589927673 -13.58324826862711
2019.930908203125 -13.711496353149 -13.63282048825565
2019.963745117188 -14.035743713379 -13.639687407802182
2019.99658203125 -13.816230773926 -13.620032178340319
2020.030151367188 -14.038038253784 -13.62388553166591
2020.06298828125 -13.804394721985 -13.54305803472581
2020.095825195312 -13.46453666687 -13.442270611636467
2020.128662109375 -13.528070449829 -13.295515104334637
2020.161499023438 -13.972651481628 -13.099540349725105
2020.177978515625 -13.108370780945 -12.95057961848677
2020.1943359375 -13.236474990845 -12.852458919602084
2020.227294921875 -13.006795883179 -12.547066992787544
2020.260131835938 -12.302636146545 -12.189723791090106
2020.29296875 -12.141481399536 -11.811771782849313
2020.325805664062 -12.610980033875 -11.396499527987277
2020.358642578125 -10.88298034668 -10.983280683881038
2020.391479492188 -10.56618976593 -10.612806985560763
2020.42431640625 -8.951386451721 -10.261552392940192
2020.457275390625 -6.783663272858 -9.960003523997884
2020.490112304688 -8.239505767822 -9.730406364656513
2020.52294921875 -9.045539855957 -9.552288180408913
2020.555786132812 -8.552529335022 -9.432078480761087
2020.572265625 -5.569003105164 -9.48372124108177
2020.588623046875 -7.31653547287 -9.550249813213293
2020.605102539062 -8.902556419373 -9.484731857329475
2020.621459960938 -9.650512695312 -9.58851919139278
2020.654296875 -6.370754241943 -9.735559872187869
2020.687255859375 -8.814629554749 -9.982981426638231
2020.70361328125 -10.428996086121 -10.12485067758755
2020.720092773438 -10.399185180664 -10.28529180344952
2020.7529296875 -9.986112594604 -10.587216628395115
2020.785766601562 -11.041083335876 -10.872412893745224
2020.818603515625 -11.63565826416 -11.141535203569804
2020.851440429688 -12.382281303406 -11.394769795261452
2020.917236328125 -12.52123260498 -11.824348301272734
2020.950073242188 -12.082850456238 -11.955873468582286
2020.98291015625 -12.381660461426 -12.031690712147787
2021.013671875 -12.489699363708 -12.141137770598133
2021.046508789062 -12.547910690308 -12.13599987430738
2021.079345703125 -12.33403968811 -12.0111471781587
2021.1123046875 -12.606182098389 -11.866123905909818
2021.145141601562 -12.304322242737 -11.66725660962986
2021.177978515625 -12.009016036987 -11.427977885133407
2021.210815429688 -12.411125183105 -11.158213243455561
2021.24365234375 -10.634924888611 -10.882729096438988
2021.276489257812 -10.92317199707 -10.518387863847812
2021.309326171875 -10.049459457397 -10.140315612913733
2021.34228515625 -9.737163543701 -9.812868749063643
2021.358642578125 -9.844908714294 -9.712466722680063
2021.391479492188 -7.224471569061 -9.439776659106327
2021.407958984375 -7.19566488266 -9.327312893737552
2021.440795898438 -5.129108428955 -9.051028260571204
2021.4736328125 -5.464468479156 -8.813579199257694
2021.506469726562 -10.74217414856 -8.634593660737528
2021.539306640625 -4.373627662659 -8.509080004468418
2021.572265625 -7.680348396301 -8.554179303385217
2021.605102539062 -8.008957862854 -8.469288358664475
2021.637939453125 -7.29497718811 -8.407578201692646
2021.670776367188 -7.819219112396 -8.408075056386313
2021.736450195312 -6.557617664337 -8.882508500693081
2021.769287109375 -8.960268974304 -9.224385910830014
2021.80224609375 -8.909617424011 -9.652852893518569
2021.835083007812 -9.170528411865 -10.086634094901736
2021.867919921875 -10.189252853394 -10.566997254566308
2021.966430664062 -11.879885673523 -12.114321128241231
2022.0 -12.457032203674 -12.690793672765203
2022.065673828125 -14.344952583313 -13.814645139142259
2022.098510742188 -13.897917747498 -14.211353078120544
2022.197143554688 -16.39217376709 -14.955839889600245
2022.22998046875 -17.960397720337 -15.22567042829868
2022.262817382812 -17.750923156738 -15.486935619741761
2022.295654296875 -17.765727996826 -15.713230830944571
2022.328491210938 -18.594436645508 -15.869183609030193
2022.394287109375 -21.584232330322 -15.973217906137746
2022.558471679688 -16.903879165649 -16.2277170270843
2022.591430664062 -16.641725540161 -16.305347050024874
2022.68994140625 -21.629486083984 -15.922688614598291
2022.722778320312 -18.378643035889 -15.704402118895338
2022.821411132812 -14.118069648743 -14.950276035591017
2022.854248046875 -15.151564598083 -14.690838142858599
2022.887084960938 -14.858587265015 -14.431406638344303
2022.919921875 -14.827348709106 -14.179643588384069
2022.952758789062 -13.48738861084 -13.92397666930043
2022.985595703125 -13.260132789612 -13.65349449897336
2023.019165039062 -13.217235565186 -13.378476550245496
2023.052001953125 -13.106061935425 -13.108522020551156
2023.084838867188 -12.567139625549 -12.848710059112989
2023.11767578125 -13.024729728699 -12.60566289570535
2023.150634765625 -11.732789039612 -12.357491014390916
2023.183471679688 -12.042771339417 -12.124166844240797
2023.21630859375 -12.349802017212 -11.889719151939785
2023.249145507812 -11.042222976685 -11.65342441193686
2023.281982421875 -11.3444480896 -11.41620191772472
2023.314819335938 -11.563735961914 -11.17906020426086
2023.34765625 -10.439412117004 -10.942618543188077
2023.380615234375 -10.725352287292 -10.706252987919685
2023.413452148438 -11.397416114807 -10.471956478862547
2023.4462890625 -6.775174617767 -10.238936232626617
2023.57763671875 -9.112474441528 -9.31390857441549
