2014.804931640625 -0.0 -2.795194366008783
2014.837768554688 -5.800767421722 -3.000277902326317
2014.903442382812 -2.333650112152 -3.410896518363306
2014.96923828125 -4.484503746033 -3.8234458275082797
2015.03564453125 23.137453079224 -4.241925727531635
2015.101318359375 -12.236973762512 -4.658839729743547
2015.265625 31.011068344116 -5.720743355392098
2015.331298828125 13.453395843506 -6.154132869570826
2015.39697265625 -20.642280578613 -6.593240291221635
2016.021850585938 -4.991798400879 -8.766506198700803
2016.1533203125 -13.010975837708 -10.75796439541341
2016.350463867188 -14.518930435181 -13.440787921162867
2016.416137695312 -32.908168792725 -14.29680161595711
2016.547607421875 -26.925323486328 -16.25045558472309
2016.744750976562 -11.685380935669 -18.90666358418738
2016.777587890625 -20.811582565308 -19.27003142966004
2016.810424804688 -24.132293701172 -19.52385722202761
2016.84326171875 -17.866260528564 -19.349105182148502
2016.876098632812 -20.914846420288 -19.027735767204184
2016.908935546875 -16.422466278076 -18.777922938174285
2016.941772460938 -17.729734420776 -18.587908017137973
2016.974731445312 -21.250917434692 -18.43226766241436
2017.005493164062 -18.24263381958 -18.384972015765282
2017.038330078125 -14.471801757812 -18.277701944974016
2017.071166992188 -11.602197647095 -18.1502737071548
2017.10400390625 -18.199962615967 -18.25551155883158
2017.136840820312 -17.58131980896 -18.518433541452424
2017.169799804688 -18.656635284424 -18.888226473754642
2017.20263671875 -18.396129608154 -19.388990747592413
2017.235473632812 -15.767601966858 -20.026838338767647
2017.268310546875 -18.852493286133 -20.815629519828256
2017.301147460938 -23.812986373901 -21.75078138354231
2017.333984375 -20.414163589478 -22.804132812168938
2017.366821289062 -22.837606430054 -23.929943665101177
2017.399780273438 -25.654373168945 -25.080544879697808
2017.4326171875 -26.388257980347 -26.24046460786229
2017.498291015625 -31.588388442993 -28.591481274741618
2017.531127929688 -22.527147293091 -29.724224805661805
2017.56396484375 -34.353866577148 -30.80137784308241
2017.596801757812 -30.909505844116 -31.814570627114666
2017.629760742188 -33.997653961182 -32.7600983385584
2017.66259765625 -38.565090179443 -33.58236896783829
2017.695434570312 -31.85986328125 -34.20683398913245
2017.728271484375 -37.782836914062 -34.56243980760516
2017.761108398438 -37.279224395752 -34.625598943728924
2017.7939453125 -36.102882385254 -34.422339213443585
2017.826782226562 -34.849697113037 -34.01081412260222
2017.859741210938 -39.497108459473 -33.43370325992849
2017.892578125 -36.949462890625 -32.71706675718957
2017.925415039062 -37.257392883301 -31.901202708168217
2017.958251953125 -33.327686309814 -31.0054682502803
2017.991088867188 -27.020645141602 -30.068703771743735
2018.024658203125 -27.026475906372 -29.11052926010554
2018.057495117188 -23.817392349243 -28.206508567789545
2018.09033203125 -26.288333892822 -27.386704294648684
2018.123168945312 -23.662210464478 -26.707484696935317
2018.156005859375 -22.950492858887 -26.235481156330902
2018.18896484375 -24.756210327148 -26.03706980093816
2018.221801757812 -22.784841537476 -26.1544499430238
2018.254638671875 -23.887390136719 -26.586003612667763
2018.287475585938 -23.973876953125 -27.29821494867388
2018.3203125 -26.709533691406 -28.23772992056657
2018.353149414062 -28.314586639404 -29.36118897567412
2018.385986328125 -27.542015075684 -30.623775042584857
2018.4189453125 -29.801200866699 -31.980438182338144
2018.451782226562 -32.136444091797 -33.397005443488254
2018.484619140625 -38.295665740967 -34.843201091680804
2018.517456054688 -37.906688690186 -36.28744915742248
2018.55029296875 -40.945316314697 -37.695112526665795
2018.583129882812 -40.079563140869 -39.03046329883876
2018.615966796875 -50.334381103516 -40.26131309731241
2018.64892578125 -41.304279327393 -41.32197781124527
2018.681762695312 -43.397480010986 -42.15131921084352
2018.714599609375 -42.810832977295 -42.726424918652405
2018.747436523438 -49.586452484131 -43.02436901488703
2018.7802734375 -45.089748382568 -43.096418637532466
2018.813110351562 -46.310054779053 -42.915124387027106
2018.845947265625 -45.267402648926 -42.68708604235795
2018.87890625 -45.740711212158 -42.24679942853749
2018.911743164062 -46.644653320312 -41.5812076853113
2018.944580078125 -38.8994140625 -40.94348604312686
2018.977416992188 -37.931747436523 -40.13050829998352
2019.010986328125 -31.378944396973 -39.28925985964901
2019.043823242188 -36.547706604004 -38.306674437768194
2019.109497070312 -36.755859375 -36.77276030603934
2019.1259765625 -36.718269348145 -36.451892113218705
2019.142333984375 -32.952987670898 -36.42743877667998
2019.175170898438 -35.768020629883 -36.5729414357926
2019.191650390625 -34.735546112061 -36.80068812650131
2019.208129882812 -36.040557861328 -37.07939197683896
2019.224487304688 -38.778789520264 -37.33476658863664
2019.240966796875 -39.241279602051 -37.69978001196404
2019.25732421875 -37.706283569336 -38.12499419672698
2019.273803710938 -38.149536132812 -38.53509628054619
2019.290161132812 -37.630588531494 -39.00842573459797
2019.306640625 -39.925182342529 -39.608401907887966
2019.323120117188 -40.254760742188 -40.27367916073357
2019.339477539062 -38.851696014404 -40.995312003606934
2019.35595703125 -40.196395874023 -41.76041004161854
2019.372314453125 -41.546142578125 -42.53731865222493
2019.388793945312 -42.890796661377 -43.34903805007247
2019.405151367188 -43.25919342041 -44.21348772870193
2019.421630859375 -43.552299499512 -45.05397896271373
2019.438110351562 -49.113262176514 -45.90656175159683
2019.454467773438 -47.098766326904 -46.72097294889806
2019.470947265625 -52.193382263184 -47.4726892331977
2019.4873046875 -51.280570983887 -48.099851646176205
2019.503784179688 -44.905250549316 -48.37376659389844
2019.520141601562 -48.313446044922 -48.80927115095347
2019.53662109375 -56.340152740479 -49.16294113351421
2019.569458007812 -50.894794464111 -49.573445517162945
2019.602294921875 -55.19340133667 -49.69121702857755
2019.618774414062 -43.597179412842 -49.79942853339762
2019.635131835938 -55.179100036621 -49.87916900838463
2019.651611328125 -46.603786468506 -49.926485156189784
2019.668090820312 -50.126792907715 -49.976757306657504
2019.71728515625 -48.83519744873 -50.075937375806475
2019.733764648438 -46.211772918701 -50.08138651012487
2019.750122070312 -50.737609863281 -50.04708923203919
2019.7666015625 -52.011058807373 -49.98706553193619
2019.799438476562 -50.440181732178 -49.70808739173027
2019.832275390625 -51.407875061035 -49.343843697509875
2019.865112304688 -49.203327178955 -48.877396359435494
2019.898071289062 -52.41157913208 -48.31422821897094
2019.930908203125 -50.55924987793 -47.67270730630108
2019.963745117188 -45.434547424316 -46.964508611745956
2019.99658203125 -47.460369110107 -46.301230987369436
2020.030151367188 -38.500751495361 -45.613342811923985
2020.06298828125 -44.499870300293 -44.97057295841051
2020.095825195312 -43.863636016846 -44.33121989963978
2020.128662109375 -40.706157684326 -43.76430069157195
2020.161499023438 -41.89185333252 -43.28693678931927
2020.177978515625 -42.095977783203 -43.15056507982727
2020.1943359375 -43.655963897705 -42.90858789404117
2020.227294921875 -40.888370513916 -42.63356365385217
2020.260131835938 -44.126941680908 -42.42766745794016
2020.29296875 -42.301971435547 -42.27390563314682
2020.325805664062 -46.291652679443 -42.16180553976911
2020.358642578125 -40.433650970459 -42.13993431458292
2020.391479492188 -43.30078125 -42.2386392149796
2020.42431640625 -38.463760375977 -42.38799398225021
2020.457275390625 -40.939605712891 -42.580994592582506
2020.490112304688 -43.398120880127 -42.85982357974131
2020.52294921875 -38.772285461426 -43.244295752196344
2020.555786132812 -38.064117431641 -43.77556031439464
2020.572265625 -54.053508758545 -44.200092549568
2020.588623046875 -47.728786468506 -44.620731431474255
2020.605102539062 -43.002475738525 -44.91800068843109
2020.621459960938 -45.297843933105 -45.36295516618198
2020.654296875 -46.044784545898 -46.20596622886629
2020.687255859375 -43.19820022583 -47.10084799926278
2020.70361328125 -50.695571899414 -47.56847672925553
2020.720092773438 -49.003337860107 -47.93528353762956
2020.7529296875 -51.008605957031 -48.59568980427779
2020.785766601562 -50.015724182129 -49.05285908398571
2020.818603515625 -50.161628723145 -49.35798225605164
2020.851440429688 -50.672546386719 -49.55969916342663
2020.917236328125 -52.873622894287 -49.78355629090129
2020.950073242188 -55.328556060791 -49.7195927361606
2020.98291015625 -48.196338653564 -49.60534049242923
2021.013671875 -45.255321502686 -49.5358238142959
2021.046508789062 -48.835613250732 -49.33888018771009
2021.079345703125 -50.705944061279 -49.12601438845476
2021.1123046875 -47.827789306641 -48.90539486837422
2021.145141601562 -49.172214508057 -48.70251410618462
2021.177978515625 -49.499080657959 -48.57533119182473
2021.210815429688 -46.343452453613 -48.57590557132972
2021.24365234375 -47.462207794189 -48.5519398711767
2021.276489257812 -46.178356170654 -48.80902011310985
2021.309326171875 -50.767105102539 -49.164893539136145
2021.34228515625 -47.357666015625 -49.655871537481396
2021.358642578125 -49.658603668213 -50.06200281964848
2021.391479492188 -43.858848571777 -50.71556683658319
2021.407958984375 -47.375587463379 -51.11740425458918
2021.440795898438 -50.883785247803 -51.82059214131353
2021.4736328125 -55.596061706543 -52.568006063566436
2021.506469726562 -58.468955993652 -53.34766624923656
2021.539306640625 -51.814098358154 -54.13303710070118
2021.572265625 -65.094589233398 -54.791749517471516
2021.605102539062 -59.94026184082 -55.52763476113936
2021.637939453125 -56.261436462402 -56.251531528873606
2021.670776367188 -55.220886230469 -56.94963344083319
2021.736450195312 -58.126861572266 -57.997125674211084
2021.769287109375 -61.296367645264 -58.35332186075279
2021.80224609375 -59.139423370361 -58.497570658138144
2021.835083007812 -59.629047393799 -58.61514326094967
2021.867919921875 -57.414916992188 -58.61831590276771
2021.966430664062 -62.057155609131 -58.608746639063526
2022.0 -65.303092956543 -58.54276066967177
2022.065673828125 -50.992389678955 -58.51083534619555
2022.098510742188 -54.964733123779 -58.45196442304317
2022.197143554688 -58.926628112793 -58.373933791010906
2022.22998046875 -61.7659034729 -58.34800891241032
2022.262817382812 -56.388492584229 -58.33281032376069
2022.295654296875 -58.874221801758 -58.319783468577626
2022.328491210938 -55.216167449951 -58.28687414200399
2022.394287109375 -57.872352600098 -57.973846024799116
2022.558471679688 -61.815242767334 -56.64248389981131
2022.591430664062 -36.713645935059 -56.481207668409
2022.68994140625 -68.28734588623 -56.02208070348269
2022.722778320312 -77.911994934082 -55.97615493148335
2022.821411132812 -51.465087890625 -55.24511214884356
2022.854248046875 -66.360534667969 -54.61803211799128
2022.887084960938 -54.803695678711 -53.90412792346978
2022.919921875 -53.271900177002 -53.20368356442554
2022.952758789062 -54.984130859375 -52.61082248592749
2022.985595703125 -53.251663208008 -52.16564534611637
2023.019165039062 -49.558139801025 -51.81376090497402
2023.052001953125 -48.979187011719 -51.49914089000858
2023.084838867188 -50.701133728027 -51.30895502655049
2023.11767578125 -50.427864074707 -51.355860231601845
2023.150634765625 -48.713871002197 -51.35642013650006
2023.183471679688 -49.873779296875 -51.53440834618344
2023.21630859375 -48.342166900635 -51.73060722893777
2023.249145507812 -50.087852478027 -51.941476641815484
2023.281982421875 -52.463752746582 -52.16752902083047
2023.314819335938 -50.168228149414 -52.410571241839435
2023.34765625 -52.22673034668 -52.672539699770994
2023.380615234375 -53.224582672119 -52.95703014157192
2023.413452148438 -56.342525482178 -53.264320143950215
2023.4462890625 -57.350391387939 -53.59691303911749
2023.57763671875 -71.500816345215 -55.14738660498275
