2014.804931640625 -0.0 -2.3521072397395497
2014.837768554688 -7.893052577972 -3.2797842188933943
2014.903442382812 -8.41045665741 -5.136325678530747
2014.96923828125 -9.320937156677 -6.998693623512263
2015.03564453125 0.015440390445 -8.88117964325108
2015.101318359375 -18.996871948242 -10.745400463401177
2015.265625 5.961209774017 -15.4157068453351
2015.331298828125 -13.657800674438 -17.282215193169
2015.39697265625 -28.964157104492 -19.146471169299407
2016.021850585938 -31.97114944458 -37.13957414565942
2016.1533203125 -43.144817352295 -41.6310370210138
2016.350463867188 -46.27880859375 -45.95864586154603
2016.416137695312 -49.870826721191 -47.097026972458785
2016.547607421875 -54.534069061279 -49.45304747317696
2016.744750976562 -48.983741760254 -52.52872116906679
2016.777587890625 -53.278396606445 -52.98975219711514
2016.810424804688 -55.738838195801 -53.42889530964979
2016.84326171875 -52.744258880615 -53.7981968584688
2016.876098632812 -55.494258880615 -54.163974176348034
2016.908935546875 -54.223785400391 -54.55628477848287
2016.941772460938 -54.81173324585 -54.9611317614631
2016.974731445312 -55.439624786377 -55.37214760701693
2017.005493164062 -55.496105194092 -55.77278429266934
2017.038330078125 -54.814075469971 -56.18713855956003
2017.071166992188 -55.78050994873 -56.59438638271441
2017.10400390625 -56.315837860107 -57.087511872818446
2017.136840820312 -57.521312713623 -57.66167432949999
2017.169799804688 -59.577018737793 -58.29798922351613
2017.20263671875 -59.743873596191 -59.005288021640794
2017.235473632812 -57.739753723145 -59.82163801632756
2017.268310546875 -56.424480438232 -60.75254441692812
2017.301147460938 -59.443019866943 -61.7460470206211
2017.333984375 -59.589351654053 -62.735292260368894
2017.366821289062 -64.248054504395 -63.70300859062331
2017.399780273438 -67.25724029541 -64.66042179403054
2017.4326171875 -60.236324310303 -65.61599405651083
2017.498291015625 -74.419502258301 -67.54671349386622
2017.531127929688 -69.774543762207 -68.51926178881646
2017.56396484375 -69.773811340332 -69.44605661369386
2017.596801757812 -71.676658630371 -70.27020175868032
2017.629760742188 -70.832794189453 -70.9597658663241
2017.66259765625 -73.374862670898 -71.44652299729597
2017.695434570312 -73.204193115234 -71.73000273930712
2017.728271484375 -74.626274108887 -71.85445320606125
2017.761108398438 -71.789817810059 -71.88923238827353
2017.7939453125 -72.273017883301 -71.87130653902646
2017.826782226562 -72.481185913086 -71.8090591675669
2017.859741210938 -72.844253540039 -71.69987716732709
2017.892578125 -71.264755249023 -71.5325868006185
2017.925415039062 -71.849685668945 -71.31819110594485
2017.958251953125 -70.856010437012 -71.07684130526252
2017.991088867188 -70.386924743652 -70.83369560575738
2018.024658203125 -70.416969299316 -70.64198521561966
2018.057495117188 -70.038360595703 -70.58588933173704
2018.09033203125 -69.913070678711 -70.69349345353673
2018.123168945312 -69.241233825684 -70.96666561499849
2018.156005859375 -67.455619812012 -71.3758237907962
2018.18896484375 -71.144676208496 -71.88575906054054
2018.221801757812 -69.038948059082 -72.47304968819165
2018.254638671875 -67.656837463379 -73.13026260583693
2018.287475585938 -69.633476257324 -73.8695487618917
2018.3203125 -72.743156433105 -74.69777150574346
2018.353149414062 -77.248718261719 -75.63375203630099
2018.385986328125 -74.289772033691 -76.68521627745392
2018.4189453125 -77.323913574219 -77.84125496093442
2018.451782226562 -78.85538482666 -79.03679205231266
2018.484619140625 -79.935302734375 -80.20744182452754
2018.517456054688 -82.288383483887 -81.32380223998886
2018.55029296875 -86.084434509277 -82.35241565429521
2018.583129882812 -86.581993103027 -83.26311557149509
2018.615966796875 -89.489112854004 -84.0612966100014
2018.64892578125 -86.929573059082 -84.76315198878024
2018.681762695312 -86.94799041748 -85.3830139416182
2018.714599609375 -88.669746398926 -85.92910273754401
2018.747436523438 -87.436141967773 -86.37121955989538
2018.7802734375 -86.481956481934 -86.67973223713216
2018.813110351562 -91.859657287598 -86.79274678340629
2018.845947265625 -87.043838500977 -86.77218295179294
2018.87890625 -87.363105773926 -86.64306845717344
2018.911743164062 -87.0224609375 -86.50191066688777
2018.944580078125 -86.114295959473 -86.36253473768853
2018.977416992188 -86.26887512207 -86.21949235777257
2019.010986328125 -84.146057128906 -86.11024061576987
2019.043823242188 -85.701835632324 -85.98399166873385
2019.109497070312 -85.591697692871 -85.80361204716283
2019.1259765625 -85.184722900391 -85.7633820538293
2019.142333984375 -86.400779724121 -85.79193254834215
2019.175170898438 -85.713691711426 -85.90154623698426
2019.191650390625 -85.21272277832 -86.00831294238364
2019.208129882812 -86.324249267578 -86.13972231958103
2019.224487304688 -85.947860717773 -86.25910247851156
2019.240966796875 -86.174156188965 -86.431117082848
2019.25732421875 -86.497459411621 -86.62362847513324
2019.273803710938 -85.996376037598 -86.79599605635224
2019.290161132812 -86.597778320312 -86.98476777112131
2019.306640625 -88.036834716797 -87.23670646331256
2019.323120117188 -86.325233459473 -87.5114188590856
2019.339477539062 -87.266304016113 -87.7981339391382
2019.35595703125 -88.931053161621 -88.09343271728115
2019.372314453125 -87.726249694824 -88.3913199459601
2019.388793945312 -89.713943481445 -88.69972147085699
2019.405151367188 -89.399505615234 -89.00629713852398
2019.421630859375 -88.254936218262 -89.31526113692054
2019.438110351562 -89.603080749512 -89.62195421077323
2019.454467773438 -89.852157592773 -89.9228172538774
2019.470947265625 -92.099143981934 -90.22143464667414
2019.4873046875 -90.699409484863 -90.48966888076482
2019.503784179688 -87.915397644043 -90.63227780213928
2019.520141601562 -91.21263885498 -90.78538964934387
2019.53662109375 -92.389640808105 -90.91094178290118
2019.569458007812 -91.257194519043 -91.11441348136754
2019.602294921875 -95.906616210938 -91.36008301987258
2019.618774414062 -86.516242980957 -91.51249938607243
2019.635131835938 -95.086158752441 -91.6559044664308
2019.651611328125 -89.61190032959 -91.79254904197622
2019.668090820312 -90.857604980469 -91.91896502688068
2019.71728515625 -92.474235534668 -92.31341001478175
2019.733764648438 -90.852005004883 -92.44509163161769
2019.750122070312 -92.424263000488 -92.60932209581482
2019.7666015625 -96.016983032227 -92.75290562212525
2019.799438476562 -93.929870605469 -93.08637477374374
2019.832275390625 -90.774749755859 -93.44560803290621
2019.865112304688 -94.292739868164 -93.8411870508789
2019.898071289062 -94.507064819336 -94.26973495957037
2019.930908203125 -94.604316711426 -94.7213275779978
2019.963745117188 -94.665069580078 -95.20034668532159
2019.99658203125 -95.273719787598 -95.68042604029814
2020.030151367188 -95.404937744141 -96.14038586609104
2020.06298828125 -96.760307312012 -96.63495381305401
2020.095825195312 -97.105979919434 -97.12457875163895
2020.128662109375 -98.362953186035 -97.60403314930697
2020.161499023438 -98.272987365723 -98.04074478263604
2020.177978515625 -98.496643066406 -98.18924443123544
2020.1943359375 -98.783912658691 -98.40648898550876
2020.227294921875 -99.4619140625 -98.68710243777473
2020.260131835938 -99.360687255859 -98.88468380536587
2020.29296875 -99.95654296875 -99.06534838468095
2020.325805664062 -103.93025970459 -99.17119991576405
2020.358642578125 -99.204605102539 -99.18525477980042
2020.391479492188 -103.313056945801 -99.20266183171096
2020.42431640625 -98.546852111816 -99.2170156686835
2020.457275390625 -99.066017150879 -99.17283543095319
2020.490112304688 -99.36653137207 -99.05997894072902
2020.52294921875 -96.637466430664 -98.89937419294037
2020.555786132812 -99.297836303711 -98.69612986562352
2020.572265625 -103.985565185547 -98.56144941565006
2020.588623046875 -97.670166015625 -98.41289819670044
2020.605102539062 -99.822708129883 -98.3012173841401
2020.621459960938 -101.536697387695 -98.13391790789652
2020.654296875 -100.043815612793 -97.82237355065263
2020.687255859375 -95.960655212402 -97.46736328578571
2020.70361328125 -96.282150268555 -97.3039034493052
2020.720092773438 -98.477043151855 -97.05483200171727
2020.7529296875 -97.245948791504 -96.58483641827432
2020.785766601562 -96.184936523438 -96.06222289964492
2020.818603515625 -95.712593078613 -95.50139337732017
2020.851440429688 -94.378837585449 -94.92266070594087
2020.917236328125 -94.011009216309 -93.82140939159348
2020.950073242188 -93.220947265625 -93.36477005257488
2020.98291015625 -92.711555480957 -92.96812542468122
2021.013671875 -91.932037353516 -92.55311075629206
2021.046508789062 -89.116409301758 -92.21939661354635
2021.079345703125 -91.43635559082 -92.03493306251734
2021.1123046875 -90.605033874512 -91.85537519679801
2021.145141601562 -91.32137298584 -91.74218462928015
2021.177978515625 -90.96215057373 -91.69753490932963
2021.210815429688 -90.923263549805 -91.71614644900257
2021.24365234375 -90.48072052002 -91.71748635616574
2021.276489257812 -93.049652099609 -91.89633660026999
2021.309326171875 -92.488243103027 -92.1491303430242
2021.34228515625 -91.798545837402 -92.46354143715313
2021.358642578125 -93.182228088379 -92.68332415886906
2021.391479492188 -90.572380065918 -93.13553785552249
2021.407958984375 -92.667037963867 -93.43241174514367
2021.440795898438 -91.249717712402 -93.9589485202278
2021.4736328125 -95.11018371582 -94.51367500473164
2021.506469726562 -93.51343536377 -95.08363259478739
2021.539306640625 -99.790313720703 -95.64232682101915
2021.572265625 -101.995956420898 -96.19978427517428
2021.605102539062 -105.087944030762 -96.7534940725836
2021.637939453125 -97.375564575195 -97.31716179690734
2021.670776367188 -99.15966796875 -97.87803237564226
2021.736450195312 -97.81322479248 -98.84466077658416
2021.769287109375 -102.122711181641 -99.28613446289522
2021.80224609375 -100.667091369629 -99.59917084688625
2021.835083007812 -98.413154602051 -99.87175983705255
2021.867919921875 -101.702583312988 -99.98892964937679
2021.966430664062 -102.571060180664 -100.10153935958668
2022.0 -100.450401306152 -100.13572511865775
2022.065673828125 -104.743354797363 -100.27572687427111
2022.098510742188 -98.364883422852 -100.3317484328503
2022.197143554688 -97.296119689941 -100.46030754232501
2022.22998046875 -103.333923339844 -100.4829617983741
2022.262817382812 -98.781127929688 -100.52221572531653
2022.295654296875 -100.176597595215 -100.68386236157707
2022.328491210938 -97.355735778809 -101.1092956360144
2022.394287109375 -102.88655090332 -102.38988633387095
2022.558471679688 -111.106071472168 -104.91517645070213
2022.591430664062 -91.893692016602 -105.44859618236234
2022.68994140625 -93.525024414062 -107.16204540789245
2022.722778320312 -118.47908782959 -107.87636139795708
2022.821411132812 -110.024642944336 -110.05681312804545
2022.854248046875 -110.034965515137 -110.41438021891688
2022.887084960938 -107.984008789062 -110.58313338230708
2022.919921875 -112.723197937012 -110.69247478868299
2022.952758789062 -111.773262023926 -110.79882364014502
2022.985595703125 -112.7060546875 -110.89684340119554
2023.019165039062 -110.454246520996 -110.9859039720679
2023.052001953125 -111.375831604004 -111.08228634361228
2023.084838867188 -110.504920959473 -111.14927851469349
2023.11767578125 -111.037338256836 -111.1645607470668
2023.150634765625 -112.429832458496 -111.18875662737126
2023.183471679688 -110.519836425781 -111.17567005815386
2023.21630859375 -110.615760803223 -111.1807754332059
2023.249145507812 -112.497108459473 -111.20389786125843
2023.281982421875 -111.661109924316 -111.23843744869805
2023.314819335938 -110.459671020508 -111.2784707911931
2023.34765625 -111.048416137695 -111.32004419743689
2023.380615234375 -112.703620910645 -111.36130444559116
2023.413452148438 -109.640525817871 -111.4010107211216
2023.4462890625 -109.614601135254 -111.43868955176826
2023.57763671875 -115.212936401367 -111.5878287058909
