2014.804931640625 0.0 7.570739971082013
2014.837768554688 6.558739185333 6.069882767948922
2014.903442382812 0.628602921963 3.064358314203844
2014.96923828125 2.324097156525 0.048360091056860496
2015.03564453125 8.802433013916 -2.999935806708129
2015.101318359375 5.761703491211 -6.018516967442
2015.265625 -12.59575843811 -13.585511379316472
2015.331298828125 -34.554019927979 -16.61496551978728
2015.39697265625 -7.880103111267 -19.646747693655175
2016.021850585938 -38.132568359375 -48.481535225923906
2016.1533203125 -54.071937561035 -55.772802984075994
2016.350463867188 -113.302711486816 -64.71730210682654
2016.416137695312 -66.016593933105 -67.16558566883855
2016.547607421875 -81.559211730957 -72.24309594834442
2016.744750976562 -94.576698303223 -80.03368982055743
2016.777587890625 -81.938415527344 -81.00750230812005
2016.810424804688 -89.637619018555 -82.00364166888896
2016.84326171875 -77.577644348145 -82.84819884845685
2016.876098632812 -86.434425354004 -83.26631884262513
2016.908935546875 -79.967407226562 -83.62651375526391
2016.941772460938 -86.025527954102 -84.03594303751704
2016.974731445312 -82.248504638672 -84.51798914577061
2017.005493164062 -83.170532226562 -85.08014943211342
2017.038330078125 -83.199005126953 -85.64259962696308
2017.071166992188 -85.838371276855 -86.21843640404416
2017.10400390625 -86.496528625488 -87.07932081990138
2017.136840820312 -84.253051757812 -88.10878325567401
2017.169799804688 -90.335250854492 -89.23607748468638
2017.20263671875 -89.671043395996 -90.47207800441609
2017.235473632812 -91.35969543457 -91.83409720587392
2017.268310546875 -88.90007019043 -93.2881534860128
2017.301147460938 -91.555122375488 -94.78633214499001
2017.333984375 -100.223571777344 -96.29512756185426
2017.366821289062 -99.286521911621 -97.79353719671754
2017.399780273438 -101.607490539551 -99.26611138474544
2017.4326171875 -95.35880279541 -100.66069320854365
2017.498291015625 -108.555465698242 -103.08284387177797
2017.531127929688 -106.44652557373 -104.0951315600581
2017.56396484375 -106.462554931641 -104.95773203892355
2017.596801757812 -107.352783203125 -105.65698013635243
2017.629760742188 -110.726104736328 -106.19640714735888
2017.66259765625 -108.712142944336 -106.58451722587876
2017.695434570312 -109.967948913574 -106.85153372026217
2017.728271484375 -106.245323181152 -107.00312137038931
2017.761108398438 -104.539459228516 -107.09748270039577
2017.7939453125 -103.665824890137 -107.20432024278972
2017.826782226562 -107.215454101562 -107.37182245400439
2017.859741210938 -105.845520019531 -107.60387153354817
2017.892578125 -106.604904174805 -107.92370896359957
2017.925415039062 -105.972129821777 -108.35796107604814
2017.958251953125 -108.415023803711 -108.9417131137104
2017.991088867188 -108.655235290527 -109.69970073039218
2018.024658203125 -108.891067504883 -110.66247066798516
2018.057495117188 -111.902229309082 -111.78069784906049
2018.09033203125 -112.648628234863 -113.04809117957936
2018.123168945312 -113.731391906738 -114.48199200894094
2018.156005859375 -112.937446594238 -116.10659995129248
2018.18896484375 -116.050605773926 -117.90493365069632
2018.221801757812 -116.751754760742 -119.81589682982555
2018.254638671875 -119.834976196289 -121.81640738583963
2018.287475585938 -123.287055969238 -123.89789022213965
2018.3203125 -123.874015808105 -126.0529638232874
2018.353149414062 -129.570739746094 -128.26959445600988
2018.385986328125 -140.084884643555 -130.50870559846547
2018.4189453125 -137.304870605469 -132.72040253076315
2018.451782226562 -138.740234375 -134.84119985092258
2018.484619140625 -129.684158325195 -136.8571305413423
2018.517456054688 -135.215118408203 -138.76233481238833
2018.55029296875 -143.309906005859 -140.5293447622348
2018.583129882812 -148.153701782227 -142.1386819179933
2018.615966796875 -146.206298828125 -143.5894208627391
2018.64892578125 -154.559432983398 -144.8902940267718
2018.681762695312 -147.414901733398 -146.0723499215992
2018.714599609375 -147.913223266602 -147.20076980920848
2018.747436523438 -149.411041259766 -148.30678102242635
2018.7802734375 -146.231582641602 -149.36820160118845
2018.813110351562 -141.568725585938 -150.35086435812735
2018.845947265625 -149.400085449219 -151.23119642475896
2018.87890625 -152.284790039062 -152.07220500047424
2018.911743164062 -154.268707275391 -152.98877761527115
2018.944580078125 -153.954299926758 -153.9362581149576
2018.977416992188 -156.562606811523 -154.94990437200337
2019.010986328125 -155.359848022461 -155.99406509988756
2019.043823242188 -157.539138793945 -157.02479459133892
2019.109497070312 -157.538528442383 -158.7191850008556
2019.1259765625 -164.853561401367 -159.12302400520602
2019.142333984375 -157.542633056641 -159.482578058054
2019.175170898438 -161.313003540039 -160.20695319991103
2019.191650390625 -159.58317565918 -160.52306372187994
2019.208129882812 -164.57063293457 -160.81058979021043
2019.224487304688 -161.834823608398 -161.09613122590747
2019.240966796875 -157.75146484375 -161.32320784978143
2019.25732421875 -163.266937255859 -161.5472206767274
2019.273803710938 -161.789306640625 -161.77082223669058
2019.290161132812 -162.035781860352 -161.9714250937455
2019.306640625 -160.557327270508 -162.2141353776127
2019.323120117188 -163.388046264648 -162.47941266084655
2019.339477539062 -162.885940551758 -162.77849604599393
2019.35595703125 -160.630310058594 -163.12423958196206
2019.372314453125 -163.227935791016 -163.51057333919502
2019.388793945312 -164.15299987793 -163.96509748889423
2019.405151367188 -159.705673217773 -164.62375137104186
2019.421630859375 -168.300445556641 -165.29359580450526
2019.438110351562 -164.783233642578 -166.09113610668348
2019.454467773438 -166.90087890625 -167.016591895248
2019.470947265625 -161.780792236328 -168.0616812883129
2019.4873046875 -168.717819213867 -169.17877042800822
2019.503784179688 -167.767349243164 -170.45502338828283
2019.520141601562 -163.112945556641 -171.62158784139604
2019.53662109375 -173.642074584961 -172.86435287440221
2019.569458007812 -178.094924926758 -175.54448058348305
2019.602294921875 -183.864608764648 -178.3576959026964
2019.618774414062 -173.905883789062 -179.76191625583857
2019.635131835938 -180.034957885742 -181.17815861268843
2019.651611328125 -183.31330871582 -182.59817620218382
2019.668090820312 -169.224960327148 -184.03974260762317
2019.71728515625 -190.059509277344 -188.23781189763292
2019.733764648438 -189.806076049805 -189.61532196581106
2019.750122070312 -191.162307739258 -190.94004833054044
2019.7666015625 -190.847702026367 -192.27826140590483
2019.799438476562 -194.617935180664 -194.86785808411818
2019.832275390625 -199.988723754883 -197.4426753670154
2019.865112304688 -199.752578735352 -199.99554501705063
2019.898071289062 -202.624450683594 -202.52275187399974
2019.930908203125 -206.163482666016 -205.0027029206524
2019.963745117188 -206.67919921875 -207.4710452364531
2019.99658203125 -209.760650634766 -209.93470116495075
2020.030151367188 -212.109771728516 -212.4545316110605
2020.06298828125 -214.786911010742 -214.8764103815889
2020.095825195312 -217.252868652344 -217.25092549787215
2020.128662109375 -219.973663330078 -219.55496739287892
2020.161499023438 -222.432418823242 -221.748634607428
2020.177978515625 -223.457382202148 -222.68591512041812
2020.1943359375 -224.132293701172 -223.78352210257557
2020.227294921875 -228.499130249023 -225.63700060632425
2020.260131835938 -228.256973266602 -227.28522264332483
2020.29296875 -232.282913208008 -228.88608087541462
2020.325805664062 -234.292617797852 -230.3097000273819
2020.358642578125 -232.231842041016 -231.4875331516036
2020.391479492188 -234.443984985352 -232.64513312233012
2020.42431640625 -233.372421264648 -233.75084569408278
2020.457275390625 -229.462829589844 -234.74565907088808
2020.490112304688 -236.171249389648 -235.6813755845728
2020.52294921875 -233.269256591797 -236.73274778557283
2020.555786132812 -237.030776977539 -238.03352788424013
2020.572265625 -240.352066040039 -239.00243778345637
2020.588623046875 -234.542007446289 -240.02712749255497
2020.605102539062 -237.328918457031 -240.74838348522954
2020.621459960938 -247.152786254883 -241.85863196060023
2020.654296875 -240.814239501953 -243.93005204302892
2020.687255859375 -232.483169555664 -246.23735605247688
2020.70361328125 -240.283447265625 -247.377328588513
2020.720092773438 -246.227127075195 -248.74199880868787
2020.7529296875 -250.927261352539 -251.3511417355708
2020.785766601562 -255.328872680664 -253.99977327238668
2020.818603515625 -258.09375 -256.68275196785095
2020.851440429688 -258.150848388672 -259.41017293902956
2020.917236328125 -265.479644775391 -265.0175568763569
2020.950073242188 -269.807067871094 -267.7522768232257
2020.98291015625 -270.55224609375 -270.3919145619484
2021.013671875 -273.962463378906 -272.8991269145843
2021.046508789062 -274.244445800781 -275.4044266606639
2021.079345703125 -278.255981445312 -277.71585233589
2021.1123046875 -281.739074707031 -279.9683674837844
2021.145141601562 -283.794921875 -282.0909990845027
2021.177978515625 -285.107574462891 -284.0939172678352
2021.210815429688 -290.138854980469 -285.990324328752
2021.24365234375 -286.499298095703 -287.9639564424542
2021.276489257812 -289.876861572266 -289.7051928514584
2021.309326171875 -298.141662597656 -291.4300440879328
2021.34228515625 -293.227813720703 -293.17069415637786
2021.358642578125 -294.938079833984 -294.0860651678442
2021.391479492188 -295.571411132812 -295.87550180082286
2021.407958984375 -292.751800537109 -296.8314690984209
2021.440795898438 -291.121307373047 -298.6147827246112
2021.4736328125 -292.038421630859 -300.3611043126925
2021.506469726562 -301.203826904297 -302.04973886406
2021.539306640625 -305.698272705078 -303.6830156720799
2021.572265625 -308.007049560547 -305.25993767697287
2021.605102539062 -306.780975341797 -306.91806459467665
2021.637939453125 -315.447052001953 -308.5829178930206
2021.670776367188 -313.756683349609 -310.2237093654442
2021.736450195312 -311.301177978516 -313.1697505350311
2021.769287109375 -315.171173095703 -314.6021424960028
2021.80224609375 -315.762878417969 -315.91861205252417
2021.835083007812 -315.069946289062 -317.2177889607029
2021.867919921875 -323.248626708984 -318.4237117582454
2021.966430664062 -323.343170166016 -321.7680479481338
2022.0 -320.889099121094 -322.8194052594278
2022.065673828125 -327.028533935547 -324.94699126862105
2022.098510742188 -326.375610351562 -325.9863116008455
2022.197143554688 -329.729034423828 -329.2501373492096
2022.22998046875 -333.125427246094 -330.3445144020043
2022.262817382812 -326.223999023438 -331.45909866258074
2022.295654296875 -329.544464111328 -332.7064173971754
2022.328491210938 -335.237426757812 -334.2511071914716
2022.394287109375 -332.357574462891 -338.05717577091843
2022.558471679688 -354.093627929688 -346.3861056223592
2022.591430664062 -331.655059814453 -347.96102263554843
2022.68994140625 -341.544036865234 -353.2449032186585
2022.722778320312 -369.421417236328 -355.41694030768224
2022.821411132812 -364.133117675781 -361.8085120276172
2022.854248046875 -358.879730224609 -363.1728380993852
2022.887084960938 -363.428436279297 -364.2363547577301
2022.919921875 -365.958435058594 -365.20684645275657
2022.952758789062 -368.039093017578 -366.1636750273453
2022.985595703125 -369.364105224609 -367.1018539587871
2023.019165039062 -367.37451171875 -368.06332270245343
2023.052001953125 -367.763977050781 -369.0147340745251
2023.084838867188 -369.865966796875 -369.9788774700286
2023.11767578125 -371.497436523438 -370.94922244069716
2023.150634765625 -373.316375732422 -371.91500682321174
2023.183471679688 -373.862640380859 -372.8632770414523
2023.21630859375 -367.735229492188 -373.80216244271736
2023.249145507812 -371.595306396484 -374.73472795561224
2023.281982421875 -374.589080810547 -375.66448249216785
2023.314819335938 -380.323883056641 -376.59518943950377
2023.34765625 -377.704528808594 -377.52966288076675
2023.380615234375 -381.247161865234 -378.4719567390377
2023.413452148438 -372.209930419922 -379.4145197838416
2023.4462890625 -379.790313720703 -380.35902002773827
2023.57763671875 -418.94482421875 -384.14373866968765
