2014.804931640625 0.0 4.622753800569745
2014.837768554688 3.612771987915 3.418585156669241
2014.903442382812 1.480808019638 1.0099404742835487
2014.96923828125 -1.077471613884 -1.4036290977602124
2015.03564453125 -5.553526878357 -3.8401919597228145
2015.101318359375 -4.206722736359 -6.250667985325663
2015.265625 -13.534718513489 -12.285630549583653
2015.331298828125 -14.847527503967 -14.700377138916696
2015.39697265625 -12.582047462463 -17.116934900351474
2016.021850585938 -38.9619140625 -40.013515261513206
2016.1533203125 -33.075439453125 -44.739168791551236
2016.350463867188 -54.898609161377 -51.97620086731019
2016.416137695312 -65.853935241699 -54.25330136242207
2016.547607421875 -58.79585647583 -59.26309658355382
2016.744750976562 -74.522323608398 -65.4581467559081
2016.777587890625 -71.244903564453 -66.3328618722529
2016.810424804688 -71.967315673828 -67.22945614423917
2016.84326171875 -70.624382019043 -68.08791233348889
2016.876098632812 -69.134803771973 -68.78969864317526
2016.908935546875 -70.304130554199 -69.42793109051557
2016.941772460938 -68.560211181641 -70.11759535768452
2016.974731445312 -68.795608520508 -70.57083055759746
2017.005493164062 -70.423049926758 -70.97614099400116
2017.038330078125 -71.585594177246 -71.40408326603787
2017.071166992188 -70.446098327637 -71.84961509365644
2017.10400390625 -71.908302307129 -72.46259713104142
2017.136840820312 -72.17253112793 -73.18398231530195
2017.169799804688 -72.669044494629 -73.98373523214482
2017.20263671875 -73.92308807373 -74.87711927754054
2017.235473632812 -74.877578735352 -75.87187213227563
2017.268310546875 -77.048568725586 -76.97099469857567
2017.301147460938 -77.367546081543 -78.16779590386855
2017.333984375 -78.169570922852 -79.4506936572388
2017.366821289062 -79.214408874512 -80.7849087587853
2017.399780273438 -82.491111755371 -82.12363729163879
2017.4326171875 -83.75724029541 -83.41973862435252
2017.498291015625 -85.925827026367 -85.86636774388461
2017.531127929688 -90.562355041504 -87.01953286060258
2017.56396484375 -90.206398010254 -88.14031477916619
2017.596801757812 -92.271308898926 -89.20988757019101
2017.629760742188 -91.950248718262 -90.20453557092576
2017.66259765625 -92.040115356445 -91.07538687629417
2017.695434570312 -92.327369689941 -91.8077941616773
2017.728271484375 -92.659729003906 -92.38674235997145
2017.761108398438 -93.62670135498 -92.82600290128357
2017.7939453125 -93.416770935059 -93.16019779106978
2017.826782226562 -93.531120300293 -93.42132269162195
2017.859741210938 -97.287544250488 -93.62535680787609
2017.892578125 -92.834114074707 -93.79446940273358
2017.925415039062 -95.087020874023 -93.94262358838013
2017.958251953125 -93.63346862793 -94.0774144470423
2017.991088867188 -94.344215393066 -94.20196356906486
2018.024658203125 -94.693603515625 -94.3252402332022
2018.057495117188 -94.796592712402 -94.45552031222795
2018.09033203125 -94.547706604004 -94.61704319167703
2018.123168945312 -92.716331481934 -94.82807686846708
2018.156005859375 -94.918151855469 -95.09931087043341
2018.18896484375 -94.824020385742 -95.43667231848309
2018.221801757812 -94.7490234375 -95.83640658740654
2018.254638671875 -95.05379486084 -96.29895503914366
2018.287475585938 -95.589294433594 -96.82557952555634
2018.3203125 -96.490615844727 -97.40323465860388
2018.353149414062 -96.881874084473 -98.02769168900875
2018.385986328125 -99.475166320801 -98.69083285694782
2018.4189453125 -99.116317749023 -99.37616142711391
2018.451782226562 -100.300277709961 -100.06259858953327
2018.484619140625 -101.427772521973 -100.73894312701584
2018.517456054688 -102.461334228516 -101.39250461113711
2018.55029296875 -103.687889099121 -102.00934665162491
2018.583129882812 -103.821952819824 -102.57041166430217
2018.615966796875 -100.28491973877 -103.0559095304607
2018.64892578125 -104.172103881836 -103.45396122261461
2018.681762695312 -105.532516479492 -103.76724896531047
2018.714599609375 -103.638481140137 -104.00375595212161
2018.747436523438 -106.266815185547 -104.16732849998169
2018.7802734375 -105.376434326172 -104.27161312186068
2018.813110351562 -104.731353759766 -104.32193239483952
2018.845947265625 -105.62279510498 -104.36465927117662
2018.87890625 -104.901947021484 -104.36837802989339
2018.911743164062 -103.063949584961 -104.331677648809
2018.944580078125 -102.567230224609 -104.26108886818356
2018.977416992188 -105.106956481934 -104.1726430292235
2019.010986328125 -103.644966125488 -104.14039946908018
2019.043823242188 -102.336212158203 -104.09554740105747
2019.109497070312 -104.126953125 -104.281935453313
2019.1259765625 -105.740051269531 -104.35984132961781
2019.142333984375 -103.95809173584 -104.48264178276759
2019.175170898438 -103.687141418457 -104.73385852743799
2019.191650390625 -102.17406463623 -104.9265111802125
2019.208129882812 -104.992561340332 -105.15712864389462
2019.224487304688 -106.499618530273 -105.38327894480905
2019.240966796875 -105.802452087402 -105.66674053884879
2019.25732421875 -105.062355041504 -105.9802013927069
2019.273803710938 -106.307708740234 -106.26407330547127
2019.290161132812 -105.529273986816 -106.59543077224882
2019.306640625 -106.975082397461 -107.03201927084004
2019.323120117188 -107.880233764648 -107.47883333711677
2019.339477539062 -105.126594543457 -107.91324266334317
2019.35595703125 -108.168121337891 -108.33506973815221
2019.372314453125 -110.107925415039 -108.73967980157195
2019.388793945312 -107.938690185547 -109.14133667672492
2019.405151367188 -110.654624938965 -109.49989778030638
2019.421630859375 -110.979278564453 -109.898425197678
2019.438110351562 -111.232650756836 -110.30507485147544
2019.454467773438 -111.358963012695 -110.71504201331646
2019.470947265625 -110.297622680664 -111.135643154893
2019.4873046875 -111.790222167969 -111.56196539962977
2019.503784179688 -111.201942443848 -112.01302393357791
2019.520141601562 -111.458618164062 -112.43151300159504
2019.53662109375 -110.153343200684 -112.85352025037919
2019.569458007812 -114.31339263916 -113.72158175906647
2019.602294921875 -117.952911376953 -114.64704041940522
2019.618774414062 -114.374267578125 -115.10497522808508
2019.635131835938 -115.096900939941 -115.5728901508577
2019.651611328125 -117.029594421387 -116.0456992094175
2019.668090820312 -115.635917663574 -116.51312739236343
2019.71728515625 -119.829223632812 -117.78137421217593
2019.733764648438 -118.559371948242 -118.17998978021022
2019.750122070312 -118.293846130371 -118.50652242000224
2019.7666015625 -119.008033752441 -118.86280526568602
2019.799438476562 -120.549697875977 -119.46789747361706
2019.832275390625 -121.159141540527 -120.04530849704683
2019.865112304688 -119.896430969238 -120.5694080947396
2019.898071289062 -121.125518798828 -121.03713716198205
2019.930908203125 -122.226165771484 -121.42648078103973
2019.963745117188 -122.125183105469 -121.74271798458963
2019.99658203125 -122.385940551758 -122.0325821181875
2020.030151367188 -122.446350097656 -122.36006639524733
2020.06298828125 -122.807693481445 -122.60615486865801
2020.095825195312 -122.830177307129 -122.85500953025912
2020.128662109375 -123.284378051758 -123.10184539658842
2020.161499023438 -123.153015136719 -123.3547326702149
2020.177978515625 -123.540939331055 -123.49893173915109
2020.1943359375 -123.42790222168 -123.61721897536867
2020.227294921875 -123.77254486084 -123.90226170302786
2020.260131835938 -122.363739013672 -124.209718592913
2020.29296875 -124.618827819824 -124.5241965237582
2020.325805664062 -125.257041931152 -124.8668093115449
2020.358642578125 -124.842079162598 -125.26196185893406
2020.391479492188 -124.883903503418 -125.67447702326953
2020.42431640625 -127.501907348633 -126.10980466871565
2020.457275390625 -125.51505279541 -126.57011578093076
2020.490112304688 -127.679153442383 -127.02841571496278
2020.52294921875 -126.410308837891 -127.45534061643353
2020.555786132812 -128.858596801758 -127.82852819559712
2020.572265625 -128.512069702148 -127.94328552927557
2020.588623046875 -127.538558959961 -128.01915688017314
2020.605102539062 -130.46240234375 -128.18400931028827
2020.621459960938 -127.791290283203 -128.21060153591696
2020.654296875 -130.773559570312 -128.30085183593033
2020.687255859375 -131.699935913086 -128.28477847417722
2020.70361328125 -128.418563842773 -128.28869633646548
2020.720092773438 -129.170715332031 -128.17007329444908
2020.7529296875 -128.962158203125 -128.00878225037007
2020.785766601562 -128.665481567383 -127.82877787022834
2020.818603515625 -126.784286499023 -127.64525743870536
2020.851440429688 -125.899993896484 -127.45478874700761
2020.917236328125 -126.525779724121 -127.07397402550194
2020.950073242188 -125.822875976562 -126.99621420937048
2020.98291015625 -126.531913757324 -126.98266456669424
2021.013671875 -126.551856994629 -126.90124246603388
2021.046508789062 -126.037696838379 -126.98122182731487
2021.079345703125 -126.979110717773 -127.23113707217806
2021.1123046875 -126.600006103516 -127.51618746170415
2021.145141601562 -127.559600830078 -127.87252020449651
2021.177978515625 -127.115127563477 -128.2772635203941
2021.210815429688 -128.490539550781 -128.71752276714216
2021.24365234375 -129.572418212891 -129.13839968231372
2021.276489257812 -128.359634399414 -129.65525583644208
2021.309326171875 -130.188385009766 -130.19459104832936
2021.34228515625 -130.897705078125 -130.74248030067056
2021.358642578125 -133.261581420898 -130.995472911801
2021.391479492188 -131.838577270508 -131.51163516747155
2021.407958984375 -130.440048217773 -131.74748573014972
2021.440795898438 -131.823181152344 -132.23115042925838
2021.4736328125 -133.790084838867 -132.644587870903
2021.506469726562 -134.500274658203 -132.93210661233996
2021.539306640625 -134.927703857422 -133.08922616107293
2021.572265625 -132.134521484375 -133.04485398551242
2021.605102539062 -138.652008056641 -133.1402545217338
2021.637939453125 -133.98600769043 -133.19123159071896
2021.670776367188 -136.508270263672 -133.18311350273365
2021.736450195312 -137.521560668945 -132.95447253301182
2021.769287109375 -133.069427490234 -132.84921080227824
2021.80224609375 -132.159927368164 -132.68392531431414
2021.835083007812 -131.177795410156 -132.5121016579689
2021.867919921875 -134.450286865234 -132.30322359150566
2021.966430664062 -131.169464111328 -131.8644331850632
2022.0 -129.473297119141 -131.8331558370787
2022.065673828125 -133.34831237793 -131.6748142135679
2022.098510742188 -129.066146850586 -131.7441100644825
2022.197143554688 -128.564041137695 -132.10699040363272
2022.22998046875 -130.63508605957 -132.24775110393398
2022.262817382812 -127.81746673584 -132.40772850905563
2022.295654296875 -135.867401123047 -132.59073393777695
2022.328491210938 -131.357788085938 -132.81046188185442
2022.394287109375 -132.568786621094 -133.34207610652797
2022.558471679688 -136.781723022461 -134.84716148984367
2022.591430664062 -134.987747192383 -135.2332524637186
2022.68994140625 -134.011795043945 -136.3082225865763
2022.722778320312 -139.75325012207 -136.62583652287856
2022.821411132812 -139.951736450195 -137.45961542230734
2022.854248046875 -138.429092407227 -137.68507294391972
2022.887084960938 -137.794906616211 -137.90071039701544
2022.919921875 -135.418487548828 -138.12956662717247
2022.952758789062 -138.16716003418 -138.3642692047537
2022.985595703125 -139.206695556641 -138.5678676624143
2023.019165039062 -138.848052978516 -138.76961641696124
2023.052001953125 -138.531723022461 -138.94150127446622
2023.084838867188 -138.856643676758 -139.1469185778767
2023.11767578125 -139.301803588867 -139.3809403535552
2023.150634765625 -138.68913269043 -139.5966506934795
2023.183471679688 -139.063430786133 -139.81763684924468
2023.21630859375 -140.353393554688 -140.03598189247202
2023.249145507812 -141.901870727539 -140.25523544622118
2023.281982421875 -141.102920532227 -140.47677169786937
2023.314819335938 -140.298767089844 -140.70042907768124
2023.34765625 -141.763610839844 -140.92544785791804
2023.380615234375 -140.449768066406 -141.15188633527572
2023.413452148438 -144.274627685547 -141.37707806072316
2023.4462890625 -139.870376586914 -141.60106860974435
2023.57763671875 -136.017486572266 -142.47399346870708
