2014.804931640625 0.0 2.3876094132632733
2014.837768554688 6.848709106445 0.9008218879762382
2014.903442382812 3.457319259644 -2.070440173275806
2014.96923828125 -5.607065200806 -5.043799858416841
2015.03564453125 -7.85532617569 -8.041205440292671
2015.101318359375 -18.446935653687 -11.002010651143673
2015.265625 -15.122511863708 -18.393872524173748
2015.331298828125 -25.057584762573 -21.342177248504992
2015.39697265625 -32.285907745361 -24.287578822576442
2016.021850585938 -50.418800354004 -52.11669504388553
2016.1533203125 -62.015171051025 -57.88393005657789
2016.350463867188 -86.28816986084 -65.56491685857792
2016.416137695312 -61.503917694092 -67.93150880892794
2016.547607421875 -71.771507263184 -73.06494975295823
2016.744750976562 -91.974983215332 -80.41228229395776
2016.777587890625 -86.755256652832 -81.16304936534193
2016.810424804688 -91.678733825684 -81.95647760129575
2016.84326171875 -87.814086914062 -82.79171876763682
2016.876098632812 -85.064849853516 -83.38935838792254
2016.908935546875 -84.108352661133 -83.86928406976469
2016.941772460938 -82.748115539551 -84.42930715724737
2016.974731445312 -82.45548248291 -84.62913223632432
2017.005493164062 -83.980827331543 -84.82120649640434
2017.038330078125 -85.098831176758 -85.01275593018862
2017.071166992188 -82.508056640625 -85.24312683207931
2017.10400390625 -84.550285339355 -85.80053179689268
2017.136840820312 -84.212760925293 -86.54629539170014
2017.169799804688 -84.733741760254 -87.4037228037674
2017.20263671875 -86.961196899414 -88.40955740728917
2017.235473632812 -86.801147460938 -89.58845387652347
2017.268310546875 -91.28239440918 -90.93237326489742
2017.301147460938 -90.784622192383 -92.40448170047618
2017.333984375 -93.179351806641 -93.96739443016469
2017.366821289062 -94.278366088867 -95.57191497196574
2017.399780273438 -97.386871337891 -97.15727287686515
2017.4326171875 -100.328033447266 -98.6648746228087
2017.498291015625 -104.204261779785 -101.43279679971678
2017.531127929688 -105.821235656738 -102.6866840246623
2017.56396484375 -106.178092956543 -103.85076585936912
2017.596801757812 -106.293830871582 -104.91015699708181
2017.629760742188 -109.49243927002 -105.84042989966137
2017.66259765625 -107.819442749023 -106.58949149532589
2017.695434570312 -106.362396240234 -107.14693810740293
2017.728271484375 -107.570869445801 -107.5165517307655
2017.761108398438 -108.959007263184 -107.7591900872571
2017.7939453125 -109.26432800293 -107.95225474645295
2017.826782226562 -107.933792114258 -108.13993052684711
2017.859741210938 -109.078758239746 -108.32553186518669
2017.892578125 -106.679618835449 -108.51606124381297
2017.925415039062 -107.36270904541 -108.72850755720674
2017.958251953125 -108.743896484375 -108.99609489631013
2017.991088867188 -108.569435119629 -109.34632162920886
2018.024658203125 -108.643417358398 -109.79436824411368
2018.057495117188 -109.855834960938 -110.32404710526926
2018.09033203125 -111.139511108398 -110.95954886738005
2018.123168945312 -110.324111938477 -111.71350736445714
2018.156005859375 -109.358573913574 -112.57906191805645
2018.18896484375 -111.689338684082 -113.54474118501662
2018.221801757812 -112.674690246582 -114.58995198755426
2018.254638671875 -116.94059753418 -115.69690926382009
2018.287475585938 -117.358833312988 -116.84937244342849
2018.3203125 -116.475677490234 -118.02885201772236
2018.353149414062 -117.982009887695 -119.23196641898349
2018.385986328125 -121.413078308105 -120.4534499618959
2018.4189453125 -124.663688659668 -121.66735334175507
2018.451782226562 -122.71118927002 -122.8239210605019
2018.484619140625 -125.013641357422 -123.90619299040665
2018.517456054688 -127.078102111816 -124.92083897198742
2018.55029296875 -126.396110534668 -125.88522863620643
2018.583129882812 -126.853637695312 -126.79140429039998
2018.615966796875 -125.31031036377 -127.62188075660399
2018.64892578125 -132.643707275391 -128.35955978022253
2018.681762695312 -132.026550292969 -128.99492313819636
2018.714599609375 -126.295509338379 -129.54341704265042
2018.747436523438 -129.824249267578 -130.02666625470496
2018.7802734375 -132.275848388672 -130.47124480741454
2018.813110351562 -132.405410766602 -130.86910862069374
2018.845947265625 -134.202255249023 -131.27579183975826
2018.87890625 -131.513244628906 -131.6275937880058
2018.911743164062 -131.244216918945 -131.90709292326494
2018.944580078125 -132.189895629883 -132.17072480998957
2018.977416992188 -131.298522949219 -132.4273613267515
2019.010986328125 -131.523864746094 -132.66289197128722
2019.043823242188 -132.579116821289 -132.8340073722618
2019.109497070312 -133.621490478516 -133.47623240345033
2019.1259765625 -133.159545898438 -133.67283860614046
2019.142333984375 -134.317993164062 -133.91548041026815
2019.175170898438 -134.513854980469 -134.44447044934384
2019.191650390625 -134.664169311523 -134.7561862734838
2019.208129882812 -134.041839599609 -135.09561989579356
2019.224487304688 -134.842102050781 -135.41877775696523
2019.240966796875 -135.823272705078 -135.8137462001141
2019.25732421875 -135.7724609375 -136.22451672059546
2019.273803710938 -135.9697265625 -136.61341819914622
2019.290161132812 -136.210205078125 -137.02356868281223
2019.306640625 -136.758087158203 -137.47765317155404
2019.323120117188 -138.412475585938 -137.90788367938734
2019.339477539062 -139.351837158203 -138.29137363210575
2019.35595703125 -138.555648803711 -138.62256615795505
2019.372314453125 -142.348388671875 -138.88887659620386
2019.388793945312 -139.560180664062 -139.10543676700257
2019.405151367188 -140.379837036133 -139.23485685255758
2019.421630859375 -140.71110534668 -139.4721790279709
2019.438110351562 -140.154190063477 -139.72171414671382
2019.454467773438 -141.338394165039 -139.9825309226169
2019.470947265625 -136.995223999023 -140.27720651934376
2019.4873046875 -137.464782714844 -140.61436801596003
2019.503784179688 -136.382736206055 -141.11924156751942
2019.520141601562 -136.451538085938 -141.48788093101834
2019.53662109375 -142.638412475586 -141.8870397586623
2019.569458007812 -145.159210205078 -142.7947274324629
2019.602294921875 -142.694091796875 -143.87723619673824
2019.618774414062 -141.217559814453 -144.42670901315773
2019.635131835938 -147.576583862305 -145.02033408754863
2019.651611328125 -148.136276245117 -145.65387908242607
2019.668090820312 -145.202606201172 -146.2938252737489
2019.71728515625 -150.17529296875 -148.06493091742826
2019.733764648438 -147.67561340332 -148.6003555409991
2019.750122070312 -147.904510498047 -149.0407339998061
2019.7666015625 -149.69401550293 -149.50802993169523
2019.799438476562 -151.409759521484 -150.29850137761215
2019.832275390625 -155.237594604492 -151.05446720363804
2019.865112304688 -152.248046875 -151.7291166025324
2019.898071289062 -152.663192749023 -152.31446646283155
2019.930908203125 -153.203964233398 -152.79773233904464
2019.963745117188 -154.037185668945 -153.1451550322584
2019.99658203125 -153.795059204102 -153.4394823908786
2020.030151367188 -154.440948486328 -153.78386576251128
2020.06298828125 -153.836959838867 -153.94221067293748
2020.095825195312 -153.83723449707 -154.13643976136666
2020.128662109375 -154.904266357422 -154.43467129745324
2020.161499023438 -154.295150756836 -154.91406447458215
2020.177978515625 -154.372268676758 -155.38746757750144
2020.1943359375 -154.853271484375 -155.6162315607822
2020.227294921875 -153.156127929688 -156.55130617866774
2020.260131835938 -151.281890869141 -157.68719349174557
2020.29296875 -155.147811889648 -158.80491704370894
2020.325805664062 -154.605895996094 -160.07838841710955
2020.358642578125 -160.609100341797 -161.67271223705788
2020.391479492188 -160.705337524414 -163.38107913507184
2020.42431640625 -164.168106079102 -165.271426284934
2020.457275390625 -170.535919189453 -167.45607976618598
2020.490112304688 -169.20964050293 -169.73477571626026
2020.52294921875 -173.419326782227 -171.84831019293694
2020.555786132812 -173.150588989258 -173.75887582055827
2020.572265625 -181.808135986328 -174.4663908473187
2020.588623046875 -185.582473754883 -175.1249112881239
2020.605102539062 -179.084671020508 -176.09781664480022
2020.621459960938 -184.568176269531 -176.6838634692395
2020.654296875 -189.832458496094 -178.03080682430476
2020.687255859375 -184.782821655273 -179.12456736154968
2020.70361328125 -182.771697998047 -179.75693874720892
2020.720092773438 -181.527770996094 -179.89120250409294
2020.7529296875 -182.167526245117 -180.40462345255645
2020.785766601562 -181.995010375977 -180.67339065078966
2020.818603515625 -181.917602539062 -180.6531413439492
2020.851440429688 -181.930953979492 -180.37192860753532
2020.917236328125 -178.234527587891 -179.57569476147526
2020.950073242188 -177.820022583008 -179.322236730566
2020.98291015625 -178.734085083008 -179.27089416530382
2021.013671875 -177.127899169922 -179.18358361139025
2021.046508789062 -175.438858032227 -179.5549590049396
2021.079345703125 -178.231781005859 -180.55387846710858
2021.1123046875 -176.773101806641 -181.5285735441235
2021.145141601562 -179.915710449219 -182.68909714474694
2021.177978515625 -180.124893188477 -184.03120803593072
2021.210815429688 -181.233367919922 -185.52391081712733
2021.24365234375 -180.600921630859 -186.8916271538878
2021.276489257812 -187.710037231445 -188.8048166521509
2021.309326171875 -190.95686340332 -190.88397875428828
2021.34228515625 -193.051971435547 -192.96912986655218
2021.358642578125 -196.696563720703 -193.7852858611883
2021.391479492188 -199.589935302734 -195.44429950936384
2021.407958984375 -195.719207763672 -196.05134446559978
2021.440795898438 -204.818313598633 -197.46942116473005
2021.4736328125 -206.668334960938 -198.6330085153701
2021.506469726562 -215.565811157227 -199.50798394545558
2021.539306640625 -209.953201293945 -200.15018178118373
2021.572265625 -202.843536376953 -200.18349683674333
2021.605102539062 -217.219268798828 -200.71741398671674
2021.637939453125 -205.624145507812 -201.2178845172108
2021.670776367188 -204.099105834961 -201.6318992315021
2021.736450195312 -206.937149047852 -201.53116017048254
2021.769287109375 -201.059524536133 -201.334574937097
2021.80224609375 -201.556915283203 -200.83140041310392
2021.835083007812 -198.851272583008 -200.26696372942374
2021.867919921875 -197.907363891602 -199.64170517049718
2021.966430664062 -199.689346313477 -197.87846416432228
2022.0 -195.320327758789 -197.38535644647982
2022.065673828125 -197.160583496094 -196.36733922497993
2022.098510742188 -193.522811889648 -196.05222630701127
2022.197143554688 -192.627105712891 -195.4551235065391
2022.22998046875 -194.077743530273 -195.41686091238708
2022.262817382812 -193.491516113281 -195.48921363398853
2022.295654296875 -192.127655029297 -195.67639901938068
2022.328491210938 -192.554977416992 -195.97260084614985
2022.394287109375 -195.929275512695 -196.7111170041353
2022.558471679688 -201.279647827148 -198.75106668423228
2022.591430664062 -206.350799560547 -199.28388867470855
2022.68994140625 -190.165740966797 -201.2527095738715
2022.722778320312 -201.763061523438 -201.90644228908386
2022.821411132812 -202.962707519531 -203.69810912009942
2022.854248046875 -202.131271362305 -204.41502666940613
2022.887084960938 -203.634201049805 -205.2579749294912
2022.919921875 -203.391082763672 -206.0727687030455
2022.952758789062 -205.925079345703 -207.0354483915898
2022.985595703125 -207.568298339844 -208.30498118076468
2023.019165039062 -209.363586425781 -209.70245607195332
2023.052001953125 -210.871612548828 -211.04157242004504
2023.084838867188 -212.144271850586 -212.56294561397027
2023.11767578125 -213.745513916016 -214.1767741078072
2023.150634765625 -215.118850708008 -215.7671486685921
2023.183471679688 -218.035781860352 -217.40354293126452
2023.21630859375 -217.621231079102 -219.11460303045843
2023.249145507812 -219.248062133789 -220.88682146987176
2023.281982421875 -222.579559326172 -222.69262242561527
2023.314819335938 -226.933151245117 -224.51511708575356
2023.34765625 -227.047103881836 -226.3458622207769
2023.380615234375 -224.605972290039 -228.18704253225144
2023.413452148438 -238.879547119141 -230.02295232855545
2023.4462890625 -226.268859863281 -231.86103540047733
2023.57763671875 -245.072708129883 -239.27805586096383
