2014.804931640625  0.41632699090355996
2014.837768554688  -0.864748850131776
2014.903442382812  -3.429440963572348
2014.96923828125  -6.002384957597367
2015.03564453125  -8.602700574319368
2015.101318359375  -11.177491152490289
2015.265625  -17.635554385459454
2015.331298828125  -20.22520850060624
2015.39697265625  -22.82113184507866
2016.021850585938  -47.63151448868776
2016.1533203125  -52.721985063008326
2016.350463867188  -61.62620800231572
2016.416137695312  -64.41436792500521
2016.547607421875  -70.55173818094426
2016.744750976562  -76.4817134876793
2016.777587890625  -77.20703679940468
2016.810424804688  -77.92775383969655
2016.84326171875  -78.64652602787982
2016.876098632812  -79.35748586920526
2016.908935546875  -80.05025818309069
2016.941772460938  -80.74486627917018
2016.974731445312  -81.41820538163923
2017.005493164062  -81.9821862224939
2017.038330078125  -82.60128731910478
2017.071166992188  -83.17304592073371
2017.10400390625  -83.65552435032441
2017.136840820312  -84.1397246211727
2017.169799804688  -84.6475403343221
2017.20263671875  -85.16743061297971
2017.235473632812  -85.69047397843411
2017.268310546875  -86.23869827417953
2017.301147460938  -86.90943511701782
2017.333984375  -87.7674074912869
2017.366821289062  -88.75411194066302
2017.399780273438  -89.75901586336293
2017.4326171875  -90.70730498562773
2017.498291015625  -92.3537392319566
2017.531127929688  -93.16204509690054
2017.56396484375  -94.04319938511125
2017.596801757812  -94.97974502587805
2017.629760742188  -95.87865945607682
2017.66259765625  -96.61472266049827
2017.695434570312  -97.1623794919026
2017.728271484375  -97.54035909128254
2017.761108398438  -97.7710268914499
2017.7939453125  -97.93992680094755
2017.826782226562  -98.09199055520322
2017.859741210938  -98.23803643354148
2017.892578125  -98.39875837301214
2017.925415039062  -98.60965351551462
2017.958251953125  -98.91039485908371
2017.991088867188  -99.31730971279477
2018.024658203125  -99.85205056228403
2018.057495117188  -100.52617167141251
2018.09033203125  -101.38288957042265
2018.123168945312  -102.42273978625043
2018.156005859375  -103.65829237147477
2018.18896484375  -105.07265501168366
2018.221801757812  -106.60639456203577
2018.254638671875  -108.22949666318668
2018.287475585938  -109.91896333454594
2018.3203125  -111.65001808551686
2018.353149414062  -113.36563775982172
2018.385986328125  -114.98394816769986
2018.4189453125  -116.48640573055711
2018.451782226562  -117.90115079064016
2018.484619140625  -119.24585233617802
2018.517456054688  -120.50817213154616
2018.55029296875  -121.67395894864401
2018.583129882812  -122.71714007762924
2018.615966796875  -123.6104951412021
2018.64892578125  -124.34723382102068
2018.681762695312  -124.9624519030154
2018.714599609375  -125.51350257769032
2018.747436523438  -126.00997646447055
2018.7802734375  -126.45041959200759
2018.813110351562  -126.81237375871152
2018.845947265625  -127.12386241319497
2018.87890625  -127.42467758081798
2018.911743164062  -127.75469999768713
2018.944580078125  -128.09893164419478
2018.977416992188  -128.4629944742897
2019.010986328125  -128.8349376215734
2019.043823242188  -129.17745459489106
2019.109497070312  -129.70249958569332
2019.1259765625  -129.8522815275119
2019.142333984375  -129.96259725067287
2019.175170898438  -130.20148642862026
2019.191650390625  -130.29881897003133
2019.208129882812  -130.3886459052294
2019.224487304688  -130.47036050882318
2019.240966796875  -130.53373728025994
2019.25732421875  -130.60867156082304
2019.273803710938  -130.6521251568249
2019.290161132812  -130.67282335499075
2019.306640625  -130.79042371357008
2019.323120117188  -130.97571917121695
2019.339477539062  -131.23150962844431
2019.35595703125  -131.56529261338432
2019.372314453125  -131.98404564743848
2019.388793945312  -132.5246152152898
2019.405151367188  -133.28948796578962
2019.421630859375  -134.01932963549302
2019.438110351562  -134.82550940107555
2019.454467773438  -135.69834778284934
2019.470947265625  -136.67648029008936
2019.4873046875  -137.77029650070637
2019.503784179688  -138.9888107154414
2019.520141601562  -140.14844172862516
2019.53662109375  -141.37733879818848
2019.569458007812  -143.96056961986645
2019.602294921875  -146.60906226585402
2019.618774414062  -147.9096043788918
2019.635131835938  -149.18682289316268
2019.651611328125  -150.4759006902175
2019.668090820312  -151.73918070898472
2019.71728515625  -155.52420729739652
2019.733764648438  -156.79485536300697
2019.750122070312  -158.01013267043461
2019.7666015625  -159.23843668418664
2019.799438476562  -161.55065045378106
2019.832275390625  -163.79528962390123
2019.865112304688  -165.94304185538397
2019.898071289062  -168.05038643238595
2019.930908203125  -170.10417411672609
2019.963745117188  -172.1007936871489
2019.99658203125  -174.07815026142612
2020.030151367188  -176.11457945088708
2020.06298828125  -178.0374440263676
2020.095825195312  -179.91638448229415
2020.128662109375  -181.7340335537448
2020.161499023438  -183.485295868517
2020.177978515625  -184.26982592135911
2020.1943359375  -185.14851461537233
2020.227294921875  -186.70275540619264
2020.260131835938  -188.10894880220675
2020.29296875  -189.45350012256648
2020.325805664062  -190.64651982892596
2020.358642578125  -191.66392447297284
2020.391479492188  -192.71580424662454
2020.42431640625  -193.81373265120357
2020.457275390625  -194.90207744670266
2020.490112304688  -195.90047741110502
2020.52294921875  -196.8134614229451
2020.555786132812  -197.67363456832453
2020.572265625  -198.07971472679915
2020.588623046875  -198.4515298197321
2020.605102539062  -198.88341658290636
2020.621459960938  -199.23543683405657
2020.654296875  -200.00670504275584
2020.687255859375  -200.75349152148726
2020.70361328125  -201.17223550576952
2020.720092773438  -201.43502397940483
2020.7529296875  -202.0374906642742
2020.785766601562  -202.54470775435
2020.818603515625  -202.98401985530174
2020.851440429688  -203.38974674131308
2020.917236328125  -204.27418007882667
2020.950073242188  -204.8452018715144
2020.98291015625  -205.43579697530228
2021.013671875  -205.96994338072324
2021.046508789062  -206.63271797725466
2021.079345703125  -207.37572587370568
2021.1123046875  -208.16290568886402
2021.145141601562  -208.9936316975613
2021.177978515625  -209.84872079181906
2021.210815429688  -210.7410945546317
2021.24365234375  -211.62311252873712
2021.276489257812  -212.71671615405987
2021.309326171875  -214.03728841212478
2021.34228515625  -215.6034421950973
2021.358642578125  -216.60772803315413
2021.391479492188  -218.36690667440908
2021.407958984375  -219.39912382061837
2021.440795898438  -221.26017044450043
2021.4736328125  -223.19757573598653
2021.506469726562  -225.15442588464057
2021.539306640625  -227.0739568163995
2021.572265625  -228.8717672900829
2021.605102539062  -230.7545312559086
2021.637939453125  -232.60040530917385
2021.670776367188  -234.34408388939352
2021.736450195312  -237.1785502029373
2021.769287109375  -238.4958299413565
2021.80224609375  -239.60919871246873
2021.835083007812  -240.67954649217748
2021.867919921875  -241.548341843433
2021.966430664062  -243.87037114709224
2022.0  -244.56134632706463
2022.065673828125  -246.06854269363686
2022.098510742188  -246.74217814098895
2022.197143554688  -248.79472647612153
2022.22998046875  -249.52374934734064
2022.262817382812  -250.32267406576352
2022.295654296875  -251.2563493684027
2022.328491210938  -252.38952233258047
2022.394287109375  -255.01397417928925
2022.558471679688  -261.1966910371247
2022.591430664062  -262.43164359304166
2022.68994140625  -266.32814097402377
2022.722778320312  -267.805621415769
2022.821411132812  -272.25920320748924
2022.854248046875  -273.2638433971079
2022.887084960938  -274.01448455507233
2022.919921875  -274.6952173796754
2022.952758789062  -275.3539715389317
2022.985595703125  -275.8862090026432
2023.019165039062  -276.39347653604455
2023.052001953125  -276.87179470266557
2023.084838867188  -277.3208772688189
2023.11767578125  -277.8333764117432
2023.150634765625  -278.3175032044894
2023.183471679688  -278.826411550554
2023.21630859375  -279.32546779445715
2023.249145507812  -279.82014717172507
2023.281982421875  -280.3150948871934
2023.314819335938  -280.81459180156367
2023.34765625  -281.32230002667126
2023.380615234375  -281.8416053120362
2023.413452148438  -282.36898835681575
2023.4462890625  -282.9049482364868
2023.57763671875  -285.11791984853835
