2014.804931640625 -0.0 -1.7471257969621439
2014.837768554688 -16.747327804565 -3.0388782906833596
2014.903442382812 -9.405291557312 -5.616972007487073
2014.96923828125 -6.95827293396 -8.192473318028675
2015.03564453125 -3.956429958344 -10.783591756636186
2015.101318359375 -3.948848247528 -13.337377775643276
2015.265625 -25.028516769409 -19.692475230795484
2015.331298828125 -31.558790206909 -22.22291783885607
2015.39697265625 -12.836134910583 -24.749971087203956
2016.021850585938 -45.765254974365 -49.183393869649024
2016.1533203125 -56.989707946777 -53.56521788520386
2016.350463867188 -78.693351745605 -58.22121027608444
2016.416137695312 -76.564422607422 -59.61333980558971
2016.547607421875 -67.132873535156 -62.99745969580676
2016.744750976562 -72.564033508301 -66.86578992013514
2016.777587890625 -78.546928405762 -66.86659909545611
2016.810424804688 -66.694679260254 -66.87966210025274
2016.84326171875 -63.914562225342 -66.89660147721489
2016.876098632812 -65.142150878906 -66.94764654670541
2016.908935546875 -66.652854919434 -67.07232516256128
2016.941772460938 -64.408554077148 -67.20137027390949
2016.974731445312 -65.593040466309 -67.42958846569081
2017.005493164062 -66.857208251953 -67.82348498456456
2017.038330078125 -67.216484069824 -68.18948738920537
2017.071166992188 -67.407287597656 -68.65516231130253
2017.10400390625 -68.661476135254 -69.44043355138733
2017.136840820312 -70.892127990723 -70.3809489875115
2017.169799804688 -71.27254486084 -71.42896673521116
2017.20263671875 -72.659545898438 -72.58180844086907
2017.235473632812 -70.401748657227 -73.86788005318597
2017.268310546875 -69.397727966309 -75.34995071757734
2017.301147460938 -75.964019775391 -77.04189533227799
2017.333984375 -80.131408691406 -78.9446383501545
2017.366821289062 -74.034759521484 -81.0086905154696
2017.399780273438 -85.24951171875 -83.17506699938299
2017.4326171875 -69.77628326416 -85.37335549157736
2017.498291015625 -125.675025939941 -89.57954812128408
2017.531127929688 -86.852378845215 -91.53773162668509
2017.56396484375 -95.779373168945 -93.41566939280978
2017.596801757812 -106.303504943848 -95.21672672129448
2017.629760742188 -99.130859375 -96.93037941443664
2017.66259765625 -103.799308776855 -98.41111164881546
2017.695434570312 -105.094612121582 -99.52608504534415
2017.728271484375 -107.440826416016 -100.24574240541732
2017.761108398438 -100.15544128418 -100.67181611772364
2017.7939453125 -99.482200622559 -100.94683177769019
2017.826782226562 -102.443229675293 -101.13545925336298
2017.859741210938 -101.755409240723 -101.27650448001694
2017.892578125 -99.572212219238 -101.39071875603894
2017.925415039062 -101.668190002441 -101.54670967914375
2017.958251953125 -101.117042541504 -101.80235085098029
2017.991088867188 -95.404449462891 -102.207752976845
2018.024658203125 -99.05655670166 -102.82289781004688
2018.057495117188 -96.389915466309 -103.63522351579365
2018.09033203125 -108.279251098633 -104.64587840555247
2018.123168945312 -102.530921936035 -105.85366519792689
2018.156005859375 -108.339805603027 -107.25807826732141
2018.18896484375 -102.083488464355 -108.85348186090773
2018.221801757812 -106.614395141602 -110.62730576821569
2018.254638671875 -108.795265197754 -112.5604609704386
2018.287475585938 -113.923637390137 -114.60004733891256
2018.3203125 -116.069618225098 -116.68185411300595
2018.353149414062 -120.413383483887 -118.75997993645093
2018.385986328125 -123.826995849609 -120.8327517065688
2018.4189453125 -126.875991821289 -122.91560701055656
2018.451782226562 -128.088836669922 -124.9489709209094
2018.484619140625 -121.123596191406 -126.84941150562278
2018.517456054688 -136.686935424805 -128.52750213609838
2018.55029296875 -130.349670410156 -129.9562711288162
2018.583129882812 -131.57258605957 -131.1620271362523
2018.615966796875 -137.221237182617 -132.20320361797098
2018.64892578125 -135.508178710938 -133.12750608962267
2018.681762695312 -135.951995849609 -133.9552838661726
2018.714599609375 -142.473892211914 -134.70260366282653
2018.747436523438 -134.873809814453 -135.3756570978616
2018.7802734375 -128.31462097168 -135.97163525621525
2018.813110351562 -133.358932495117 -136.4735725777126
2018.845947265625 -137.239120483398 -136.89173132879014
2018.87890625 -137.321014404297 -137.233668275996
2018.911743164062 -138.851531982422 -137.58479826518814
2018.944580078125 -138.555297851562 -137.97681348359353
2018.977416992188 -139.574951171875 -138.48913693353387
2019.010986328125 -137.550262451172 -139.03361813089526
2019.043823242188 -140.739074707031 -139.55275586398218
2019.109497070312 -140.372680664062 -140.28115039489265
2019.1259765625 -140.856155395508 -140.44391429712198
2019.142333984375 -139.470825195312 -140.61237464799598
2019.175170898438 -142.066116333008 -140.95683844675156
2019.191650390625 -139.441650390625 -141.1115732469504
2019.208129882812 -141.533172607422 -141.2421304073934
2019.224487304688 -141.405258178711 -141.36665456867934
2019.240966796875 -148.460357666016 -141.46479643610277
2019.25732421875 -138.889526367188 -141.57744279583125
2019.273803710938 -141.937957763672 -141.70314315387995
2019.290161132812 -141.386199951172 -141.82252730969682
2019.306640625 -143.572982788086 -141.9697469098759
2019.323120117188 -143.143920898438 -142.1385561820756
2019.339477539062 -142.467300415039 -142.3178284489975
2019.35595703125 -137.486297607422 -142.52812442194076
2019.372314453125 -143.585174560547 -142.77011135287773
2019.388793945312 -138.640365600586 -143.06191768245796
2019.405151367188 -141.369430541992 -143.53034816330901
2019.421630859375 -145.956695556641 -144.00971698889845
2019.438110351562 -148.957504272461 -144.619176872851
2019.454467773438 -143.485702514648 -145.3773398228551
2019.470947265625 -141.123901367188 -146.33756015027964
2019.4873046875 -142.34782409668 -147.49348151150292
2019.503784179688 -152.690673828125 -148.98021175065685
2019.520141601562 -140.679382324219 -150.26326945479266
2019.53662109375 -147.721252441406 -151.62080518027867
2019.569458007812 -154.023483276367 -154.49556397097754
2019.602294921875 -165.176620483398 -157.7294060703097
2019.618774414062 -151.056747436523 -159.3651550685765
2019.635131835938 -167.357086181641 -161.0638800576379
2019.651611328125 -162.922790527344 -162.93206735048938
2019.668090820312 -155.306533813477 -164.74164343889925
2019.71728515625 -168.724243164062 -170.28264857859912
2019.733764648438 -171.316558837891 -172.1066352078316
2019.750122070312 -171.402893066406 -173.85804481710846
2019.7666015625 -178.02507019043 -175.6129729912371
2019.799438476562 -182.361557006836 -178.96496429509904
2019.832275390625 -182.920806884766 -182.2900305591799
2019.865112304688 -187.655502319336 -185.57618404772055
2019.898071289062 -190.474624633789 -188.84551826679257
2019.930908203125 -192.853729248047 -192.07330469837393
2019.963745117188 -193.046020507812 -195.30502342710503
2019.99658203125 -197.02033996582 -198.5733894408754
2020.030151367188 -201.333389282227 -201.82607952664694
2020.06298828125 -204.867630004883 -205.07144801974343
2020.095825195312 -207.109268188477 -208.2575421650323
2020.128662109375 -210.370803833008 -211.4187159858116
2020.161499023438 -212.07080078125 -214.53520514424034
2020.177978515625 -219.894332885742 -215.9954940965651
2020.1943359375 -219.728881835938 -217.57524036108012
2020.227294921875 -223.365905761719 -220.504205544243
2020.260131835938 -224.923858642578 -223.25883670549382
2020.29296875 -229.673599243164 -225.97898026022693
2020.325805664062 -229.606582641602 -228.52080170299197
2020.358642578125 -231.648773193359 -230.75230329285424
2020.391479492188 -232.216735839844 -232.87646808209757
2020.42431640625 -238.406494140625 -234.93962119129614
2020.457275390625 -235.623504638672 -237.00485314398355
2020.490112304688 -237.38752746582 -239.0393535990524
2020.52294921875 -236.241760253906 -240.98998917944067
2020.555786132812 -241.942779541016 -242.85133673550962
2020.572265625 -257.588653564453 -243.7164297999714
2020.588623046875 -250.428787231445 -244.54421778817004
2020.605102539062 -242.809875488281 -245.4670040448929
2020.621459960938 -261.301177978516 -246.27225452233392
2020.654296875 -253.439086914062 -247.96402934431055
2020.687255859375 -254.036163330078 -249.6251509806886
2020.70361328125 -258.118103027344 -250.51283399529288
2020.720092773438 -246.886947631836 -251.211770912326
2020.7529296875 -249.64599609375 -252.7185707748175
2020.785766601562 -256.011505126953 -254.10251578149473
2020.818603515625 -255.310302734375 -255.36228499747122
2020.851440429688 -255.452987670898 -256.52425739590603
2020.917236328125 -258.775299072266 -258.7477123488736
2020.950073242188 -260.132293701172 -259.89562848616544
2020.98291015625 -261.429962158203 -261.01809560850364
2021.013671875 -262.637359619141 -262.09774629155265
2021.046508789062 -262.151458740234 -263.2249856762246
2021.079345703125 -264.5869140625 -264.3083458618201
2021.1123046875 -266.234313964844 -265.3973324762086
2021.145141601562 -267.150115966797 -266.4673215830813
2021.177978515625 -267.593963623047 -267.5099316639204
2021.210815429688 -270.623596191406 -268.53871200306827
2021.24365234375 -267.789276123047 -269.57667203699367
2021.276489257812 -265.295989990234 -270.65530503920064
2021.309326171875 -275.177886962891 -271.85427661461796
2021.34228515625 -271.585662841797 -273.21101032986434
2021.358642578125 -275.219390869141 -274.06469716149985
2021.391479492188 -274.360443115234 -275.6642887671755
2021.407958984375 -274.049896240234 -276.67418524507656
2021.440795898438 -272.166412353516 -278.58438658068525
2021.4736328125 -273.974731445312 -280.73709001381076
2021.506469726562 -279.179138183594 -283.08379804640106
2021.539306640625 -289.20751953125 -285.46614898903204
2021.572265625 -285.259155273438 -287.82214270641055
2021.605102539062 -289.532836914062 -290.12063857614436
2021.637939453125 -304.644287109375 -292.3677775361723
2021.670776367188 -300.762908935547 -294.49568286506144
2021.736450195312 -304.590515136719 -298.0473295345817
2021.769287109375 -309.560546875 -299.8591322295146
2021.80224609375 -303.650665283203 -301.41891972405665
2021.835083007812 -301.674926757812 -303.03212632894673
2021.867919921875 -311.069793701172 -304.2840380431846
2021.966430664062 -309.418029785156 -307.61432281762234
2022.0 -306.598846435547 -308.4618712023192
2022.065673828125 -313.263702392578 -310.28636142321966
2022.098510742188 -309.54736328125 -311.0587942699851
2022.197143554688 -312.580108642578 -313.49979284066586
2022.22998046875 -315.303588867188 -314.3732054204201
2022.262817382812 -310.110870361328 -315.2971202849784
2022.295654296875 -313.626495361328 -316.3000566597268
2022.328491210938 -320.610260009766 -317.4039750212912
2022.394287109375 -317.754333496094 -319.784600892151
2022.558471679688 -335.854736328125 -325.6224299591992
2022.591430664062 -305.43701171875 -326.8235879923305
2022.68994140625 -328.953094482422 -330.5937340646968
2022.722778320312 -348.515502929688 -331.8929962783419
2022.821411132812 -338.548767089844 -335.60863160168975
2022.854248046875 -335.977294921875 -336.6922043545139
2022.887084960938 -335.573669433594 -337.6931946993663
2022.919921875 -339.927276611328 -338.6939302292072
2022.952758789062 -342.572082519531 -339.7252664253648
2022.985595703125 -341.049255371094 -340.7437201788418
2023.019165039062 -341.121887207031 -341.81983065468233
2023.052001953125 -341.470306396484 -342.84182706508585
2023.084838867188 -343.067474365234 -343.9831607582193
2023.11767578125 -345.068267822266 -345.3700876780195
2023.150634765625 -345.932708740234 -346.69480517084565
2023.183471679688 -346.924224853516 -348.1858276268575
2023.21630859375 -344.592193603516 -349.6824654926735
2023.249145507812 -346.093475341797 -351.1833748309435
2023.281982421875 -349.550445556641 -352.6914045834006
2023.314819335938 -355.906127929688 -354.21133422746686
2023.34765625 -354.289825439453 -355.74836435540715
2023.380615234375 -362.561248779297 -357.3121944913324
2023.413452148438 -355.211395263672 -358.89423059096043
2023.4462890625 -368.619293212891 -360.5007378887917
2023.57763671875 -400.682373046875 -367.1523803355405
