2014.804931640625 0.0 6.109385824903596
2014.837768554688 1.96975505352 5.267051593858397
2014.903442382812 6.664709091187 3.5885039278284947
2014.96923828125 2.331390142441 1.915166698595044
2015.03564453125 7.744871139526 0.2342853725678161
2015.101318359375 -3.782045841217 -1.4211050241742815
2015.265625 12.3416223526 -5.539241937192833
2015.331298828125 -8.935488700867 -7.178612565106216
2015.39697265625 -14.481405258179 -8.816048569747132
2016.021850585938 -16.059326171875 -24.540803093206716
2016.1533203125 -42.51891708374 -27.340191760961122
2016.350463867188 -31.784418106079 -31.959647645213494
2016.416137695312 -50.130012512207 -33.56410665777897
2016.547607421875 -27.501121520996 -36.76759876731639
2016.744750976562 -34.474338531494 -41.66260016019285
2016.777587890625 -41.634181976318 -42.5214119296454
2016.810424804688 -43.234375 -43.364216998017824
2016.84326171875 -45.328750610352 -44.079024813279126
2016.876098632812 -44.845367431641 -44.74922190694577
2016.908935546875 -45.777080535889 -45.40352788029252
2016.941772460938 -46.026439666748 -46.044277514866614
2016.974731445312 -46.904975891113 -46.683818623409046
2017.005493164062 -47.238494873047 -47.256642111339985
2017.038330078125 -47.736099243164 -47.87613676750689
2017.071166992188 -48.946491241455 -48.48346601732447
2017.10400390625 -48.934501647949 -49.05271651925894
2017.136840820312 -49.603260040283 -49.611274009494956
2017.169799804688 -51.443004608154 -50.168371671430926
2017.20263671875 -50.540023803711 -50.718625078234766
2017.235473632812 -51.424709320068 -51.2635896315068
2017.268310546875 -48.965343475342 -51.82461990235909
2017.301147460938 -52.836715698242 -52.4331243567332
2017.333984375 -52.456890106201 -53.105886209311414
2017.366821289062 -53.215114593506 -53.8347896196498
2017.399780273438 -55.415176391602 -54.604540800822804
2017.4326171875 -52.926868438721 -55.39710447193016
2017.498291015625 -54.147357940674 -57.07390530380004
2017.531127929688 -56.228458404541 -57.960280102003985
2017.56396484375 -58.867458343506 -58.8685728670111
2017.596801757812 -61.633968353271 -59.790781515057986
2017.629760742188 -60.907199859619 -60.725556592637254
2017.66259765625 -61.878955841064 -61.66845085815931
2017.695434570312 -62.807609558105 -62.60748492962548
2017.728271484375 -63.07889175415 -63.518915790971704
2017.761108398438 -66.563735961914 -64.38516049472165
2017.7939453125 -66.277267456055 -65.20060055775744
2017.826782226562 -65.45809173584 -65.97039522066882
2017.859741210938 -68.003082275391 -66.69766151409975
2017.892578125 -67.645614624023 -67.37990759372957
2017.925415039062 -68.513481140137 -68.02828887222455
2017.958251953125 -68.197380065918 -68.64098903422403
2017.991088867188 -69.49195098877 -69.21062644951297
2018.024658203125 -70.213920593262 -69.75465322082479
2018.057495117188 -70.651473999023 -70.26779881617168
2018.09033203125 -70.840728759766 -70.79074266367607
2018.123168945312 -71.452766418457 -71.34347980001434
2018.156005859375 -69.900283813477 -71.92886059209847
2018.18896484375 -73.626556396484 -72.54890251643387
2018.221801757812 -72.492309570312 -73.20003671952554
2018.254638671875 -71.296394348145 -73.8794648464034
2018.287475585938 -73.599876403809 -74.59023593335993
2018.3203125 -74.674880981445 -75.34004650922687
2018.353149414062 -74.826103210449 -76.1350696780581
2018.385986328125 -78.56608581543 -76.9707928505876
2018.4189453125 -77.632713317871 -77.84118098606848
2018.451782226562 -78.312141418457 -78.72494302440451
2018.484619140625 -79.778625488281 -79.61551610058243
2018.517456054688 -80.354965209961 -80.51278188904492
2018.55029296875 -81.300369262695 -81.42266186911087
2018.583129882812 -84.395416259766 -82.34050527489863
2018.615966796875 -84.851860046387 -83.2656778869131
2018.64892578125 -84.082801818848 -84.20135323244936
2018.681762695312 -83.979820251465 -85.13384049716254
2018.714599609375 -84.989097595215 -86.05516422878317
2018.747436523438 -85.595268249512 -86.95726750791401
2018.7802734375 -87.694282531738 -87.83474232763261
2018.813110351562 -89.297164916992 -88.68090179749635
2018.845947265625 -90.346549987793 -89.51656243182882
2018.87890625 -90.789138793945 -90.35532114878798
2018.911743164062 -92.307914733887 -91.16142494204941
2018.944580078125 -92.845489501953 -92.00527108797586
2018.977416992188 -93.388061523438 -92.81068578467553
2019.010986328125 -93.093627929688 -93.54158901877287
2019.043823242188 -93.818428039551 -94.2163781995649
2019.109497070312 -95.120239257812 -95.44394901483439
2019.1259765625 -95.883636474609 -95.73021940664631
2019.142333984375 -95.809524536133 -96.04016537611628
2019.175170898438 -96.927612304688 -96.68816124575189
2019.191650390625 -96.68433380127 -97.03466107228628
2019.208129882812 -98.107887268066 -97.38623438008362
2019.224487304688 -97.355834960938 -97.73645909592602
2019.240966796875 -98.081367492676 -98.09047981014461
2019.25732421875 -98.602699279785 -98.4476575328594
2019.273803710938 -98.237419128418 -98.80213882873457
2019.290161132812 -99.113082885742 -99.15330294518034
2019.306640625 -100.324737548828 -99.53077934061007
2019.323120117188 -99.727058410645 -99.91538639393377
2019.339477539062 -99.004035949707 -100.30267295376886
2019.35595703125 -100.928131103516 -100.69454839697043
2019.372314453125 -100.661628723145 -101.08222573127779
2019.388793945312 -101.991111755371 -101.46922388497146
2019.405151367188 -101.689735412598 -101.84026723721901
2019.421630859375 -102.206573486328 -102.22252568563674
2019.438110351562 -103.454727172852 -102.61369786556708
2019.454467773438 -103.546821594238 -103.01698268062454
2019.470947265625 -102.051971435547 -103.4405077166395
2019.4873046875 -105.504463195801 -103.8704474269237
2019.503784179688 -102.99089050293 -104.31021835074274
2019.520141601562 -104.617622375488 -104.73079605621336
2019.53662109375 -104.296073913574 -105.15017714602543
2019.569458007812 -105.734230041504 -105.9955544681973
2019.602294921875 -109.624786376953 -106.90118004778145
2019.618774414062 -107.146018981934 -107.35956188774497
2019.635131835938 -108.267784118652 -107.82304255259757
2019.651611328125 -107.433982849121 -108.29961922238542
2019.668090820312 -108.437057495117 -108.76361721266736
2019.71728515625 -110.027137756348 -110.08738018970715
2019.733764648438 -110.657043457031 -110.51728139654962
2019.750122070312 -112.096069335938 -110.90828733446679
2019.7666015625 -111.03581237793 -111.31308652251182
2019.799438476562 -113.474555969238 -112.0385155963429
2019.832275390625 -112.871810913086 -112.74224322253806
2019.865112304688 -113.471328735352 -113.40699143520894
2019.898071289062 -114.233619689941 -114.03590046509554
2019.930908203125 -115.267425537109 -114.60630412983265
2019.963745117188 -115.840606689453 -115.1182760874342
2019.99658203125 -115.189102172852 -115.61712445124043
2020.030151367188 -115.951736450195 -116.13666847893683
2020.06298828125 -116.924018859863 -116.59485006711267
2020.095825195312 -117.062828063965 -117.04455556814413
2020.128662109375 -117.341896057129 -117.4755551052996
2020.161499023438 -118.139007568359 -117.87659671604656
2020.177978515625 -117.785430908203 -118.04656465545301
2020.1943359375 -118.36457824707 -118.24325657496671
2020.227294921875 -120.02660369873 -118.57902883513704
2020.260131835938 -118.034828186035 -118.88951768566326
2020.29296875 -119.839202880859 -119.20169904738324
2020.325805664062 -120.909912109375 -119.49703623255162
2020.358642578125 -119.609977722168 -119.8125927727712
2020.391479492188 -120.40315246582 -120.16610261977969
2020.42431640625 -119.019523620605 -120.53113859285
2020.457275390625 -120.092910766602 -120.86768275749056
2020.490112304688 -120.480926513672 -121.15047436359612
2020.52294921875 -120.607933044434 -121.38867363455354
2020.555786132812 -122.710220336914 -121.5979673802739
2020.572265625 -126.056846618652 -121.66381321010878
2020.588623046875 -124.315452575684 -121.72212098115426
2020.605102539062 -122.919769287109 -121.8473804528322
2020.621459960938 -124.057708740234 -121.89544665569727
2020.654296875 -124.02368927002 -122.04391814894983
2020.687255859375 -121.433776855469 -122.13389375363664
2020.70361328125 -122.216133117676 -122.18127283581632
2020.720092773438 -121.451705932617 -122.12679945984468
2020.7529296875 -121.699584960938 -122.03211979623268
2020.785766601562 -122.876396179199 -121.8686435403438
2020.818603515625 -120.520088195801 -121.67126486483126
2020.851440429688 -122.53840637207 -121.47560976132313
2020.917236328125 -121.908912658691 -121.1851620160409
2020.950073242188 -120.562271118164 -121.11513583354977
2020.98291015625 -120.02188873291 -121.06349898807419
2021.013671875 -120.716339111328 -120.98343334831674
2021.046508789062 -118.624954223633 -120.91275812013095
2021.079345703125 -121.134880065918 -120.85140220766301
2021.1123046875 -120.853515625 -120.77813856500313
2021.145141601562 -120.761688232422 -120.71568366403918
2021.177978515625 -121.17488861084 -120.66554223089953
2021.210815429688 -123.48999786377 -120.6351940082289
2021.24365234375 -120.793785095215 -120.6334939766522
2021.276489257812 -120.962760925293 -120.66430107342065
2021.309326171875 -120.12084197998 -120.81720833608604
2021.34228515625 -119.643249511719 -121.12903317146845
2021.358642578125 -120.910331726074 -121.45941023115246
2021.391479492188 -118.777351379395 -121.94849960935515
2021.407958984375 -119.344039916992 -122.31477426641324
2021.440795898438 -120.864303588867 -122.88076360711275
2021.4736328125 -118.797981262207 -123.50867665353314
2021.506469726562 -110.028411865234 -124.18360858095178
2021.539306640625 -124.518608093262 -124.86343214289091
2021.572265625 -126.233673095703 -125.50193299861189
2021.605102539062 -127.835083007812 -126.15864304241057
2021.637939453125 -128.366363525391 -126.83507939840037
2021.670776367188 -128.516128540039 -127.50587555323891
2021.736450195312 -129.529113769531 -128.61558401129767
2021.769287109375 -132.017013549805 -129.14671043969992
2021.80224609375 -130.338668823242 -129.59083579891058
2021.835083007812 -128.999786376953 -130.01307076654263
2021.867919921875 -129.703948974609 -130.3791616420951
2021.966430664062 -131.621337890625 -131.38175747760326
2022.0 -131.015579223633 -131.701558705582
2022.065673828125 -136.014495849609 -132.29478469496988
2022.098510742188 -131.716659545898 -132.28279257197062
2022.197143554688 -133.40283203125 -131.9494791316303
2022.22998046875 -138.238433837891 -131.89352989056124
2022.262817382812 -138.145690917969 -131.83034178858188
2022.295654296875 -138.377059936523 -131.72509463683124
2022.328491210938 -138.112380981445 -131.56186481270393
2022.394287109375 -140.333358764648 -131.030285264044
2022.558471679688 -129.916748046875 -129.61902945071463
2022.591430664062 -133.252456665039 -129.53229441583866
2022.68994140625 -125.542358398438 -128.2845513153895
2022.722778320312 -137.488891601562 -127.6928643636227
2022.821411132812 -124.609146118164 -125.9868350403405
2022.854248046875 -121.19979095459 -125.4379481687162
2022.887084960938 -122.062950134277 -124.89776732484516
2022.919921875 -124.73291015625 -124.27381022758216
2022.952758789062 -123.555122375488 -123.6855220193143
2022.985595703125 -124.304389953613 -123.4020552684831
2023.019165039062 -122.226570129395 -123.24368108689768
2023.052001953125 -122.711219787598 -123.11782286556786
2023.084838867188 -122.133491516113 -123.06411108231869
2023.11767578125 -122.200202941895 -123.11350416158724
2023.150634765625 -121.924598693848 -123.14423365842585
2023.183471679688 -123.566940307617 -123.24664524460377
2023.21630859375 -121.64737701416 -123.35706712311911
2023.249145507812 -121.873237609863 -123.47395284016676
2023.281982421875 -123.562324523926 -123.59740691915376
2023.314819335938 -123.816558837891 -123.72824785793158
2023.34765625 -125.16739654541 -123.86723092129418
2023.380615234375 -122.675537109375 -124.01533541422985
2023.413452148438 -124.950805664062 -124.17138389372167
2023.4462890625 -125.682945251465 -124.33609496490577
2023.57763671875 -135.092391967773 -125.0690517612896
