2014.804931640625 0.0 7.208227660915583
2014.837768554688 1.960496068001 6.188290365357823
2014.903442382812 2.593872070312 4.146986060071512
2014.96923828125 1.865069389343 2.100003919663632
2015.03564453125 1.034427046776 0.0325373543073081
2015.101318359375 1.679007530212 -2.013017309872848
2015.265625 0.521914422512 -7.132731055476233
2015.331298828125 -2.621733188629 -9.179547452787812
2015.39697265625 -4.489684581757 -11.226411032349796
2016.021850585938 -30.374080657959 -30.580355833696572
2016.1533203125 -40.668628692627 -34.74346361393872
2016.350463867188 -41.95788192749 -41.15209254433992
2016.416137695312 -63.376922607422 -43.326322814245245
2016.547607421875 -46.330703735352 -47.631617990650106
2016.744750976562 -50.128517150879 -54.06841658112727
2016.777587890625 -53.240966796875 -55.10820277033084
2016.810424804688 -56.220516204834 -56.18280023898242
2016.84326171875 -57.128852844238 -57.40457477926997
2016.876098632812 -59.951202392578 -58.698258331286866
2016.908935546875 -59.797439575195 -59.976260703652535
2016.941772460938 -61.474212646484 -61.23999473962707
2016.974731445312 -62.896560668945 -62.50482139433969
2017.005493164062 -64.047592163086 -63.64574531605642
2017.038330078125 -65.029335021973 -64.87690946013821
2017.071166992188 -66.725204467773 -66.09146842621469
2017.10400390625 -66.972373962402 -67.23169684585791
2017.136840820312 -68.724296569824 -68.33451805072305
2017.169799804688 -70.999176025391 -69.41584696498475
2017.20263671875 -70.555473327637 -70.4597364538556
2017.235473632812 -71.867919921875 -71.46645894565093
2017.268310546875 -70.508392333984 -72.44912662828952
2017.301147460938 -74.315994262695 -73.4331619058986
2017.333984375 -71.356498718262 -74.42937262867942
2017.366821289062 -76.666030883789 -75.43791681873495
2017.399780273438 -77.371826171875 -76.4653285443963
2017.4326171875 -75.908767700195 -77.50721590496033
2017.498291015625 -78.410453796387 -79.64882260426508
2017.531127929688 -78.605178833008 -80.7510302526794
2017.56396484375 -82.197242736816 -81.86781872742299
2017.596801757812 -84.045989990234 -82.9951785812645
2017.629760742188 -83.455490112305 -84.13091264940746
2017.66259765625 -84.880279541016 -85.26254673058591
2017.695434570312 -86.871406555176 -86.38082181561894
2017.728271484375 -88.769256591797 -87.47482416254621
2017.761108398438 -89.117881774902 -88.52641384677247
2017.7939453125 -90.125396728516 -89.52828811658136
2017.826782226562 -91.400451660156 -90.48609898547438
2017.859741210938 -92.189590454102 -91.4053789911669
2017.892578125 -93.000534057617 -92.28093656342628
2017.925415039062 -93.072242736816 -93.12069789729732
2017.958251953125 -93.86905670166 -93.92194409410025
2017.991088867188 -94.166511535645 -94.68564556418175
2018.024658203125 -95.377563476562 -95.44833818872011
2018.057495117188 -96.424705505371 -96.21032598778648
2018.09033203125 -97.17244720459 -97.01192236261737
2018.123168945312 -97.508781433105 -97.85915342230012
2018.156005859375 -97.745208740234 -98.754079034151
2018.18896484375 -99.721656799316 -99.70055188247434
2018.221801757812 -99.065399169922 -100.69831763375907
2018.254638671875 -100.615211486816 -101.74522965459516
2018.287475585938 -101.162574768066 -102.841629244228
2018.3203125 -103.338218688965 -103.99934431369618
2018.353149414062 -107.39234161377 -105.21455345439287
2018.385986328125 -106.335464477539 -106.4588228845352
2018.4189453125 -106.13744354248 -107.71398473407886
2018.451782226562 -108.606719970703 -108.9468613324595
2018.484619140625 -113.606369018555 -110.14798885579843
2018.517456054688 -112.532691955566 -111.31569341184618
2018.55029296875 -116.499526977539 -112.45265820284321
2018.583129882812 -117.858757019043 -113.55007561488252
2018.615966796875 -115.972770690918 -114.60712573522609
2018.64892578125 -116.450035095215 -115.63410421219201
2018.681762695312 -116.928108215332 -116.62648666200157
2018.714599609375 -111.93212890625 -117.57231865321057
2018.747436523438 -118.330711364746 -118.43231761292964
2018.7802734375 -119.586585998535 -119.21260541017055
2018.813110351562 -120.282615661621 -119.9623154450676
2018.845947265625 -120.951591491699 -120.71490772405775
2018.87890625 -120.697082519531 -121.49369230459799
2018.911743164062 -121.118461608887 -122.34953491138825
2018.944580078125 -123.181823730469 -123.2125432185
2018.977416992188 -123.34162902832 -124.11611623959874
2019.010986328125 -124.308753967285 -125.1292924795715
2019.043823242188 -125.69987487793 -126.1135975154256
2019.109497070312 -128.586700439453 -128.42082936429523
2019.1259765625 -128.654159545898 -129.0175253011926
2019.142333984375 -129.147720336914 -129.6654613857713
2019.175170898438 -130.827011108398 -130.99572540651204
2019.191650390625 -131.316314697266 -131.71454821688104
2019.208129882812 -131.563842773438 -132.45407361484598
2019.224487304688 -132.781204223633 -133.18394456907671
2019.240966796875 -134.187133789062 -133.96816887142387
2019.25732421875 -134.630630493164 -134.77563805874084
2019.273803710938 -135.734039306641 -135.57336695358003
2019.290161132812 -136.846603393555 -136.39282318807855
2019.306640625 -137.436065673828 -137.29537300332873
2019.323120117188 -137.462326049805 -138.22086918071574
2019.339477539062 -138.45622253418 -139.15616275202814
2019.35595703125 -139.606979370117 -140.12092884726033
2019.372314453125 -140.413864135742 -141.1030602897481
2019.388793945312 -140.72868347168 -142.11910201575483
2019.405151367188 -143.562362670898 -143.20194822008196
2019.421630859375 -144.568435668945 -144.2600836850614
2019.438110351562 -146.121505737305 -145.3219028064573
2019.454467773438 -145.756683349609 -146.3581633233342
2019.470947265625 -145.672744750977 -147.34951570177432
2019.4873046875 -150.799957275391 -148.2599373627245
2019.503784179688 -150.83967590332 -149.0022451922191
2019.520141601562 -150.585525512695 -149.8516880989907
2019.53662109375 -153.647750854492 -150.67020316445786
2019.569458007812 -153.503036499023 -152.1266305267418
2019.602294921875 -153.795791625977 -153.2059956121059
2019.618774414062 -156.514266967773 -153.75348791070513
2019.635131835938 -154.577102661133 -154.2513971726991
2019.651611328125 -153.929901123047 -154.59257451642713
2019.668090820312 -156.870254516602 -155.0036302653776
2019.71728515625 -156.760711669922 -155.86739061019912
2019.733764648438 -155.238845825195 -156.11142568877807
2019.750122070312 -159.203002929688 -156.3013710702319
2019.7666015625 -156.254241943359 -156.51472877294864
2019.799438476562 -156.265609741211 -156.87971983327748
2019.832275390625 -159.003326416016 -157.22939479011652
2019.865112304688 -157.323333740234 -157.55077002285853
2019.898071289062 -157.580001831055 -157.8410827586279
2019.930908203125 -158.457641601562 -158.08927964658054
2019.963745117188 -158.536819458008 -158.2847031814581
2019.99658203125 -158.882278442383 -158.46601348863345
2020.030151367188 -158.853713989258 -158.67620912422225
2020.06298828125 -159.008041381836 -158.82984153857012
2020.095825195312 -159.115905761719 -158.97487841153398
2020.128662109375 -159.218566894531 -159.0943455442719
2020.161499023438 -159.312622070312 -159.1828943793075
2020.177978515625 -159.044128417969 -159.18994609671878
2020.1943359375 -159.04866027832 -159.22849434651312
2020.227294921875 -159.065063476562 -159.23176569313492
2020.260131835938 -160.408843994141 -159.2156258383733
2020.29296875 -159.334533691406 -159.20679064411905
2020.325805664062 -160.69841003418 -159.19981394056384
2020.358642578125 -158.747924804688 -159.2485919078195
2020.391479492188 -159.312728881836 -159.36572674783034
2020.42431640625 -158.369323730469 -159.5230765500961
2020.457275390625 -156.972320556641 -159.7263648207316
2020.490112304688 -158.125228881836 -159.95651431239793
2020.52294921875 -160.050811767578 -160.19606979144157
2020.555786132812 -160.587799072266 -160.47582173061943
2020.572265625 -155.849090576172 -160.66960336591762
2020.588623046875 -156.367263793945 -160.8748447042955
2020.605102539062 -162.149871826172 -161.04097079941295
2020.621459960938 -163.131698608398 -161.26901014113028
2020.654296875 -156.787582397461 -161.722847625087
2020.687255859375 -161.573272705078 -162.197609121199
2020.70361328125 -162.330612182617 -162.44209909035987
2020.720092773438 -162.303237915039 -162.6341430096243
2020.7529296875 -161.861480712891 -162.99776322970436
2020.785766601562 -164.011215209961 -163.28190587103
2020.818603515625 -163.986541748047 -163.50138223814696
2020.851440429688 -165.700424194336 -163.68211231225933
2020.917236328125 -165.728012084961 -163.99280536304684
2020.950073242188 -164.451156616211 -164.0742714995786
2020.98291015625 -164.414642333984 -164.09228388231944
2021.013671875 -164.467315673828 -164.16791550377508
2021.046508789062 -163.700271606445 -164.08217997806182
2021.079345703125 -163.632308959961 -163.83724910767316
2021.1123046875 -164.638229370117 -163.5395752994207
2021.145141601562 -164.529006958008 -163.17060165686306
2021.177978515625 -163.694717407227 -162.75565502814757
2021.210815429688 -164.013580322266 -162.31255912996724
2021.24365234375 -161.783142089844 -161.89719527137692
2021.276489257812 -161.077819824219 -161.355244443849
2021.309326171875 -162.901412963867 -160.77699719094704
2021.34228515625 -158.247528076172 -160.26356581636836
2021.358642578125 -160.765075683594 -160.15881429832135
2021.391479492188 -158.681900024414 -159.8616919961548
2021.407958984375 -157.83154296875 -159.81096224509506
2021.440795898438 -154.870223999023 -159.54933735339844
2021.4736328125 -155.640914916992 -159.36434079804806
2021.506469726562 -163.173202514648 -159.28338388689457
2021.539306640625 -156.228530883789 -159.28897796600745
2021.572265625 -157.429153442383 -159.5372379065273
2021.605102539062 -158.575302124023 -159.61402992684455
2021.637939453125 -159.046722412109 -159.73954689808738
2021.670776367188 -160.51155090332 -159.9286551377369
2021.736450195312 -156.29264831543 -160.50711938411052
2021.769287109375 -161.574157714844 -160.80437121769455
2021.80224609375 -161.622375488281 -161.09632854062093
2021.835083007812 -164.363372802734 -161.3965959168893
2021.867919921875 -161.504104614258 -161.6498829730929
2021.966430664062 -163.266098022461 -162.28556063556508
2022.0 -163.092956542969 -162.4335383409039
2022.065673828125 -162.300415039062 -162.79058755388036
2022.098510742188 -162.692077636719 -162.87095708810313
2022.197143554688 -163.663986206055 -162.92598605945298
2022.22998046875 -164.507247924805 -162.88651340393565
2022.262817382812 -163.824523925781 -162.81904182518974
2022.295654296875 -162.088592529297 -162.72148017587676
2022.328491210938 -163.41618347168 -162.58582451624144
2022.394287109375 -164.483352661133 -162.20497156652726
2022.558471679688 -161.073333740234 -161.0319627362312
2022.591430664062 -157.833770751953 -160.79065214135198
2022.68994140625 -162.906646728516 -159.9265116276756
2022.722778320312 -160.615249633789 -159.61315069636018
2022.821411132812 -158.819534301758 -158.57675144406903
2022.854248046875 -158.506164550781 -158.24018422975246
2022.887084960938 -157.135589599609 -157.91123048290532
2022.919921875 -156.357315063477 -157.58421064146907
2022.952758789062 -155.688903808594 -157.2337771040943
2022.985595703125 -158.735122680664 -156.90708582683266
2023.019165039062 -156.327850341797 -156.61887069370675
2023.052001953125 -156.018096923828 -156.31926909773753
2023.084838867188 -155.71110534668 -156.13657879100535
2023.11767578125 -156.194946289062 -156.04500419658686
2023.150634765625 -154.802932739258 -155.919953578114
2023.183471679688 -155.62858581543 -155.84991095322917
2023.21630859375 -153.869552612305 -155.7810788752807
2023.249145507812 -152.717330932617 -155.71451060796426
2023.281982421875 -155.697967529297 -155.65153219893853
2023.314819335938 -156.058639526367 -155.59340580836005
2023.34765625 -155.902496337891 -155.54098887462018
2023.380615234375 -156.166702270508 -155.49447453663913
2023.413452148438 -153.539810180664 -155.45413262697872
2023.4462890625 -157.014938354492 -155.41945636962666
2023.57763671875 -164.590805053711 -155.3317442235305
