2014.804931640625 0.0 5.128843707854234
2014.837768554688 10.172148704529 4.141745371007269
2014.903442382812 5.868939399719 2.1762462404542884
2014.96923828125 1.357185125351 0.21855923206331734
2015.03564453125 -2.056685447693 -1.746496833787364
2015.101318359375 -8.303148269653 -3.680611283552036
2015.265625 -7.473077297211 -8.489027044180101
2015.331298828125 -13.993035316467 -10.402897595879475
2015.39697265625 -27.001371383667 -12.3151327821869
2016.021850585938 -28.639930725098 -30.839308657236955
2016.1533203125 -50.204048156738 -32.64388805381408
2016.350463867188 -37.452713012695 -36.555010710549205
2016.416137695312 -73.055236816406 -39.476093248775975
2016.547607421875 -44.883140563965 -45.35403265727622
2016.744750976562 -51.929084777832 -54.21091445995962
2016.777587890625 -54.252510070801 -55.673059455458315
2016.810424804688 -58.455188751221 -57.16069407204956
2016.84326171875 -58.66268157959 -58.72077169958255
2016.876098632812 -61.990409851074 -60.318658257291986
2016.908935546875 -61.615962982178 -61.92760406297193
2016.941772460938 -63.625915527344 -63.5458315674444
2016.974731445312 -64.600090026855 -65.1913131128663
2017.005493164062 -66.848793029785 -66.73141649861239
2017.038330078125 -68.431663513184 -68.37208007617231
2017.071166992188 -70.000968933105 -69.99394317040675
2017.10400390625 -71.321044921875 -71.63628611588518
2017.136840820312 -72.521141052246 -73.31222867270108
2017.169799804688 -74.873153686523 -75.02375449588733
2017.20263671875 -76.390884399414 -76.7600781808311
2017.235473632812 -77.974067687988 -78.5265127823818
2017.268310546875 -80.155204772949 -80.31807236729986
2017.301147460938 -82.307556152344 -82.10491808945704
2017.333984375 -83.20238494873 -83.84584357871759
2017.366821289062 -85.100662231445 -85.53465081017899
2017.399780273438 -89.892372131348 -87.21936578513004
2017.4326171875 -89.702522277832 -88.9278182419122
2017.498291015625 -99.07674407959 -92.41450015059769
2017.531127929688 -101.223205566406 -94.1450464980376
2017.56396484375 -96.978630065918 -95.84292136067386
2017.596801757812 -95.577514648438 -97.50183823103363
2017.629760742188 -96.528198242188 -99.1257511171081
2017.66259765625 -100.485229492188 -100.694727259523
2017.695434570312 -103.291412353516 -102.21172226196258
2017.728271484375 -106.680717468262 -103.68275368294086
2017.761108398438 -106.571807861328 -105.11306376094939
2017.7939453125 -107.245635986328 -106.4995745796281
2017.826782226562 -107.677589416504 -107.85356074490151
2017.859741210938 -109.526786804199 -109.18405837352906
2017.892578125 -110.477005004883 -110.46869028247615
2017.925415039062 -112.603042602539 -111.70254155097686
2017.958251953125 -112.689888000488 -112.89082176545818
2017.991088867188 -113.656028747559 -114.05774558225194
2018.024658203125 -114.43879699707 -115.26632356287469
2018.057495117188 -116.522804260254 -116.4966018631078
2018.09033203125 -117.917930603027 -117.82099374757104
2018.123168945312 -119.037796020508 -119.27465000015299
2018.156005859375 -118.730819702148 -120.86431138116478
2018.18896484375 -121.431266784668 -122.58219241656323
2018.221801757812 -121.973838806152 -124.40330930820929
2018.254638671875 -124.475074768066 -126.32977746699989
2018.287475585938 -124.828346252441 -128.3710938091088
2018.3203125 -129.075241088867 -130.51510434604802
2018.353149414062 -128.806930541992 -132.7493085740567
2018.385986328125 -135.943389892578 -135.07019982571154
2018.4189453125 -136.743896484375 -137.4957300031673
2018.451782226562 -139.227661132812 -140.0021344604211
2018.484619140625 -145.557952880859 -142.5743671603609
2018.517456054688 -143.608154296875 -145.1814070121196
2018.55029296875 -151.194961547852 -147.78963231055923
2018.583129882812 -151.458343505859 -150.3376395113876
2018.615966796875 -151.803726196289 -152.7723408743826
2018.64892578125 -155.341125488281 -155.0882682721274
2018.681762695312 -159.602783203125 -157.28847148005775
2018.714599609375 -149.965698242188 -159.40604827334897
2018.747436523438 -162.576370239258 -161.4501241064391
2018.7802734375 -165.98713684082 -163.43342011620854
2018.813110351562 -168.063079833984 -165.3468739821576
2018.845947265625 -170.753784179688 -167.2766928176384
2018.87890625 -168.658248901367 -169.16306321078795
2018.911743164062 -169.738174438477 -170.90456612910978
2018.944580078125 -172.586166381836 -172.542541159278
2018.977416992188 -173.328857421875 -174.09413215834581
2019.010986328125 -174.984283447266 -175.72105911829604
2019.043823242188 -177.291397094727 -177.31633270449277
2019.109497070312 -180.980697631836 -180.84219396925394
2019.1259765625 -181.585708618164 -181.7419633402398
2019.142333984375 -182.465026855469 -182.68184374106363
2019.175170898438 -184.137878417969 -184.59188389667364
2019.191650390625 -185.180541992188 -185.60594635626757
2019.208129882812 -185.214859008789 -186.64824360548513
2019.224487304688 -187.171127319336 -187.67128562808426
2019.240966796875 -189.209671020508 -188.77746571618758
2019.25732421875 -189.2451171875 -189.9177520547614
2019.273803710938 -190.847137451172 -191.03859025588423
2019.290161132812 -192.665618896484 -192.19103317438578
2019.306640625 -192.613327026367 -193.491971766938
2019.323120117188 -194.125915527344 -194.86202746500788
2019.339477539062 -197.212387084961 -196.27072828528253
2019.35595703125 -196.046203613281 -197.72103882703084
2019.372314453125 -198.148880004883 -199.17804108041494
2019.388793945312 -199.680618286133 -200.6681639591057
2019.405151367188 -199.117660522461 -202.24697354600113
2019.421630859375 -204.106872558594 -203.84438864159813
2019.438110351562 -207.308166503906 -205.4956923333236
2019.454467773438 -207.705718994141 -207.18053545677753
2019.470947265625 -208.220825195312 -208.91275584407492
2019.4873046875 -211.022491455078 -210.64937969034418
2019.503784179688 -209.252075195312 -212.41933594582653
2019.520141601562 -209.466918945312 -214.17081926521897
2019.53662109375 -220.253219604492 -215.925894471401
2019.569458007812 -221.027374267578 -219.3086006051696
2019.602294921875 -219.044876098633 -222.34387768166394
2019.618774414062 -228.855819702148 -223.86364357072233
2019.635131835938 -226.734924316406 -225.36499585326757
2019.651611328125 -228.002655029297 -226.71494178994175
2019.668090820312 -231.287460327148 -228.1765479327771
2019.71728515625 -233.950668334961 -231.94015310958318
2019.733764648438 -233.395858764648 -233.07986262283865
2019.750122070312 -240.025329589844 -234.03620732397482
2019.7666015625 -234.349807739258 -235.0579783283992
2019.799438476562 -237.40885925293 -236.8718118803631
2019.832275390625 -242.927062988281 -238.6460315596415
2019.865112304688 -241.438949584961 -240.31046084531792
2019.898071289062 -242.071548461914 -241.88144197070568
2019.930908203125 -244.257186889648 -243.35015148596943
2019.963745117188 -245.099334716797 -244.70721207847112
2019.99658203125 -246.518112182617 -246.02311852062553
2020.030151367188 -247.009063720703 -247.40029488122534
2020.06298828125 -248.993942260742 -248.62780785043995
2020.095825195312 -249.641204833984 -249.86925780185788
2020.128662109375 -251.36540222168 -251.14328982000765
2020.161499023438 -251.636306762695 -252.47291088122424
2020.177978515625 -253.133407592773 -253.20179893455312
2020.1943359375 -253.468276977539 -253.85727084356165
2020.227294921875 -254.172134399414 -255.33489680096633
2020.260131835938 -255.239105224609 -256.96247252097163
2020.29296875 -257.252410888672 -258.667615572442
2020.325805664062 -259.752502441406 -260.54468436342114
2020.358642578125 -262.023315429688 -262.79487944344964
2020.391479492188 -263.489562988281 -265.1914802666907
2020.42431640625 -265.824127197266 -267.661234019632
2020.457275390625 -264.140228271484 -270.29527183045064
2020.490112304688 -270.517608642578 -273.10702800031055
2020.52294921875 -276.022064208984 -276.03092543548166
2020.555786132812 -277.746948242188 -279.0471962359208
2020.572265625 -275.880493164062 -280.6614730954611
2020.588623046875 -281.712158203125 -282.26665452990017
2020.605102539062 -284.778015136719 -283.8082485035588
2020.621459960938 -287.110382080078 -285.4324592129792
2020.654296875 -285.880065917969 -288.625068616548
2020.687255859375 -293.034149169922 -291.70946423493456
2020.70361328125 -295.786865234375 -293.2632439480734
2020.720092773438 -295.234954833984 -294.53267209695156
2020.7529296875 -297.972106933594 -297.14585419945183
2020.785766601562 -301.851867675781 -299.6385612692021
2020.818603515625 -305.0595703125 -302.05376150557447
2020.851440429688 -308.040863037109 -304.3918399907352
2020.917236328125 -309.951599121094 -308.7815515169642
2020.950073242188 -310.717895507812 -310.7615998694901
2020.98291015625 -313.049682617188 -312.6839209759452
2021.013671875 -313.828552246094 -314.5076055814254
2021.046508789062 -317.068969726562 -316.2918451074132
2021.079345703125 -317.821166992188 -318.0090327132149
2021.1123046875 -318.685089111328 -319.71919233431134
2021.145141601562 -322.384185791016 -321.42017461270785
2021.177978515625 -323.149475097656 -323.1268939223672
2021.210815429688 -326.49951171875 -324.8438855410917
2021.24365234375 -322.834197998047 -326.5694145036835
2021.276489257812 -327.8291015625 -328.3411450194122
2021.309326171875 -330.311859130859 -330.1928079417166
2021.34228515625 -330.809631347656 -332.15229987350585
2021.358642578125 -334.233001708984 -333.2855363235606
2021.391479492188 -333.354339599609 -335.5143444898879
2021.407958984375 -335.014526367188 -336.7729461183719
2021.440795898438 -334.917175292969 -339.12789507850954
2021.4736328125 -337.652648925781 -341.53593361118493
2021.506469726562 -355.231323242188 -343.9769586009516
2021.539306640625 -347.719116210938 -346.4231271699289
2021.572265625 -345.423828125 -348.8663535299615
2021.605102539062 -359.156402587891 -351.28849311254123
2021.637939453125 -355.749267578125 -353.71575711920195
2021.670776367188 -356.654571533203 -356.13868665329016
2021.736450195312 -361.699523925781 -360.6390073885516
2021.769287109375 -364.576721191406 -362.8021015907958
2021.80224609375 -366.818572998047 -364.7661409670048
2021.835083007812 -367.52099609375 -366.6919865212234
2021.867919921875 -368.898406982422 -368.46843241078994
2021.966430664062 -375.845947265625 -373.51676598989405
2022.0 -374.344299316406 -375.11973843361227
2022.065673828125 -379.315551757812 -378.3366254793836
2022.098510742188 -378.958129882812 -379.89023914935234
2022.197143554688 -384.653533935547 -384.5777226846599
2022.22998046875 -389.101013183594 -386.124951378638
2022.262817382812 -385.517547607422 -387.66740558322624
2022.295654296875 -385.237976074219 -389.18040177089813
2022.328491210938 -390.761688232422 -390.6195585368637
2022.394287109375 -393.954193115234 -393.257317475012
2022.558471679688 -404.832489013672 -400.04643237004314
2022.591430664062 -412.204315185547 -401.467767073794
2022.68994140625 -400.749694824219 -405.74727951739965
2022.722778320312 -417.250122070312 -407.10517797469697
2022.821411132812 -410.017181396484 -410.5356594724327
2022.854248046875 -413.018249511719 -411.8808356077513
2022.887084960938 -412.659210205078 -413.4673633490916
2022.919921875 -414.057769775391 -415.1966095652902
2022.952758789062 -416.171630859375 -417.0536705293016
2022.985595703125 -419.049346923828 -419.05006541936586
2023.019165039062 -419.509674072266 -421.1869340101423
2023.052001953125 -423.150054931641 -423.26209679955053
2023.084838867188 -424.585296630859 -425.4759959354755
2023.11767578125 -427.305084228516 -427.82950893626577
2023.150634765625 -427.704162597656 -430.1281307157988
2023.183471679688 -432.223327636719 -432.50260307380665
2023.21630859375 -433.201324462891 -434.876633531673
2023.249145507812 -433.643859863281 -437.25517105113187
2023.281982421875 -439.755676269531 -439.64170687446153
2023.314819335938 -443.678924560547 -442.03872156645775
2023.34765625 -446.287872314453 -444.4474269209918
2023.380615234375 -445.1494140625 -446.87634436094936
2023.413452148438 -454.760192871094 -449.30583197336625
2023.4462890625 -451.182891845703 -451.7435693190909
2023.57763671875 -475.041351318359 -461.5484837637349
