2014.804931640625 -0.0 -8.862881807851196
2014.837768554688 -14.599716186523 -9.431037843684864
2014.903442382812 -14.133332252502 -10.57119961739121
2014.96923828125 -11.113226890564 -11.718680430701658
2015.03564453125 -14.674010276794 -12.881784005294914
2015.101318359375 -1.284510016441 -14.036611682553225
2015.265625 -23.472688674927 -16.939009715482758
2015.331298828125 -14.814827919006 -18.10053835135722
2015.39697265625 -1.368851780891 -19.260151813770545
2016.021850585938 -34.083324432373 -30.09548631385302
2016.1533203125 -31.358867645264 -33.22377509761461
2016.350463867188 -38.130794525146 -36.40697390229372
2016.416137695312 -28.064535140991 -37.115359625708905
2016.547607421875 -39.459499359131 -38.6531765978125
2016.744750976562 -54.923778533936 -41.155348675470464
2016.777587890625 -47.584903717041 -41.425055368550815
2016.810424804688 -48.751209259033 -41.72297523988159
2016.84326171875 -46.110065460205 -41.90732135608107
2016.876098632812 -42.373966217041 -41.88277026477772
2016.908935546875 -42.700527191162 -41.79816497294466
2016.941772460938 -40.786991119385 -41.79007442744855
2016.974731445312 -39.990573883057 -41.520679823094135
2017.005493164062 -41.090488433838 -41.24637218299326
2017.038330078125 -40.987491607666 -40.96433999956049
2017.071166992188 -38.397811889648 -40.70787256075037
2017.10400390625 -39.914775848389 -40.61872500645898
2017.136840820312 -38.657440185547 -40.62117133071263
2017.169799804688 -39.48974609375 -40.682976273459936
2017.20263671875 -39.427570343018 -40.82009955084702
2017.235473632812 -41.073379516602 -41.04620099352225
2017.268310546875 -43.527011871338 -41.37695189880704
2017.301147460938 -41.180355072021 -41.812400423998426
2017.333984375 -40.321250915527 -42.33032627938763
2017.366821289062 -41.77904510498 -42.86887492487093
2017.399780273438 -43.477142333984 -43.35800114477591
2017.4326171875 -48.469127655029 -43.75904354458063
2017.498291015625 -41.821022033691 -44.348387796459825
2017.531127929688 -49.007873535156 -44.57058969452407
2017.56396484375 -47.221092224121 -44.77427929052659
2017.596801757812 -48.341709136963 -44.97284475234154
2017.629760742188 -49.321712493896 -45.14878685003189
2017.66259765625 -45.21227645874 -45.23853324626279
2017.695434570312 -44.600662231445 -45.209847543694835
2017.728271484375 -43.281471252441 -45.072266133369055
2017.761108398438 -45.491516113281 -44.88271611853199
2017.7939453125 -43.878860473633 -44.68972570432457
2017.826782226562 -44.109287261963 -44.50510831589516
2017.859741210938 -44.008724212646 -44.336837724712154
2017.892578125 -43.688694000244 -44.213282213019966
2017.925415039062 -43.579502105713 -44.13698793009876
2017.958251953125 -44.075550079346 -44.10142397362261
2017.991088867188 -44.224758148193 -44.094376322285704
2018.024658203125 -43.697811126709 -44.10908402441469
2018.057495117188 -44.571479797363 -44.15105491859895
2018.09033203125 -44.570976257324 -44.25400945973463
2018.123168945312 -44.32145690918 -44.44389353729904
2018.156005859375 -43.005355834961 -44.709262791212055
2018.18896484375 -44.153385162354 -45.04386462174404
2018.221801757812 -44.861701965332 -45.46994508972577
2018.254638671875 -44.763092041016 -46.03862143179626
2018.287475585938 -43.871402740479 -46.77280392208381
2018.3203125 -45.390434265137 -47.65093172968668
2018.353149414062 -45.357978820801 -48.65125279821685
2018.385986328125 -52.100299835205 -49.75462533809543
2018.4189453125 -49.985633850098 -50.94950326359302
2018.451782226562 -46.866809844971 -52.18730528765082
2018.484619140625 -59.579639434814 -53.44004509298654
2018.517456054688 -52.266002655029 -54.7006103850811
2018.55029296875 -56.726234436035 -55.96245322757628
2018.583129882812 -57.563816070557 -57.20157475052564
2018.615966796875 -62.297016143799 -58.38254403144674
2018.64892578125 -61.394367218018 -59.47969624118618
2018.681762695312 -64.667610168457 -60.46929122792306
2018.714599609375 -62.303737640381 -61.34263211756309
2018.747436523438 -62.353332519531 -62.089410269840506
2018.7802734375 -62.915256500244 -62.725221984508835
2018.813110351562 -65.932197570801 -63.259498930850064
2018.845947265625 -64.572654724121 -63.75867229427091
2018.87890625 -63.764209747314 -64.11117122104574
2018.911743164062 -64.34211730957 -64.36546358121332
2018.944580078125 -64.368675231934 -64.60808722461724
2018.977416992188 -65.000968933105 -64.83578223480679
2019.010986328125 -64.678146362305 -65.02840373727479
2019.043823242188 -65.106834411621 -65.18146722709524
2019.109497070312 -65.500717163086 -65.5250616982767
2019.1259765625 -65.73405456543 -65.62533186137496
2019.142333984375 -66.765403747559 -65.70749896714524
2019.175170898438 -65.893096923828 -65.88006135090043
2019.191650390625 -65.918334960938 -65.96238222699509
2019.208129882812 -66.290893554688 -66.04841339639647
2019.224487304688 -65.646255493164 -66.12504978990569
2019.240966796875 -66.397819519043 -66.21109714602879
2019.25732421875 -65.719123840332 -66.29087307237717
2019.273803710938 -66.03052520752 -66.36148202984269
2019.290161132812 -65.46753692627 -66.43408726177383
2019.306640625 -66.171676635742 -66.4965815043084
2019.323120117188 -66.656829833984 -66.53938404024176
2019.339477539062 -67.191719055176 -66.57324614516772
2019.35595703125 -67.422309875488 -66.61923597334238
2019.372314453125 -70.471946716309 -66.67629534449921
2019.388793945312 -67.982360839844 -66.73328977670666
2019.405151367188 -62.850025177002 -66.77527565370612
2019.421630859375 -66.594566345215 -66.85551692649193
2019.438110351562 -65.945846557617 -66.95439650152012
2019.454467773438 -67.394660949707 -67.07303973459938
2019.470947265625 -63.131130218506 -67.23682958070538
2019.4873046875 -67.118278503418 -67.47055622618093
2019.503784179688 -70.043121337891 -67.88444825758175
2019.520141601562 -64.420013427734 -68.1939525390549
2019.53662109375 -65.427307128906 -68.54547084291461
2019.569458007812 -71.557113647461 -69.35109201649853
2019.602294921875 -69.356971740723 -70.21173502996275
2019.618774414062 -65.325302124023 -70.64844287178566
2019.635131835938 -74.53946685791 -71.09774000484735
2019.651611328125 -74.317863464355 -71.57272308065393
2019.668090820312 -69.377769470215 -72.04572143537743
2019.71728515625 -73.675704956055 -73.38619780673523
2019.733764648438 -74.902709960938 -73.81030295750996
2019.750122070312 -73.143569946289 -74.17141583381695
2019.7666015625 -74.174224853516 -74.55213122922716
2019.799438476562 -75.857009887695 -75.20023719565822
2019.832275390625 -79.096832275391 -75.79911878771811
2019.865112304688 -76.13597869873 -76.32760456269378
2019.898071289062 -77.001754760742 -76.79199063968656
2019.930908203125 -78.100364685059 -77.19665064830917
2019.963745117188 -78.285453796387 -77.51300827601199
2019.99658203125 -77.958236694336 -77.79778761325227
2020.030151367188 -78.645622253418 -78.12027813709402
2020.06298828125 -77.897010803223 -78.29761785539374
2020.095825195312 -78.033027648926 -78.46703203127983
2020.128662109375 -78.902420043945 -78.64585505320343
2020.161499023438 -79.326141357422 -78.86081479016093
2020.177978515625 -78.807540893555 -79.02636808034993
2020.1943359375 -79.133728027344 -79.13028536554354
2020.227294921875 -78.808692932129 -79.49232481936482
2020.260131835938 -74.237770080566 -79.96557338676789
2020.29296875 -79.270843505859 -80.46223389466529
2020.325805664062 -78.430702209473 -81.0497321840771
2020.358642578125 -81.827949523926 -81.84339373470766
2020.391479492188 -80.759704589844 -82.68894151547494
2020.42431640625 -82.444984436035 -83.60642201916225
2020.457275390625 -83.165756225586 -84.7007451051445
2020.490112304688 -87.632247924805 -85.96955343453834
2020.52294921875 -87.029197692871 -87.28636830514733
2020.555786132812 -89.655914306641 -88.55919786371562
2020.572265625 -86.935935974121 -89.10256986186715
2020.588623046875 -89.869514465332 -89.59570554959912
2020.605102539062 -92.214286804199 -90.20875849358482
2020.621459960938 -91.403678894043 -90.64642545683957
2020.654296875 -96.05037689209 -91.57604272217083
2020.687255859375 -96.525291442871 -92.35242324364015
2020.70361328125 -94.650833129883 -92.75857825489847
2020.720092773438 -93.943840026855 -92.92499400255033
2020.7529296875 -93.869750976562 -93.33547067265852
2020.785766601562 -94.7431640625 -93.62433858554992
2020.818603515625 -93.605926513672 -93.82773886176234
2020.851440429688 -95.126480102539 -93.94293897059123
2020.917236328125 -94.802947998047 -93.89703271925592
2020.950073242188 -93.64501953125 -93.83575702003186
2020.98291015625 -93.59383392334 -93.8344433242217
2021.013671875 -93.150505065918 -93.84151888079553
2021.046508789062 -92.250099182129 -94.0080512411912
2021.079345703125 -93.728469848633 -94.45656379979481
2021.1123046875 -92.197639465332 -94.96617084911044
2021.145141601562 -94.481323242188 -95.64341423977753
2021.177978515625 -94.263298034668 -96.50618071351676
2021.210815429688 -93.949272155762 -97.54272544948827
2021.24365234375 -94.195487976074 -98.45468833196229
2021.276489257812 -97.792503356934 -99.85422361530802
2021.309326171875 -101.696876525879 -101.4351232193035
2021.34228515625 -98.681671142578 -103.13325649030483
2021.358642578125 -104.10425567627 -103.94297386764207
2021.391479492188 -111.505180358887 -105.52296450267525
2021.407958984375 -103.448348999023 -106.25703083393302
2021.440795898438 -112.209182739258 -107.78898403793781
2021.4736328125 -112.902145385742 -109.10441062937544
2021.506469726562 -115.520568847656 -110.04453736112335
2021.539306640625 -116.453094482422 -110.71507015682097
2021.572265625 -120.414878845215 -110.85960494203474
2021.605102539062 -114.73348236084 -111.5425262379465
2021.637939453125 -114.333358764648 -112.14088727479724
2021.670776367188 -118.096015930176 -112.55994439137712
2021.736450195312 -119.934387207031 -112.38175317437653
2021.769287109375 -110.430046081543 -112.16684434096297
2021.80224609375 -111.319152832031 -111.68077389551505
2021.835083007812 -113.114631652832 -111.17343442530169
2021.867919921875 -114.107032775879 -110.5305630026243
2021.966430664062 -110.442993164062 -108.72625916130022
2022.0 -106.247650146484 -108.2814656937617
2022.065673828125 -106.161758422852 -107.38101807503483
2022.098510742188 -104.56615447998 -107.29768632696315
2022.197143554688 -103.256423950195 -107.52498209942895
2022.22998046875 -101.160469055176 -107.56702547654908
2022.262817382812 -100.43123626709 -107.61056484247561
2022.295654296875 -98.306022644043 -107.66842165890417
2022.328491210938 -109.608474731445 -107.75888250722937
2022.394287109375 -95.939018249512 -108.06157573197059
2022.558471679688 -107.377151489258 -109.26262875334804
2022.591430664062 -110.016090393066 -109.6719276548
2022.68994140625 -112.027435302734 -110.56095221279517
2022.722778320312 -121.20751953125 -110.76362481613702
2022.821411132812 -113.984413146973 -111.26536106700885
2022.854248046875 -109.106864929199 -111.38077877197465
2022.887084960938 -114.52725982666 -111.4737573851266
2022.919921875 -112.131149291992 -111.64807068251444
2022.952758789062 -112.675407409668 -111.76905361607244
2022.985595703125 -112.041854858398 -111.6696550622715
2023.019165039062 -111.71883392334 -111.51528542969223
2023.052001953125 -110.914100646973 -111.35331543285925
2023.084838867188 -110.499893188477 -111.15676555008059
2023.11767578125 -110.308662414551 -110.92641904872691
2023.150634765625 -111.038734436035 -110.6931763822922
2023.183471679688 -110.626304626465 -110.43703180285516
2023.21630859375 -109.76921081543 -110.18079726517584
2023.249145507812 -111.559173583984 -109.9292821865127
2023.281982421875 -109.750450134277 -109.68205870951559
2023.314819335938 -111.387405395508 -109.43707142648705
2023.34765625 -109.022468566895 -109.19245544525857
2023.380615234375 -106.025749206543 -108.94536825536561
2023.413452148438 -116.455513000488 -108.69646199794919
2023.4462890625 -99.188232421875 -108.44492689600024
2023.57763671875 -107.555290222168 -107.41981233034774
