2014.804931640625 0.0 3.495825387319573
2014.837768554688 10.747225761414 3.1423732356228946
2014.903442382812 9.808937072754 2.438454727745613
2014.96923828125 4.564424037933 1.7375276585997934
2015.03564453125 1.504158258438 1.034750494290741
2015.101318359375 -4.779221057892 0.3440365324390317
2015.265625 -4.016107559204 -1.3709573446539387
2015.331298828125 -4.455234050751 -2.054351205314629
2015.39697265625 -6.311569213867 -2.738393124022402
2016.021850585938 -9.270175933838 -9.49621716401398
2016.1533203125 -11.178400039673 -10.476350633265787
2016.350463867188 -17.486841201782 -12.053592087785912
2016.416137695312 -11.28081035614 -12.586720999269327
2016.547607421875 -13.445346832275 -13.618830970007012
2016.744750976562 -18.153692245483 -15.179719365910286
2016.777587890625 -15.795746803284 -15.502390181178512
2016.810424804688 -15.498086929321 -15.826748468789884
2016.84326171875 -16.581777572632 -16.13975439956458
2016.876098632812 -16.42790222168 -16.417058837724614
2016.908935546875 -16.535865783691 -16.690122891167697
2016.941772460938 -16.627578735352 -16.962333237753498
2016.974731445312 -16.636533737183 -17.23212993800889
2017.005493164062 -17.439485549927 -17.5015920479616
2017.038330078125 -17.756868362427 -17.7791903881664
2017.071166992188 -17.435606002808 -18.06334181373474
2017.10400390625 -18.281114578247 -18.377615944809495
2017.136840820312 -18.909269332886 -18.696886894330703
2017.169799804688 -19.180208206177 -19.017337698220388
2017.20263671875 -19.382246017456 -19.3315593146484
2017.235473632812 -20.095209121704 -19.62796599701882
2017.268310546875 -19.739814758301 -19.903525751853884
2017.301147460938 -20.384780883789 -20.168045046144737
2017.333984375 -20.958297729492 -20.426764465657914
2017.366821289062 -21.257335662842 -20.68318246741019
2017.399780273438 -21.323318481445 -20.935737617308735
2017.4326171875 -20.446575164795 -21.182089193895415
2017.498291015625 -18.91569519043 -21.74773841428212
2017.531127929688 -21.052442550659 -22.10013658625479
2017.56396484375 -22.665906906128 -22.493694816093868
2017.596801757812 -23.441024780273 -22.91624664151548
2017.629760742188 -21.295848846436 -23.36348368702488
2017.66259765625 -23.148485183716 -23.838847046800968
2017.695434570312 -20.257053375244 -24.350799083680386
2017.728271484375 -22.276462554932 -24.899896598121853
2017.761108398438 -26.069795608521 -25.466269099854138
2017.7939453125 -26.619281768799 -26.027437200789162
2017.826782226562 -26.702991485596 -26.571533401246157
2017.859741210938 -28.135236740112 -27.099189580545467
2017.892578125 -27.988033294678 -27.60032593089967
2017.925415039062 -28.783779144287 -28.062227340035346
2017.958251953125 -28.428497314453 -28.46853279396972
2017.991088867188 -29.236583709717 -28.816224495769426
2018.024658203125 -29.626991271973 -29.123862505222714
2018.057495117188 -29.838977813721 -29.39502416700498
2018.09033203125 -30.244695663452 -29.647351178582923
2018.123168945312 -29.789140701294 -29.891882495804172
2018.156005859375 -29.465400695801 -30.138709826294026
2018.18896484375 -30.403820037842 -30.398585365775507
2018.221801757812 -30.034099578857 -30.669187100068587
2018.254638671875 -31.593538284302 -30.942880583319326
2018.287475585938 -30.387823104858 -31.21746736558152
2018.3203125 -30.216133117676 -31.49840006671341
2018.353149414062 -28.022214889526 -31.810406380468727
2018.385986328125 -33.645072937012 -32.17480676200119
2018.4189453125 -32.487606048584 -32.593628345463465
2018.451782226562 -32.400810241699 -33.06069094569867
2018.484619140625 -35.268360137939 -33.57285035382236
2018.517456054688 -32.935668945312 -34.125866320222535
2018.55029296875 -31.544506072998 -34.71346846821204
2018.583129882812 -33.829921722412 -35.3203058724576
2018.615966796875 -30.441928863525 -35.92599447390029
2018.64892578125 -36.826957702637 -36.51791732335915
2018.681762695312 -38.056758880615 -37.09246418625037
2018.714599609375 -27.756927490234 -37.66717020823085
2018.747436523438 -38.001766204834 -38.256539819331536
2018.7802734375 -39.811019897461 -38.85776861934945
2018.813110351562 -41.125705718994 -39.447199769956654
2018.845947265625 -41.813453674316 -40.03965986322059
2018.87890625 -40.226634979248 -40.56294747608895
2018.911743164062 -40.36568069458 -41.02183150103057
2018.944580078125 -41.356830596924 -41.467056191061616
2018.977416992188 -41.544971466064 -41.89181502921959
2019.010986328125 -42.227466583252 -42.33249048529376
2019.043823242188 -42.58699798584 -42.74842097888739
2019.109497070312 -44.042789459229 -43.7597508733389
2019.1259765625 -44.081066131592 -44.02514756276022
2019.142333984375 -43.265045166016 -44.30493831558116
2019.175170898438 -45.02091217041 -44.86902933953531
2019.191650390625 -44.871475219727 -45.17692817030414
2019.208129882812 -45.509223937988 -45.50042530713909
2019.224487304688 -45.2868309021 -45.81952947611073
2019.240966796875 -46.347896575928 -46.17167163897536
2019.25732421875 -46.318408966064 -46.52497256173596
2019.273803710938 -47.01643371582 -46.880240943969206
2019.290161132812 -47.131786346436 -47.24699460473514
2019.306640625 -47.513092041016 -47.602488403116084
2019.323120117188 -47.756336212158 -47.93811272233369
2019.339477539062 -48.475177764893 -48.25771815901865
2019.35595703125 -49.051181793213 -48.564675581578484
2019.372314453125 -51.885810852051 -48.85271817584601
2019.388793945312 -49.707092285156 -49.13157956309291
2019.405151367188 -50.039844512939 -49.3883736883693
2019.421630859375 -48.599426269531 -49.674779397835316
2019.438110351562 -50.302742004395 -49.96000087499028
2019.454467773438 -50.515464782715 -50.24112399625814
2019.470947265625 -49.160892486572 -50.526101947979875
2019.4873046875 -51.521324157715 -50.81044225536028
2019.503784179688 -49.313461303711 -51.09188384550951
2019.520141601562 -48.52806854248 -51.34892348029643
2019.53662109375 -52.733749389648 -51.60448686201111
2019.569458007812 -53.353099822998 -52.10854277737068
2019.602294921875 -48.510551452637 -52.57036037132243
2019.618774414062 -52.717102050781 -52.814195950748385
2019.635131835938 -53.767150878906 -53.05849286919326
2019.651611328125 -54.278617858887 -53.2686423736991
2019.668090820312 -52.153877258301 -53.504730286313865
2019.71728515625 -54.898273468018 -54.0910199703874
2019.733764648438 -53.748157501221 -54.2642408994725
2019.750122070312 -55.205066680908 -54.41378188637799
2019.7666015625 -53.51139831543 -54.56287455137879
2019.799438476562 -54.662120819092 -54.80017276373273
2019.832275390625 -57.272388458252 -54.99670019713948
2019.865112304688 -55.541988372803 -55.139141687143656
2019.898071289062 -55.343627929688 -55.229022048036946
2019.930908203125 -56.359760284424 -55.24452256385586
2019.963745117188 -56.194507598877 -55.14269944981514
2019.99658203125 -55.477806091309 -54.995704473297884
2020.030151367188 -55.575408935547 -54.91323189499103
2020.06298828125 -54.935348510742 -54.61843227363659
2020.095825195312 -54.129016876221 -54.291686222371595
2020.128662109375 -54.55428314209 -53.91412020485801
2020.161499023438 -53.840404510498 -53.50866156579545
2020.177978515625 -53.395732879639 -53.29134624090543
2020.1943359375 -53.556652069092 -53.08448583303544
2020.227294921875 -52.670234680176 -52.672681048517994
2020.260131835938 -50.102485656738 -52.32075048031559
2020.29296875 -51.587272644043 -51.988235029017105
2020.325805664062 -50.831901550293 -51.71601354144102
2020.358642578125 -51.120239257812 -51.63029057513147
2020.391479492188 -50.502021789551 -51.623264533391
2020.42431640625 -50.334129333496 -51.67444574426387
2020.457275390625 -48.937191009521 -51.85716969786643
2020.490112304688 -51.410186767578 -52.18712460933287
2020.52294921875 -52.401161193848 -52.601613377399595
2020.555786132812 -52.462032318115 -53.07466684888598
2020.572265625 -47.882797241211 -53.37867610678175
2020.588623046875 -52.945571899414 -53.68634986939547
2020.605102539062 -54.360466003418 -53.942992777269275
2020.621459960938 -56.33020401001 -54.2683473505324
2020.654296875 -52.420291900635 -54.90083868857976
2020.687255859375 -56.425849914551 -55.54319157062246
2020.70361328125 -56.640491485596 -55.8716967103173
2020.720092773438 -55.624671936035 -56.143789551429066
2020.7529296875 -56.140762329102 -56.68888029686033
2020.785766601562 -58.117153167725 -57.18781342139989
2020.818603515625 -58.125667572021 -57.65612152146283
2020.851440429688 -59.270915985107 -58.1019989322603
2020.917236328125 -59.563751220703 -58.93758651404211
2020.950073242188 -58.771522521973 -59.32698857680915
2020.98291015625 -59.784664154053 -59.70669147755384
2021.013671875 -59.568988800049 -60.0657651912667
2021.046508789062 -60.229740142822 -60.438463262368714
2021.079345703125 -60.701686859131 -60.870595935579374
2021.1123046875 -61.163459777832 -61.3284357098584
2021.145141601562 -61.582599639893 -61.8193564732439
2021.177978515625 -61.628742218018 -62.33065024945976
2021.210815429688 -62.926795959473 -62.85144068288001
2021.24365234375 -61.900455474854 -63.36819740426592
2021.276489257812 -61.690979003906 -63.905735067265674
2021.309326171875 -65.161880493164 -64.43689667332734
2021.34228515625 -66.796737670898 -64.95835352751905
2021.358642578125 -66.34619140625 -65.19030749821525
2021.391479492188 -66.529167175293 -65.68754849985964
2021.407958984375 -65.909690856934 -65.92488132654084
2021.440795898438 -65.65446472168 -66.42708949502631
2021.4736328125 -66.800979614258 -66.90826431361583
2021.506469726562 -74.282318115234 -67.34070537592264
2021.539306640625 -71.916114807129 -67.71663196545363
2021.572265625 -66.376243591309 -68.03017135499805
2021.605102539062 -76.191268920898 -68.37327460868761
2021.637939453125 -69.388252258301 -68.7010266784052
2021.670776367188 -70.047775268555 -69.01755821948005
2021.736450195312 -71.547782897949 -69.6133506302933
2021.769287109375 -67.62622833252 -69.93065257682659
2021.80224609375 -69.661209106445 -70.22098360489561
2021.835083007812 -68.564880371094 -70.5172800779847
2021.867919921875 -72.732810974121 -70.7881021267852
2021.966430664062 -71.543434143066 -71.54854443697646
2022.0 -71.29801940918 -71.78917176597668
2022.065673828125 -72.271980285645 -72.25441095627005
2022.098510742188 -72.354545593262 -72.49370515718287
2022.197143554688 -74.192428588867 -73.24866478159444
2022.22998046875 -76.842651367188 -73.50293870779129
2022.262817382812 -73.56965637207 -73.75311247984281
2022.295654296875 -72.64192199707 -73.99496580758104
2022.328491210938 -74.842231750488 -74.2271128834317
2022.394287109375 -74.056121826172 -74.67827384765674
2022.558471679688 -76.920372009277 -75.90475385645674
2022.591430664062 -80.852783203125 -76.137898634609
2022.68994140625 -70.571907043457 -76.96119580120828
2022.722778320312 -76.213500976562 -77.23583568255464
2022.821411132812 -77.55859375 -78.13916190057968
2022.854248046875 -77.999176025391 -78.57958225173188
2022.887084960938 -78.1162109375 -79.11232747840056
2022.919921875 -78.535423278809 -79.64771844463546
2022.952758789062 -79.270278930664 -80.31701292319546
2022.985595703125 -80.433349609375 -81.24457412726505
2023.019165039062 -81.638641357422 -82.3303063405121
2023.052001953125 -82.425491333008 -83.35310795863957
2023.084838867188 -83.814506530762 -84.61669471932036
2023.11767578125 -85.185264587402 -86.06831006454773
2023.150634765625 -85.241340637207 -87.42209092097741
2023.183471679688 -87.866172790527 -88.87939173280088
2023.21630859375 -85.163856506348 -90.33400830319346
2023.249145507812 -85.278511047363 -91.79264056893692
2023.281982421875 -91.777694702148 -93.2581751907428
2023.314819335938 -96.461303710938 -94.7319482268143
2023.34765625 -96.346221923828 -96.2148499704262
2023.380615234375 -96.522094726562 -97.71228910540576
2023.413452148438 -99.317405700684 -99.212818273298
2023.4462890625 -103.382682800293 -100.72206349253497
2023.57763671875 -127.834869384766 -106.83472716643894
