2014.804931640625 -0.0 -7.106013763119707
2014.837768554688 -15.493947982788 -7.508209966264683
2014.903442382812 -9.646172523499 -8.308321512076612
2014.96923828125 -10.344670295715 -9.105072282797721
2015.03564453125 16.784690856934 -9.904970504177035
2015.101318359375 -19.792501449585 -10.692077349883538
2015.265625 26.302173614502 -12.644744027097156
2015.331298828125 -32.99250793457 -13.419005354086126
2015.39697265625 -48.056972503662 -14.190306214891104
2016.021850585938 -4.788601398468 -28.571155584737877
2016.1533203125 -36.176864624023 -27.80245423635825
2016.350463867188 -26.782712936401 -26.887886363834234
2016.416137695312 -41.212154388428 -26.54480856563206
2016.547607421875 -23.145685195923 -25.807687466864774
2016.744750976562 -29.081106185913 -24.71703498529071
2016.777587890625 -22.930463790894 -24.58781211374663
2016.810424804688 -30.258274078369 -24.485097699941694
2016.84326171875 -21.694017410278 -24.39610467597574
2016.876098632812 -25.805011749268 -24.258449306751587
2016.908935546875 -24.13189125061 -24.095792864512816
2016.941772460938 -23.339038848877 -23.918984645642475
2016.974731445312 -22.114513397217 -23.661890910718913
2017.005493164062 -22.544946670532 -23.410873202941307
2017.038330078125 -22.215908050537 -23.13050005207304
2017.071166992188 -22.576797485352 -22.864789278102908
2017.10400390625 -22.938768386841 -22.63301685712922
2017.136840820312 -24.037979125977 -22.43785728404985
2017.169799804688 -24.571691513062 -22.280139464900557
2017.20263671875 -23.091571807861 -22.154087024614572
2017.235473632812 -20.264638900757 -22.045880924662665
2017.268310546875 -20.418857574463 -21.961914990853334
2017.301147460938 -21.518081665039 -21.929596683171532
2017.333984375 -17.151639938354 -21.971443824501094
2017.366821289062 -21.651309967041 -22.077381785002046
2017.399780273438 -25.307710647583 -22.197840765222463
2017.4326171875 -20.322723388672 -22.280158764766753
2017.498291015625 -30.871820449829 -22.301021647338935
2017.531127929688 -17.295185089111 -22.28016046867128
2017.56396484375 -25.105651855469 -22.247066317799618
2017.596801757812 -24.28145980835 -22.186714447349026
2017.629760742188 -25.645763397217 -22.08060353174645
2017.66259765625 -27.180595397949 -21.89984444021871
2017.695434570312 -21.111175537109 -21.62093615685391
2017.728271484375 -18.370286941528 -21.222181180759943
2017.761108398438 -19.775695800781 -20.703024017317578
2017.7939453125 -19.687482833862 -20.083529306375425
2017.826782226562 -20.462635040283 -19.40674112891485
2017.859741210938 -19.769931793213 -18.687683839998
2017.892578125 -18.414014816284 -17.951622421482075
2017.925415039062 -17.787796020508 -17.22893193241534
2017.958251953125 -16.726526260376 -16.525701594622085
2017.991088867188 -15.795532226562 -15.836511992825395
2018.024658203125 -15.379877090454 -15.14092092557946
2018.057495117188 -13.719337463379 -14.473914521343868
2018.09033203125 -13.198386192322 -13.873427590086386
2018.123168945312 -12.668217658997 -13.408720133008488
2018.156005859375 -10.631319046021 -13.12574960734593
2018.18896484375 -13.562436103821 -13.047028037732021
2018.221801757812 -10.183670043945 -13.178496947051489
2018.254638671875 -8.648823738098 -13.510335460341151
2018.287475585938 -9.807210922241 -14.029904102254969
2018.3203125 -12.026016235352 -14.716172093769703
2018.353149414062 -10.314785957336 -15.585197760634733
2018.385986328125 -15.33592414856 -16.623916933434256
2018.4189453125 -16.449708938599 -17.782900866674918
2018.451782226562 -17.511219024658 -18.99580448138301
2018.484619140625 -21.047721862793 -20.219876084281097
2018.517456054688 -24.158231735229 -21.43624442047447
2018.55029296875 -26.525712966919 -22.618977303262685
2018.583129882812 -27.374040603638 -23.722335340844015
2018.615966796875 -36.154144287109 -24.718484208231025
2018.64892578125 -29.747652053833 -25.59114620969648
2018.681762695312 -27.578287124634 -26.325705052852058
2018.714599609375 -25.80951499939 -26.91343884922492
2018.747436523438 -29.877447128296 -27.3310452973866
2018.7802734375 -25.738561630249 -27.579524660339573
2018.813110351562 -30.658489227295 -27.64227083932446
2018.845947265625 -28.024526596069 -27.604263041610672
2018.87890625 -28.484470367432 -27.472129886105847
2018.911743164062 -27.869678497314 -27.28887095550561
2018.944580078125 -26.729753494263 -27.128664090000104
2018.977416992188 -26.704439163208 -26.935602979075913
2019.010986328125 -25.944505691528 -26.671536946125354
2019.043823242188 -26.5322265625 -26.366272773840382
2019.109497070312 -26.024473190308 -25.764217360996756
2019.1259765625 -25.726119995117 -25.63637693836915
2019.142333984375 -24.255899429321 -25.511424216527736
2019.175170898438 -26.303707122803 -25.266817775448413
2019.191650390625 -24.613525390625 -25.125456921841067
2019.208129882812 -27.326068878174 -24.980542187597315
2019.224487304688 -25.115140914917 -24.83632071361639
2019.240966796875 -23.412719726562 -24.70146185688503
2019.25732421875 -24.77027130127 -24.595383919909153
2019.273803710938 -24.051900863647 -24.4716754747479
2019.290161132812 -23.985252380371 -24.34424888130514
2019.306640625 -23.760925292969 -24.306234191921106
2019.323120117188 -23.61866569519 -24.31503912805189
2019.339477539062 -23.847232818604 -24.371989451773498
2019.35595703125 -23.296369552612 -24.47260956518545
2019.372314453125 -23.221059799194 -24.610530692424014
2019.388793945312 -24.469470977783 -24.80106772944446
2019.405151367188 -24.57391166687 -25.10475232204793
2019.421630859375 -24.974414825439 -25.40397341316359
2019.438110351562 -30.537448883057 -25.76826692888875
2019.454467773438 -26.20002746582 -26.19506642063039
2019.470947265625 -22.831167221069 -26.65229745869522
2019.4873046875 -29.119735717773 -27.09210203477539
2019.503784179688 -23.733316421509 -27.444175642744842
2019.520141601562 -17.862056732178 -27.796834574243213
2019.53662109375 -30.349313735962 -28.124750271582197
2019.569458007812 -28.883731842041 -28.707281833076777
2019.602294921875 -35.375431060791 -29.263150289196872
2019.618774414062 -30.824039459229 -29.557051108515807
2019.635131835938 -29.325693130493 -29.841426343057012
2019.651611328125 -30.945278167725 -30.049641699270403
2019.668090820312 -24.756368637085 -30.285417824527926
2019.71728515625 -30.527507781982 -30.646317872723305
2019.733764648438 -29.959144592285 -30.686668806438995
2019.750122070312 -35.452640533447 -30.62055493467992
2019.7666015625 -32.603874206543 -30.590598581979467
2019.799438476562 -29.401964187622 -30.415456221524284
2019.832275390625 -32.770698547363 -30.27598685486208
2019.865112304688 -30.418195724487 -30.159189594365674
2019.898071289062 -30.226057052612 -30.067709240358525
2019.930908203125 -28.883592605591 -29.98352518391125
2019.963745117188 -27.422464370728 -29.9617557502375
2019.99658203125 -29.363826751709 -30.000431670525398
2020.030151367188 -27.770700454712 -29.937152855168407
2020.06298828125 -30.013290405273 -30.1895507667854
2020.095825195312 -30.574480056763 -30.48238483921531
2020.128662109375 -30.489940643311 -30.886112128864028
2020.161499023438 -29.649953842163 -31.382671691365555
2020.177978515625 -31.234323501587 -31.68033202467079
2020.1943359375 -30.212064743042 -31.93616811332345
2020.227294921875 -32.174571990967 -32.52441664243613
2020.260131835938 -34.858848571777 -33.10842569194278
2020.29296875 -34.909454345703 -33.697920409735744
2020.325805664062 -36.266059875488 -34.285473543128944
2020.358642578125 -33.739841461182 -34.789024019222516
2020.391479492188 -36.881973266602 -35.22470027904124
2020.42431640625 -34.333953857422 -35.56204107541627
2020.457275390625 -36.176319122314 -35.69653042713489
2020.490112304688 -39.711528778076 -35.62200096634148
2020.52294921875 -35.15221786499 -35.466553704213425
2020.555786132812 -35.471675872803 -35.29526142830522
2020.572265625 -47.830749511719 -35.14734268082334
2020.588623046875 -42.827617645264 -34.978743078617235
2020.605102539062 -33.983329772949 -34.89762192966002
2020.621459960938 -45.310398101807 -34.69743829492353
2020.654296875 -37.404010772705 -34.35390267607574
2020.687255859375 -29.775764465332 -33.957091005272275
2020.70361328125 -32.775997161865 -33.74399097150047
2020.720092773438 -30.546878814697 -33.52374613753767
2020.7529296875 -36.371719360352 -33.064571018061194
2020.785766601562 -36.557346343994 -32.591660391962684
2020.818603515625 -29.618721008301 -32.115149330822746
2020.851440429688 -29.898601531982 -31.6308583397504
2020.917236328125 -32.19563293457 -30.780293805126725
2020.950073242188 -30.681797027588 -30.48572676469357
2020.98291015625 -30.29125213623 -30.266507635266755
2021.013671875 -29.338272094727 -30.009745627567796
2021.046508789062 -24.565645217896 -29.884398526878666
2021.079345703125 -29.038156509399 -29.982874519179205
2021.1123046875 -27.07664680481 -30.097178608647926
2021.145141601562 -30.517391204834 -30.29335812278597
2021.177978515625 -29.759586334229 -30.5626829840463
2021.210815429688 -30.50732421875 -30.924405207338587
2021.24365234375 -27.60736656189 -31.254124267733967
2021.276489257812 -33.418621063232 -31.890915352757915
2021.309326171875 -34.567794799805 -32.66804065622127
2021.34228515625 -33.092170715332 -33.55503332008903
2021.358642578125 -33.448371887207 -34.05232355149552
2021.391479492188 -31.525960922241 -34.93742582537948
2021.407958984375 -32.917072296143 -35.32967493472202
2021.440795898438 -34.482021331787 -36.03551020764934
2021.4736328125 -39.157192230225 -36.57996060774992
2021.506469726562 -39.777870178223 -36.96230553658068
2021.539306640625 -43.017444610596 -37.21707230089508
2021.572265625 -44.044013977051 -37.14187484827443
2021.605102539062 -46.273624420166 -37.34002561449269
2021.637939453125 -40.015895843506 -37.47411641113781
2021.670776367188 -38.349960327148 -37.50391348683834
2021.736450195312 -37.347095489502 -36.98307481675944
2021.769287109375 -37.582176208496 -36.71753730587956
2021.80224609375 -36.129428863525 -36.317944827083316
2021.835083007812 -33.64066696167 -35.88359736635347
2021.867919921875 -37.085880279541 -35.43553721231275
2021.966430664062 -31.014022827148 -34.08171299239587
2022.0 -30.904718399048 -33.62870738273608
2022.065673828125 -37.776069641113 -32.75424355992939
2022.098510742188 -33.515682220459 -32.398241385441736
2022.197143554688 -25.486877441406 -31.702208840675233
2022.22998046875 -32.901100158691 -31.58842222594815
2022.262817382812 -18.885446548462 -31.58853398768514
2022.295654296875 -24.677038192749 -31.898127023512867
2022.328491210938 -27.601202011108 -32.65832646650219
2022.394287109375 -44.518947601318 -34.15625468465013
2022.558471679688 -44.188850402832 -35.11431811225728
2022.591430664062 -16.787490844727 -35.37829920057038
2022.68994140625 -69.556968688965 -38.84850417969227
2022.722778320312 -54.16748046875 -40.523633822036075
2022.821411132812 -37.556339263916 -40.75197567806523
2022.854248046875 -42.732402801514 -39.91582156375551
2022.887084960938 -38.837898254395 -39.01988654709483
2022.919921875 -39.222724914551 -38.182296063790666
2022.952758789062 -40.216236114502 -37.332814872605596
2022.985595703125 -35.796875 -36.50063395327402
2023.019165039062 -33.639129638672 -35.76779202295531
2023.052001953125 -33.577056884766 -35.043827417890476
2023.084838867188 -33.157741546631 -34.553077720227634
2023.11767578125 -34.237552642822 -34.35085390382728
2023.150634765625 -31.513427734375 -34.01257215465221
2023.183471679688 -31.339567184448 -33.823365844459815
2023.21630859375 -26.075870513916 -33.617801884072776
2023.249145507812 -27.191360473633 -33.41091425555728
2023.281982421875 -29.759176254272 -33.212286099734754
2023.314819335938 -35.695804595947 -33.02900683999499
2023.34765625 -31.371231079102 -32.86664047954833
2023.380615234375 -40.465072631836 -32.72743339590902
2023.413452148438 -37.440757751465 -32.61399563086206
2023.4462890625 -28.410032272339 -32.52406850661604
2023.57763671875 -62.950099945068 -32.324165205426155
