2014.804931640625 -0.0 -3.282907242053634
2014.837768554688 -5.159200668335 -3.8750561390949914
2014.903442382812 -4.858053207397 -5.056296334204584
2014.96923828125 -6.094262123108 -6.23571475876338
2015.03564453125 -0.105158515275 -7.422114417026196
2015.101318359375 -10.632881164551 -8.591688611366788
2015.265625 -7.96846818924 -11.501823871436976
2015.331298828125 -14.05449962616 -12.658131058860844
2015.39697265625 -18.360460281372 -13.81052662166945
2016.021850585938 -18.589242935181 -24.291884286072353
2016.1533203125 -26.440357208252 -26.842674471507888
2016.350463867188 -38.850868225098 -29.90485850850963
2016.416137695312 -34.514636993408 -30.491132665821727
2016.547607421875 -39.289421081543 -31.857561335069825
2016.744750976562 -32.462944030762 -34.01118029833174
2016.777587890625 -36.385395050049 -33.933604532029946
2016.810424804688 -36.402164459229 -33.85976570688498
2016.84326171875 -32.932792663574 -33.79181104072181
2016.876098632812 -33.866493225098 -33.726457557264155
2016.908935546875 -33.443012237549 -33.720188988452435
2016.941772460938 -32.547821044922 -33.75014598628164
2016.974731445312 -32.679847717285 -33.79192685533392
2017.005493164062 -32.755107879639 -33.91886422114866
2017.038330078125 -33.503398895264 -34.00231681868615
2017.071166992188 -32.719486236572 -34.103395037382306
2017.10400390625 -33.575256347656 -34.4462021341713
2017.136840820312 -32.947814941406 -34.948088876085095
2017.169799804688 -35.459632873535 -35.56341811218211
2017.20263671875 -36.521659851074 -36.31610240625867
2017.235473632812 -34.549907684326 -37.2539205389423
2017.268310546875 -35.923469543457 -38.38306002906996
2017.301147460938 -37.314155578613 -39.636711757393996
2017.333984375 -38.927421569824 -40.92827634353328
2017.366821289062 -46.014789581299 -42.22820016885537
2017.399780273438 -47.881587982178 -43.54712766208264
2017.4326171875 -41.510723114014 -44.870191560650774
2017.498291015625 -52.435520172119 -47.49237811255786
2017.531127929688 -48.64457321167 -48.793988636583975
2017.56396484375 -51.920906066895 -50.053665274560394
2017.596801757812 -53.847473144531 -51.20449319576609
2017.629760742188 -51.645378112793 -52.18473088118054
2017.66259765625 -55.187744140625 -52.94159299912772
2017.695434570312 -55.730518341064 -53.50703315077736
2017.728271484375 -55.943069458008 -53.93192234732423
2017.761108398438 -53.881366729736 -54.24628726803317
2017.7939453125 -55.267719268799 -54.47625068000834
2017.826782226562 -55.186973571777 -54.65303020644576
2017.859741210938 -56.054054260254 -54.778742702668
2017.892578125 -54.549430847168 -54.84552663348838
2017.925415039062 -54.531242370605 -54.88002768331781
2017.958251953125 -54.58971786499 -54.902738226417796
2017.991088867188 -54.541900634766 -54.93241684034009
2018.024658203125 -54.517520904541 -54.99840555780064
2018.057495117188 -54.603881835938 -55.11118270255264
2018.09033203125 -55.224853515625 -55.28819630050191
2018.123168945312 -55.099403381348 -55.54808072811229
2018.156005859375 -53.816387176514 -55.9152344426023
2018.18896484375 -56.070751190186 -56.39644432781609
2018.221801757812 -55.67525100708 -56.97823736804927
2018.254638671875 -56.033069610596 -57.64289502411508
2018.287475585938 -56.717163085938 -58.37557933386636
2018.3203125 -58.358757019043 -59.16453717763839
2018.353149414062 -57.677101135254 -60.00274229423825
2018.385986328125 -61.592975616455 -60.880174357106576
2018.4189453125 -65.550750732422 -61.795047469592895
2018.451782226562 -63.332260131836 -62.719528361239284
2018.484619140625 -63.390102386475 -63.627296621868524
2018.517456054688 -64.88249206543 -64.49482191519195
2018.55029296875 -66.452346801758 -65.308697655735
2018.583129882812 -66.97053527832 -66.0523707139958
2018.615966796875 -67.677185058594 -66.71776265998353
2018.64892578125 -68.834892272949 -67.30531503119968
2018.681762695312 -67.564155578613 -67.81870888590329
2018.714599609375 -70.29126739502 -68.26690811614812
2018.747436523438 -68.106582641602 -68.6603656384139
2018.7802734375 -68.70817565918 -69.00832384680798
2018.813110351562 -69.715942382812 -69.29275273516349
2018.845947265625 -69.514343261719 -69.54664818010612
2018.87890625 -70.347747802734 -69.75786486121538
2018.911743164062 -70.66138458252 -69.93959629466599
2018.944580078125 -70.22745513916 -70.1256449679026
2018.977416992188 -71.149642944336 -70.30819339925299
2019.010986328125 -68.819557189941 -70.47592144176409
2019.043823242188 -70.502616882324 -70.61266945991443
2019.109497070312 -70.374900817871 -70.80522783225729
2019.1259765625 -70.74543762207 -70.84870319785344
2019.142333984375 -72.623153686523 -70.915216447178
2019.175170898438 -71.154975891113 -71.08814482503895
2019.191650390625 -70.530242919922 -71.1980369424012
2019.208129882812 -71.680778503418 -71.3192299386283
2019.224487304688 -71.191177368164 -71.42584419237158
2019.240966796875 -71.357452392578 -71.55709666808089
2019.25732421875 -71.046615600586 -71.69863328232721
2019.273803710938 -70.93473815918 -71.81750423474675
2019.290161132812 -71.055023193359 -71.94141949778965
2019.306640625 -73.275177001953 -72.13174783238816
2019.323120117188 -71.321350097656 -72.36023116081876
2019.339477539062 -72.067192077637 -72.61860385048462
2019.35595703125 -73.61328125 -72.8998573928815
2019.372314453125 -74.406692504883 -73.18689004092033
2019.388793945312 -73.37776184082 -73.48089162269166
2019.405151367188 -72.677932739258 -73.75832084192398
2019.421630859375 -72.370613098145 -74.04369867741681
2019.438110351562 -74.590377807617 -74.32630987885486
2019.454467773438 -75.553619384766 -74.601714955708
2019.470947265625 -77.939567565918 -74.8809070064275
2019.4873046875 -75.895599365234 -75.14818035112947
2019.503784179688 -71.675804138184 -75.34130572402242
2019.520141601562 -73.971656799316 -75.53929859930787
2019.53662109375 -77.35270690918 -75.72589952094859
2019.569458007812 -76.396064758301 -76.14852967972331
2019.602294921875 -81.605140686035 -76.72126410295472
2019.618774414062 -72.732650756836 -77.00288144009517
2019.635131835938 -80.198699951172 -77.27165737604739
2019.651611328125 -75.465133666992 -77.57967614052288
2019.668090820312 -74.531661987305 -77.84683039523293
2019.71728515625 -78.187438964844 -78.75891545022898
2019.733764648438 -80.32984161377 -79.07880933241026
2019.750122070312 -77.964370727539 -79.43006140784601
2019.7666015625 -81.804344177246 -79.76618839741161
2019.799438476562 -81.299461364746 -80.47086088820295
2019.832275390625 -78.06111907959 -81.19409911216451
2019.865112304688 -82.529388427734 -81.9464968310927
2019.898071289062 -83.121742248535 -82.72467917423445
2019.930908203125 -83.318077087402 -83.52145319463105
2019.963745117188 -83.835411071777 -84.3578694268816
2019.99658203125 -84.906471252441 -85.21083893118686
2020.030151367188 -85.084243774414 -86.0421099977245
2020.06298828125 -86.561828613281 -86.95274287420706
2020.095825195312 -87.894348144531 -87.87518135350996
2020.128662109375 -88.997711181641 -88.82336610491805
2020.161499023438 -89.606094360352 -89.78582318770188
2020.177978515625 -90.272171020508 -90.27245674681022
2020.1943359375 -90.588516235352 -90.75592857908264
2020.227294921875 -92.383880615234 -91.72517389185975
2020.260131835938 -92.146087646484 -92.65962027340379
2020.29296875 -93.727500915527 -93.56948235811656
2020.325805664062 -97.473251342773 -94.41078705419356
2020.358642578125 -94.215484619141 -95.08403677208658
2020.391479492188 -97.971260070801 -95.69609882454314
2020.42431640625 -97.134384155273 -96.29209610206908
2020.457275390625 -97.191780090332 -96.8322070937963
2020.490112304688 -99.726493835449 -97.28657810415037
2020.52294921875 -93.359825134277 -97.66358650028744
2020.555786132812 -95.18994140625 -97.94685838532158
2020.572265625 -101.020370483398 -98.01738170212212
2020.588623046875 -97.432067871094 -98.05616713398928
2020.605102539062 -99.809280395508 -98.16076179675932
2020.621459960938 -98.25186920166 -98.15552266806743
2020.654296875 -99.432815551758 -98.1675068082941
2020.687255859375 -98.186546325684 -98.09052330708434
2020.70361328125 -97.870727539062 -98.05696751946702
2020.720092773438 -100.017532348633 -97.93390658555984
2020.7529296875 -98.983436584473 -97.72594224592325
2020.785766601562 -98.508529663086 -97.48262202147103
2020.818603515625 -96.306915283203 -97.2224549523987
2020.851440429688 -94.898193359375 -96.95527751795522
2020.917236328125 -96.798233032227 -96.48141948020489
2020.950073242188 -95.619842529297 -96.37691743769291
2020.98291015625 -96.220664978027 -96.35200373883194
2021.013671875 -95.27970123291 -96.24353901946408
2021.046508789062 -92.729438781738 -96.32951002125657
2021.079345703125 -96.021781921387 -96.65063487753363
2021.1123046875 -95.373924255371 -97.02293403187079
2021.145141601562 -96.48193359375 -97.50827515595304
2021.177978515625 -97.385734558105 -98.07395654703953
2021.210815429688 -97.230712890625 -98.69503860686193
2021.24365234375 -97.8564453125 -99.2728590108155
2021.276489257812 -100.231620788574 -100.06482486439593
2021.309326171875 -100.368446350098 -100.9260561218478
2021.34228515625 -101.506782531738 -101.83802641285135
2021.358642578125 -103.582786560059 -102.30707794884087
2021.391479492188 -104.670967102051 -103.24832324007748
2021.407958984375 -104.69172668457 -103.71091926007188
2021.440795898438 -103.794975280762 -104.59648066918027
2021.4736328125 -104.360466003418 -105.37502176928692
2021.506469726562 -106.012481689453 -106.02436827802276
2021.539306640625 -112.989936828613 -106.56138818681077
2021.572265625 -111.254081726074 -106.84536509093813
2021.605102539062 -112.905654907227 -107.30327102436014
2021.637939453125 -109.75708770752 -107.72557096473832
2021.670776367188 -110.785781860352 -108.10250473971021
2021.736450195312 -109.709281921387 -108.57309610123316
2021.769287109375 -109.684852600098 -108.79921686579003
2021.80224609375 -108.862380981445 -108.87374168305536
2021.835083007812 -106.446113586426 -108.91857326652956
2021.867919921875 -109.160446166992 -108.81200766947934
2021.966430664062 -109.991821289062 -108.2986409743694
2022.0 -108.098442077637 -108.0978980183492
2022.065673828125 -109.986785888672 -107.75146051967917
2022.098510742188 -105.344535827637 -108.02307040239971
2022.197143554688 -106.265327453613 -109.73344807021026
2022.22998046875 -107.124969482422 -110.34724590229754
2022.262817382812 -103.573387145996 -111.03729896749473
2022.295654296875 -104.723777770996 -111.90200270142631
2022.328491210938 -106.134994506836 -112.9801544246688
2022.394287109375 -106.964775085449 -115.47962264796507
2022.558471679688 -121.153854370117 -121.07278979237024
2022.591430664062 -112.888748168945 -122.24090379959914
2022.68994140625 -115.124244689941 -126.5298755712225
2022.722778320312 -133.525619506836 -128.03732616033437
2022.821411132812 -131.248840332031 -132.3030695723411
2022.854248046875 -137.755111694336 -133.64344210783122
2022.887084960938 -132.785949707031 -134.94051665099582
2022.919921875 -139.480834960938 -136.26204209011664
2022.952758789062 -138.358901977539 -137.48083343324424
2022.985595703125 -141.557174682617 -138.49313668301127
2023.019165039062 -139.987075805664 -139.47843243979253
2023.052001953125 -140.98762512207 -140.46451077706067
2023.084838867188 -141.380401611328 -141.39853935927817
2023.11767578125 -142.544662475586 -142.27436948330867
2023.150634765625 -144.501113891602 -143.1689328456632
2023.183471679688 -142.416381835938 -144.00652739865112
2023.21630859375 -143.969192504883 -144.8329456968727
2023.249145507812 -145.332702636719 -145.65207315316914
2023.281982421875 -146.33935546875 -146.46716239219737
2023.314819335938 -147.668243408203 -147.28060414095827
2023.34765625 -148.06103515625 -148.09402959005973
2023.380615234375 -150.88996887207 -148.91138898885467
2023.413452148438 -144.202163696289 -149.7269371265753
2023.4462890625 -149.43913269043 -150.5428814454073
2023.57763671875 -160.184829711914 -153.80179704642273
