2014.804931640625 0.0 11.870087897171436
2014.837768554688 17.145025253296 11.294572303743907
2014.903442382812 14.601984977722 10.147782662105303
2014.96923828125 8.34125995636 9.004568948421852
2015.03564453125 11.59232711792 7.856263448165946
2015.101318359375 -10.10512638092 6.725801356789751
2015.265625 13.962556838989 3.9140060694861476
2015.331298828125 0.611038088799 2.7932126983177623
2015.39697265625 -28.666255950928 1.6717990103484388
2016.021850585938 -5.260149002075 -8.819240759130842
2016.1533203125 -25.17921257019 -10.622159887231039
2016.350463867188 -16.141199111938 -13.175013834325553
2016.416137695312 -36.550594329834 -14.125423463056947
2016.547607421875 -5.51567363739 -16.188557689544123
2016.744750976562 -11.702691078186 -17.77019187215459
2016.777587890625 -13.389115333557 -17.708817713616348
2016.810424804688 -20.660980224609 -17.69853615057898
2016.84326171875 -18.25944519043 -18.33119401123566
2016.876098632812 -20.330804824829 -19.210177040861023
2016.908935546875 -19.330678939819 -20.104506814822212
2016.941772460938 -20.410074234009 -21.032691023553323
2016.974731445312 -21.111358642578 -21.966402184947242
2017.005493164062 -23.028671264648 -22.859600624820196
2017.038330078125 -23.886598587036 -23.80297707116079
2017.071166992188 -24.71755027771 -24.739970671118407
2017.10400390625 -25.591686248779 -25.758394091923655
2017.136840820312 -25.629730224609 -26.83439889573507
2017.169799804688 -27.495992660522 -27.957058337394027
2017.20263671875 -28.364730834961 -29.121974168246
2017.235473632812 -28.848037719727 -30.330288914644015
2017.268310546875 -31.840692520142 -31.573104720102613
2017.301147460938 -32.863773345947 -32.81209214339389
2017.333984375 -34.747734069824 -33.99319321830168
2017.366821289062 -33.49137878418 -35.10265328978333
2017.399780273438 -38.349430084229 -36.176836741572814
2017.4326171875 -38.181793212891 -37.24558550959193
2017.498291015625 -44.567863464355 -39.35366868062498
2017.531127929688 -48.310722351074 -40.34641722641179
2017.56396484375 -42.746608734131 -41.273277121660996
2017.596801757812 -41.421890258789 -42.12924839162576
2017.629760742188 -41.395137786865 -42.914669545451694
2017.66259765625 -43.792125701904 -43.60017403185816
2017.695434570312 -45.086368560791 -44.169074640779094
2017.728271484375 -47.855716705322 -44.61265932226174
2017.761108398438 -46.639686584473 -44.964353193474565
2017.7939453125 -46.178955078125 -45.258924615351
2017.826782226562 -45.587642669678 -45.52449820388839
2017.859741210938 -45.825004577637 -45.76493937831869
2017.892578125 -45.94310760498 -45.96396891199663
2017.925415039062 -46.551254272461 -46.114427435316976
2017.958251953125 -46.19645690918 -46.228087879806615
2017.991088867188 -45.939708709717 -46.33566874493408
2018.024658203125 -45.82942199707 -46.48124963026793
2018.057495117188 -46.367534637451 -46.68970882970694
2018.09033203125 -46.724536895752 -47.008817117192095
2018.123168945312 -46.824859619141 -47.46948151644517
2018.156005859375 -44.750415802002 -48.08245622406164
2018.18896484375 -47.830169677734 -48.84943795350871
2018.221801757812 -46.864967346191 -49.76698283012538
2018.254638671875 -49.587272644043 -50.832060275886846
2018.287475585938 -48.465911865234 -52.05863083247729
2018.3203125 -51.472232818604 -53.43910050971378
2018.353149414062 -50.178600311279 -54.95292133988966
2018.385986328125 -57.018543243408 -56.581431858759665
2018.4189453125 -56.700370788574 -58.323515215692574
2018.451782226562 -59.029067993164 -60.13784069981841
2018.484619140625 -66.025093078613 -61.98847776469447
2018.517456054688 -63.252639770508 -63.84195069363401
2018.55029296875 -70.724105834961 -65.67218493025084
2018.583129882812 -68.871070861816 -67.42395465691942
2018.615966796875 -69.66658782959 -69.05199878713283
2018.64892578125 -71.440979003906 -70.5414220975015
2018.681762695312 -74.586151123047 -71.88778496707198
2018.714599609375 -65.203681945801 -73.10511039569278
2018.747436523438 -74.734954833984 -74.18646676775406
2018.7802734375 -77.105270385742 -75.15009107673146
2018.813110351562 -78.919578552246 -76.00203939368824
2018.845947265625 -79.891296386719 -76.84327557667191
2018.87890625 -77.110122680664 -77.60942312225025
2018.911743164062 -77.085975646973 -78.25759540431298
2018.944580078125 -78.536422729492 -78.83265050004819
2018.977416992188 -78.265800476074 -79.35408173929224
2019.010986328125 -78.858215332031 -79.95664309114966
2019.043823242188 -80.303695678711 -80.52014448537429
2019.109497070312 -82.22282409668 -82.1467366531856
2019.1259765625 -81.986022949219 -82.57921773582619
2019.142333984375 -82.130546569824 -83.10796451237128
2019.175170898438 -83.304122924805 -84.21171292381237
2019.191650390625 -84.247917175293 -84.8835735856181
2019.208129882812 -83.470085144043 -85.62815382347463
2019.224487304688 -86.178703308105 -86.34878764274741
2019.240966796875 -87.66202545166 -87.24778227884856
2019.25732421875 -87.072311401367 -88.21881740858647
2019.273803710938 -88.225242614746 -89.13871192287978
2019.290161132812 -90.067596435547 -90.12171500407293
2019.306640625 -90.131866455078 -91.33104296372439
2019.323120117188 -90.376083374023 -92.62431679394435
2019.339477539062 -94.82593536377 -93.97169919257792
2019.35595703125 -93.071235656738 -95.3805268579092
2019.372314453125 -97.274459838867 -96.81313589620589
2019.388793945312 -97.708488464355 -98.29368406294454
2019.405151367188 -97.297370910645 -99.86131020008867
2019.421630859375 -101.219604492188 -101.43670628434063
2019.438110351562 -104.941390991211 -103.0490578693894
2019.454467773438 -105.353225708008 -104.67297654705287
2019.470947265625 -106.156196594238 -106.32237941201015
2019.4873046875 -110.114990234375 -107.96067712873396
2019.503784179688 -106.602676391602 -109.59853159786773
2019.520141601562 -107.60440826416 -111.23169223721463
2019.53662109375 -117.94255065918 -112.85200369951069
2019.569458007812 -118.000358581543 -115.92851193062965
2019.602294921875 -116.153701782227 -118.55824963096516
2019.618774414062 -125.328598022461 -119.85152936178903
2019.635131835938 -123.173629760742 -121.10252981099364
2019.651611328125 -123.591285705566 -122.15269728167829
2019.668090820312 -126.566841125488 -123.32096073318063
2019.71728515625 -128.276153564453 -126.08565933544277
2019.733764648438 -127.791778564453 -126.88283591553228
2019.750122070312 -133.877868652344 -127.437432681283
2019.7666015625 -126.838180541992 -128.0934207098062
2019.799438476562 -129.296020507812 -129.10838474933357
2019.832275390625 -135.543106079102 -130.08748571959558
2019.865112304688 -132.294448852539 -130.94898886108012
2019.898071289062 -132.195739746094 -131.70281883156696
2019.930908203125 -132.843780517578 -132.36119687115377
2019.963745117188 -132.993377685547 -132.93157318410573
2019.99658203125 -133.694259643555 -133.47178416754005
2020.030151367188 -133.662857055664 -134.0451839599935
2020.06298828125 -134.447265625 -134.53989085448117
2020.095825195312 -134.894805908203 -135.0622565164338
2020.128662109375 -135.667663574219 -135.65397993141957
2020.161499023438 -135.391418457031 -136.35251759232517
2020.177978515625 -136.303070068359 -136.8121390973444
2020.1943359375 -136.769989013672 -137.15361351536896
2020.227294921875 -136.284362792969 -138.08459658808215
2020.260131835938 -136.737380981445 -139.2207580963158
2020.29296875 -138.985076904297 -140.4729971664128
2020.325805664062 -140.661773681641 -141.97077707693248
2020.358642578125 -142.148818969727 -143.97468967473878
2020.391479492188 -144.071182250977 -146.15671428220236
2020.42431640625 -146.990585327148 -148.45264983923806
2020.457275390625 -145.515472412109 -150.9483626842233
2020.490112304688 -149.326507568359 -153.64370777015262
2020.52294921875 -157.211547851562 -156.43732798314105
2020.555786132812 -158.038146972656 -159.29679359707808
2020.572265625 -158.588165283203 -160.7461062469012
2020.588623046875 -165.921752929688 -162.15422130517229
2020.605102539062 -165.161972045898 -163.61612411510956
2020.621459960938 -167.732116699219 -164.98668434060846
2020.654296875 -169.112319946289 -167.7119358737648
2020.687255859375 -171.669998168945 -170.1913107563302
2020.70361328125 -174.631988525391 -171.4378862476579
2020.720092773438 -173.387802124023 -172.29288943297485
2020.7529296875 -174.657806396484 -174.10438804921958
2020.785766601562 -178.467346191406 -175.73086569654487
2020.818603515625 -179.212036132812 -177.24032332573387
2020.851440429688 -182.159744262695 -178.63901573701762
2020.917236328125 -181.647216796875 -181.08258445445523
2020.950073242188 -181.558441162109 -182.16346335095048
2020.98291015625 -183.260162353516 -183.24987993588954
2021.013671875 -183.856918334961 -184.25955487976717
2021.046508789062 -184.348495483398 -185.34299772091663
2021.079345703125 -186.1259765625 -186.57921214349122
2021.1123046875 -185.666580200195 -187.85387137945798
2021.145141601562 -188.364181518555 -189.21315655092957
2021.177978515625 -189.3720703125 -190.65058740115305
2021.210815429688 -192.065689086914 -192.15360627085806
2021.24365234375 -188.958572387695 -193.62174948071382
2021.276489257812 -195.2021484375 -195.32311805217904
2021.309326171875 -197.253829956055 -197.17352469358755
2021.34228515625 -198.348754882812 -199.1753504497713
2021.358642578125 -201.163238525391 -200.3146411250064
2021.391479492188 -201.210510253906 -202.56943570156963
2021.407958984375 -202.335891723633 -203.838479622501
2021.440795898438 -201.896728515625 -206.27300776514426
2021.4736328125 -206.537704467773 -208.7858500415556
2021.506469726562 -224.257537841797 -211.3040623177202
2021.539306640625 -216.139831542969 -213.73160485566822
2021.572265625 -213.857788085938 -215.91980490825912
2021.605102539062 -229.548538208008 -218.19812105744526
2021.637939453125 -223.769714355469 -220.43508005810003
2021.670776367188 -225.896438598633 -222.6175230894841
2021.736450195312 -232.059585571289 -226.44997169591383
2021.769287109375 -230.759902954102 -228.36063488268186
2021.80224609375 -232.884872436523 -230.00822127352555
2021.835083007812 -231.529067993164 -231.6487343203655
2021.867919921875 -233.364364624023 -233.09298587086946
2021.966430664062 -237.526443481445 -237.26296458015736
2022.0 -238.058959960938 -238.6720420628174
2022.065673828125 -240.339996337891 -241.41231341782287
2022.098510742188 -239.545257568359 -242.874291041385
2022.197143554688 -246.388580322266 -247.47557764668647
2022.22998046875 -249.828765869141 -249.11315544555362
2022.262817382812 -245.219940185547 -250.7954915918287
2022.295654296875 -249.058609008789 -252.494324756143
2022.328491210938 -252.514831542969 -254.1890412879642
2022.394287109375 -259.242706298828 -257.49565186560966
2022.558471679688 -268.876220703125 -265.59890093536984
2022.591430664062 -274.704315185547 -267.373912206384
2022.68994140625 -273.961212158203 -272.6444874044431
2022.722778320312 -276.485656738281 -274.30619249016553
2022.821411132812 -276.472778320312 -278.70578744752487
2022.854248046875 -281.001037597656 -280.12480446653854
2022.887084960938 -279.618957519531 -281.6116055275497
2022.919921875 -281.609649658203 -283.08256448639077
2022.952758789062 -282.930755615234 -284.594182561175
2022.985595703125 -283.828460693359 -286.377932144293
2023.019165039062 -286.928375244141 -288.3658605756851
2023.052001953125 -289.088043212891 -290.2316499035818
2023.084838867188 -291.500152587891 -292.5079323369018
2023.11767578125 -294.120239257812 -295.09667899506326
2023.150634765625 -294.119720458984 -297.5922123993317
2023.183471679688 -299.379425048828 -300.27849391636516
2023.21630859375 -300.020141601562 -302.97502103934625
2023.249145507812 -299.258270263672 -305.68252076363694
2023.281982421875 -307.403930664062 -308.40289753946263
2023.314819335938 -311.649841308594 -311.1378859945433
2023.34765625 -313.939575195312 -313.88920614945073
2023.380615234375 -315.703582763672 -316.66839552186036
2023.413452148438 -326.306610107422 -319.4559059171621
2023.4462890625 -325.808166503906 -322.2631958537662
2023.57763671875 -349.296875 -333.6680260784318
