2014.804931640625 0.0 15.276449972167272
2014.837768554688 14.464088439941 14.937280777127919
2014.903442382812 16.011791229248 14.259187161935154
2014.96923828125 11.771248817444 13.580465878822592
2015.03564453125 13.331522941589 12.89635689142138
2015.101318359375 1.903809309006 12.221289964072463
2015.265625 25.636882781982 10.54394575014154
2015.331298828125 10.939442634583 9.880663791392772
2015.39697265625 -7.941641330719 9.22322203347888
2016.021850585938 11.952759742737 3.0258792374570977
2016.1533203125 -2.763372421265 0.9271411776585384
2016.350463867188 0.231381446123 0.19146076451431288
2016.416137695312 -19.291849136353 0.3011814404498572
2016.547607421875 7.005239486694 0.6100517652725053
2016.744750976562 5.608199119568 1.6805893755478398
2016.777587890625 3.308274030685 1.9239478996211883
2016.810424804688 1.267348527908 2.0262575003465533
2016.84326171875 1.484991431236 1.3957792010416419
2016.876098632812 0.3103774786 0.4972653735122373
2016.908935546875 -0.021461710334 -0.40824476955378053
2016.941772460938 -1.064247727394 -1.3206205037057788
2016.974731445312 -1.674366235733 -2.236438148312135
2017.005493164062 -3.368706226349 -3.09614126583069
2017.038330078125 -4.467594146729 -4.008818155475633
2017.071166992188 -4.939612388611 -4.918800752381179
2017.10400390625 -5.501977920532 -5.842933353970181
2017.136840820312 -6.274221897125 -6.779302160906833
2017.169799804688 -7.869581699371 -7.731868649866953
2017.20263671875 -8.449006080627 -8.692185753157998
2017.235473632812 -9.2888879776 -9.648937973728028
2017.268310546875 -11.622567176819 -10.57244132728262
2017.301147460938 -11.656791687012 -11.438083800172857
2017.333984375 -12.463576316833 -12.241909219364405
2017.366821289062 -12.10577583313 -12.993922124153572
2017.399780273438 -14.906532287598 -13.717377417329216
2017.4326171875 -16.458578109741 -14.43331071336304
2017.498291015625 -20.246192932129 -15.880108435783468
2017.531127929688 -16.715028762817 -16.592802617215746
2017.56396484375 -15.977703094482 -17.27996533943745
2017.596801757812 -14.627479553223 -17.93805018153994
2017.629760742188 -19.033174514771 -18.574279225816813
2017.66259765625 -18.305835723877 -19.184893048884653
2017.695434570312 -19.317749023438 -19.781908432741446
2017.728271484375 -22.136878967285 -20.385345231814597
2017.761108398438 -22.325775146484 -21.011224372476025
2017.7939453125 -22.178770065308 -21.652035805334993
2017.826782226562 -21.774442672729 -22.29235531053419
2017.859741210938 -22.223320007324 -22.921912680759462
2017.892578125 -23.386650085449 -23.520406448384882
2017.925415039062 -25.369731903076 -24.08968132126696
2017.958251953125 -24.447780609131 -24.646802610752378
2017.991088867188 -25.288948059082 -25.210167460643618
2018.024658203125 -25.490375518799 -25.81320470598458
2018.057495117188 -26.383106231689 -26.45058932185258
2018.09033203125 -26.719905853271 -27.17633408624905
2018.123168945312 -27.621549606323 -28.024526668647443
2018.156005859375 -25.959449768066 -29.006486753693668
2018.18896484375 -29.332227706909 -30.11103393979308
2018.221801757812 -28.379379272461 -31.322234945839647
2018.254638671875 -31.4084815979 -32.62854152638024
2018.287475585938 -30.804416656494 -34.04880850299854
2018.3203125 -34.134159088135 -35.59980727615119
2018.353149414062 -32.506511688232 -37.275121729619784
2018.385986328125 -39.140964508057 -39.04533762284059
2018.4189453125 -40.049472808838 -40.8943308206167
2018.451782226562 -43.211051940918 -42.770634715180876
2018.484619140625 -48.976020812988 -44.64056579555687
2018.517456054688 -45.99418258667 -46.482576546771064
2018.55029296875 -54.765605926514 -48.27994641231501
2018.583129882812 -53.465198516846 -49.98836874462107
2018.615966796875 -53.124507904053 -51.58032531110401
2018.64892578125 -54.211475372314 -53.05627492461993
2018.681762695312 -56.112236022949 -54.416802145317554
2018.714599609375 -46.97159576416 -55.672232459841865
2018.747436523438 -57.303043365479 -56.7873289425728
2018.7802734375 -58.882057189941 -57.757468069298966
2018.813110351562 -61.406536102295 -58.59741647227859
2018.845947265625 -61.792224884033 -59.39375662688774
2018.87890625 -59.540679931641 -60.12710456541453
2018.911743164062 -59.698348999023 -60.831446236315216
2018.944580078125 -61.410346984863 -61.49577833633511
2018.977416992188 -60.548503875732 -62.121091361806485
2019.010986328125 -61.91206741333 -62.81799055451895
2019.043823242188 -63.290042877197 -63.476353428047204
2019.109497070312 -65.334045410156 -65.2234072582182
2019.1259765625 -65.262413024902 -65.69219017998753
2019.142333984375 -65.956108093262 -66.23041749368504
2019.175170898438 -66.884651184082 -67.3500918778948
2019.191650390625 -67.34065246582 -67.97677612492606
2019.208129882812 -67.36058807373 -68.63518759332658
2019.224487304688 -68.755805969238 -69.27920233136842
2019.240966796875 -70.125442504883 -70.01413002691454
2019.25732421875 -70.378509521484 -70.79031715350564
2019.273803710938 -71.414558410645 -71.54453486397173
2019.290161132812 -72.762565612793 -72.33619772592465
2019.306640625 -72.560401916504 -73.27913148709985
2019.323120117188 -73.296157836914 -74.29199224827737
2019.339477539062 -76.73819732666 -75.34421950355414
2019.35595703125 -75.006645202637 -76.42968012439171
2019.372314453125 -74.74764251709 -77.51491185153489
2019.388793945312 -78.053276062012 -78.61354519744721
2019.405151367188 -77.27653503418 -79.75683435719444
2019.421630859375 -81.970108032227 -80.90023198295202
2019.438110351562 -84.968452453613 -82.06317299166116
2019.454467773438 -83.923004150391 -83.22783032284316
2019.470947265625 -84.298126220703 -84.3991012376346
2019.4873046875 -86.976051330566 -85.54779310824429
2019.503784179688 -83.760269165039 -86.65865168647396
2019.520141601562 -87.409690856934 -87.79375372791894
2019.53662109375 -94.636932373047 -88.89986263627772
2019.569458007812 -93.059112548828 -90.88249785803126
2019.602294921875 -90.547073364258 -92.40928349246786
2019.618774414062 -98.320953369141 -93.1735095538555
2019.635131835938 -95.958312988281 -93.9093344952141
2019.651611328125 -95.995498657227 -94.46339227622026
2019.668090820312 -99.693977355957 -95.13885074147372
2019.71728515625 -98.384658813477 -96.57172672505503
2019.733764648438 -97.429809570312 -96.94826533226465
2019.750122070312 -100.464836120605 -97.1072560709195
2019.7666015625 -96.75708770752 -97.3525754710694
2019.799438476562 -97.003211975098 -97.58414317128891
2019.832275390625 -100.765686035156 -97.76855957188505
2019.865112304688 -97.788017272949 -97.8534712512963
2019.898071289062 -98.023727416992 -97.85415463820314
2019.930908203125 -98.118659973145 -97.80811216892886
2019.963745117188 -97.555892944336 -97.7427901306756
2019.99658203125 -97.916397094727 -97.69275239699556
2020.030151367188 -96.730041503906 -97.64561006992624
2020.06298828125 -97.532577514648 -97.65069779994236
2020.095825195312 -97.598541259766 -97.67953717389727
2020.128662109375 -97.630126953125 -97.75794194177544
2020.161499023438 -96.667366027832 -97.91011768058766
2020.177978515625 -97.721237182617 -98.06526728621672
2020.1943359375 -97.093399047852 -98.14124433057128
2020.227294921875 -96.891998291016 -98.48851679428353
2020.260131835938 -99.593688964844 -98.98948305329316
2020.29296875 -98.111045837402 -99.56929397296607
2020.325805664062 -100.046714782715 -100.30523214154339
2020.358642578125 -99.885131835938 -101.34029682784272
2020.391479492188 -98.669258117676 -102.46853137618136
2020.42431640625 -103.170066833496 -103.64200257699201
2020.457275390625 -98.31324005127 -104.92237677682735
2020.490112304688 -104.859085083008 -106.32546203323147
2020.52294921875 -106.971900939941 -107.82726946325818
2020.555786132812 -108.034240722656 -109.44288125324292
2020.572265625 -109.379356384277 -110.32920867037069
2020.588623046875 -113.544860839844 -111.20565171514848
2020.605102539062 -112.267768859863 -112.0525436256053
2020.621459960938 -116.096389770508 -112.93259402013935
2020.654296875 -111.428726196289 -114.66343165009788
2020.687255859375 -117.15299987793 -116.3081645971854
2020.70361328125 -119.299957275391 -117.14109836321944
2020.720092773438 -117.132637023926 -117.7778083983631
2020.7529296875 -120.430099487305 -119.08803174914945
2020.785766601562 -122.633689880371 -120.27667771230247
2020.818603515625 -122.720726013184 -121.37235928225103
2020.851440429688 -124.557876586914 -122.37539617802
2020.917236328125 -125.236442565918 -124.06470043101746
2020.950073242188 -124.988395690918 -124.70840483891384
2020.98291015625 -125.903831481934 -125.27639294378527
2021.013671875 -126.089294433594 -125.84215951822561
2021.046508789062 -126.313591003418 -126.26361746286227
2021.079345703125 -127.108619689941 -126.58766317563503
2021.1123046875 -126.180793762207 -126.90219169216682
2021.145141601562 -128.072357177734 -127.20316073465213
2021.177978515625 -127.486419677734 -127.50722532678914
2021.210815429688 -131.183776855469 -127.82336138969801
2021.24365234375 -125.771308898926 -128.12908446703858
2021.276489257812 -125.735466003418 -128.48719856462105
2021.309326171875 -130.118026733398 -128.93129435575622
2021.34228515625 -128.771392822266 -129.50108959274377
2021.358642578125 -129.223968505859 -129.9698997495093
2021.391479492188 -127.847274780273 -130.8341221018785
2021.407958984375 -129.540817260742 -131.43116444971508
2021.440795898438 -131.63313293457 -132.49464809389127
2021.4736328125 -130.820419311523 -133.67850916588364
2021.506469726562 -143.338027954102 -134.9351931067622
2021.539306640625 -134.176193237305 -136.1965670279133
2021.572265625 -140.61328125 -137.4257384850001
2021.605102539062 -145.907913208008 -138.64802305842298
2021.637939453125 -142.660430908203 -139.89043430553872
2021.670776367188 -139.863098144531 -141.14714452416777
2021.736450195312 -145.256301879883 -143.48353844272899
2021.769287109375 -147.405410766602 -144.6231934017073
2021.80224609375 -146.636611938477 -145.6295372745258
2021.835083007812 -144.974746704102 -146.61851523905392
2021.867919921875 -146.892211914062 -147.49965002720285
2021.966430664062 -152.834747314453 -150.10636153438026
2022.0 -151.107299804688 -150.99947441866948
2022.065673828125 -151.960494995117 -152.74206407766778
2022.098510742188 -152.102569580078 -153.6359200500014
2022.197143554688 -154.356903076172 -156.30079382536718
2022.22998046875 -159.053344726562 -157.17189803110224
2022.262817382812 -157.108062744141 -158.03646790817626
2022.295654296875 -158.98388671875 -158.8999322197137
2022.328491210938 -159.533203125 -159.772731984279
2022.394287109375 -165.885513305664 -161.5918078725238
2022.558471679688 -166.538619995117 -166.56507873139313
2022.591430664062 -173.910385131836 -167.54961333107627
2022.68994140625 -166.475616455078 -170.44616923021118
2022.722778320312 -168.056701660156 -171.33005358877688
2022.821411132812 -173.957458496094 -174.59918733388494
2022.854248046875 -176.107803344727 -176.02786820654515
2022.887084960938 -175.685195922852 -177.5800800086166
2022.919921875 -177.948760986328 -179.10383812321854
2022.952758789062 -179.872772216797 -180.81598719674525
2022.985595703125 -180.854614257812 -182.84875247259038
2023.019165039062 -184.116027832031 -185.03639341160613
2023.052001953125 -186.447082519531 -187.14708914662543
2023.084838867188 -189.215911865234 -189.4368677209651
2023.11767578125 -192.147552490234 -191.8670200059054
2023.150634765625 -192.031799316406 -194.24628154693607
2023.183471679688 -196.472106933594 -196.69670703118527
2023.21630859375 -196.485870361328 -199.14732597239248
2023.249145507812 -194.884643554688 -201.60228120623663
2023.281982421875 -203.703125 -204.06436922924368
2023.314819335938 -209.344619750977 -206.53519718925577
2023.34765625 -208.482604980469 -209.01536218812362
2023.380615234375 -211.807571411133 -211.513010718077
2023.413452148438 -223.012756347656 -214.00845009878924
2023.4462890625 -216.644058227539 -216.50976062926688
2023.57763671875 -251.371398925781 -226.55487660491752
