2014.804931640625 -0.0 -5.055206930223887
2014.837768554688 -5.667253494263 -5.786539548184682
2014.903442382812 -4.121433258057 -7.248866066806986
2014.96923828125 -8.743746757507 -8.713670869160232
2015.03564453125 -10.76296043396 -10.192343562485718
2015.101318359375 -12.678528785706 -11.655603765991833
2015.265625 -22.853717803955 -15.323327054156962
2015.331298828125 -26.208209991455 -16.792721340724324
2015.39697265625 -30.696804046631 -18.2642940558022
2016.021850585938 -30.671239852905 -31.973821886487713
2016.1533203125 -25.43056678772 -35.078428058859586
2016.350463867188 -41.920700073242 -39.03829703993552
2016.416137695312 -42.604438781738 -40.34192623440331
2016.547607421875 -38.958549499512 -43.475285068751575
2016.744750976562 -51.119808197021 -46.862475732629115
2016.777587890625 -49.692825317383 -47.3313463269523
2016.810424804688 -51.388721466064 -47.87203813580538
2016.84326171875 -49.433246612549 -48.27545665789797
2016.876098632812 -47.478809356689 -48.2883297731743
2016.908935546875 -48.779071807861 -48.236249287231544
2016.941772460938 -47.300682067871 -48.23606834554836
2016.974731445312 -47.347038269043 -48.210768229371794
2017.005493164062 -47.799301147461 -48.24406242849802
2017.038330078125 -47.935539245605 -48.266556286092424
2017.071166992188 -47.081268310547 -48.31035814802029
2017.10400390625 -48.228866577148 -48.52882900460684
2017.136840820312 -47.506744384766 -48.85265810729742
2017.169799804688 -47.956611633301 -49.24420645392753
2017.20263671875 -48.874561309814 -49.70929030212048
2017.235473632812 -49.73237991333 -50.240044138227184
2017.268310546875 -49.902591705322 -50.82285678472192
2017.301147460938 -50.293479919434 -51.4480938878877
2017.333984375 -51.833503723145 -52.09481495943183
2017.366821289062 -53.568035125732 -52.71328007934291
2017.399780273438 -55.11727142334 -53.265123740246
2017.4326171875 -56.878528594971 -53.74095848114298
2017.498291015625 -54.332981109619 -54.53812562548393
2017.531127929688 -56.246238708496 -54.89985683725446
2017.56396484375 -60.510154724121 -55.24301969082355
2017.596801757812 -59.52912902832 -55.551778442473754
2017.629760742188 -57.220279693604 -55.807594754182254
2017.66259765625 -55.35041809082 -56.00109240114521
2017.695434570312 -54.887474060059 -56.149471546408584
2017.728271484375 -53.930347442627 -56.28209395531261
2017.761108398438 -55.710582733154 -56.42216223270074
2017.7939453125 -57.655570983887 -56.57691005879865
2017.826782226562 -56.761413574219 -56.74991597223244
2017.859741210938 -57.203170776367 -56.950800039523386
2017.892578125 -56.955810546875 -57.18678796484203
2017.925415039062 -56.96508026123 -57.447803123525205
2017.958251953125 -57.504413604736 -57.72605973801003
2017.991088867188 -58.353958129883 -58.01197796652551
2018.024658203125 -58.176010131836 -58.30862519591489
2018.057495117188 -58.40454864502 -58.62080400546068
2018.09033203125 -58.833492279053 -58.979062934119526
2018.123168945312 -59.42879486084 -59.404619474028465
2018.156005859375 -59.029556274414 -59.89781779559339
2018.18896484375 -60.404399871826 -60.438757300281104
2018.221801757812 -59.454917907715 -61.01248605969342
2018.254638671875 -60.050365447998 -61.62358802283045
2018.287475585938 -60.58899307251 -62.28254861823431
2018.3203125 -62.099601745605 -62.98935918305422
2018.353149414062 -64.485412597656 -63.74619980214877
2018.385986328125 -67.286026000977 -64.55015602789771
2018.4189453125 -65.691688537598 -65.38732145250921
2018.451782226562 -66.036018371582 -66.22944537842557
2018.484619140625 -63.919818878174 -67.05374486762389
2018.517456054688 -66.950317382812 -67.84015341908096
2018.55029296875 -71.422256469727 -68.57939418835149
2018.583129882812 -71.336181640625 -69.26461406075181
2018.615966796875 -69.152961730957 -69.90490836219088
2018.64892578125 -72.78125 -70.51102663234737
2018.681762695312 -73.197982788086 -71.09016770070244
2018.714599609375 -71.288192749023 -71.64804723101382
2018.747436523438 -73.052856445312 -72.16912347464745
2018.7802734375 -71.766464233398 -72.6349922002623
2018.813110351562 -72.841682434082 -73.03093491877443
2018.845947265625 -73.347862243652 -73.3843446658698
2018.87890625 -72.397705078125 -73.70649699960506
2018.911743164062 -76.100303649902 -74.00881954546347
2018.944580078125 -74.709121704102 -74.31231038137668
2018.977416992188 -75.026748657227 -74.64163345488974
2019.010986328125 -75.22624206543 -74.9715348309273
2019.043823242188 -74.771415710449 -75.30393673850827
2019.109497070312 -75.269714355469 -75.8420990183585
2019.1259765625 -75.646301269531 -75.9407371901065
2019.142333984375 -77.181831359863 -76.0649349306256
2019.175170898438 -76.082427978516 -76.34068093614965
2019.191650390625 -76.094078063965 -76.50902784515993
2019.208129882812 -77.048828125 -76.69333206718554
2019.224487304688 -76.393577575684 -76.8785183635539
2019.240966796875 -77.441108703613 -77.08402010270127
2019.25732421875 -76.707862854004 -77.29549490569241
2019.273803710938 -77.281120300293 -77.4949747172911
2019.290161132812 -77.05883026123 -77.69715188791962
2019.306640625 -77.674957275391 -77.9382298100012
2019.323120117188 -78.426216125488 -78.19203158688885
2019.339477539062 -78.988563537598 -78.44975323717829
2019.35595703125 -78.265808105469 -78.70909590907641
2019.372314453125 -82.591423034668 -78.9644747453492
2019.388793945312 -78.751274108887 -79.21655860237857
2019.405151367188 -78.878578186035 -79.42859217029515
2019.421630859375 -79.93798828125 -79.65603409277504
2019.438110351562 -80.569007873535 -79.88312390843858
2019.454467773438 -80.271102905273 -80.1170428739393
2019.470947265625 -80.556076049805 -80.37140489642475
2019.4873046875 -81.213027954102 -80.64932942165957
2019.503784179688 -78.966430664062 -80.98222467424408
2019.520141601562 -81.464866638184 -81.27491775686697
2019.53662109375 -80.213661193848 -81.57416178806628
2019.569458007812 -80.97875213623 -82.19252069755557
2019.602294921875 -85.583976745605 -82.86405062467391
2019.618774414062 -83.08097076416 -83.20246080633024
2019.635131835938 -83.081481933594 -83.5477199727362
2019.651611328125 -85.212173461914 -83.90677234547938
2019.668090820312 -83.39875793457 -84.25260759183755
2019.71728515625 -84.999084472656 -85.19655365961916
2019.733764648438 -86.332313537598 -85.49164580482312
2019.750122070312 -85.986328125 -85.7223197571922
2019.7666015625 -86.187385559082 -85.98012146599632
2019.799438476562 -88.52734375 -86.40109550453336
2019.832275390625 -86.75651550293 -86.7984786360581
2019.865112304688 -87.30859375 -87.14433851572211
2019.898071289062 -87.434440612793 -87.44541743025914
2019.930908203125 -88.405258178711 -87.68164828951149
2019.963745117188 -87.940093994141 -87.86722657223865
2019.99658203125 -88.300735473633 -88.05065192631558
2020.030151367188 -88.449165344238 -88.23812419976846
2020.06298828125 -88.169380187988 -88.37732120171724
2020.095825195312 -88.315673828125 -88.49987241763662
2020.128662109375 -88.774322509766 -88.60691428355815
2020.161499023438 -88.310897827148 -88.69958809983109
2020.177978515625 -87.960052490234 -88.72780437759957
2020.1943359375 -90.04549407959 -88.77043572913516
2020.227294921875 -91.904647827148 -88.80315213194069
2020.260131835938 -88.287322998047 -88.7814245709425
2020.29296875 -88.348724365234 -88.74883187578965
2020.325805664062 -90.77124786377 -88.66968957581477
2020.358642578125 -87.046913146973 -88.4796281434649
2020.391479492188 -90.09733581543 -88.25470446640784
2020.42431640625 -90.147590637207 -88.01434600028372
2020.457275390625 -87.94856262207 -87.73645045795213
2020.490112304688 -86.813705444336 -87.40661990472287
2020.52294921875 -85.74715423584 -87.01640750285748
2020.555786132812 -85.821258544922 -86.53820290383578
2020.572265625 -98.912185668945 -86.23565547333673
2020.588623046875 -89.331382751465 -85.92135417340657
2020.605102539062 -85.494155883789 -85.65470612447749
2020.621459960938 -85.864242553711 -85.32329803931772
2020.654296875 -87.079383850098 -84.69263851147322
2020.687255859375 -87.48802947998 -84.0508732338017
2020.70361328125 -83.834114074707 -83.74600699311212
2020.720092773438 -82.597106933594 -83.42320987921836
2020.7529296875 -82.385620117188 -82.80630866200691
2020.785766601562 -81.688087463379 -82.18977759526906
2020.818603515625 -81.120750427246 -81.58505026430235
2020.851440429688 -79.302436828613 -81.01590539293494
2020.917236328125 -79.108299255371 -80.12945246159117
2020.950073242188 -79.738693237305 -79.97202832478071
2020.98291015625 -78.967506408691 -79.94122061420471
2021.013671875 -78.180648803711 -79.8001236869947
2021.046508789062 -77.609519958496 -79.89978422689556
2021.079345703125 -79.098419189453 -80.23152816077854
2021.1123046875 -78.828086853027 -80.5868507359976
2021.145141601562 -80.401351928711 -81.05973593991779
2021.177978515625 -80.132614135742 -81.61953424191599
2021.210815429688 -82.153182983398 -82.24028982843824
2021.24365234375 -83.183128356934 -82.88800374792466
2021.276489257812 -82.791458129883 -83.65038075273554
2021.309326171875 -85.804161071777 -84.38482101758812
2021.34228515625 -86.03018951416 -85.04356157746176
2021.358642578125 -90.416877746582 -85.28256555122998
2021.391479492188 -91.485061645508 -85.84096628880778
2021.407958984375 -84.911010742188 -86.06661672708863
2021.440795898438 -86.989074707031 -86.51001400021066
2021.4736328125 -94.37255859375 -86.79541274887697
2021.506469726562 -92.056846618652 -86.96139833027199
2021.539306640625 -94.974815368652 -87.07942982432938
2021.572265625 -86.945678710938 -86.93775898202506
2021.605102539062 -92.965744018555 -86.98516919753074
2021.637939453125 -89.664169311523 -86.96429776062583
2021.670776367188 -93.540649414062 -86.86259758560612
2021.736450195312 -88.497688293457 -86.25549839243659
2021.769287109375 -85.774269104004 -85.9323892656378
2021.80224609375 -86.156806945801 -85.47485803286737
2021.835083007812 -80.218650817871 -84.99519027510257
2021.867919921875 -83.721725463867 -84.42533835257696
2021.966430664062 -82.635902404785 -82.74632085878092
2022.0 -82.147933959961 -82.20875871770093
2022.065673828125 -79.026222229004 -81.11894163883939
2022.098510742188 -84.372619628906 -80.60864792466054
2022.197143554688 -78.285919189453 -79.09046816664417
2022.22998046875 -77.542572021484 -78.61883552715153
2022.262817382812 -76.708618164062 -78.2040450578267
2022.295654296875 -77.579483032227 -78.00275682344044
2022.328491210938 -79.72509765625 -78.20087452238418
2022.394287109375 -74.927299499512 -79.20735392144992
2022.558471679688 -91.552932739258 -80.25462287388066
2022.591430664062 -69.474197387695 -80.46557206314911
2022.68994140625 -95.40168762207 -81.36638923404996
2022.722778320312 -88.241668701172 -81.93399401964832
2022.821411132812 -82.816612243652 -83.00054453579122
2022.854248046875 -81.149185180664 -82.85086079095737
2022.887084960938 -83.377723693848 -82.69206293530449
2022.919921875 -81.981971740723 -82.5513128641037
2022.952758789062 -83.90062713623 -82.41338952449141
2022.985595703125 -84.222709655762 -82.28356392577719
2023.019165039062 -82.146339416504 -82.16534071435026
2023.052001953125 -82.14673614502 -82.05535063032785
2023.084838867188 -80.004539489746 -81.95277022800482
2023.11767578125 -80.248580932617 -81.8611293540131
2023.150634765625 -80.984855651855 -81.76170663812623
2023.183471679688 -82.041435241699 -81.67694105086223
2023.21630859375 -81.606803894043 -81.59668530484552
2023.249145507812 -82.455574035645 -81.52102547326392
2023.281982421875 -81.668914794922 -81.44980085843179
2023.314819335938 -80.177383422852 -81.38247040161392
2023.34765625 -81.267868041992 -81.31860128128505
2023.380615234375 -80.9140625 -81.25817733557754
2023.413452148438 -82.697967529297 -81.20204588604895
2023.4462890625 -86.389175415039 -81.15035307631086
2023.57763671875 -74.662879943848 -80.97949382529046
