2014.804931640625 -0.0 8.598236859541048
2014.837768554688 -2.059503316879 8.230799104949908
2014.903442382812 5.903409957886 7.493569933362506
2014.96923828125 4.050160884857 6.751920795121196
2015.03564453125 9.618227005005 6.001047719574097
2015.101318359375 8.845680236816 5.257611359479859
2015.265625 15.29611492157 3.4005231850826774
2015.331298828125 10.434495925903 2.6609618093616096
2015.39697265625 2.512768507004 1.9238385669869518
2016.021850585938 -5.826608657837 -5.249658209131269
2016.1533203125 -7.629896640778 -6.8426701783753945
2016.350463867188 -2.276798248291 -9.033249462544044
2016.416137695312 -30.109245300293 -9.769938333810844
2016.547607421875 -10.111024856567 -11.01224147516949
2016.744750976562 -11.17095375061 -12.659846807876683
2016.777587890625 -13.132923126221 -13.431118824870946
2016.810424804688 -10.453583717346 -14.193766245143895
2016.84326171875 -13.741460800171 -14.95148323459521
2016.876098632812 -17.649440765381 -15.7670596717305
2016.908935546875 -16.569017410278 -16.620581185713498
2016.941772460938 -17.711015701294 -17.478403042796796
2016.974731445312 -20.600528717041 -18.4289702278991
2017.005493164062 -18.677104949951 -19.330988632123734
2017.038330078125 -19.781755447388 -20.30415171338064
2017.071166992188 -20.094217300415 -21.269043852668716
2017.10400390625 -22.11722946167 -22.204406301100843
2017.136840820312 -23.356786727905 -23.13181502032829
2017.169799804688 -25.581554412842 -24.055577002006004
2017.20263671875 -24.036672592163 -24.973373533099338
2017.235473632812 -26.466171264648 -25.884251427108538
2017.268310546875 -26.015703201294 -26.7809143537588
2017.301147460938 -28.498552322388 -27.671931365735905
2017.333984375 -26.118236541748 -28.560256921874707
2017.366821289062 -33.06413269043 -29.450567257370768
2017.399780273438 -32.112453460693 -30.360061913382516
2017.4326171875 -29.964975357056 -31.29151116333472
2017.498291015625 -32.434150695801 -33.23159923197467
2017.531127929688 -33.378387451172 -34.23062381751246
2017.56396484375 -33.841423034668 -35.23659493355411
2017.596801757812 -37.041568756104 -36.244978619857676
2017.629760742188 -35.228645324707 -37.25783117004152
2017.66259765625 -38.683929443359 -38.24936097356687
2017.695434570312 -40.249526977539 -39.192546941297465
2017.728271484375 -41.520580291748 -40.065519300296714
2017.761108398438 -41.646724700928 -40.84657720151076
2017.7939453125 -42.843196868896 -41.53105844950026
2017.826782226562 -44.503089904785 -42.13402614554573
2017.859741210938 -45.573902130127 -42.660027027771854
2017.892578125 -43.277523040771 -43.1247159130645
2017.925415039062 -47.339191436768 -43.58827973873892
2017.958251953125 -43.431476593018 -44.111465301523275
2017.991088867188 -42.99393081665 -44.71877769678537
2018.024658203125 -43.200046539307 -45.43492065436151
2018.057495117188 -42.689693450928 -46.22034301583999
2018.09033203125 -43.854801177979 -47.07837513444658
2018.123168945312 -41.791114807129 -48.02464166355657
2018.156005859375 -44.480876922607 -49.089291801720144
2018.18896484375 -50.249732971191 -50.293979658577626
2018.221801757812 -48.846862792969 -51.65535579157052
2018.254638671875 -52.430912017822 -53.18663270610918
2018.287475585938 -53.679672241211 -54.89564931434897
2018.3203125 -57.559284210205 -56.78812790473419
2018.353149414062 -58.798164367676 -58.81192799426782
2018.385986328125 -59.645370483398 -60.83423566490429
2018.4189453125 -61.512889862061 -62.737298683360834
2018.451782226562 -67.768173217773 -64.45842356919874
2018.484619140625 -73.230567932129 -66.0428691402445
2018.517456054688 -69.616394042969 -67.53876529526126
2018.55029296875 -79.385864257812 -68.98301285629074
2018.583129882812 -77.08374786377 -70.37939601502742
2018.615966796875 -77.766883850098 -71.73648747073435
2018.64892578125 -76.240692138672 -73.06269641604707
2018.681762695312 -76.249557495117 -74.32349532574108
2018.714599609375 -71.586456298828 -75.43405514780983
2018.747436523438 -76.313262939453 -76.31594462909182
2018.7802734375 -78.25267791748 -77.02419322999552
2018.813110351562 -77.349555969238 -77.66848268597364
2018.845947265625 -78.059577941895 -78.28471139568073
2018.87890625 -77.482566833496 -78.90634191023413
2018.911743164062 -77.73770904541 -79.57731646082844
2018.944580078125 -80.650436401367 -80.25535135309693
2018.977416992188 -79.699653625488 -80.96388655420401
2019.010986328125 -83.690551757812 -81.72765321690515
2019.043823242188 -83.886177062988 -82.52078161039408
2019.109497070312 -84.22297668457 -84.37989520599152
2019.1259765625 -83.636856079102 -84.83174615788973
2019.142333984375 -84.380493164062 -85.29958890888976
2019.175170898438 -84.765502929688 -86.19797462303525
2019.191650390625 -85.867301940918 -86.72939081041244
2019.208129882812 -86.785522460938 -87.31910168217308
2019.224487304688 -87.730041503906 -87.9064067344987
2019.240966796875 -88.789176940918 -88.62676826766806
2019.25732421875 -88.615364074707 -89.3727238992678
2019.273803710938 -89.463844299316 -90.11570471831422
2019.290161132812 -91.259902954102 -90.89061371469577
2019.306640625 -91.908966064453 -91.69388075117921
2019.323120117188 -93.674461364746 -92.47393466978602
2019.339477539062 -93.695686340332 -93.21349655987562
2019.35595703125 -93.118560791016 -93.91239627619426
2019.372314453125 -94.795692443848 -94.561751798553
2019.388793945312 -95.81909942627 -95.18235611001849
2019.405151367188 -96.579368591309 -95.72108338833212
2019.421630859375 -97.482551574707 -96.30679475147788
2019.438110351562 -98.720458984375 -96.86197234870139
2019.454467773438 -96.88468170166 -97.38040750027757
2019.470947265625 -96.083877563477 -97.85711201497342
2019.4873046875 -99.159782409668 -98.27262830920304
2019.503784179688 -96.821678161621 -98.56576634273773
2019.520141601562 -99.262100219727 -98.90200720163583
2019.53662109375 -104.925315856934 -99.20823042321048
2019.569458007812 -102.049018859863 -99.70701108550072
2019.602294921875 -100.240356445312 -100.01560725919394
2019.618774414062 -104.051086425781 -100.19641148901754
2019.635131835938 -99.985687255859 -100.36199978869129
2019.651611328125 -100.644599914551 -100.39615070838458
2019.668090820312 -100.521537780762 -100.4711847720122
2019.71728515625 -100.868209838867 -100.13769530301597
2019.733764648438 -100.716972351074 -99.92903562111304
2019.750122070312 -101.311965942383 -99.60300269310426
2019.7666015625 -99.291984558105 -99.33512668821048
2019.799438476562 -101.866661071777 -98.70077102177021
2019.832275390625 -99.129501342773 -98.0531058231457
2019.865112304688 -95.750473022461 -97.3749279993761
2019.898071289062 -95.666694641113 -96.6938051112749
2019.930908203125 -95.817184448242 -96.07328608757796
2019.963745117188 -95.024871826172 -95.57696053330855
2019.99658203125 -95.649742126465 -95.11198107207056
2020.030151367188 -90.260276794434 -94.52441879612162
2020.06298828125 -89.613563537598 -94.20347345428301
2020.095825195312 -93.884590148926 -93.89960512993814
2020.128662109375 -93.138305664062 -93.66920236522313
2020.161499023438 -93.517601013184 -93.49425535487543
2020.177978515625 -92.918632507324 -93.44791175839786
2020.1943359375 -93.670043945312 -93.3538839632873
2020.227294921875 -91.637283325195 -93.25122243467257
2020.260131835938 -95.032264709473 -93.19840891913934
2020.29296875 -93.799201965332 -93.19000289783341
2020.325805664062 -93.167823791504 -93.19141571741028
2020.358642578125 -92.938934326172 -93.23071582091207
2020.391479492188 -93.316070556641 -93.31516928061608
2020.42431640625 -93.055625915527 -93.42414522800178
2020.457275390625 -91.066452026367 -93.57803235348656
2020.490112304688 -92.222015380859 -93.7852793837678
2020.52294921875 -95.233810424805 -94.0345865937037
2020.555786132812 -94.556983947754 -94.32949091346603
2020.572265625 -89.359954833984 -94.50103942082708
2020.588623046875 -93.044746398926 -94.65811313193083
2020.605102539062 -96.313995361328 -94.81136482843378
2020.621459960938 -99.698959350586 -94.9634461799239
2020.654296875 -93.559608459473 -95.2685127770459
2020.687255859375 -97.406478881836 -95.53184890581336
2020.70361328125 -96.669914245605 -95.68122044754118
2020.720092773438 -96.875305175781 -95.69952550949729
2020.7529296875 -96.458160400391 -95.76697725168806
2020.785766601562 -95.978942871094 -95.74624347326859
2020.818603515625 -94.910697937012 -95.65868953471488
2020.851440429688 -97.479301452637 -95.51264098605465
2020.917236328125 -96.134490966797 -95.07517888357515
2020.950073242188 -94.383903503418 -94.8043814484582
2020.98291015625 -94.255302429199 -94.51248042431205
2021.013671875 -94.598808288574 -94.24300736670502
2021.046508789062 -93.222190856934 -93.92689889602255
2021.079345703125 -93.839172363281 -93.58546905108095
2021.1123046875 -92.398788452148 -93.22372093456364
2021.145141601562 -93.55729675293 -92.83872154450039
2021.177978515625 -93.711608886719 -92.44387740409965
2021.210815429688 -92.193092346191 -92.06491904037499
2021.24365234375 -90.447067260742 -91.70253719006764
2021.276489257812 -91.896217346191 -91.37464199705158
2021.309326171875 -92.237319946289 -91.13312717706442
2021.34228515625 -86.981491088867 -90.98276134458375
2021.358642578125 -91.955001831055 -91.00200194413158
2021.391479492188 -88.597984313965 -90.93025087452692
2021.407958984375 -88.959190368652 -90.97046855972863
2021.440795898438 -86.151695251465 -90.97030344074535
2021.4736328125 -89.255012512207 -91.03364582086031
2021.506469726562 -95.795921325684 -91.14899004219112
2021.539306640625 -90.908149719238 -91.29030339547155
2021.572265625 -93.206878662109 -91.47624138711767
2021.605102539062 -91.40650177002 -91.64671245775502
2021.637939453125 -90.256278991699 -91.8415530998359
2021.670776367188 -96.136863708496 -92.05371423185704
2021.736450195312 -93.380790710449 -92.41998648188351
2021.769287109375 -93.155387878418 -92.58934556665432
2021.80224609375 -92.499725341797 -92.72437840645
2021.835083007812 -90.821464538574 -92.88282921799345
2021.867919921875 -93.873161315918 -93.11598270657174
2021.966430664062 -92.408699035645 -94.10455961793886
2022.0 -94.561614990234 -94.50123728237405
2022.065673828125 -93.366577148438 -95.15839216766264
2022.098510742188 -92.038139343262 -95.4865406441307
2022.197143554688 -96.874855041504 -96.21612316006905
2022.22998046875 -97.713218688965 -96.42234700067164
2022.262817382812 -100.948341369629 -96.6109427656639
2022.295654296875 -98.824546813965 -96.76069457967142
2022.328491210938 -97.923683166504 -96.84270944522723
2022.394287109375 -105.683822631836 -96.82864846656489
2022.558471679688 -95.848327636719 -96.56088887791773
2022.591430664062 -106.792709350586 -96.49183438019021
2022.68994140625 -97.781455993652 -95.96055676855396
2022.722778320312 -102.648643493652 -95.75188672890863
2022.821411132812 -94.875350952148 -94.88655088945468
2022.854248046875 -94.974739074707 -94.5387046715778
2022.887084960938 -95.228446960449 -94.19283327561875
2022.919921875 -94.034111022949 -93.86726298143635
2022.952758789062 -91.992568969727 -93.49931046157378
2022.985595703125 -92.177894592285 -93.17931027337605
2023.019165039062 -92.701034545898 -92.95277375753183
2023.052001953125 -90.994445800781 -92.69847619501572
2023.084838867188 -90.910224914551 -92.66939940011513
2023.11767578125 -93.734268188477 -92.86530619176392
2023.150634765625 -89.988296508789 -92.96253342166845
2023.183471679688 -91.45654296875 -93.21010438615141
2023.21630859375 -90.647880554199 -93.46058057206648
2023.249145507812 -90.032722473145 -93.71797060030165
2023.281982421875 -93.569190979004 -93.9856761753073
2023.314819335938 -95.647598266602 -94.2667336735422
2023.34765625 -93.443801879883 -94.56338987834397
2023.380615234375 -96.392951965332 -94.87802335889067
2023.413452148438 -95.682250976562 -95.20928193673234
2023.4462890625 -100.083625793457 -95.55832207400925
2023.57763671875 -107.528503417969 -97.1058375831179
