2014.804931640625 -0.0 -5.194848548676389
2014.837768554688 -14.246332168579 -5.710494957736881
2014.903442382812 -8.183511734009 -6.737019579358291
2014.96923828125 -9.771371841431 -7.7601486284821135
2015.03564453125 20.576402664185 -8.788295734788786
2015.101318359375 -20.484155654907 -9.800969266559537
2015.265625 25.228483200073 -12.3173314849605
2015.331298828125 -30.832361221313 -13.31672285351919
2015.39697265625 -48.334964752197 -14.313141069139137
2016.021850585938 -4.20401763916 -33.936730245970615
2016.1533203125 -42.144142150879 -32.79281569720965
2016.350463867188 -31.64098739624 -31.073880911699145
2016.416137695312 -43.748851776123 -30.559998169808946
2016.547607421875 -27.986366271973 -29.524981824020756
2016.744750976562 -31.834577560425 -27.89843743728151
2016.777587890625 -25.469772338867 -27.64077864975615
2016.810424804688 -30.529912948608 -27.414582124194467
2016.84326171875 -23.808885574341 -27.263283086880985
2016.876098632812 -27.631170272827 -27.14474331363649
2016.908935546875 -26.651098251343 -27.048648490410546
2016.941772460938 -26.582143783569 -26.94238733674101
2016.974731445312 -25.097818374634 -26.84114031556475
2017.005493164062 -25.768190383911 -26.788051279644066
2017.038330078125 -25.127380371094 -26.705547143519784
2017.071166992188 -26.559589385986 -26.649797754005434
2017.10400390625 -27.166618347168 -26.67897937754519
2017.136840820312 -27.052677154541 -26.746851366975044
2017.169799804688 -29.505460739136 -26.840439753160684
2017.20263671875 -27.335262298584 -26.94547305442048
2017.235473632812 -26.685901641846 -27.035787340665838
2017.268310546875 -25.799461364746 -27.094225935007
2017.301147460938 -27.224981307983 -27.12397163086078
2017.333984375 -22.058481216431 -27.166010395638008
2017.366821289062 -29.726810455322 -27.23781863353746
2017.399780273438 -32.58324432373 -27.31540997390734
2017.4326171875 -24.214765548706 -27.355242810176648
2017.498291015625 -36.202598571777 -27.289631067645743
2017.531127929688 -21.583333969116 -27.223228078082602
2017.56396484375 -29.912445068359 -27.136979289665934
2017.596801757812 -26.442941665649 -27.012485765916885
2017.629760742188 -31.145883560181 -26.829217502181884
2017.66259765625 -28.792432785034 -26.582009751816447
2017.695434570312 -27.564233779907 -26.27568628473892
2017.728271484375 -23.488624572754 -25.907387159518123
2017.761108398438 -24.733304977417 -25.454712255425353
2017.7939453125 -23.79069519043 -24.916011234847744
2017.826782226562 -25.824611663818 -24.324020683591808
2017.859741210938 -24.165374755859 -23.692959476113817
2017.892578125 -23.55104637146 -23.0448647675519
2017.925415039062 -22.882884979248 -22.402360870925477
2017.958251953125 -22.088823318481 -21.773505162858505
2017.991088867188 -21.153562545776 -21.16695436074296
2018.024658203125 -20.733156204224 -20.57518584733613
2018.057495117188 -19.171581268311 -20.038499744793263
2018.09033203125 -18.892915725708 -19.568333966494887
2018.123168945312 -18.074396133423 -19.200476543658663
2018.156005859375 -16.537120819092 -18.975187886678558
2018.18896484375 -19.534948348999 -18.921969987051295
2018.221801757812 -16.328046798706 -19.05590138856812
2018.254638671875 -15.2409324646 -19.375801169311554
2018.287475585938 -16.355419158936 -19.863302015614835
2018.3203125 -18.472276687622 -20.49255492028176
2018.353149414062 -19.192049026489 -21.270056561944987
2018.385986328125 -20.24684715271 -22.185557758488464
2018.4189453125 -21.063018798828 -23.21459456665019
2018.451782226562 -24.687273025513 -24.31396776669696
2018.484619140625 -26.648654937744 -25.44712216202287
2018.517456054688 -29.331659317017 -26.586348680381644
2018.55029296875 -30.528926849365 -27.70342224091855
2018.583129882812 -28.773008346558 -28.757915086900724
2018.615966796875 -40.347801208496 -29.724323078350693
2018.64892578125 -32.865707397461 -30.585728038485257
2018.681762695312 -32.147041320801 -31.32285408537891
2018.714599609375 -32.707088470459 -31.921761693332993
2018.747436523438 -34.692962646484 -32.375050219288525
2018.7802734375 -31.73122215271 -32.70385325030404
2018.813110351562 -34.916088104248 -32.883230485616224
2018.845947265625 -33.614921569824 -32.9981412872773
2018.87890625 -34.068412780762 -32.970866691327785
2018.911743164062 -34.072814941406 -32.75480667881648
2018.944580078125 -32.448574066162 -32.54403944046599
2018.977416992188 -33.115982055664 -32.25832460267682
2019.010986328125 -31.768760681152 -31.831917826994257
2019.043823242188 -31.767253875732 -31.379392222785352
2019.109497070312 -30.182916641235 -30.220851168293645
2019.1259765625 -30.164886474609 -29.926070166953462
2019.142333984375 -29.159172058105 -29.59612236330436
2019.175170898438 -29.837091445923 -28.921205710894778
2019.191650390625 -28.184991836548 -28.548359678081766
2019.208129882812 -31.872764587402 -28.16983042703359
2019.224487304688 -27.889928817749 -27.794820562559536
2019.240966796875 -25.317308425903 -27.423487360809883
2019.25732421875 -27.168413162231 -27.093926515831164
2019.273803710938 -26.565143585205 -26.72939551145293
2019.290161132812 -26.087503433228 -26.35814409605799
2019.306640625 -25.240877151489 -26.14928141814833
2019.323120117188 -24.46381187439 -26.045219031431156
2019.339477539062 -25.430776596069 -26.041744303524577
2019.35595703125 -24.049882888794 -26.128335921531104
2019.372314453125 -24.456912994385 -26.282096162448195
2019.388793945312 -24.648983001709 -26.502201642668926
2019.405151367188 -25.870527267456 -26.881683069201337
2019.421630859375 -26.412261962891 -27.23916718840112
2019.438110351562 -32.025703430176 -27.680200405739328
2019.454467773438 -29.180742263794 -28.219912287361822
2019.470947265625 -26.946752548218 -28.849804452708195
2019.4873046875 -32.219921112061 -29.505349855098004
2019.503784179688 -26.438581466675 -30.102068718491793
2019.520141601562 -24.420942306519 -30.669059179230473
2019.53662109375 -32.146408081055 -31.202093489067202
2019.569458007812 -33.859558105469 -32.15607199140339
2019.602294921875 -42.627765655518 -33.075331782514496
2019.618774414062 -36.479339599609 -33.55169883009672
2019.635131835938 -35.585952758789 -34.02297653036839
2019.651611328125 -34.480518341064 -34.433746724429355
2019.668090820312 -29.754337310791 -34.87048720128072
2019.71728515625 -35.35831451416 -35.811403024185076
2019.733764648438 -35.525680541992 -36.03607268497486
2019.750122070312 -39.695457458496 -36.10238509070738
2019.7666015625 -38.878265380859 -36.222913856142824
2019.799438476562 -35.849170684814 -36.27840826297506
2019.832275390625 -38.965579986572 -36.34499888258763
2019.865112304688 -36.768615722656 -36.4141712472399
2019.898071289062 -36.687545776367 -36.49615461131722
2019.930908203125 -35.63455581665 -36.56929408279281
2019.963745117188 -34.307411193848 -36.6762069270305
2019.99658203125 -36.0764503479 -36.83592018913776
2020.030151367188 -34.847164154053 -36.89578742983716
2020.06298828125 -37.313423156738 -37.231636532366814
2020.095825195312 -37.665752410889 -37.59326686556474
2020.128662109375 -37.698127746582 -38.04579278999271
2020.161499023438 -36.946838378906 -38.56867627777602
2020.177978515625 -38.456974029541 -38.855972419063306
2020.1943359375 -37.8046875 -39.12727567902894
2020.227294921875 -40.09538269043 -39.70334343489686
2020.260131835938 -42.31067276001 -40.25502546335947
2020.29296875 -42.120819091797 -40.80088391667913
2020.325805664062 -42.78003692627 -41.32088436074914
2020.358642578125 -40.306259155273 -41.74269072366368
2020.391479492188 -44.247211456299 -42.1238079968627
2020.42431640625 -41.212306976318 -42.451646354861445
2020.457275390625 -42.727024078369 -42.63733414022571
2020.490112304688 -47.551376342773 -42.64114127264728
2020.52294921875 -40.822410583496 -42.546596203465064
2020.555786132812 -40.83874130249 -42.39865033233687
2020.572265625 -50.279857635498 -42.219851812273454
2020.588623046875 -47.27417755127 -42.00308742459222
2020.605102539062 -41.729961395264 -41.92770512381628
2020.621459960938 -50.196491241455 -41.66426521889805
2020.654296875 -44.432022094727 -41.238845313606454
2020.687255859375 -32.606384277344 -40.74527174041614
2020.70361328125 -37.743385314941 -40.50302750102102
2020.720092773438 -39.584083557129 -40.20249906584338
2020.7529296875 -42.616847991943 -39.62570419849715
2020.785766601562 -41.568279266357 -39.01769625774222
2020.818603515625 -34.448272705078 -38.38533614834458
2020.851440429688 -34.922966003418 -37.72647644928361
2020.917236328125 -37.703948974609 -36.55975225846868
2020.950073242188 -36.482769012451 -36.16560531216533
2020.98291015625 -35.676097869873 -35.86157305310794
2021.013671875 -35.039291381836 -35.51938578546791
2021.046508789062 -30.355882644653 -35.34296219201764
2021.079345703125 -34.626056671143 -35.40000598383799
2021.1123046875 -32.551147460938 -35.48402019295249
2021.145141601562 -35.976963043213 -35.64796519081937
2021.177978515625 -34.830757141113 -35.870482949360785
2021.210815429688 -35.742977142334 -36.16026354346963
2021.24365234375 -33.31294631958 -36.42144639534826
2021.276489257812 -38.318466186523 -36.93340572336027
2021.309326171875 -39.831356048584 -37.53554438499297
2021.34228515625 -38.216835021973 -38.19606001410138
2021.358642578125 -37.825771331787 -38.526884874641006
2021.391479492188 -36.861751556396 -39.12198118726122
2021.407958984375 -38.070796966553 -39.34521885011954
2021.440795898438 -39.878753662109 -39.78251778692309
2021.4736328125 -43.387756347656 -40.102502255667346
2021.506469726562 -41.449729919434 -40.31016674034397
2021.539306640625 -48.853450775146 -40.431609692367054
2021.572265625 -51.88744354248 -40.361998678638244
2021.605102539062 -49.316425323486 -40.46833786467864
2021.637939453125 -42.299289703369 -40.537820950303185
2021.670776367188 -40.701457977295 -40.5528902471783
2021.736450195312 -41.99910736084 -40.272279047524016
2021.769287109375 -39.479404449463 -40.14305262608046
2021.80224609375 -39.285503387451 -39.92557011726374
2021.835083007812 -36.813888549805 -39.68157987945174
2021.867919921875 -42.445453643799 -39.429180086414384
2021.966430664062 -37.488925933838 -38.599723077141626
2022.0 -35.623237609863 -38.28086571010678
2022.065673828125 -41.2829246521 -37.6743680450225
2022.098510742188 -38.232864379883 -37.45054359000109
2022.197143554688 -34.108268737793 -37.186094389673165
2022.22998046875 -39.788955688477 -37.191669861647334
2022.262817382812 -28.200700759888 -37.27168483621647
2022.295654296875 -32.932094573975 -37.491984615135365
2022.328491210938 -32.942317962646 -37.89721047452071
2022.394287109375 -49.04076385498 -38.73939799999676
2022.558471679688 -46.25492477417 -39.4130534284259
2022.591430664062 -19.827819824219 -39.63844395668192
2022.68994140625 -66.013816833496 -41.921547452561455
2022.722778320312 -53.555202484131 -43.11350293266632
2022.821411132812 -41.154594421387 -43.41208070307589
2022.854248046875 -44.481189727783 -42.804962100564744
2022.887084960938 -42.251091003418 -42.12180178962907
2022.919921875 -42.680408477783 -41.440781079086314
2022.952758789062 -42.109783172607 -40.70242311334259
2022.985595703125 -40.006622314453 -39.92114817428969
2023.019165039062 -38.328384399414 -39.19277914859643
2023.052001953125 -38.011493682861 -38.479492063582896
2023.084838867188 -37.042625427246 -37.93709926214284
2023.11767578125 -37.941146850586 -37.63231819831006
2023.150634765625 -33.599990844727 -37.234436074362264
2023.183471679688 -35.719802856445 -36.97195777003455
2023.21630859375 -31.590278625488 -36.69946804336623
2023.249145507812 -29.99195098877 -36.42444523748672
2023.281982421875 -32.79700088501 -36.15418145798941
2023.314819335938 -36.803169250488 -35.89545417174996
2023.34765625 -34.056522369385 -35.65468027811698
2023.380615234375 -41.326412200928 -35.43594956017193
2023.413452148438 -41.795852661133 -35.2446833106211
2023.4462890625 -29.198726654053 -35.079736176799116
2023.57763671875 -63.981536865234 -34.61723972804973
