2014.804931640625 -0.0 -4.8077393743087775
2014.837768554688 -2.058784484863 -6.280630160509262
2014.903442382812 -4.68980884552 -9.220085400896087
2014.96923828125 -11.360761642456 -12.156376699562875
2015.03564453125 -14.28143119812 -15.111102145292984
2015.101318359375 -20.57342338562 -18.024834000578974
2015.265625 -28.047552108765 -25.28125755281158
2015.331298828125 -34.079433441162 -28.16912522656222
2015.39697265625 -41.190483093262 -31.049844303926708
2016.021850585938 -60.586483001709 -59.277415822216945
2016.1533203125 -57.429557800293 -65.04845923190234
2016.350463867188 -72.62858581543 -71.30072681982165
2016.416137695312 -69.055130004883 -73.24975063555466
2016.547607421875 -81.220504760742 -77.34412833732921
2016.744750976562 -84.871910095215 -82.86859489007483
2016.777587890625 -87.180274963379 -83.8058825296159
2016.810424804688 -85.713470458984 -84.74082708684263
2016.84326171875 -85.865577697754 -85.48758055230732
2016.876098632812 -85.577598571777 -86.03643752581617
2016.908935546875 -86.017379760742 -86.66112277334092
2016.941772460938 -85.611938476562 -87.35776253699304
2016.974731445312 -86.20140838623 -88.08756856951476
2017.005493164062 -87.621696472168 -88.93015978518258
2017.038330078125 -89.412719726562 -89.74297386768255
2017.071166992188 -88.823356628418 -90.58355246784774
2017.10400390625 -89.833694458008 -91.74275135023257
2017.136840820312 -91.449531555176 -93.04750548961437
2017.169799804688 -92.528419494629 -94.44767190949626
2017.20263671875 -94.016578674316 -95.96074025947172
2017.235473632812 -96.485191345215 -97.58585171657698
2017.268310546875 -98.855308532715 -99.30740695442884
2017.301147460938 -100.910583496094 -101.09797477670831
2017.333984375 -102.45435333252 -102.93089385613564
2017.366821289062 -105.660484313965 -104.75831245628261
2017.399780273438 -107.816299438477 -106.52781790556965
2017.4326171875 -108.976783752441 -108.18886293554773
2017.498291015625 -112.75513458252 -111.22549152660704
2017.531127929688 -116.044364929199 -112.63973547486776
2017.56396484375 -115.626846313477 -113.99746472016393
2017.596801757812 -117.107192993164 -115.28907592240783
2017.629760742188 -119.286254882812 -116.50129319373205
2017.66259765625 -118.084510803223 -117.60278558457796
2017.695434570312 -117.545623779297 -118.59175495184522
2017.728271484375 -118.64575958252 -119.46882537738738
2017.761108398438 -119.954513549805 -120.25734503132334
2017.7939453125 -122.062980651855 -120.99451997986678
2017.826782226562 -122.366111755371 -121.71502147681987
2017.859741210938 -123.341804504395 -122.4361761527264
2017.892578125 -122.701057434082 -123.16270686814435
2017.925415039062 -123.250701904297 -123.89783256535786
2017.958251953125 -124.651016235352 -124.63669618494977
2017.991088867188 -125.468589782715 -125.3747495534592
2018.024658203125 -125.904281616211 -126.13386036245184
2018.057495117188 -126.800193786621 -126.90656400336992
2018.09033203125 -127.504844665527 -127.73989030439654
2018.123168945312 -127.943496704102 -128.65105030626202
2018.156005859375 -129.337753295898 -129.63966055548727
2018.18896484375 -129.835357666016 -130.68988473707375
2018.221801757812 -130.793838500977 -131.77808756360483
2018.254638671875 -130.312835693359 -132.9026846030138
2018.287475585938 -132.315658569336 -134.0665520227458
2018.3203125 -134.576477050781 -135.26950274185657
2018.353149414062 -137.723815917969 -136.50415613165555
2018.385986328125 -139.011657714844 -137.76624600697127
2018.4189453125 -138.988830566406 -139.05764350400423
2018.451782226562 -141.529586791992 -140.35010696945068
2018.484619140625 -140.344436645508 -141.60183697036717
2018.517456054688 -142.616577148438 -142.76768254998177
2018.55029296875 -145.793914794922 -143.83731119556967
2018.583129882812 -146.324447631836 -144.8156779249204
2018.615966796875 -153.213363647461 -145.7172775268365
2018.64892578125 -145.817398071289 -146.54951239374486
2018.681762695312 -149.635116577148 -147.31271246873123
2018.714599609375 -151.655288696289 -148.01879270884203
2018.747436523438 -151.3662109375 -148.66135059151975
2018.7802734375 -149.362564086914 -149.2382466596167
2018.813110351562 -149.769393920898 -149.71177893376301
2018.845947265625 -151.279312133789 -150.12751200712157
2018.87890625 -150.407135009766 -150.41993526702848
2018.911743164062 -151.675079345703 -150.62170040502377
2018.944580078125 -150.706787109375 -150.79941702245722
2018.977416992188 -149.829086303711 -150.96106029565942
2019.010986328125 -151.191619873047 -151.19989480136428
2019.043823242188 -150.340286254883 -151.41491222498132
2019.109497070312 -150.849456787109 -151.96396351223058
2019.1259765625 -152.050765991211 -152.10064297777416
2019.142333984375 -152.27995300293 -152.32891466905755
2019.175170898438 -152.237457275391 -152.838316727756
2019.191650390625 -152.52619934082 -153.17058680277086
2019.208129882812 -153.852966308594 -153.5427543504633
2019.224487304688 -153.586807250977 -153.91986227760114
2019.240966796875 -154.164276123047 -154.35666329600357
2019.25732421875 -154.489059448242 -154.79938245733834
2019.273803710938 -154.910247802734 -155.23389649195624
2019.290161132812 -155.019012451172 -155.67803145099282
2019.306640625 -155.938232421875 -156.15162290077035
2019.323120117188 -156.915405273438 -156.6277625795194
2019.339477539062 -157.605407714844 -157.1017652807734
2019.35595703125 -157.977127075195 -157.57638014493887
2019.372314453125 -160.198989868164 -158.03337782410762
2019.388793945312 -157.708862304688 -158.47260214785047
2019.405151367188 -158.291778564453 -158.82618349412868
2019.421630859375 -158.796905517578 -159.20301804682984
2019.438110351562 -160.902938842773 -159.544615248494
2019.454467773438 -160.917373657227 -159.84301740506848
2019.470947265625 -159.730545043945 -160.10691466473324
2019.4873046875 -162.581176757812 -160.3594596494216
2019.503784179688 -160.926574707031 -160.66176867244855
2019.520141601562 -159.55859375 -160.97654025375257
2019.53662109375 -161.342514038086 -161.3238144302625
2019.569458007812 -161.181213378906 -162.12805852858835
2019.602294921875 -161.139984130859 -163.12914247954294
2019.618774414062 -159.639923095703 -163.59087837742848
2019.635131835938 -161.027786254883 -164.06093002418527
2019.651611328125 -166.213973999023 -164.64981571332945
2019.668090820312 -164.699356079102 -165.1704416834919
2019.71728515625 -167.796920776367 -166.9176323401419
2019.733764648438 -166.055297851562 -167.51521078141445
2019.750122070312 -168.61164855957 -168.09619308951585
2019.7666015625 -168.899322509766 -168.68150014884964
2019.799438476562 -170.334823608398 -169.75818756800697
2019.832275390625 -172.128799438477 -170.79549850661894
2019.865112304688 -173.210723876953 -171.7453167549668
2019.898071289062 -172.760498046875 -172.61659140016098
2019.930908203125 -174.275024414062 -173.41505565569517
2019.963745117188 -174.583740234375 -174.1378922405436
2019.99658203125 -175.079635620117 -174.83381431928674
2020.030151367188 -175.708068847656 -175.56603587576086
2020.06298828125 -175.625350952148 -176.1540194078799
2020.095825195312 -176.459548950195 -176.73096211755418
2020.128662109375 -177.153915405273 -177.30897150269493
2020.161499023438 -178.159088134766 -177.91133152732897
2020.177978515625 -178.302108764648 -178.2352318215873
2020.1943359375 -179.255157470703 -178.53541153245678
2020.227294921875 -179.386291503906 -179.17461940049472
2020.260131835938 -177.534210205078 -179.82490421612673
2020.29296875 -179.979187011719 -180.478617128243
2020.325805664062 -180.089630126953 -181.1344276056175
2020.358642578125 -183.330825805664 -181.78927845620942
2020.391479492188 -186.847427368164 -182.4364772588578
2020.42431640625 -184.055877685547 -183.0971895459689
2020.457275390625 -180.767181396484 -183.78890650691147
2020.490112304688 -183.834991455078 -184.486486394045
2020.52294921875 -186.333908081055 -185.14423711957423
2020.555786132812 -185.8935546875 -185.72778827360293
2020.572265625 -192.83952331543 -185.9626251406099
2020.588623046875 -187.070739746094 -186.18001332876884
2020.605102539062 -185.194259643555 -186.4415845568931
2020.621459960938 -186.933258056641 -186.6379160795672
2020.654296875 -188.29801940918 -187.0390687019582
2020.687255859375 -192.515960693359 -187.38731339877953
2020.70361328125 -188.86376953125 -187.57220049941492
2020.720092773438 -188.599639892578 -187.6671589901738
2020.7529296875 -187.291458129883 -187.88615144899282
2020.785766601562 -188.245101928711 -188.05395646054663
2020.818603515625 -187.962127685547 -188.1942856558247
2020.851440429688 -189.494140625 -188.32745270938676
2020.917236328125 -188.248504638672 -188.59097649326677
2020.950073242188 -187.776702880859 -188.7955499767808
2020.98291015625 -189.48323059082 -189.0503703464534
2021.013671875 -188.07258605957 -189.24423393429498
2021.046508789062 -187.711318969727 -189.54957892718465
2021.079345703125 -189.578903198242 -189.9738798235405
2021.1123046875 -190.133316040039 -190.40769281024905
2021.145141601562 -189.649673461914 -190.89907901437851
2021.177978515625 -190.987289428711 -191.44006215764261
2021.210815429688 -192.543334960938 -192.0096424726051
2021.24365234375 -192.885055541992 -192.58626045546285
2021.276489257812 -191.652923583984 -193.20459186367208
2021.309326171875 -194.510803222656 -193.8171846618379
2021.34228515625 -196.354309082031 -194.39787989158387
2021.358642578125 -195.076690673828 -194.63289917067937
2021.391479492188 -194.814651489258 -195.14349522521655
2021.407958984375 -195.967086791992 -195.35922338363892
2021.440795898438 -196.482940673828 -195.82112268727053
2021.4736328125 -197.095855712891 -196.21896111647615
2021.506469726562 -195.322601318359 -196.53180210093393
2021.539306640625 -200.795989990234 -196.76022446874185
2021.572265625 -197.479614257812 -196.83089715459934
2021.605102539062 -197.571533203125 -196.9790543949109
2021.637939453125 -196.984680175781 -197.09082571131663
2021.670776367188 -201.352920532227 -197.16265853360406
2021.736450195312 -200.347778320312 -197.18089715349672
2021.769287109375 -196.589996337891 -197.2001455993285
2021.80224609375 -197.882598876953 -197.18214876370683
2021.835083007812 -197.118209838867 -197.16794842052633
2021.867919921875 -196.414932250977 -197.1574115824929
2021.966430664062 -196.689300537109 -197.2746641873879
2022.0 -196.053619384766 -197.37062729609318
2022.065673828125 -198.428451538086 -197.47641453626667
2022.098510742188 -195.244766235352 -197.55543744862996
2022.197143554688 -196.768692016602 -197.6399138674036
2022.22998046875 -197.88981628418 -197.6646610949236
2022.262817382812 -198.028747558594 -197.69199153749062
2022.295654296875 -199.486755371094 -197.7188932096752
2022.328491210938 -199.974838256836 -197.73237004078592
2022.394287109375 -198.474258422852 -197.65370497513706
2022.558471679688 -196.964645385742 -196.9647534730669
2022.591430664062 -196.493087768555 -196.84368796350145
2022.68994140625 -201.239181518555 -196.16593956380362
2022.722778320312 -199.964324951172 -195.8550998891245
2022.821411132812 -197.228820800781 -194.79843125706756
2022.854248046875 -195.695724487305 -194.4051486721667
2022.887084960938 -194.826583862305 -193.9920283395358
2022.919921875 -191.369400024414 -193.65353210144886
2022.952758789062 -191.205825805664 -193.26176449772524
2022.985595703125 -195.502593994141 -192.67452969918935
2023.019165039062 -193.122268676758 -192.07175744901602
2023.052001953125 -190.610580444336 -191.46335370690693
2023.084838867188 -187.820053100586 -190.9477849479289
2023.11767578125 -189.74186706543 -190.51259156719172
2023.150634765625 -189.45085144043 -190.0318623834675
2023.183471679688 -187.036712646484 -189.60156886213366
2023.21630859375 -189.574462890625 -189.1712559541634
2023.249145507812 -190.764556884766 -188.7448434809694
2023.281982421875 -187.845413208008 -188.32404892707157
2023.314819335938 -187.17073059082 -187.90905875255817
2023.34765625 -188.193008422852 -187.49985654968432
2023.380615234375 -188.088638305664 -187.09496740899482
2023.413452148438 -188.239028930664 -186.69688918502584
2023.4462890625 -184.873229980469 -186.30292073770565
2023.57763671875 -175.443969726562 -184.7453940796866
