2014.804931640625 -0.0 -22.557009495713107
2014.837768554688 -15.008220672607 -23.189550834866477
2014.903442382812 -18.135816574097 -24.451961365373506
2014.96923828125 -22.045141220093 -25.712802405715866
2015.03564453125 -27.455030441284 -26.980963653304034
2015.101318359375 -28.244140625 -28.230652106633695
2015.265625 -49.058746337891 -31.335344858127783
2015.331298828125 -53.250091552734 -32.56644554328733
2015.39697265625 -56.887519836426 -33.791307246181375
2016.021850585938 -33.520248413086 -47.585239538566796
2016.1533203125 -49.949726104736 -49.80390625455079
2016.350463867188 -65.678031921387 -51.038826712077125
2016.416137695312 -39.916210174561 -51.55432172026773
2016.547607421875 -52.960540771484 -52.533216377038514
2016.744750976562 -53.282024383545 -53.80372308140052
2016.777587890625 -52.320663452148 -54.251851259208465
2016.810424804688 -58.95532989502 -54.69308528516229
2016.84326171875 -55.49768447876 -55.12871073844938
2016.876098632812 -54.994491577148 -55.632837214989515
2016.908935546875 -55.984359741211 -56.20260704109754
2016.941772460938 -55.642890930176 -56.77276846628973
2016.974731445312 -56.77795791626 -57.47608907806168
2017.005493164062 -58.259101867676 -58.209102025825395
2017.038330078125 -58.844043731689 -58.97315519313922
2017.071166992188 -58.703308105469 -59.75312429317392
2017.10400390625 -60.61449432373 -60.61883311074007
2017.136840820312 -60.79195022583 -61.53462402100603
2017.169799804688 -62.686447143555 -62.49460338599424
2017.20263671875 -62.900611877441 -63.50606317432464
2017.235473632812 -64.146049499512 -64.5728587796363
2017.268310546875 -65.891181945801 -65.66479781627123
2017.301147460938 -66.418441772461 -66.73237168208671
2017.333984375 -64.474113464355 -67.75828046023118
2017.366821289062 -68.101669311523 -68.7310908205701
2017.399780273438 -71.28150177002 -69.65936699524676
2017.4326171875 -74.090805053711 -70.55184609402126
2017.498291015625 -75.314674377441 -72.30598064212279
2017.531127929688 -75.956443786621 -73.18029218077918
2017.56396484375 -73.993507385254 -74.03805173794265
2017.596801757812 -74.116172790527 -74.85564616830267
2017.629760742188 -81.357711791992 -75.61296809244523
2017.66259765625 -75.677810668945 -76.30219920630672
2017.695434570312 -77.399002075195 -76.96084338820481
2017.728271484375 -76.978820800781 -77.63496771315344
2017.761108398438 -78.375175476074 -78.36739061858151
2017.7939453125 -78.497261047363 -79.16123393433406
2017.826782226562 -80.015243530273 -80.00745177959814
2017.859741210938 -79.275680541992 -80.90344341360422
2017.892578125 -81.067001342773 -81.83847373255342
2017.925415039062 -82.097114562988 -82.80368899027673
2017.958251953125 -83.763816833496 -83.7878313982823
2017.991088867188 -85.385986328125 -84.78439159221053
2018.024658203125 -85.68586730957 -85.82462614829961
2018.057495117188 -87.047271728516 -86.87043270053523
2018.09033203125 -88.005218505859 -87.93861847629033
2018.123168945312 -89.073760986328 -89.01796079636102
2018.156005859375 -90.039268493652 -90.10024128631672
2018.18896484375 -91.604072570801 -91.18370940555513
2018.221801757812 -92.213539123535 -92.25532642779882
2018.254638671875 -92.850944519043 -93.31997871604244
2018.287475585938 -92.695938110352 -94.38274373959857
2018.3203125 -95.706756591797 -95.45074662990282
2018.353149414062 -98.25358581543 -96.51782076452763
2018.385986328125 -102.073959350586 -97.58298065768795
2018.4189453125 -97.108978271484 -98.64655166964017
2018.451782226562 -100.589721679688 -99.66965866651483
2018.484619140625 -100.782012939453 -100.62544866518346
2018.517456054688 -98.130325317383 -101.51543200693456
2018.55029296875 -109.453407287598 -102.34997755536303
2018.583129882812 -109.039070129395 -103.12694067972328
2018.615966796875 -106.100456237793 -103.84482978465293
2018.64892578125 -105.028511047363 -104.51587488688897
2018.681762695312 -109.282775878906 -105.1513247371576
2018.714599609375 -109.324890136719 -105.76222677157517
2018.747436523438 -107.316696166992 -106.32457001839285
2018.7802734375 -106.767700195312 -106.781972083662
2018.813110351562 -107.918411254883 -107.11152490323475
2018.845947265625 -106.425956726074 -107.37639760153387
2018.87890625 -106.234169006348 -107.63330020393268
2018.911743164062 -107.378211975098 -107.92780382966889
2018.944580078125 -108.016792297363 -108.2182049880661
2018.977416992188 -108.353935241699 -108.53376846113137
2019.010986328125 -109.014762878418 -108.9355778482832
2019.043823242188 -109.168716430664 -109.35037800944552
2019.109497070312 -109.831726074219 -110.33245324723734
2019.1259765625 -110.330680847168 -110.5762739870003
2019.142333984375 -111.250930786133 -110.81514496629453
2019.175170898438 -111.277961730957 -111.29913932384221
2019.191650390625 -111.608581542969 -111.54445853688652
2019.208129882812 -112.748794555664 -111.79084417599938
2019.224487304688 -112.04776763916 -112.04145580851056
2019.240966796875 -112.008544921875 -112.28583756214626
2019.25732421875 -112.723182678223 -112.52241726117737
2019.273803710938 -112.645629882812 -112.7600499101671
2019.290161132812 -112.36604309082 -112.98213879260246
2019.306640625 -113.041900634766 -113.19601487596479
2019.323120117188 -113.381561279297 -113.40601552021862
2019.339477539062 -114.677749633789 -113.61480363026713
2019.35595703125 -113.321464538574 -113.83678539942365
2019.372314453125 -119.433486938477 -114.06725732689185
2019.388793945312 -114.9140625 -114.30427157075643
2019.405151367188 -111.109985351562 -114.5598937528038
2019.421630859375 -115.568504333496 -114.84370250504165
2019.438110351562 -112.653694152832 -115.17137334234829
2019.454467773438 -115.797157287598 -115.5451788173402
2019.470947265625 -115.024879455566 -115.974108670117
2019.4873046875 -115.270477294922 -116.45743699247929
2019.503784179688 -117.45556640625 -117.0785710435218
2019.520141601562 -114.363456726074 -117.67360949380577
2019.53662109375 -115.025863647461 -118.33690541378385
2019.569458007812 -121.155448913574 -119.68901558802872
2019.602294921875 -120.929885864258 -120.93492324173441
2019.618774414062 -116.064735412598 -121.57852602675115
2019.635131835938 -124.901496887207 -122.23729725632866
2019.651611328125 -126.445220947266 -122.89316451926977
2019.668090820312 -118.294738769531 -123.5751642468681
2019.71728515625 -125.399406433105 -125.52636420947087
2019.733764648438 -126.47420501709 -126.16284803284188
2019.750122070312 -121.895706176758 -126.71549005815538
2019.7666015625 -126.610404968262 -127.29914660719236
2019.799438476562 -128.704406738281 -128.35470332716335
2019.832275390625 -131.406936645508 -129.3735674916812
2019.865112304688 -130.30046081543 -130.34699767621888
2019.898071289062 -131.531478881836 -131.2928651047663
2019.930908203125 -132.847686767578 -132.23014243095508
2019.963745117188 -132.709213256836 -133.15700875797808
2019.99658203125 -133.864273071289 -134.08192513036815
2020.030151367188 -135.353179931641 -135.01814454791975
2020.06298828125 -135.113815307617 -135.91702481498456
2020.095825195312 -136.683151245117 -136.80883021001668
2020.128662109375 -137.544235229492 -137.70774588516835
2020.161499023438 -139.317764282227 -138.6192705700121
2020.177978515625 -139.006561279297 -139.0872010389032
2020.1943359375 -139.257064819336 -139.54513250736971
2020.227294921875 -141.018447875977 -140.49825647042795
2020.260131835938 -137.120651245117 -141.47625828612243
2020.29296875 -142.434860229492 -142.4596991014775
2020.325805664062 -141.959136962891 -143.45638654181624
2020.358642578125 -145.019973754883 -144.47602106543613
2020.391479492188 -144.705657958984 -145.49331687387388
2020.42431640625 -146.303024291992 -146.51779096897513
2020.457275390625 -147.145202636719 -147.5665770055592
2020.490112304688 -149.328079223633 -148.59515003477085
2020.52294921875 -150.555725097656 -149.5437128672113
2020.555786132812 -150.743682861328 -150.3710672801468
2020.572265625 -150.926620483398 -150.64061370857405
2020.588623046875 -152.485977172852 -150.87678603461708
2020.605102539062 -152.20751953125 -151.2674493066588
2020.621459960938 -153.410171508789 -151.46417208910904
2020.654296875 -156.304077148438 -151.95236657334442
2020.687255859375 -157.066558837891 -152.35168852104104
2020.70361328125 -153.881149291992 -152.55493277793605
2020.720092773438 -153.312408447266 -152.66660717427666
2020.7529296875 -153.442687988281 -152.93456428268647
2020.785766601562 -151.781555175781 -153.17105677118604
2020.818603515625 -152.210830688477 -153.3914038263931
2020.851440429688 -153.713912963867 -153.59881561408093
2020.917236328125 -154.107421875 -154.09646073819712
2020.950073242188 -153.595153808594 -154.5124930367623
2020.98291015625 -154.778778076172 -155.01451172876367
2021.013671875 -154.345611572266 -155.44244535835233
2021.046508789062 -154.385879516602 -156.07854784858876
2021.079345703125 -156.519500732422 -156.89860895706377
2021.1123046875 -155.571716308594 -157.79188969919886
2021.145141601562 -157.814605712891 -158.8173568267371
2021.177978515625 -159.034606933594 -159.98522420285
2021.210815429688 -160.012542724609 -161.27108435466246
2021.24365234375 -160.751312255859 -162.49727259457322
2021.276489257812 -162.439086914062 -163.95293721013914
2021.309326171875 -166.718612670898 -165.45638514756357
2021.34228515625 -163.861297607422 -166.98896217703285
2021.358642578125 -171.876770019531 -167.71410386223096
2021.391479492188 -172.96826171875 -169.1820842650469
2021.407958984375 -170.207275390625 -169.85585280078647
2021.440795898438 -178.248397827148 -171.21989978922758
2021.4736328125 -173.507080078125 -172.47651014955326
2021.506469726562 -175.367248535156 -173.54688577354466
2021.539306640625 -180.86003112793 -174.43857834478345
2021.572265625 -177.031982421875 -174.97855344347914
2021.605102539062 -180.618392944336 -175.75408618692236
2021.637939453125 -177.557708740234 -176.39660115755788
2021.670776367188 -184.789154052734 -176.89060538024404
2021.736450195312 -178.906326293945 -177.4236084128939
2021.769287109375 -173.345397949219 -177.70735306442916
2021.80224609375 -177.773040771484 -177.91515754695592
2021.835083007812 -178.500427246094 -178.13957589682616
2021.867919921875 -181.602127075195 -178.30141405353714
2021.966430664062 -178.069259643555 -178.74100999010784
2022.0 -176.84342956543 -178.9038742930162
2022.065673828125 -178.723693847656 -179.2074088023061
2022.098510742188 -180.004989624023 -179.39539029453076
2022.197143554688 -180.633331298828 -180.12415134317305
2022.22998046875 -178.88249206543 -180.47300234767266
2022.262817382812 -174.729507446289 -180.84791419289414
2022.295654296875 -173.685089111328 -181.19169785020205
2022.328491210938 -183.361785888672 -181.44442491226678
2022.394287109375 -172.407730102539 -181.7461181932765
2022.558471679688 -175.742385864258 -182.7231724424732
2022.591430664062 -189.003631591797 -183.10330575114517
2022.68994140625 -185.640197753906 -184.50741884537283
2022.722778320312 -189.355834960938 -184.5818665345107
2022.821411132812 -183.966659545898 -184.3765369480542
2022.854248046875 -183.695114135742 -184.28474461809526
2022.887084960938 -184.308578491211 -184.20109283437102
2022.919921875 -183.386535644531 -184.12314713885183
2022.952758789062 -183.701919555664 -184.04664586417252
2022.985595703125 -185.556823730469 -184.00119064692797
2023.019165039062 -183.968246459961 -183.98236686540554
2023.052001953125 -183.790298461914 -183.96961444864186
2023.084838867188 -183.691070556641 -184.00237249788856
2023.11767578125 -183.779434204102 -184.05743575027276
2023.150634765625 -183.607208251953 -184.1001728340598
2023.183471679688 -184.368438720703 -184.1580264283799
2023.21630859375 -182.644577026367 -184.23324342308752
2023.249145507812 -184.763732910156 -184.32007319726702
2023.281982421875 -183.430557250977 -184.41276261612904
2023.314819335938 -185.359436035156 -184.5087023166721
2023.34765625 -184.65266418457 -184.60709508229732
2023.380615234375 -185.110092163086 -184.7079266697128
2023.413452148438 -178.86296081543 -184.81024726537322
2023.4462890625 -184.143569946289 -184.91423746835073
2023.57763671875 -186.157211303711 -185.34962115081768
