2014.804931640625  2.2638367669571293
2014.837768554688  0.9185140228768567
2014.903442382812  -1.765087050042343
2014.96923828125  -4.443619727506665
2015.03564453125  -7.1361386467483765
2015.101318359375  -9.78810337489638
2015.265625  -16.377781895372483
2015.331298828125  -18.994563490812432
2015.39697265625  -21.602205700697397
2016.021850585938  -45.62515542083009
2016.1533203125  -50.71778114585171
2016.350463867188  -57.311826672426406
2016.416137695312  -58.99347168186788
2016.547607421875  -62.47239018661083
2016.744750976562  -67.41950771945918
2016.777587890625  -68.1667116835167
2016.810424804688  -68.89602395854727
2016.84326171875  -69.55057831526041
2016.876098632812  -70.09878738177764
2016.908935546875  -70.69202565986848
2016.941772460938  -71.31463355427952
2016.974731445312  -71.9888454661491
2017.005493164062  -72.75117866342535
2017.038330078125  -73.48030222827695
2017.071166992188  -74.20188454142965
2017.10400390625  -75.17290371623913
2017.136840820312  -76.26577982279342
2017.169799804688  -77.44013550448021
2017.20263671875  -78.72333111451194
2017.235473632812  -80.12984238081582
2017.268310546875  -81.65604116987737
2017.301147460938  -83.28150542730899
2017.333984375  -84.96432245052019
2017.366821289062  -86.64170695544419
2017.399780273438  -88.26354604550488
2017.4326171875  -89.80519386373034
2017.498291015625  -92.72682055581589
2017.531127929688  -94.11500646297473
2017.56396484375  -95.4497077420773
2017.596801757812  -96.72482362544535
2017.629760742188  -97.9364434336605
2017.66259765625  -99.05920170215363
2017.695434570312  -100.08902558033215
2017.728271484375  -101.02797315843569
2017.761108398438  -101.91135497693001
2017.7939453125  -102.78051604043903
2017.826782226562  -103.6722401803315
2017.859741210938  -104.59640206727195
2017.892578125  -105.54998545181039
2017.925415039062  -106.53320707227192
2017.958251953125  -107.55001259909196
2017.991088867188  -108.61493847109557
2018.024658203125  -109.76601066270243
2018.057495117188  -110.96265496235047
2018.09033203125  -112.24485371144586
2018.123168945312  -113.61548577500679
2018.156005859375  -115.06824168073257
2018.18896484375  -116.60024296143754
2018.221801757812  -118.1938184825418
2018.254638671875  -119.85013317783184
2018.287475585938  -121.5695597772719
2018.3203125  -123.34526417800538
2018.353149414062  -125.17194528743883
2018.385986328125  -127.04565760434942
2018.4189453125  -128.96583939035585
2018.451782226562  -130.88740630536105
2018.484619140625  -132.77982308372927
2018.517456054688  -134.61785707003847
2018.55029296875  -136.38547682781342
2018.583129882812  -138.06216792088577
2018.615966796875  -139.63874933114676
2018.64892578125  -141.12178138976873
2018.681762695312  -142.509978646868
2018.714599609375  -143.82035904298908
2018.747436523438  -145.0610802365201
2018.7802734375  -146.24679490283052
2018.813110351562  -147.3682596353728
2018.845947265625  -148.4728357012038
2018.87890625  -149.5038608729215
2018.911743164062  -150.46002166425453
2018.944580078125  -151.36738588325295
2018.977416992188  -152.27505530877016
2019.010986328125  -153.25834297082238
2019.043823242188  -154.21387481817882
2019.109497070312  -156.42467172283554
2019.1259765625  -156.99562751810325
2019.142333984375  -157.591410214914
2019.175170898438  -158.80356234816904
2019.191650390625  -159.4585945028285
2019.208129882812  -160.14423440297588
2019.224487304688  -160.81654523501132
2019.240966796875  -161.56529867345623
2019.25732421875  -162.33457244867475
2019.273803710938  -163.08464492044092
2019.290161132812  -163.85701665069948
2019.306640625  -164.69519068280567
2019.323120117188  -165.5310364835359
2019.339477539062  -166.35799153583355
2019.35595703125  -167.19290315101136
2019.372314453125  -168.0208114567904
2019.388793945312  -168.8596796851741
2019.405151367188  -169.69786301213995
2019.421630859375  -170.5585274194035
2019.438110351562  -171.40639954438822
2019.454467773438  -172.2135998439309
2019.470947265625  -172.99024580059205
2019.4873046875  -173.7341987995104
2019.503784179688  -174.44197037589134
2019.520141601562  -175.1676377772123
2019.53662109375  -175.89363009749385
2019.569458007812  -177.30888469244357
2019.602294921875  -178.56478560841794
2019.618774414062  -179.18521239640776
2019.635131835938  -179.7801786597205
2019.651611328125  -180.28584112091346
2019.668090820312  -180.8364941945211
2019.71728515625  -182.22695811388323
2019.733764648438  -182.65533175107228
2019.750122070312  -183.0183268488939
2019.7666015625  -183.41010183997534
2019.799438476562  -184.10963471856803
2019.832275390625  -184.79283453092742
2019.865112304688  -185.4372447186518
2019.898071289062  -186.03842181154172
2019.930908203125  -186.5981235153523
2019.963745117188  -187.12722938127285
2019.99658203125  -187.63438544314698
2020.030151367188  -188.1745434567476
2020.06298828125  -188.6473919689047
2020.095825195312  -189.1291936045165
2020.128662109375  -189.62234547599192
2020.161499023438  -190.14540915961211
2020.177978515625  -190.44370852748514
2020.1943359375  -190.6990365758418
2020.227294921875  -191.2802974104976
2020.260131835938  -191.88819651937956
2020.29296875  -192.50309228616072
2020.325805664062  -193.15304554037115
2020.358642578125  -193.87541491106145
2020.391479492188  -194.63598386285585
2020.42431640625  -195.44375750008706
2020.457275390625  -196.35180542007777
2020.490112304688  -197.36432059874454
2020.52294921875  -198.42635107544683
2020.555786132812  -199.50139985842065
2020.572265625  -200.07668110890307
2020.588623046875  -200.641537672159
2020.605102539062  -201.1612440580016
2020.621459960938  -201.72633709096527
2020.654296875  -202.81425017391518
2020.687255859375  -203.89356731603047
2020.70361328125  -204.4552386535249
2020.720092773438  -204.93466462643838
2020.7529296875  -205.9399656660577
2020.785766601562  -206.87508811099954
2020.818603515625  -207.70156549053297
2020.851440429688  -208.40560012147023
2020.917236328125  -209.69114273358542
2020.950073242188  -210.44913722758312
2020.98291015625  -211.24781375918528
2021.013671875  -211.92817238248813
2021.046508789062  -212.73292119375367
2021.079345703125  -213.65549104397178
2021.1123046875  -214.56467516622868
2021.145141601562  -215.52055059183056
2021.177978515625  -216.53598855736266
2021.210815429688  -217.60872721177455
2021.24365234375  -218.70238562303854
2021.276489257812  -219.95145608816648
2021.309326171875  -221.2042653029735
2021.34228515625  -222.43076522049026
2021.358642578125  -223.00978513073744
2021.391479492188  -224.1460128105694
2021.407958984375  -224.6470263848715
2021.440795898438  -225.64433233070167
2021.4736328125  -226.51944638592715
2021.506469726562  -227.27577875176263
2021.539306640625  -227.96479964696866
2021.572265625  -228.53713598913123
2021.605102539062  -229.23373233931287
2021.637939453125  -229.9048767983296
2021.670776367188  -230.55032034933188
2021.736450195312  -231.51308604473377
2021.769287109375  -231.86981836310153
2021.80224609375  -232.03691533839103
2021.835083007812  -232.2052968984514
2021.867919921875  -232.32413514776928
2021.966430664062  -232.62706570051273
2022.0  -232.66745625440385
2022.065673828125  -232.777567037166
2022.098510742188  -232.88671961438212
2022.197143554688  -233.5720697400614
2022.22998046875  -233.830292195155
2022.262817382812  -234.0942463480234
2022.295654296875  -234.3705442973083
2022.328491210938  -234.68608872518178
2022.394287109375  -235.4840944018121
2022.558471679688  -238.018050680476
2022.591430664062  -238.49251994805863
2022.68994140625  -240.29400746575877
2022.722778320312  -241.02964808218044
2022.821411132812  -243.23857759093326
2022.854248046875  -243.9867458163471
2022.887084960938  -244.75528811763584
2022.919921875  -245.50669501227523
2022.952758789062  -246.29392105160824
2022.985595703125  -247.15058000173653
2023.019165039062  -248.02213717413161
2023.052001953125  -248.87138186146018
2023.084838867188  -249.68957803587006
2023.11767578125  -250.45471962340648
2023.150634765625  -251.23462331466783
2023.183471679688  -251.98343252927887
2023.21630859375  -252.73709437437665
2023.249145507812  -253.49569169747437
2023.281982421875  -254.25690028500696
2023.314819335938  -255.01696807748542
2023.34765625  -255.77156540810387
2023.380615234375  -256.5199388609456
2023.413452148438  -257.25497606020406
2023.4462890625  -257.9800241320369
2023.57763671875  -260.7981814954514
