2014.804931640625  -4.551171562592158
2014.837768554688  -5.310324897111161
2014.903442382812  -6.822549549364563
2014.96923828125  -8.329737240902377
2015.03564453125  -9.843082852173573
2015.101318359375  -11.331865611099932
2015.265625  -15.021042020442675
2015.331298828125  -16.481233153263236
2015.39697265625  -17.933994341128386
2016.021850585938  -41.835873027912335
2016.1533203125  -40.396532393149684
2016.350463867188  -38.38045084501872
2016.416137695312  -37.83780896220273
2016.547607421875  -36.705446374623534
2016.744750976562  -35.07863096268071
2016.777587890625  -34.92403046905578
2016.810424804688  -34.777102367120186
2016.84326171875  -34.726411681024764
2016.876098632812  -34.830266418319326
2016.908935546875  -35.02353958583969
2016.941772460938  -35.2215982879306
2016.974731445312  -35.56799970601232
2017.005493164062  -35.96289441065952
2017.038330078125  -36.36259040572459
2017.071166992188  -36.7718940784429
2017.10400390625  -37.27909927242152
2017.136840820312  -37.90653588260103
2017.169799804688  -38.6451534325927
2017.20263671875  -39.49710231890476
2017.235473632812  -40.44395583518614
2017.268310546875  -41.465612196296405
2017.301147460938  -42.54553126676759
2017.333984375  -43.65932915716834
2017.366821289062  -44.77244538876111
2017.399780273438  -45.82465314549735
2017.4326171875  -46.77255283508715
2017.498291015625  -48.445970916998654
2017.531127929688  -49.210550286835385
2017.56396484375  -49.89047302994688
2017.596801757812  -50.4405245681296
2017.629760742188  -50.84395833979302
2017.66259765625  -51.05750006407258
2017.695434570312  -51.07640042151155
2017.728271484375  -50.887986596990764
2017.761108398438  -50.5352014263112
2017.7939453125  -50.07734616716433
2017.826782226562  -49.57793754899319
2017.859741210938  -49.06292614461667
2017.892578125  -48.575008950055455
2017.925415039062  -48.13199467246341
2017.958251953125  -47.745513563104005
2017.991088867188  -47.42138633920909
2018.024658203125  -47.17916451096888
2018.057495117188  -47.058864066882194
2018.09033203125  -47.14205825161669
2018.123168945312  -47.50256754948052
2018.156005859375  -48.15209415730003
2018.18896484375  -49.03722517430377
2018.221801757812  -50.09160300542519
2018.254638671875  -51.30738951802844
2018.287475585938  -52.71301012104187
2018.3203125  -54.31522011729636
2018.353149414062  -56.11631032027311
2018.385986328125  -58.10778310927424
2018.4189453125  -60.21697270976222
2018.451782226562  -62.28194321891094
2018.484619140625  -64.21807676882035
2018.517456054688  -66.01771586524448
2018.55029296875  -67.67912717040004
2018.583129882812  -69.1879180678163
2018.615966796875  -70.54980215723863
2018.64892578125  -71.77904242816051
2018.681762695312  -72.88064376526833
2018.714599609375  -73.85956170048753
2018.747436523438  -74.64664822434905
2018.7802734375  -75.16473646466959
2018.813110351562  -75.38195403977943
2018.845947265625  -75.44210086604751
2018.87890625  -75.42530178729315
2018.911743164062  -75.38389710160388
2018.944580078125  -75.36354928084977
2018.977416992188  -75.37598381994137
2019.010986328125  -75.40516334720134
2019.043823242188  -75.38380640331866
2019.109497070312  -75.40587420286438
2019.1259765625  -75.41480988612233
2019.142333984375  -75.48987613731065
2019.175170898438  -75.68282000339242
2019.191650390625  -75.84111215508617
2019.208129882812  -76.03051779134337
2019.224487304688  -76.20686216212238
2019.240966796875  -76.45087816528374
2019.25732421875  -76.73959292653556
2019.273803710938  -76.99347728003026
2019.290161132812  -77.27745880597978
2019.306640625  -77.70422235417138
2019.323120117188  -78.1791874593122
2019.339477539062  -78.68694958239425
2019.35595703125  -79.2276895007182
2019.372314453125  -79.78607369942264
2019.388793945312  -80.3759501172834
2019.405151367188  -81.02024147925485
2019.421630859375  -81.69890502426625
2019.438110351562  -82.4450993132337
2019.454467773438  -83.24372302952818
2019.470947265625  -84.0798915939528
2019.4873046875  -84.91299035380152
2019.503784179688  -85.70974415210208
2019.520141601562  -86.47337743493509
2019.53662109375  -87.2190524754445
2019.569458007812  -88.66009539859536
2019.602294921875  -90.18371688031341
2019.618774414062  -90.97066503537518
2019.635131835938  -91.76471262629809
2019.651611328125  -92.54115734543205
2019.668090820312  -93.3221594769469
2019.71728515625  -95.29437175976702
2019.733764648438  -95.83785723389983
2019.750122070312  -96.21183399954619
2019.7666015625  -96.63584727524827
2019.799438476562  -97.25466950704461
2019.832275390625  -97.88338596769559
2019.865112304688  -98.46551538191483
2019.898071289062  -98.99895247394842
2019.930908203125  -99.44956156614774
2019.963745117188  -99.84921872542391
2019.99658203125  -100.25749245094659
2020.030151367188  -100.59178578485393
2020.06298828125  -101.12072598635142
2020.095825195312  -101.69970918756998
2020.128662109375  -102.39406694918729
2020.161499023438  -103.1969661723912
2020.177978515625  -103.69265974614703
2020.1943359375  -104.10313512986652
2020.227294921875  -105.10912833671513
2020.260131835938  -106.19093605260908
2020.29296875  -107.30667457500975
2020.325805664062  -108.48415898193323
2020.358642578125  -109.67106070876464
2020.391479492188  -110.80876873474583
2020.42431640625  -111.86496732179005
2020.457275390625  -112.61728044266387
2020.490112304688  -112.99202685971963
2020.52294921875  -113.19558290011773
2020.555786132812  -113.36220799652686
2020.572265625  -113.24021931642662
2020.588623046875  -113.09571939663812
2020.605102539062  -113.27100138539241
2020.621459960938  -113.06196378404316
2020.654296875  -112.8426899770966
2020.687255859375  -112.41888581829957
2020.70361328125  -112.15518231484786
2020.720092773438  -111.8241488905286
2020.7529296875  -111.155818749605
2020.785766601562  -110.478500841618
2020.818603515625  -109.82445277857246
2020.851440429688  -109.210063272813
2020.917236328125  -108.23705229863404
2020.950073242188  -107.94581913625507
2020.98291015625  -107.78269226280595
2021.013671875  -107.56720514022551
2021.046508789062  -107.6287823336812
2021.079345703125  -108.11335843614279
2021.1123046875  -108.65439328680262
2021.145141601562  -109.34993910988918
2021.177978515625  -110.16329436091661
2021.210815429688  -111.08156957551044
2021.24365234375  -111.90010690178897
2021.276489257812  -113.15991552654475
2021.309326171875  -114.59301808961892
2021.34228515625  -116.12131620137126
2021.358642578125  -116.77110998117965
2021.391479492188  -117.93816331481514
2021.407958984375  -118.24972930981728
2021.440795898438  -118.92724179396981
2021.4736328125  -119.29593331217336
2021.506469726562  -119.43201101112469
2021.539306640625  -119.42948295766722
2021.572265625  -119.08377643618537
2021.605102539062  -119.06555900279659
2021.637939453125  -118.98552810724817
2021.670776367188  -118.82785214738034
2021.736450195312  -118.07381028765302
2021.769287109375  -117.67191746601723
2021.80224609375  -117.17634493040826
2021.835083007812  -116.63929731783541
2021.867919921875  -116.1552779043487
2021.966430664062  -114.80688832461269
2022.0  -114.36679878442135
2022.065673828125  -113.49320293987198
2022.098510742188  -113.07941754372041
2022.197143554688  -111.88048347261363
2022.22998046875  -111.47941936498707
2022.262817382812  -111.06142221511745
2022.295654296875  -110.72913337461017
2022.328491210938  -110.92512121526165
2022.394287109375  -112.9810351194974
2022.558471679688  -114.53147741791211
2022.591430664062  -114.72791165633936
2022.68994140625  -116.5301397627667
2022.722778320312  -118.68338308683032
2022.821411132812  -121.29528492529336
2022.854248046875  -120.13870068389348
2022.887084960938  -119.00840680202158
2022.919921875  -118.05451098933035
2022.952758789062  -117.12643813875242
2022.985595703125  -116.2319628531819
2023.019165039062  -115.4899725661071
2023.052001953125  -114.7873377103191
2023.084838867188  -114.37904853184483
2023.11767578125  -114.31979863709248
2023.150634765625  -114.12790338597188
2023.183471679688  -114.13289733934268
2023.21630859375  -114.13448346785174
2023.249145507812  -114.14270247713888
2023.281982421875  -114.16564775362622
2023.314819335938  -114.21041288207203
2023.34765625  -114.28349238470088
2023.380615234375  -114.38927940347179
2023.413452148438  -114.52709862591777
2023.4462890625  -114.69419903268535
2023.57763671875  -115.5801083660568
