2014.804931640625 -0.0 -15.04832443286433
2014.837768554688 -19.404323577881 -15.52816092084867
2014.903442382812 -17.13862991333 -16.491034235368925
2014.96923828125 -17.071971893311 -17.45996549892486
2015.03564453125 -21.435789108276 -18.441988630932244
2015.101318359375 -6.605097770691 -19.416916268855175
2015.265625 -31.71568107605 -21.866547682879816
2015.331298828125 -19.441352844238 -22.846410734376867
2015.39697265625 -11.124542236328 -23.824113747298565
2016.021850585938 -33.606822967529 -32.52664933236493
2016.1533203125 -54.179138183594 -34.72647711472771
2016.350463867188 -45.240730285645 -36.62634450336449
2016.416137695312 -54.133193969727 -37.05572848996808
2016.547607421875 -50.16491317749 -38.58044764043034
2016.744750976562 -30.027685165405 -39.10683879427474
2016.777587890625 -39.919418334961 -38.87714862200537
2016.810424804688 -43.331150054932 -38.74502173466715
2016.84326171875 -38.617546081543 -38.743772971298085
2016.876098632812 -37.225578308105 -38.76532082077111
2016.908935546875 -37.722484588623 -38.85072775819207
2016.941772460938 -37.678722381592 -38.96702879377116
2016.974731445312 -38.632270812988 -39.089449749467946
2017.005493164062 -39.195667266846 -39.2437387935369
2017.038330078125 -39.258583068848 -39.3867722961288
2017.071166992188 -38.611999511719 -39.55140927789821
2017.10400390625 -39.752937316895 -39.77086480778046
2017.136840820312 -39.202503204346 -39.998417934649886
2017.169799804688 -41.158168792725 -40.225658292459144
2017.20263671875 -40.92896270752 -40.431584034371326
2017.235473632812 -42.621696472168 -40.61262575309088
2017.268310546875 -41.278366088867 -40.76511749738416
2017.301147460938 -42.899227142334 -40.881727206949854
2017.333984375 -37.576313018799 -40.965285708640856
2017.366821289062 -39.672985076904 -41.00706338346496
2017.399780273438 -41.658638000488 -41.01973644530945
2017.4326171875 -54.130603790283 -41.01673315210421
2017.498291015625 -41.178565979004 -40.983675068253156
2017.531127929688 -42.41442489624 -40.96715328288458
2017.56396484375 -36.786827087402 -40.966425883479765
2017.596801757812 -40.081554412842 -40.99254227262035
2017.629760742188 -45.949928283691 -41.04321100704384
2017.66259765625 -38.895378112793 -41.11445115758895
2017.695434570312 -42.464687347412 -41.20878477941857
2017.728271484375 -40.872852325439 -41.361931309496775
2017.761108398438 -41.331790924072 -41.596651158991854
2017.7939453125 -40.505237579346 -41.90104754451254
2017.826782226562 -41.630710601807 -42.27009028785446
2017.859741210938 -40.348407745361 -42.71161427347045
2017.892578125 -42.483547210693 -43.21338247699553
2017.925415039062 -42.959419250488 -43.75990892628604
2017.958251953125 -44.080780029297 -44.35605694499235
2017.991088867188 -46.217304229736 -44.99973483379369
2018.024658203125 -45.877136230469 -45.712939182281524
2018.057495117188 -46.328765869141 -46.4699788922877
2018.09033203125 -47.458786010742 -47.28164172479853
2018.123168945312 -46.10827255249 -48.13694473325539
2018.156005859375 -48.734840393066 -49.027400646790774
2018.18896484375 -49.101226806641 -49.95962124236764
2018.221801757812 -51.198551177979 -50.919904174571435
2018.254638671875 -51.570018768311 -51.92133024947018
2018.287475585938 -51.345676422119 -52.989019614958885
2018.3203125 -58.82536315918 -54.1339512729337
2018.353149414062 -53.188919067383 -55.362183629585125
2018.385986328125 -57.273197174072 -56.67322124870541
2018.4189453125 -56.406593322754 -58.06588770317322
2018.451782226562 -58.008083343506 -59.51079890205683
2018.484619140625 -61.392848968506 -60.98864096104291
2018.517456054688 -59.440856933594 -62.47571431711259
2018.55029296875 -69.187591552734 -63.95319199711787
2018.583129882812 -65.960472106934 -65.41355431333534
2018.615966796875 -72.268516540527 -66.84777709948393
2018.64892578125 -67.363708496094 -68.25887607027869
2018.681762695312 -73.117095947266 -69.64811654535427
2018.714599609375 -71.942916870117 -71.0095880386681
2018.747436523438 -74.451629638672 -72.31349326199762
2018.7802734375 -75.662879943848 -73.5325415999743
2018.813110351562 -74.008293151855 -74.62495901223274
2018.845947265625 -75.052185058594 -75.64099283865032
2018.87890625 -76.212440490723 -76.55794896946468
2018.911743164062 -77.801124572754 -77.33784822065533
2018.944580078125 -78.407737731934 -78.07529216894913
2018.977416992188 -80.395133972168 -78.75260744500018
2019.010986328125 -80.115280151367 -79.36295158864576
2019.043823242188 -79.993515014648 -79.9961729714809
2019.109497070312 -80.871887207031 -80.92760655659201
2019.1259765625 -81.793479919434 -81.13551770704046
2019.142333984375 -82.913932800293 -81.23623306771525
2019.175170898438 -82.294746398926 -81.40756025678652
2019.191650390625 -81.836410522461 -81.4230960137552
2019.208129882812 -82.379112243652 -81.41414072187648
2019.224487304688 -81.500854492188 -81.40363748766416
2019.240966796875 -81.133583068848 -81.34356389226622
2019.25732421875 -81.806991577148 -81.28440797896954
2019.273803710938 -80.436470031738 -81.20306308059598
2019.290161132812 -79.866882324219 -81.10351917354305
2019.306640625 -80.152465820312 -81.07279845136887
2019.323120117188 -78.614051818848 -81.07725712093371
2019.339477539062 -82.306518554688 -81.1120983348206
2019.35595703125 -80.813461303711 -81.18513730650997
2019.372314453125 -81.515083312988 -81.313180284179
2019.388793945312 -81.91015625 -81.54437043531503
2019.405151367188 -75.281280517578 -82.0378815093982
2019.421630859375 -81.455116271973 -82.54661820300781
2019.438110351562 -80.175224304199 -83.18365547886788
2019.454467773438 -83.795166015625 -83.921575617742
2019.470947265625 -75.554786682129 -84.76241087934459
2019.4873046875 -81.88191986084 -85.6761248338091
2019.503784179688 -78.243667602539 -86.86948973708459
2019.520141601562 -82.700698852539 -87.8929988672432
2019.53662109375 -88.177703857422 -89.03034890074949
2019.569458007812 -89.844169616699 -91.61908198275698
2019.602294921875 -94.509994506836 -94.39269983116675
2019.618774414062 -90.900588989258 -95.7436448551328
2019.635131835938 -99.927261352539 -97.10934680613354
2019.651611328125 -103.099472045898 -98.47852127626126
2019.668090820312 -105.826072692871 -99.87201353842399
2019.71728515625 -104.235000610352 -103.75467967021581
2019.733764648438 -108.019462585449 -104.99040073006753
2019.750122070312 -109.16675567627 -105.98915283674567
2019.7666015625 -105.971252441406 -107.10141144377658
2019.799438476562 -109.881332397461 -108.95755544564382
2019.832275390625 -113.310989379883 -110.72591042047569
2019.865112304688 -114.322959899902 -112.21363939412505
2019.898071289062 -114.018585205078 -113.47173149735914
2019.930908203125 -116.061668395996 -114.56489883396694
2019.963745117188 -115.615188598633 -115.48958096196266
2019.99658203125 -116.933601379395 -116.36335499366086
2020.030151367188 -118.034866333008 -117.31240753168125
2020.06298828125 -118.310836791992 -118.02138405410633
2020.095825195312 -118.796730041504 -118.70845328131225
2020.128662109375 -119.171379089355 -119.38840354404282
2020.161499023438 -120.353408813477 -120.10573453562682
2020.177978515625 -119.635124206543 -120.5297923437045
2020.1943359375 -120.795333862305 -120.88473092112233
2020.227294921875 -120.952713012695 -121.74461047431144
2020.260131835938 -116.229995727539 -122.68310647412414
2020.29296875 -122.71989440918 -123.62194331066466
2020.325805664062 -121.060470581055 -124.63552803513403
2020.358642578125 -125.590179443359 -125.79692525402324
2020.391479492188 -125.966667175293 -126.9901106699748
2020.42431640625 -127.254165649414 -128.22943439896065
2020.457275390625 -129.762954711914 -129.58421760179397
2020.490112304688 -131.790252685547 -131.01906627312823
2020.52294921875 -133.559265136719 -132.41439376405884
2020.555786132812 -132.847183227539 -133.69430295300563
2020.572265625 -134.381332397461 -134.19004609257465
2020.588623046875 -137.098785400391 -134.6392846431715
2020.605102539062 -135.850280761719 -135.25058171615845
2020.621459960938 -137.867172241211 -135.6428480026533
2020.654296875 -143.161315917969 -136.51033381207932
2020.687255859375 -141.557250976562 -137.2345271071137
2020.70361328125 -139.845748901367 -137.61413985297102
2020.720092773438 -138.028961181641 -137.79816355455566
2020.7529296875 -139.218841552734 -138.25463085221253
2020.785766601562 -138.920532226562 -138.6342619577686
2020.818603515625 -139.465438842773 -138.9512709207471
2020.851440429688 -138.902862548828 -139.20191787309713
2020.917236328125 -139.162185668945 -139.487173314424
2020.950073242188 -139.609603881836 -139.59821940661158
2020.98291015625 -140.186126708984 -139.72016543608888
2021.013671875 -139.728897094727 -139.84380913545533
2021.046508789062 -139.54997253418 -140.05667109346524
2021.079345703125 -139.384414672852 -140.45840678158277
2021.1123046875 -140.705841064453 -140.95027622063066
2021.145141601562 -140.921676635742 -141.56870559092206
2021.177978515625 -140.329833984375 -142.29164042041162
2021.210815429688 -140.039367675781 -143.08312073607183
2021.24365234375 -141.018051147461 -143.76624507839816
2021.276489257812 -140.47184753418 -144.7245654241563
2021.309326171875 -146.814743041992 -145.80133255633913
2021.34228515625 -142.671447753906 -146.99558533813172
2021.358642578125 -149.621627807617 -147.59535898529614
2021.391479492188 -147.362945556641 -148.7512241832006
2021.407958984375 -147.375152587891 -149.2448801475297
2021.440795898438 -152.299194335938 -150.2014109729159
2021.4736328125 -155.076416015625 -150.9767957803069
2021.506469726562 -161.763275146484 -151.64698904523613
2021.539306640625 -159.103088378906 -152.294179721404
2021.572265625 -157.1875 -152.79758712231492
2021.605102539062 -162.399383544922 -153.47885904087926
2021.637939453125 -154.048553466797 -154.10718069520746
2021.670776367188 -163.172561645508 -154.67012685157826
2021.736450195312 -155.329696655273 -155.39695634453258
2021.769287109375 -156.141891479492 -155.73250260802362
2021.80224609375 -155.690612792969 -155.94498927760077
2021.835083007812 -156.62760925293 -156.14752628639354
2021.867919921875 -159.129486083984 -156.3612030726998
2021.966430664062 -154.635452270508 -157.2132075953568
2022.0 -155.166229248047 -157.5922365941964
2022.065673828125 -157.307601928711 -158.27701055656243
2022.098510742188 -158.271072387695 -158.66637264793312
2022.197143554688 -160.064010620117 -160.08166400170873
2022.22998046875 -159.603164672852 -160.83759163873438
2022.262817382812 -151.577362060547 -161.78946255538958
2022.295654296875 -152.985153198242 -162.9105727343298
2022.328491210938 -163.430358886719 -164.10759413574
2022.394287109375 -159.580032348633 -166.1247067933432
2022.558471679688 -150.695831298828 -169.6221240747415
2022.591430664062 -200.412506103516 -170.58596217350754
2022.68994140625 -178.2412109375 -174.422845146803
2022.722778320312 -180.332656860352 -176.0321376144624
2022.821411132812 -184.336944580078 -178.2818802268752
2022.854248046875 -175.15266418457 -177.99037685001636
2022.887084960938 -180.103652954102 -177.63528475572159
2022.919921875 -176.367309570312 -177.25134164288073
2022.952758789062 -176.921112060547 -176.86353065098646
2022.985595703125 -179.29833984375 -176.4350305152796
2023.019165039062 -177.043197631836 -175.98250369521355
2023.052001953125 -175.704010009766 -175.54760435405117
2023.084838867188 -174.905563354492 -175.08256785104902
2023.11767578125 -174.481201171875 -174.61303394033803
2023.150634765625 -173.179946899414 -174.14177055553486
2023.183471679688 -173.283004760742 -173.66532350958082
2023.21630859375 -172.196212768555 -173.18611045923495
2023.249145507812 -172.891891479492 -172.70585380103427
2023.281982421875 -171.350967407227 -172.22653139116633
2023.314819335938 -173.435897827148 -171.74981479434058
2023.34765625 -171.394775390625 -171.2771929763257
2023.380615234375 -170.995040893555 -170.80722858867387
2023.413452148438 -179.903732299805 -170.34318880561972
2023.4462890625 -153.641586303711 -169.88290275845495
2023.57763671875 -187.692306518555 -168.07125377289705
