2014.804931640625 -0.0 -3.9881079270826456
2014.837768554688 -17.448513031006 -5.04622513184534
2014.903442382812 -9.399186134338 -7.159369433986211
2014.96923828125 -11.151727676392 -9.272524375945478
2015.03564453125 6.124672889709 -11.400976182592814
2015.101318359375 -11.212132453918 -13.500728865680136
2015.265625 9.503910064697 -18.724683494447017
2015.331298828125 -38.902969360352 -20.799296196351264
2015.39697265625 -45.960201263428 -22.865592829797944
2016.021850585938 -16.155542373657 -49.23632165887929
2016.1533203125 -52.245635986328 -52.56479411548556
2016.350463867188 -57.403610229492 -53.16785389359024
2016.416137695312 -51.92493057251 -53.30470404731255
2016.547607421875 -47.619525909424 -53.56636756092914
2016.744750976562 -59.219058990479 -53.67636325419378
2016.777587890625 -51.543346405029 -53.69161607008743
2016.810424804688 -58.198913574219 -53.79340998029285
2016.84326171875 -56.312919616699 -53.98962443929824
2016.876098632812 -56.925598144531 -54.02564745030955
2016.908935546875 -53.889415740967 -54.01043741697388
2016.941772460938 -51.085601806641 -54.00016362900608
2016.974731445312 -49.99031829834 -53.8598227258186
2017.005493164062 -52.549900054932 -53.80618297690313
2017.038330078125 -53.537971496582 -53.67044907869054
2017.071166992188 -51.309524536133 -53.53884739336052
2017.10400390625 -51.344093322754 -53.69738094120364
2017.136840820312 -54.404064178467 -54.041840294034216
2017.169799804688 -53.551166534424 -54.5243331626237
2017.20263671875 -55.355545043945 -55.14738014775044
2017.235473632812 -54.368022918701 -55.88746929311252
2017.268310546875 -54.748710632324 -56.72540553407139
2017.301147460938 -56.110721588135 -57.63586459505951
2017.333984375 -55.236381530762 -58.578470722401086
2017.366821289062 -62.853149414062 -59.55099623782784
2017.399780273438 -63.91170501709 -60.56223823766825
2017.4326171875 -60.491706848145 -61.56046970978527
2017.498291015625 -79.418991088867 -63.302160643264955
2017.531127929688 -62.815238952637 -63.98378209399963
2017.56396484375 -68.820922851562 -64.53945228006913
2017.596801757812 -67.635414123535 -64.9534109065937
2017.629760742188 -64.341217041016 -65.20188235920399
2017.66259765625 -71.265228271484 -65.2474974522948
2017.695434570312 -73.480400085449 -65.08184013810843
2017.728271484375 -66.425575256348 -64.68451113282106
2017.761108398438 -64.498603820801 -64.06079221150448
2017.7939453125 -63.805591583252 -63.27637524962528
2017.826782226562 -61.885147094727 -62.418368092603096
2017.859741210938 -64.334609985352 -61.49967227038787
2017.892578125 -58.358432769775 -60.52861593682895
2017.925415039062 -59.003768920898 -59.548508258891125
2017.958251953125 -58.639358520508 -58.59906789434456
2017.991088867188 -55.946537017822 -57.736295391175716
2018.024658203125 -54.573081970215 -57.03556494324702
2018.057495117188 -54.974082946777 -56.58231285661881
2018.09033203125 -55.369647979736 -56.3996089408841
2018.123168945312 -54.529392242432 -56.51864922423196
2018.156005859375 -51.714389801025 -56.934084487672834
2018.18896484375 -56.234683990479 -57.620865634915326
2018.221801757812 -53.219608306885 -58.56562412849719
2018.254638671875 -53.667152404785 -59.75894388938844
2018.287475585938 -55.045276641846 -61.201788993289874
2018.3203125 -62.348304748535 -62.879217116289134
2018.353149414062 -61.62646484375 -64.77767924350198
2018.385986328125 -65.914390563965 -66.87536349216722
2018.4189453125 -70.425880432129 -69.14654341615056
2018.451782226562 -70.931678771973 -71.49381308522555
2018.484619140625 -72.110900878906 -73.8215899650662
2018.517456054688 -78.664642333984 -76.07620048310815
2018.55029296875 -81.58699798584 -78.20603826642046
2018.583129882812 -83.587219238281 -80.1352947224767
2018.615966796875 -91.576095581055 -81.82394198001542
2018.64892578125 -84.306015014648 -83.27058936814076
2018.681762695312 -88.130767822266 -84.47915233589495
2018.714599609375 -88.957695007324 -85.4575882788955
2018.747436523438 -89.222434997559 -86.20668902108457
2018.7802734375 -85.136825561523 -86.751330380046
2018.813110351562 -95.940284729004 -87.02509735431455
2018.845947265625 -90.23233795166 -87.16978308111233
2018.87890625 -87.563911437988 -87.08991705879733
2018.911743164062 -86.528800964355 -86.85333090052012
2018.944580078125 -86.297744750977 -86.60606297726085
2018.977416992188 -86.142333984375 -86.2826312652958
2019.010986328125 -83.967887878418 -85.98160762694401
2019.043823242188 -84.999458312988 -85.61758441989502
2019.109497070312 -84.948860168457 -85.23004119651853
2019.1259765625 -84.631797790527 -85.15790901508444
2019.142333984375 -83.602256774902 -85.19342723333712
2019.175170898438 -84.350708007812 -85.32227688530642
2019.191650390625 -85.182472229004 -85.49631139045957
2019.208129882812 -87.335464477539 -85.72475042371615
2019.224487304688 -85.880409240723 -85.94632950746933
2019.240966796875 -85.301055908203 -86.26542865327156
2019.25732421875 -85.163688659668 -86.61810258097294
2019.273803710938 -87.197868347168 -86.95098255807794
2019.290161132812 -85.50244140625 -87.30754614262598
2019.306640625 -89.962295532227 -87.74791389336126
2019.323120117188 -84.565124511719 -88.23467061505131
2019.339477539062 -90.041152954102 -88.77073446913381
2019.35595703125 -89.663619995117 -89.3634685355324
2019.372314453125 -89.969184875488 -89.98171891059982
2019.388793945312 -89.678230285645 -90.60536036038081
2019.405151367188 -89.663719177246 -91.12934758391201
2019.421630859375 -90.043182373047 -91.6399370943458
2019.438110351562 -97.578475952148 -92.12862142823525
2019.454467773438 -91.787384033203 -92.60326694733908
2019.470947265625 -95.855270385742 -93.07653347531887
2019.4873046875 -97.541374206543 -93.5165519157225
2019.503784179688 -80.793106079102 -93.7920600405038
2019.520141601562 -84.614631652832 -94.12347894373691
2019.53662109375 -95.557136535645 -94.41607528083364
2019.569458007812 -93.494178771973 -94.98548491892146
2019.602294921875 -100.608535766602 -95.68149375068458
2019.618774414062 -84.652778625488 -95.99244637946936
2019.635131835938 -98.787155151367 -96.28568658164558
2019.651611328125 -94.704132080078 -96.6419423738764
2019.668090820312 -93.133148193359 -96.94577569225368
2019.71728515625 -95.539260864258 -97.86498457309399
2019.733764648438 -100.219635009766 -98.14571909617666
2019.750122070312 -102.07551574707 -98.33537162511561
2019.7666015625 -101.687644958496 -98.55559182345793
2019.799438476562 -95.852363586426 -98.8421022486145
2019.832275390625 -101.787071228027 -99.12643206602161
2019.865112304688 -100.638557434082 -99.40185048910995
2019.898071289062 -99.963302612305 -99.68466014966673
2019.930908203125 -99.95384979248 -99.93755558364377
2019.963745117188 -97.729736328125 -100.20691357878195
2019.99658203125 -100.016502380371 -100.52889392451524
2020.030151367188 -98.548439025879 -100.77260713604151
2020.06298828125 -100.454650878906 -101.29992678041468
2020.095825195312 -102.449172973633 -101.88671883507058
2020.128662109375 -102.472610473633 -102.61568229799363
2020.161499023438 -99.897171020508 -103.5133603817238
2020.177978515625 -102.960754394531 -104.12530926504267
2020.1943359375 -103.159996032715 -104.57692705541707
2020.227294921875 -105.189277648926 -105.81419968673356
2020.260131835938 -105.720878601074 -107.2091503227721
2020.29296875 -108.62036895752 -108.67962024164912
2020.325805664062 -110.685333251953 -110.33302208837401
2020.358642578125 -109.337059020996 -112.2759136547641
2020.391479492188 -114.389389038086 -114.32243966097879
2020.42431640625 -113.844215393066 -116.39344046993202
2020.457275390625 -116.878257751465 -118.30274199664568
2020.490112304688 -127.987014770508 -119.95779942475578
2020.52294921875 -119.550987243652 -121.44335411900897
2020.555786132812 -127.161811828613 -122.79882469913987
2020.572265625 -133.014755249023 -123.16916801104642
2020.588623046875 -133.745025634766 -123.45949090710384
2020.605102539062 -125.878433227539 -124.21181665919046
2020.621459960938 -137.488372802734 -124.37285927288154
2020.654296875 -133.639511108398 -124.96799218833583
2020.687255859375 -122.09171295166 -125.1916000956801
2020.70361328125 -127.409927368164 -125.31308050207971
2020.720092773438 -126.823760986328 -125.00047600093491
2020.7529296875 -127.087051391602 -124.52298812025647
2020.785766601562 -126.894744873047 -123.85143663450927
2020.818603515625 -121.71607208252 -123.06342832135002
2020.851440429688 -117.368011474609 -122.20890613804016
2020.917236328125 -121.070297241211 -120.68625143740384
2020.950073242188 -118.694229125977 -120.20154924217455
2020.98291015625 -120.472160339355 -119.8865531837114
2021.013671875 -117.261337280273 -119.44154754617414
2021.046508789062 -113.729881286621 -119.39316536886918
2021.079345703125 -116.955253601074 -119.87190318280878
2021.1123046875 -117.407112121582 -120.45683470602212
2021.145141601562 -120.508903503418 -121.29089964247441
2021.177978515625 -119.725166320801 -122.31122740204135
2021.210815429688 -120.141288757324 -123.47449289826075
2021.24365234375 -119.015960693359 -124.532626536925
2021.276489257812 -128.03044128418 -126.11160524864164
2021.309326171875 -130.299728393555 -127.86970564162507
2021.34228515625 -125.583778381348 -129.70806104014883
2021.358642578125 -131.195831298828 -130.50041939480184
2021.391479492188 -132.699432373047 -131.94219848143464
2021.407958984375 -135.104064941406 -132.35650495009784
2021.440795898438 -134.118194580078 -133.30245791616122
2021.4736328125 -142.927719116211 -133.9292061476929
2021.506469726562 -138.851837158203 -134.26628001725248
2021.539306640625 -149.109008789062 -134.3778535775148
2021.572265625 -146.841369628906 -133.876082830523
2021.605102539062 -141.147277832031 -133.84710941097566
2021.637939453125 -137.919036865234 -133.70531330598826
2021.670776367188 -132.524353027344 -133.4164326781079
2021.736450195312 -133.959457397461 -132.07632440404421
2021.769287109375 -131.866592407227 -131.37892704979382
2021.80224609375 -128.667465209961 -130.55932472797386
2021.835083007812 -126.018371582031 -129.7287907373621
2021.867919921875 -130.484786987305 -128.99150478874867
2021.966430664062 -123.230346679688 -127.23292403743092
2022.0 -118.776412963867 -126.8640341773741
2022.065673828125 -128.475463867188 -125.97844694411637
2022.098510742188 -123.714431762695 -125.87682115485677
2022.197143554688 -123.006217956543 -126.00355114694686
2022.22998046875 -123.793045043945 -126.18783308497068
2022.262817382812 -112.114768981934 -126.48411914913213
2022.295654296875 -126.097221374512 -126.90857346213434
2022.328491210938 -122.433555603027 -127.44246138817631
2022.394287109375 -140.284744262695 -128.50390429682395
2022.558471679688 -139.209564208984 -130.76455091702752
2022.591430664062 -122.810516357422 -131.44260654849734
2022.68994140625 -163.405090332031 -133.9203248005728
2022.722778320312 -157.229614257812 -134.77262749661958
2022.821411132812 -131.707702636719 -135.4531109399654
2022.854248046875 -139.596115112305 -135.12678098054735
2022.887084960938 -134.786956787109 -134.70072589449782
2022.919921875 -136.89860534668 -134.36846738300014
2022.952758789062 -139.404983520508 -133.90113048369673
2022.985595703125 -135.220703125 -133.1751660034078
2023.019165039062 -128.889862060547 -132.49381015248179
2023.052001953125 -129.149017333984 -131.82243355798903
2023.084838867188 -126.262268066406 -131.3369575487658
2023.11767578125 -131.273010253906 -131.08602531964044
2023.150634765625 -127.051872253418 -130.70567627408388
2023.183471679688 -130.646728515625 -130.45552008865195
2023.21630859375 -123.150238037109 -130.1954435901568
2023.249145507812 -125.128799438477 -129.9401832530856
2023.281982421875 -129.30143737793 -129.69941809842103
2023.314819335938 -137.383377075195 -129.48012148651813
2023.34765625 -128.244842529297 -129.2860727965755
2023.380615234375 -138.532775878906 -129.1166850336911
2023.413452148438 -130.067367553711 -128.97189252083155
2023.4462890625 -127.214874267578 -128.84716384706985
2023.57763671875 -163.009643554688 -128.47681716018243
