2014.804931640625 -0.0 -11.14738322133046
2014.837768554688 -8.480098724365 -12.695802402628239
2014.903442382812 -14.208142280579 -15.786793354520261
2014.96923828125 -19.134489059448 -18.87604118565914
2015.03564453125 -21.693881988525 -21.987154848884344
2015.101318359375 -29.7907371521 -25.058223010105316
2015.265625 -36.177677154541 -32.72315658251499
2015.331298828125 -47.813301086426 -35.78151846473863
2015.39697265625 -53.209625244141 -38.837431510081956
2016.021850585938 -67.554840087891 -67.98609242475169
2016.1533203125 -74.133476257324 -73.62681951549023
2016.350463867188 -98.632553100586 -81.34009827746019
2016.416137695312 -74.838035583496 -83.82358392177896
2016.547607421875 -89.722282409668 -89.10365847986047
2016.744750976562 -104.704216003418 -97.19714577673697
2016.777587890625 -100.538452148438 -97.95672221135393
2016.810424804688 -101.021057128906 -98.73692556434027
2016.84326171875 -101.988265991211 -99.53561801958028
2016.876098632812 -100.360733032227 -100.22604197196998
2016.908935546875 -100.552680969238 -100.89334287402241
2016.941772460938 -100.621681213379 -101.59031895475015
2016.974731445312 -100.271873474121 -102.15547384503563
2017.005493164062 -101.544586181641 -102.75992626415136
2017.038330078125 -103.192222595215 -103.35214424760944
2017.071166992188 -101.386451721191 -103.96301401960666
2017.10400390625 -103.93238067627 -104.84056735029945
2017.136840820312 -103.914329528809 -105.87584971053035
2017.169799804688 -105.400840759277 -107.02053919606544
2017.20263671875 -107.267593383789 -108.29651760829374
2017.235473632812 -107.617874145508 -109.72165488957953
2017.268310546875 -113.662078857422 -111.29042407649725
2017.301147460938 -111.33373260498 -112.97515499255447
2017.333984375 -112.734336853027 -114.74442914034623
2017.366821289062 -114.572044372559 -116.55711098739049
2017.399780273438 -118.696571350098 -118.35558348690415
2017.4326171875 -120.515335083008 -120.075989809946
2017.498291015625 -126.520034790039 -123.27325720622734
2017.531127929688 -127.415832519531 -124.7741448234802
2017.56396484375 -127.173889160156 -126.22885091120604
2017.596801757812 -130.124954223633 -127.63406939192866
2017.629760742188 -134.176010131836 -128.97692119765588
2017.66259765625 -131.801773071289 -130.20000228288157
2017.695434570312 -129.425094604492 -131.28876242148536
2017.728271484375 -128.827301025391 -132.23709514466913
2017.761108398438 -133.877593994141 -133.0802307677006
2017.7939453125 -134.978240966797 -133.87336334602338
2017.826782226562 -134.905624389648 -134.65853419774663
2017.859741210938 -136.445190429688 -135.44505742103328
2017.892578125 -135.687515258789 -136.22768805725607
2017.925415039062 -136.549728393555 -137.01414923785973
2017.958251953125 -137.942199707031 -137.81738207455479
2017.991088867188 -138.640808105469 -138.64168469588552
2018.024658203125 -138.742141723633 -139.49319023497694
2018.057495117188 -140.48908996582 -140.32790248096106
2018.09033203125 -141.682632446289 -141.1930533726635
2018.123168945312 -141.992309570312 -142.12909348483302
2018.156005859375 -141.198333740234 -143.14731627165853
2018.18896484375 -142.992309570312 -144.26364900324967
2018.221801757812 -144.163513183594 -145.4873560022933
2018.254638671875 -146.675689697266 -146.82286830203682
2018.287475585938 -148.1962890625 -148.25359578643346
2018.3203125 -146.875518798828 -149.76591240620445
2018.353149414062 -146.706741333008 -151.35572045099892
2018.385986328125 -151.994873046875 -153.01787707408056
2018.4189453125 -155.755783081055 -154.73583469481008
2018.451782226562 -153.600631713867 -156.46310986649064
2018.484619140625 -161.924728393555 -158.18112873428342
2018.517456054688 -160.88591003418 -159.88128751619664
2018.55029296875 -162.797317504883 -161.55963492170113
2018.583129882812 -161.9072265625 -163.19011894380372
2018.615966796875 -166.89533996582 -164.73552116175975
2018.64892578125 -170.24169921875 -166.16630043665072
2018.681762695312 -170.295425415039 -167.45731290035368
2018.714599609375 -167.656127929688 -168.61470823579228
2018.747436523438 -170.003326416016 -169.6399187231797
2018.7802734375 -172.184173583984 -170.56190085612494
2018.813110351562 -173.361145019531 -171.37073376765778
2018.845947265625 -174.282836914062 -172.15714076623627
2018.87890625 -172.949417114258 -172.80843472280415
2018.911743164062 -173.165176391602 -173.3105955685245
2018.944580078125 -173.912933349609 -173.79937720270985
2018.977416992188 -173.973693847656 -174.2468945749402
2019.010986328125 -174.040710449219 -174.60566197205287
2019.043823242188 -174.93896484375 -174.90500123351825
2019.109497070312 -175.805923461914 -175.59364852258383
2019.1259765625 -175.760467529297 -175.786764848321
2019.142333984375 -176.774230957031 -175.98385979221663
2019.175170898438 -176.563674926758 -176.39619554244297
2019.191650390625 -176.325317382812 -176.62174410929399
2019.208129882812 -175.604019165039 -176.8615901633088
2019.224487304688 -176.853790283203 -177.08425516703375
2019.240966796875 -177.594299316406 -177.3515038996582
2019.25732421875 -177.049179077148 -177.63232275103255
2019.273803710938 -177.149032592773 -177.89097347184156
2019.290161132812 -177.545944213867 -178.1679738285531
2019.306640625 -178.054214477539 -178.50851961253258
2019.323120117188 -178.964233398438 -178.85190476585854
2019.339477539062 -180.009613037109 -179.17618994505247
2019.35595703125 -180.028076171875 -179.48249656037737
2019.372314453125 -181.636810302734 -179.76280955142568
2019.388793945312 -179.684265136719 -180.02726038972315
2019.405151367188 -178.909225463867 -180.24995653035825
2019.421630859375 -181.152786254883 -180.52461988924745
2019.438110351562 -183.287292480469 -180.7916791914979
2019.454467773438 -181.898040771484 -181.0405375752432
2019.470947265625 -177.572006225586 -181.29266397538947
2019.4873046875 -180.033355712891 -181.56815683735834
2019.503784179688 -182.326263427734 -181.93310970273512
2019.520141601562 -180.385833740234 -182.2475956382205
2019.53662109375 -182.649322509766 -182.59323331023634
2019.569458007812 -185.423919677734 -183.40429549823168
2019.602294921875 -181.666732788086 -184.3659999366003
2019.618774414062 -181.257919311523 -184.8397413117444
2019.635131835938 -187.214660644531 -185.3380771433192
2019.651611328125 -187.637313842773 -185.9170613859005
2019.668090820312 -184.232818603516 -186.47067443489397
2019.71728515625 -189.558151245117 -188.1837566722101
2019.733764648438 -188.289138793945 -188.746229649947
2019.750122070312 -188.986434936523 -189.28660927905315
2019.7666015625 -188.292938232422 -189.8266204418089
2019.799438476562 -191.940124511719 -190.82079134413436
2019.832275390625 -195.193130493164 -191.78388336574932
2019.865112304688 -192.850036621094 -192.68973359134384
2019.898071289062 -193.833404541016 -193.53054210646283
2019.930908203125 -194.926986694336 -194.29101101628913
2019.963745117188 -196.282638549805 -194.93717133202034
2019.99658203125 -195.275085449219 -195.539815290848
2020.030151367188 -196.533966064453 -196.1965287440588
2020.06298828125 -196.672958374023 -196.6771943243901
2020.095825195312 -197.207778930664 -197.18221041352356
2020.128662109375 -198.070831298828 -197.74661020117608
2020.161499023438 -197.960403442383 -198.43168993108344
2020.177978515625 -198.221099853516 -198.9504330535003
2020.1943359375 -198.898101806641 -199.29125052295973
2020.227294921875 -198.060211181641 -200.35616924231908
2020.260131835938 -195.085388183594 -201.61734450184395
2020.29296875 -199.391342163086 -202.89206227201683
2020.325805664062 -200.794158935547 -204.32293692609545
2020.358642578125 -205.706420898438 -206.12563692762788
2020.391479492188 -203.487533569336 -208.0450865476747
2020.42431640625 -208.532608032227 -210.1034140775393
2020.457275390625 -212.211334228516 -212.46798097265375
2020.490112304688 -214.040023803711 -215.08198234704489
2020.52294921875 -217.747406005859 -217.66728846171816
2020.555786132812 -221.482315063477 -220.09607323022308
2020.572265625 -225.468444824219 -221.09647820210554
2020.588623046875 -230.24089050293 -222.02137626662432
2020.605102539062 -223.948623657227 -223.21463309103416
2020.621459960938 -227.332397460938 -224.0515251989909
2020.654296875 -232.836654663086 -225.86590133561575
2020.687255859375 -232.605529785156 -227.4280888063973
2020.70361328125 -231.995681762695 -228.28193659995807
2020.720092773438 -230.647171020508 -228.6654672198469
2020.7529296875 -230.495849609375 -229.6447060425249
2020.785766601562 -232.599212646484 -230.3981357651039
2020.818603515625 -231.333038330078 -230.94864245181967
2020.851440429688 -232.626907348633 -231.3093205652668
2020.917236328125 -231.73974609375 -231.65951698063353
2020.950073242188 -231.335067749023 -231.83133241470216
2020.98291015625 -231.820114135742 -232.11632009948255
2021.013671875 -231.247146606445 -232.38194395165473
2021.046508789062 -229.933120727539 -232.96706525308502
2021.079345703125 -232.382919311523 -234.04320568369553
2021.1123046875 -230.925704956055 -235.2149936461397
2021.145141601562 -234.379592895508 -236.59846051145436
2021.177978515625 -234.829742431641 -238.14296597732306
2021.210815429688 -235.566207885742 -239.8094395065655
2021.24365234375 -235.693649291992 -241.30025169528267
2021.276489257812 -240.540328979492 -243.33475046709685
2021.309326171875 -245.934722900391 -245.57016523907748
2021.34228515625 -244.593856811523 -247.92817695541788
2021.358642578125 -251.615158081055 -248.990268469146
2021.391479492188 -255.527374267578 -251.10548449201957
2021.407958984375 -252.702026367188 -252.00325747687936
2021.440795898438 -256.553894042969 -253.93714763032156
2021.4736328125 -262.626861572266 -255.64070493512057
2021.506469726562 -267.675201416016 -257.0069996997494
2021.539306640625 -266.743743896484 -258.03443807554686
2021.572265625 -262.344696044922 -258.3392386228218
2021.605102539062 -265.966888427734 -259.21438817624096
2021.637939453125 -262.757568359375 -260.03291468223415
2021.670776367188 -264.901550292969 -260.74204317733677
2021.736450195312 -266.302825927734 -261.1824644281011
2021.769287109375 -257.309112548828 -261.2533465842855
2021.80224609375 -263.284423828125 -260.93591222854184
2021.835083007812 -259.813598632812 -260.5739491730101
2021.867919921875 -260.9443359375 -260.1254991202029
2021.966430664062 -260.874633789062 -259.03175541658317
2022.0 -254.265213012695 -258.7551471677888
2022.065673828125 -254.752380371094 -258.0914447629565
2022.098510742188 -254.41650390625 -257.87993114820324
2022.197143554688 -258.582733154297 -257.38483879275066
2022.22998046875 -255.327178955078 -257.28879977460775
2022.262817382812 -254.891326904297 -257.2484575379247
2022.295654296875 -256.431518554688 -257.27883984043837
2022.328491210938 -258.184112548828 -257.396046744682
2022.394287109375 -256.935302734375 -257.82406653606245
2022.558471679688 -259.186920166016 -259.1583596882859
2022.591430664062 -266.076049804688 -259.43925370481253
2022.68994140625 -256.998657226562 -260.3364303377965
2022.722778320312 -267.195404052734 -260.63969670546885
2022.821411132812 -263.022705078125 -261.4970247232282
2022.854248046875 -260.735778808594 -261.75973610389303
2022.887084960938 -263.130279541016 -262.0155068903235
2022.919921875 -260.928253173828 -262.27435981375896
2022.952758789062 -262.3115234375 -262.5390049697181
2022.985595703125 -263.410430908203 -262.7916020198996
2023.019165039062 -263.447723388672 -263.02034210243164
2023.052001953125 -263.526916503906 -263.2345359283254
2023.084838867188 -262.816864013672 -263.37912166416635
2023.11767578125 -263.189270019531 -263.4401131983603
2023.150634765625 -263.662658691406 -263.51909313655136
2023.183471679688 -264.006744384766 -263.5391689466185
2023.21630859375 -265.776062011719 -263.5579029281564
2023.249145507812 -267.102844238281 -263.5771471319965
2023.281982421875 -264.474639892578 -263.5951752353296
2023.314819335938 -264.616180419922 -263.60802767847497
2023.34765625 -261.350067138672 -263.6109879570548
2023.380615234375 -258.597686767578 -263.5994812040519
2023.413452148438 -276.487731933594 -263.57182312072257
2023.4462890625 -251.480682373047 -263.5291005863603
2023.57763671875 -250.247314453125 -263.2360692462089
