2014.804931640625 -0.0 1.9500277505992027
2014.837768554688 -13.463562011719 0.2866366108891646
2014.903442382812 -5.126009464264 -3.0567487035764858
2014.96923828125 -5.799718379974 -6.42842627425229
2015.03564453125 0.352864831686 -9.853041921546273
2015.101318359375 2.127334117889 -13.26027294778628
2015.265625 -6.935546875 -21.86398456063304
2015.331298828125 -22.243286132812 -25.328578479661378
2015.39697265625 -18.563724517822 -28.80272467974074
2016.021850585938 -42.808982849121 -61.08709255345234
2016.1533203125 -80.565399169922 -70.91924258497158
2016.350463867188 -108.298789978027 -90.3820599773352
2016.416137695312 -72.911743164062 -91.86515586619494
2016.547607421875 -95.00212097168 -94.84031336617221
2016.744750976562 -98.714416503906 -99.28874538686821
2016.777587890625 -99.653053283691 -100.06233157644999
2016.810424804688 -104.804992675781 -100.83829444362406
2016.84326171875 -100.688446044922 -101.61871216566935
2016.876098632812 -101.945816040039 -102.4216007964639
2016.908935546875 -102.379013061523 -103.2421165693262
2016.941772460938 -103.59204864502 -104.05991115506502
2016.974731445312 -104.192573547363 -104.9025246247033
2017.005493164062 -106.023262023926 -105.70557805117569
2017.038330078125 -106.114395141602 -106.55015490150053
2017.071166992188 -106.774070739746 -107.39557831755016
2017.10400390625 -107.963119506836 -108.31149060836984
2017.136840820312 -109.843322753906 -109.30137347240782
2017.169799804688 -111.202674865723 -110.34914248080243
2017.20263671875 -112.098426818848 -111.43354025163919
2017.235473632812 -111.691871643066 -112.55874650747175
2017.268310546875 -108.8427734375 -113.76850795401059
2017.301147460938 -114.77547454834 -115.12106126980449
2017.333984375 -111.540031433105 -116.62501332581803
2017.366821289062 -126.233283996582 -118.19207041025348
2017.399780273438 -121.616676330566 -119.72170885165882
2017.4326171875 -113.74210357666 -121.15582627943782
2017.498291015625 -141.753921508789 -123.79862491127783
2017.531127929688 -115.881195068359 -125.12066966758113
2017.56396484375 -126.484550476074 -126.47410758474443
2017.596801757812 -133.998397827148 -127.7979660636676
2017.629760742188 -135.293701171875 -128.99475893933212
2017.66259765625 -130.979583740234 -129.92892198624463
2017.695434570312 -132.044494628906 -130.5902541391108
2017.728271484375 -133.090286254883 -131.02328026159697
2017.761108398438 -129.375350952148 -131.2886202403925
2017.7939453125 -129.685470581055 -131.5131103821254
2017.826782226562 -132.053482055664 -131.7658733768397
2017.859741210938 -131.620529174805 -132.06044458608324
2017.892578125 -131.553482055664 -132.41612572606778
2017.925415039062 -130.980117797852 -132.8592899438903
2017.958251953125 -132.661834716797 -133.4212963917946
2017.991088867188 -132.856094360352 -134.12210418560667
2018.024658203125 -132.919723510742 -134.99700786150612
2018.057495117188 -134.781021118164 -136.02316403784036
2018.09033203125 -136.560836791992 -137.21374271791103
2018.123168945312 -137.252914428711 -138.57304486323724
2018.156005859375 -136.932205200195 -140.1162087110083
2018.18896484375 -140.973236083984 -141.8275541613265
2018.221801757812 -140.971313476562 -143.66345676679026
2018.254638671875 -143.3330078125 -145.5831211609134
2018.287475585938 -147.51220703125 -147.54676137310727
2018.3203125 -147.274154663086 -149.55212592997316
2018.353149414062 -154.703338623047 -151.59232472181023
2018.385986328125 -160.085800170898 -153.65929171341995
2018.4189453125 -162.879287719727 -155.75459063160787
2018.451782226562 -157.940017700195 -157.83179415921393
2018.484619140625 -156.017120361328 -159.83765030326944
2018.517456054688 -164.512649536133 -161.7228866597244
2018.55029296875 -164.017929077148 -163.46307882733623
2018.583129882812 -164.014343261719 -165.0329987730599
2018.615966796875 -171.396331787109 -166.42076597431497
2018.64892578125 -168.959762573242 -167.64528111237124
2018.681762695312 -170.415176391602 -168.74170617023685
2018.714599609375 -173.367614746094 -169.7595289476603
2018.747436523438 -173.707138061523 -170.7119516866082
2018.7802734375 -170.085067749023 -171.59144764365024
2018.813110351562 -172.676330566406 -172.3435831326899
2018.845947265625 -172.300994873047 -173.02839550693128
2018.87890625 -174.528549194336 -173.5853384783372
2018.911743164062 -172.721313476562 -174.04611578305034
2018.944580078125 -174.913162231445 -174.47867316061598
2018.977416992188 -176.636413574219 -174.90151355134697
2019.010986328125 -174.409912109375 -175.3113404006627
2019.043823242188 -176.349487304688 -175.72747944921508
2019.109497070312 -175.647827148438 -176.25247929431617
2019.1259765625 -177.009307861328 -176.39557296339137
2019.142333984375 -179.273406982422 -176.4166074682374
2019.175170898438 -177.918365478516 -176.4383783521639
2019.191650390625 -176.164733886719 -176.34657190268854
2019.208129882812 -177.613723754883 -176.20190913133052
2019.224487304688 -176.741073608398 -176.0527781147428
2019.240966796875 -175.929046630859 -175.81609515959673
2019.25732421875 -175.85807800293 -175.59881045157462
2019.273803710938 -175.15576171875 -175.35165949632244
2019.290161132812 -173.393341064453 -175.06842146472337
2019.306640625 -175.145446777344 -174.946763370879
2019.323120117188 -172.450241088867 -174.95255816455554
2019.339477539062 -172.968612670898 -175.0710131630919
2019.35595703125 -172.682052612305 -175.2909477434818
2019.372314453125 -177.176116943359 -175.61767859938624
2019.388793945312 -173.361480712891 -176.09332009183981
2019.405151367188 -172.003692626953 -176.8936590379109
2019.421630859375 -176.287933349609 -177.6248217342495
2019.438110351562 -178.099639892578 -178.4773202703551
2019.454467773438 -178.675552368164 -179.4228897886192
2019.470947265625 -180.578765869141 -180.46050485132577
2019.4873046875 -184.759048461914 -181.55006948667236
2019.503784179688 -173.443862915039 -182.7018704141559
2019.520141601562 -170.887847900391 -183.83636380984967
2019.53662109375 -185.384094238281 -185.00906558846427
2019.569458007812 -185.697769165039 -187.35140957299103
2019.602294921875 -194.751831054688 -189.54972958959104
2019.618774414062 -184.293411254883 -190.64390324545232
2019.635131835938 -196.121765136719 -191.70903198005004
2019.651611328125 -192.031188964844 -192.73980338524598
2019.668090820312 -182.928848266602 -193.79464858045796
2019.71728515625 -199.482208251953 -196.86178186758642
2019.733764648438 -197.992950439453 -197.8869998537655
2019.750122070312 -198.013473510742 -198.86998734170066
2019.7666015625 -200.251754760742 -199.8767116002214
2019.799438476562 -200.08024597168 -201.8230178092383
2019.832275390625 -205.479232788086 -203.75329047142284
2019.865112304688 -205.060073852539 -205.6646302473928
2019.898071289062 -207.397583007812 -207.59074775192357
2019.930908203125 -210.362457275391 -209.52464552628854
2019.963745117188 -210.657638549805 -211.47448559026847
2019.99658203125 -213.382797241211 -213.41166852878303
2020.030151367188 -214.857513427734 -215.39287600460338
2020.06298828125 -217.394485473633 -217.29510510571788
2020.095825195312 -219.718780517578 -219.14286187957285
2020.128662109375 -221.69287109375 -220.9021950480566
2020.161499023438 -223.456604003906 -222.56082735822173
2020.177978515625 -224.308013916016 -223.24804898533085
2020.1943359375 -224.320907592773 -224.08504478843724
2020.227294921875 -227.859466552734 -225.44776238050292
2020.260131835938 -227.282958984375 -226.61130193834163
2020.29296875 -231.308776855469 -227.70227263839652
2020.325805664062 -231.13981628418 -228.6096051816572
2020.358642578125 -228.918243408203 -229.32840162179818
2020.391479492188 -230.509475708008 -230.08422639337172
2020.42431640625 -233.71533203125 -230.86456631462127
2020.457275390625 -228.703552246094 -231.60527303526231
2020.490112304688 -226.962203979492 -232.2861701971927
2020.52294921875 -229.122207641602 -232.95234473612754
2020.555786132812 -232.627853393555 -233.65016153590182
2020.572265625 -243.083953857422 -234.08400271162841
2020.588623046875 -238.121795654297 -234.50455703665935
2020.605102539062 -231.711868286133 -234.8620999915055
2020.621459960938 -238.837554931641 -235.2895783814142
2020.654296875 -239.111740112305 -236.12685288176087
2020.687255859375 -234.8447265625 -236.9916120418729
2020.70361328125 -236.922241210938 -237.45448766148482
2020.720092773438 -238.430755615234 -237.83396471804033
2020.7529296875 -239.336273193359 -238.63367673994176
2020.785766601562 -241.706588745117 -239.3724871797207
2020.818603515625 -239.880477905273 -240.06292486509258
2020.851440429688 -237.926452636719 -240.72350797895132
2020.917236328125 -242.198928833008 -242.0449427913882
2020.950073242188 -243.331420898438 -242.72633421762634
2020.98291015625 -243.736694335938 -243.38424563482045
2021.013671875 -244.618057250977 -243.99952034873345
2021.046508789062 -242.919723510742 -244.65877803585272
2021.079345703125 -245.599807739258 -245.367816240498
2021.1123046875 -246.138458251953 -246.106591303609
2021.145141601562 -247.445404052734 -246.8615568081971
2021.177978515625 -247.233734130859 -247.62494683086985
2021.210815429688 -249.694747924805 -248.44600959865232
2021.24365234375 -245.684585571289 -249.23739480431303
2021.276489257812 -246.440643310547 -250.3017221639573
2021.309326171875 -255.766403198242 -251.5712831146909
2021.34228515625 -250.468719482422 -253.00512182830988
2021.358642578125 -253.168228149414 -253.88835803057694
2021.391479492188 -253.690444946289 -255.45572426488008
2021.407958984375 -251.163238525391 -256.3747037149286
2021.440795898438 -247.605392456055 -258.0202152894048
2021.4736328125 -250.400619506836 -259.6595542649588
2021.506469726562 -263.733917236328 -261.2435133386095
2021.539306640625 -265.284088134766 -262.76475092975903
2021.572265625 -263.169952392578 -264.08957025432534
2021.605102539062 -268.116455078125 -265.59971977243725
2021.637939453125 -273.041717529297 -267.0636576960143
2021.670776367188 -273.968658447266 -268.42286189094756
2021.736450195312 -270.694793701172 -270.5069181857926
2021.769287109375 -271.207000732422 -271.4652127074699
2021.80224609375 -273.66845703125 -272.2571384557758
2021.835083007812 -270.142639160156 -273.0135857686332
2021.867919921875 -278.952026367188 -273.64260333239844
2021.966430664062 -276.417144775391 -275.3477153487077
2022.0 -273.938201904297 -275.8683015527343
2022.065673828125 -281.535278320312 -276.9455157549623
2022.098510742188 -276.923370361328 -277.4598866621423
2022.197143554688 -277.918579101562 -279.047789515349
2022.22998046875 -281.198028564453 -279.57533531325964
2022.262817382812 -276.179046630859 -280.109935411364
2022.295654296875 -278.829193115234 -280.7184800476244
2022.328491210938 -284.045562744141 -281.49263522250027
2022.394287109375 -281.381286621094 -283.3896286903791
2022.558471679688 -296.085571289062 -287.6456250704679
2022.591430664062 -277.857330322266 -288.48789909789093
2022.68994140625 -281.921905517578 -291.1884164558069
2022.722778320312 -310.671356201172 -292.24649914761903
2022.821411132812 -297.445404052734 -295.6357645888651
2022.854248046875 -293.460388183594 -296.29209136553584
2022.887084960938 -294.031097412109 -296.6650701188605
2022.919921875 -298.775848388672 -297.01135216722963
2022.952758789062 -299.607055664062 -297.37331509858166
2022.985595703125 -300.140686035156 -297.76222788403373
2023.019165039062 -297.426666259766 -298.25064657991567
2023.052001953125 -297.250640869141 -298.7294414741066
2023.084838867188 -298.391235351562 -299.3565864429438
2023.11767578125 -299.428314208984 -300.10653153694136
2023.150634765625 -298.874877929688 -300.77367303206665
2023.183471679688 -299.953308105469 -301.47911804127733
2023.21630859375 -292.874664306641 -302.16901642372625
2023.249145507812 -295.202850341797 -302.85725742554945
2023.281982421875 -300.175354003906 -303.5513555696181
2023.314819335938 -307.240509033203 -304.25621254373004
2023.34765625 -306.176849365234 -304.97556431182903
2023.380615234375 -310.789825439453 -305.71290255210323
2023.413452148438 -299.629699707031 -306.4611151795281
2023.4462890625 -305.534790039062 -307.21885777615535
2023.57763671875 -345.805572509766 -310.29828276363196
