2014.804931640625 -0.0 -3.7051058348600003
2014.837768554688 -4.081107616425 -5.680296618242354
2014.903442382812 -10.27267074585 -9.625413451648754
2014.96923828125 -14.918869018555 -13.571282066839002
2015.03564453125 -17.296266555786 -17.547567308920936
2015.101318359375 -27.110345840454 -21.474199938571623
2015.265625 -26.250473022461 -31.273282754731987
2015.331298828125 -41.162117004395 -35.17919688644906
2015.39697265625 -50.019729614258 -39.07860427135498
2016.021850585938 -78.387802124023 -76.07646208254414
2016.1533203125 -82.32479095459 -83.77002635797913
2016.350463867188 -106.797996520996 -93.23218922202064
2016.416137695312 -83.588882446289 -96.13475396112455
2016.547607421875 -104.720283508301 -102.37096372206506
2016.744750976562 -123.83366394043 -112.66553677268439
2016.777587890625 -116.597648620605 -113.37930155294245
2016.810424804688 -117.31063079834 -114.11873317954563
2016.84326171875 -117.825897216797 -114.87998070978965
2016.876098632812 -115.682991027832 -115.50934461804118
2016.908935546875 -115.497894287109 -116.11411272127326
2016.941772460938 -114.989196777344 -116.7596273724841
2016.974731445312 -114.611740112305 -117.25708474180063
2017.005493164062 -116.727027893066 -117.81297728567648
2017.038330078125 -118.17504119873 -118.34610712623201
2017.071166992188 -116.290740966797 -118.90265913923237
2017.10400390625 -118.830795288086 -119.76934861369296
2017.136840820312 -118.470924377441 -120.81303713437967
2017.169799804688 -119.97021484375 -121.98104130369953
2017.20263671875 -121.948509216309 -123.29562453071222
2017.235473632812 -123.323844909668 -124.77245647789736
2017.268310546875 -129.49137878418 -126.4163675290198
2017.301147460938 -125.602188110352 -128.20748162452645
2017.333984375 -129.090866088867 -130.11427260329484
2017.366821289062 -129.188186645508 -132.09092243338125
2017.399780273438 -133.311676025391 -134.0734585715912
2017.4326171875 -136.110046386719 -135.99358929192314
2017.498291015625 -141.10627746582 -139.65895051303522
2017.531127929688 -146.659301757812 -141.42633540764916
2017.56396484375 -144.600021362305 -143.1642777567395
2017.596801757812 -146.647979736328 -144.8638526083469
2017.629760742188 -151.103942871094 -146.50664525943031
2017.66259765625 -149.49284362793 -148.02588167762335
2017.695434570312 -147.360275268555 -149.4019961128187
2017.728271484375 -148.575057983398 -150.62202621134765
2017.761108398438 -152.843780517578 -151.7210187496637
2017.7939453125 -153.941650390625 -152.75964040744134
2017.826782226562 -154.193588256836 -153.78220019103978
2017.859741210938 -155.929626464844 -154.7997775717877
2017.892578125 -154.716232299805 -155.8097172643244
2017.925415039062 -156.273010253906 -156.81646348923562
2017.958251953125 -157.855987548828 -157.84073581341036
2017.991088867188 -158.842834472656 -158.8972364479772
2018.024658203125 -159.36946105957 -160.00290306345914
2018.057495117188 -161.351211547852 -161.10511778970735
2018.09033203125 -162.771423339844 -162.2501915687718
2018.123168945312 -163.100296020508 -163.46303319533897
2018.156005859375 -162.294692993164 -164.7381160712705
2018.18896484375 -164.389114379883 -166.0712488332597
2018.221801757812 -165.265548706055 -167.45367138796934
2018.254638671875 -171.099945068359 -168.88709578432096
2018.287475585938 -170.916397094727 -170.35286456944328
2018.3203125 -170.411315917969 -171.82718046923534
2018.353149414062 -171.247955322266 -173.31407059593465
2018.385986328125 -175.730682373047 -174.8203990828522
2018.4189453125 -179.773971557617 -176.33668962095265
2018.451782226562 -176.197036743164 -177.83141894637026
2018.484619140625 -186.224609375 -179.29109604236174
2018.517456054688 -181.63850402832 -180.70866683810758
2018.55029296875 -183.844863891602 -182.08494257066675
2018.583129882812 -181.468734741211 -183.40906092793898
2018.615966796875 -182.520629882812 -184.66136527607992
2018.64892578125 -189.76806640625 -185.81166268617045
2018.681762695312 -189.919006347656 -186.8335113777231
2018.714599609375 -186.315277099609 -187.73350233064735
2018.747436523438 -189.927261352539 -188.5253836218464
2018.7802734375 -190.998306274414 -189.23672519723812
2018.813110351562 -192.009368896484 -189.83875730152272
2018.845947265625 -192.786392211914 -190.44071361512883
2018.87890625 -191.421859741211 -190.9074893557951
2018.911743164062 -191.491180419922 -191.13665501307807
2018.944580078125 -191.393310546875 -191.32108616765626
2018.977416992188 -191.285888671875 -191.43111878401598
2019.010986328125 -191.221145629883 -191.39990178496055
2019.043823242188 -191.463027954102 -191.31804485702813
2019.109497070312 -191.358261108398 -191.1529440364066
2019.1259765625 -191.222839355469 -191.12713357605924
2019.142333984375 -191.723403930664 -191.0953085838053
2019.175170898438 -191.205520629883 -191.03641542571594
2019.191650390625 -190.876892089844 -191.01241183075663
2019.208129882812 -189.922424316406 -190.99878545908322
2019.224487304688 -190.703109741211 -190.9726737222323
2019.240966796875 -191.230834960938 -190.98207448803043
2019.25732421875 -190.530319213867 -191.00299350445908
2019.273803710938 -190.311264038086 -191.00377542437784
2019.290161132812 -190.83332824707 -191.02104607370381
2019.306640625 -190.539031982422 -191.07536246408884
2019.323120117188 -191.229156494141 -191.11488587618422
2019.339477539062 -191.547805786133 -191.12096338582163
2019.35595703125 -191.509704589844 -191.08365179020282
2019.372314453125 -193.657623291016 -191.00490960825002
2019.388793945312 -191.012893676758 -190.91205840162988
2019.405151367188 -190.212371826172 -190.84300696955992
2019.421630859375 -192.115478515625 -190.85261150280417
2019.438110351562 -192.188903808594 -190.92007790785243
2019.454467773438 -190.041107177734 -191.04208245232587
2019.470947265625 -185.244598388672 -191.22178782184827
2019.4873046875 -187.912521362305 -191.45465221936453
2019.503784179688 -189.370254516602 -191.85168943929548
2019.520141601562 -187.205413818359 -192.10326876161028
2019.53662109375 -194.189926147461 -192.39668032225416
2019.569458007812 -195.084197998047 -193.14830885162988
2019.602294921875 -195.023132324219 -194.1279277182971
2019.618774414062 -190.00944519043 -194.64067072130885
2019.635131835938 -196.144790649414 -195.19942638473486
2019.651611328125 -198.165756225586 -195.80825347023566
2019.668090820312 -193.516525268555 -196.42021908217558
2019.71728515625 -200.127777099609 -198.19454940532518
2019.733764648438 -197.801834106445 -198.75407763121575
2019.750122070312 -197.565795898438 -199.27688693032295
2019.7666015625 -199.395141601562 -199.79788660764166
2019.799438476562 -201.808822631836 -200.74761462273054
2019.832275390625 -205.389617919922 -201.65271584426958
2019.865112304688 -202.888122558594 -202.48873899646125
2019.898071289062 -203.507019042969 -203.24584756254748
2019.930908203125 -204.941040039062 -203.88986169996107
2019.963745117188 -205.676986694336 -204.3679995283924
2019.99658203125 -205.35774230957 -204.77531942042043
2020.030151367188 -205.935501098633 -205.25937686055966
2020.06298828125 -205.410430908203 -205.48129412552203
2020.095825195312 -205.415466308594 -205.70798009244638
2020.128662109375 -206.802642822266 -205.9556112437564
2020.161499023438 -206.438323974609 -206.28169062853178
2020.177978515625 -205.965103149414 -206.58656389983744
2020.1943359375 -206.92658996582 -206.74851261028718
2020.227294921875 -204.488540649414 -207.4101838146961
2020.260131835938 -201.572036743164 -208.2941149525127
2020.29296875 -206.692977905273 -209.2169195677324
2020.325805664062 -206.662506103516 -210.331977381559
2020.358642578125 -211.131942749023 -211.92535079109652
2020.391479492188 -208.794418334961 -213.67001185913864
2020.42431640625 -212.806198120117 -215.57435951764276
2020.457275390625 -216.984771728516 -217.82260003072747
2020.490112304688 -218.303817749023 -220.3621775797681
2020.52294921875 -222.927429199219 -222.93235425265496
2020.555786132812 -225.726608276367 -225.42463288012036
2020.572265625 -230.215591430664 -226.51530192783713
2020.588623046875 -234.313934326172 -227.52736100732068
2020.605102539062 -231.252227783203 -228.77142738513794
2020.621459960938 -231.872116088867 -229.68849076273864
2020.654296875 -239.838470458984 -231.62601455552826
2020.687255859375 -237.414886474609 -233.27224852770482
2020.70361328125 -236.213363647461 -234.14814237122286
2020.720092773438 -235.838409423828 -234.5389164540784
2020.7529296875 -237.456161499023 -235.5067287690983
2020.785766601562 -238.400405883789 -236.23603080415424
2020.818603515625 -237.692626953125 -236.77483428802887
2020.851440429688 -238.594207763672 -237.14312173107675
2020.917236328125 -237.611587524414 -237.50428367512404
2020.950073242188 -237.172546386719 -237.6134081454102
2020.98291015625 -237.687255859375 -237.7823413600332
2021.013671875 -237.205810546875 -237.93638949455547
2021.046508789062 -236.469299316406 -238.2839819155257
2021.079345703125 -237.844772338867 -239.01211214297928
2021.1123046875 -236.672744750977 -239.84653230136843
2021.145141601562 -239.38264465332 -240.88805159790408
2021.177978515625 -239.217575073242 -242.10753078407356
2021.210815429688 -239.452026367188 -243.46251175845583
2021.24365234375 -238.926895141602 -244.65311725103578
2021.276489257812 -244.036041259766 -246.30440837574324
2021.309326171875 -248.424591064453 -248.05278397353294
2021.34228515625 -247.372528076172 -249.82425903736902
2021.358642578125 -253.494033813477 -250.57612137795635
2021.391479492188 -256.245697021484 -252.1076945449897
2021.407958984375 -254.575439453125 -252.69111619250867
2021.440795898438 -257.299407958984 -254.04018817576457
2021.4736328125 -259.369384765625 -255.1677894152075
2021.506469726562 -262.855682373047 -255.97347867744284
2021.539306640625 -260.691619873047 -256.45796241656626
2021.572265625 -258.11181640625 -256.2656536028036
2021.605102539062 -260.975250244141 -256.47406725643214
2021.637939453125 -257.739105224609 -256.5574220460695
2021.670776367188 -257.576293945312 -256.4928190894265
2021.736450195312 -261.161376953125 -255.77866877019625
2021.769287109375 -252.938613891602 -255.29639644487776
2021.80224609375 -253.663543701172 -254.65560167712675
2021.835083007812 -251.884231567383 -253.9919268617262
2021.867919921875 -254.222198486328 -253.30312676217073
2021.966430664062 -253.411239624023 -251.30082288137115
2022.0 -253.335220336914 -250.6468650237082
2022.065673828125 -247.562255859375 -249.36876243257583
2022.098510742188 -244.054977416992 -248.90652385984802
2022.197143554688 -246.51513671875 -248.22429479385707
2022.22998046875 -248.079498291016 -248.14837379919754
2022.262817382812 -245.806213378906 -248.1581888499804
2022.295654296875 -242.652420043945 -248.24914311794052
2022.328491210938 -243.345993041992 -248.41989809383608
2022.394287109375 -244.369094848633 -248.84465075601994
2022.558471679688 -252.780654907227 -249.96604607443334
2022.591430664062 -254.617202758789 -250.35704944776583
2022.68994140625 -243.726272583008 -251.92004287413187
2022.722778320312 -254.241836547852 -252.47173689438313
2022.821411132812 -253.348251342773 -253.40890697186524
2022.854248046875 -252.855026245117 -253.5497912709414
2022.887084960938 -253.338958740234 -253.6690111279819
2022.919921875 -251.869674682617 -253.75782873400345
2022.952758789062 -253.466888427734 -253.86719414277061
2022.985595703125 -254.584777832031 -254.04458319640085
2023.019165039062 -255.060546875 -254.21205965954778
2023.052001953125 -254.789321899414 -254.387527427153
2023.084838867188 -254.49446105957 -254.4955652914416
2023.11767578125 -253.741561889648 -254.49091510127124
2023.150634765625 -255.837371826172 -254.52130248127472
2023.183471679688 -254.975875854492 -254.47011871306304
2023.21630859375 -257.491912841797 -254.416354591107
2023.249145507812 -258.153625488281 -254.36043355173086
2023.281982421875 -254.799118041992 -254.29958406074323
2023.314819335938 -254.72412109375 -254.22914904270553
2023.34765625 -252.539840698242 -254.14434898963464
2023.380615234375 -248.988403320312 -254.04063774754158
2023.413452148438 -265.04150390625 -253.9171287411042
2023.4462890625 -240.902267456055 -253.77507583962966
2023.57763671875 -231.84033203125 -253.0592625705753
