2014.804931640625 -0.0 -1.516451534822703
2014.837768554688 -23.536293029785 -2.729165665438374
2014.903442382812 -1.379693746567 -5.139396445991608
2014.96923828125 -7.993361949921 -7.5334827968885865
2015.03564453125 18.775146484375 -9.929271748002744
2015.101318359375 -13.577084541321 -12.279153255299628
2015.265625 30.192840576172 -18.080475693860475
2015.331298828125 -30.89253616333 -20.372145631944935
2015.39697265625 -37.044387817383 -22.65179608417307
2016.021850585938 -18.842430114746 -46.58343184361149
2016.1533203125 -50.405437469482 -50.95213433564821
2016.350463867188 -78.445777893066 -54.85945317076815
2016.416137695312 -75.538612365723 -55.61294368014391
2016.547607421875 -57.865818023682 -57.32557791404475
2016.744750976562 -64.323295593262 -59.7568963565941
2016.777587890625 -59.528484344482 -59.59581522438953
2016.810424804688 -62.338432312012 -59.45199402150463
2016.84326171875 -57.832218170166 -59.31758255650113
2016.876098632812 -60.333427429199 -59.142069755798246
2016.908935546875 -60.132625579834 -59.03614338843885
2016.941772460938 -56.924911499023 -58.943691906075706
2016.974731445312 -55.531589508057 -58.838155245267664
2017.005493164062 -55.885334014893 -59.014532537337395
2017.038330078125 -56.058757781982 -59.03192851643801
2017.071166992188 -55.519523620605 -59.09300990898765
2017.10400390625 -57.671588897705 -59.75355646051177
2017.136840820312 -59.735767364502 -60.72215695546948
2017.169799804688 -55.244884490967 -61.87189343908841
2017.20263671875 -63.786315917969 -63.22044862878054
2017.235473632812 -61.855545043945 -64.79727529028675
2017.268310546875 -60.150245666504 -66.6600898693915
2017.301147460938 -71.542587280273 -68.85608404659706
2017.333984375 -68.058700561523 -71.37993751195444
2017.366821289062 -74.33381652832 -74.09993975898763
2017.399780273438 -76.049934387207 -76.80774329462399
2017.4326171875 -78.140579223633 -79.2856027659256
2017.498291015625 -102.108383178711 -83.3385503674649
2017.531127929688 -105.397666931152 -84.96772243225132
2017.56396484375 -93.466674804688 -86.43120800588311
2017.596801757812 -97.307121276855 -87.77978478916198
2017.629760742188 -100.704956054688 -89.07485804470315
2017.66259765625 -96.400611877441 -90.23332135270378
2017.695434570312 -96.728088378906 -90.9455621580844
2017.728271484375 -92.566131591797 -90.69390612299158
2017.761108398438 -90.101371765137 -89.4066319978185
2017.7939453125 -86.617919921875 -87.55544447396802
2017.826782226562 -85.571968078613 -85.57719556406956
2017.859741210938 -86.077827453613 -83.58394063438267
2017.892578125 -80.915702819824 -81.64264214273135
2017.925415039062 -77.260238647461 -79.789664065148
2017.958251953125 -79.23738861084 -78.07014312795447
2017.991088867188 -72.48461151123 -76.5505695485615
2018.024658203125 -69.320335388184 -75.31291506060485
2018.057495117188 -71.229232788086 -74.49930623073196
2018.09033203125 -71.072654724121 -74.14794566019016
2018.123168945312 -70.254745483398 -74.28359505615809
2018.156005859375 -67.413444519043 -74.89698921808646
2018.18896484375 -74.142929077148 -75.96831801296177
2018.221801757812 -69.53239440918 -77.46800959968196
2018.254638671875 -68.323570251465 -79.36153888208848
2018.287475585938 -74.51789855957 -81.64663895416112
2018.3203125 -81.634674072266 -84.32159425831082
2018.353149414062 -81.645530700684 -87.35199471899708
2018.385986328125 -90.409973144531 -90.65335578973598
2018.4189453125 -92.773994445801 -94.06017398567668
2018.451782226562 -99.691703796387 -97.24067694234164
2018.484619140625 -102.632774353027 -100.02039060060238
2018.517456054688 -108.738494873047 -102.43143017243422
2018.55029296875 -116.654541015625 -104.53241162813303
2018.583129882812 -120.823356628418 -106.32434424888791
2018.615966796875 -118.982070922852 -107.83120160388914
2018.64892578125 -122.19108581543 -109.0454627485308
2018.681762695312 -115.564079284668 -109.94631418625318
2018.714599609375 -117.693046569824 -110.49541111354903
2018.747436523438 -111.079391479492 -110.55002559256131
2018.7802734375 -107.223037719727 -109.98864579157411
2018.813110351562 -114.345207214355 -108.64328428836052
2018.845947265625 -109.41480255127 -106.79934031461121
2018.87890625 -106.442825317383 -104.60538489911337
2018.911743164062 -104.994140625 -102.44003929480559
2018.944580078125 -101.113571166992 -100.38199117740896
2018.977416992188 -97.499397277832 -98.42124515278262
2019.010986328125 -86.629409790039 -96.68501887514941
2019.043823242188 -88.712066650391 -94.72962109248839
2019.109497070312 -89.036773681641 -91.4569106199639
2019.1259765625 -87.60277557373 -90.54500951188511
2019.142333984375 -89.356063842773 -90.1847904621194
2019.175170898438 -84.240699768066 -89.90486386127358
2019.191650390625 -90.580780029297 -90.2527933985806
2019.208129882812 -91.359642028809 -90.77637496504767
2019.224487304688 -92.708457946777 -91.29357098944232
2019.240966796875 -92.544174194336 -92.02381407666864
2019.25732421875 -90.23006439209 -92.84190368677669
2019.273803710938 -90.608238220215 -93.59599239508285
2019.290161132812 -91.203170776367 -94.42283943609517
2019.306640625 -97.130424499512 -95.47965132570434
2019.323120117188 -94.008506774902 -96.61061893881518
2019.339477539062 -98.177947998047 -97.80123161352113
2019.35595703125 -97.225219726562 -99.06971307997895
2019.372314453125 -103.111625671387 -100.38539549252704
2019.388793945312 -100.364936828613 -101.75993479208343
2019.405151367188 -102.677925109863 -103.13764836037491
2019.421630859375 -101.959815979004 -104.54367298298656
2019.438110351562 -112.224609375 -105.96048367944076
2019.454467773438 -104.536712646484 -107.34848066413454
2019.470947265625 -109.855812072754 -108.68553645283275
2019.4873046875 -117.437194824219 -109.89788976387571
2019.503784179688 -109.097785949707 -110.74413550354994
2019.520141601562 -106.975814819336 -111.69108686298773
2019.53662109375 -116.708831787109 -112.53764873056708
2019.569458007812 -117.695518493652 -113.89337220566826
2019.602294921875 -130.980972290039 -114.77851068236353
2019.618774414062 -119.099510192871 -115.25758197160495
2019.635131835938 -118.246063232422 -115.67287508351981
2019.651611328125 -116.817832946777 -115.85457128069622
2019.668090820312 -107.754661560059 -116.14732594759147
2019.71728515625 -117.773544311523 -116.3331787134516
2019.733764648438 -117.193023681641 -116.25281681681587
2019.750122070312 -118.481834411621 -115.90662786070911
2019.7666015625 -117.988433837891 -115.63531046129201
2019.799438476562 -113.737403869629 -114.71165223140005
2019.832275390625 -117.256050109863 -113.72683483706462
2019.865112304688 -114.60612487793 -112.6784929657457
2019.898071289062 -113.443428039551 -111.63266540943512
2019.930908203125 -110.275695800781 -110.66200176663484
2019.963745117188 -106.027694702148 -109.94959089823611
2019.99658203125 -107.57080078125 -109.4438367190739
2020.030151367188 -103.431549072266 -108.66248486517657
2020.06298828125 -105.109161376953 -108.61795245339437
2020.095825195312 -105.488922119141 -108.65654316375344
2020.128662109375 -106.503059387207 -109.02211173277692
2020.161499023438 -106.159370422363 -109.75629491338879
2020.177978515625 -108.391075134277 -110.48286627781034
2020.1943359375 -108.558563232422 -110.85941208260908
2020.227294921875 -111.206382751465 -112.30126512011846
2020.260131835938 -113.531181335449 -113.96072880069684
2020.29296875 -115.563278198242 -115.7293084750711
2020.325805664062 -119.884552001953 -117.63710690932542
2020.358642578125 -116.934379577637 -119.52035138939307
2020.391479492188 -123.324279785156 -121.35381811073741
2020.42431640625 -122.027984619141 -123.09973526670336
2020.457275390625 -128.677276611328 -124.57302106903116
2020.490112304688 -132.191024780273 -125.74695330795772
2020.52294921875 -121.947067260742 -126.68135302834145
2020.555786132812 -128.996505737305 -127.37803963472778
2020.572265625 -144.185470581055 -127.39830252791135
2020.588623046875 -143.339340209961 -127.33918975336377
2020.605102539062 -128.066452026367 -127.67526208314972
2020.621459960938 -140.025344848633 -127.50765954175343
2020.654296875 -134.095275878906 -127.39021241639668
2020.687255859375 -121.966087341309 -126.95408123757339
2020.70361328125 -123.508949279785 -126.76580563685648
2020.720092773438 -140.516098022461 -126.13486379859073
2020.7529296875 -128.351852416992 -124.98591076932964
2020.785766601562 -128.609405517578 -123.56837755607673
2020.818603515625 -121.666488647461 -121.93753186290675
2020.851440429688 -120.622528076172 -120.14963395699877
2020.917236328125 -118.795074462891 -116.55894912618513
2020.950073242188 -115.126930236816 -114.96071778962784
2020.98291015625 -111.534118652344 -113.57178688128772
2021.013671875 -107.253517150879 -112.135230564497
2021.046508789062 -104.948013305664 -110.960356680875
2021.079345703125 -107.322257995605 -110.41731502961072
2021.1123046875 -104.905975341797 -109.94512275205948
2021.145141601562 -108.660034179688 -109.78331260117703
2021.177978515625 -104.594444274902 -109.91022504518918
2021.210815429688 -107.817810058594 -110.29971709841219
2021.24365234375 -106.566467285156 -110.59677525680222
2021.276489257812 -109.892303466797 -111.6349465668957
2021.309326171875 -115.106170654297 -112.95375430716318
2021.34228515625 -114.266807556152 -114.47984370394788
2021.358642578125 -115.025001525879 -115.26068321714955
2021.391479492188 -120.260780334473 -116.68827440644431
2021.407958984375 -113.899612426758 -117.2346399914852
2021.440795898438 -113.533477783203 -118.23569709776686
2021.4736328125 -123.05078125 -118.78514623961189
2021.506469726562 -130.17610168457 -118.89823670912612
2021.539306640625 -130.236572265625 -118.73378058124311
2021.572265625 -127.012519836426 -117.91125551176869
2021.605102539062 -135.608367919922 -117.71614093773186
2021.637939453125 -119.085113525391 -117.40886237989251
2021.670776367188 -124.452629089355 -116.93199897485633
2021.736450195312 -114.522232055664 -115.09153820582199
2021.769287109375 -110.016746520996 -114.11867063222206
2021.80224609375 -111.613136291504 -112.95095866729032
2021.835083007812 -110.89281463623 -111.72208353338168
2021.867919921875 -112.833480834961 -110.5746345633386
2021.966430664062 -101.847702026367 -108.54423340515919
2022.0 -96.722770690918 -108.46530251612934
2022.065673828125 -113.869476318359 -107.84455951768949
2022.098510742188 -98.940902709961 -107.91402074490716
2022.197143554688 -93.902961730957 -108.45931352941417
2022.22998046875 -102.282005310059 -108.71348391965452
2022.262817382812 -91.893775939941 -109.0615611850595
2022.295654296875 -102.245742797852 -109.60194216577459
2022.328491210938 -115.131927490234 -110.40237252838723
2022.394287109375 -128.290237426758 -112.38940654409672
2022.558471679688 -141.173965454102 -117.0180147476748
2022.591430664062 -115.216667175293 -118.23012526448272
2022.68994140625 -155.843078613281 -121.70105259687729
2022.722778320312 -152.326599121094 -122.78023778017261
2022.821411132812 -127.619720458984 -124.71474553538162
2022.854248046875 -130.309707641602 -124.87663693163663
2022.887084960938 -125.587417602539 -124.89321249686728
2022.919921875 -131.003356933594 -125.08140879942108
2022.952758789062 -127.080253601074 -125.03786003841091
2022.985595703125 -121.974983215332 -124.48004111663334
2023.019165039062 -119.867637634277 -123.98917559528198
2023.052001953125 -121.286094665527 -123.44963584198257
2023.084838867188 -119.005722045898 -123.36514530705882
2023.11767578125 -123.066162109375 -123.8742996473787
2023.150634765625 -119.783302307129 -124.12065398382134
2023.183471679688 -120.470626831055 -124.744196363676
2023.21630859375 -114.125984191895 -125.36453584530797
2023.249145507812 -118.180419921875 -125.99784251502588
2023.281982421875 -123.654579162598 -126.65559385647998
2023.314819335938 -128.980926513672 -127.3470766383005
2023.34765625 -128.280319213867 -128.07955660835066
2023.380615234375 -136.195922851562 -128.86041310010225
2023.413452148438 -131.10954284668 -129.68583854781374
2023.4462890625 -135.049438476562 -130.5570005268391
2023.57763671875 -176.181915283203 -134.41127595764647
