2014.804931640625 -0.0 -2.3024976066198786
2014.837768554688 -15.827374458313 -3.897154646050417
2014.903442382812 -11.4837474823 -7.080951975955509
2014.96923828125 -10.367883682251 -10.263576771413408
2015.03564453125 -5.523774147034 -13.468548039488303
2015.101318359375 -0.738135933876 -16.631036080610873
2015.265625 -6.84089756012 -24.513399185653473
2015.331298828125 -31.940406799316 -27.653232934255815
2015.39697265625 -31.175525665283 -30.787956281950162
2016.021850585938 -46.519618988037 -59.84706147189861
2016.1533203125 -67.152046203613 -65.86237630951138
2016.350463867188 -94.306678771973 -74.6479399254086
2016.416137695312 -80.119277954102 -76.55216956703323
2016.547607421875 -90.644340515137 -80.50773152452287
2016.744750976562 -83.912139892578 -86.13621203319562
2016.777587890625 -88.109413146973 -86.82239511555784
2016.810424804688 -94.288291931152 -87.49629598667396
2016.84326171875 -86.795181274414 -88.25194176078817
2016.876098632812 -89.544448852539 -89.2196633373426
2016.908935546875 -89.595687866211 -90.29581361173933
2016.941772460938 -89.944473266602 -91.40243891720763
2016.974731445312 -91.307350158691 -92.51708393411987
2017.005493164062 -93.102401733398 -93.60071741181956
2017.038330078125 -94.085220336914 -94.72493259940649
2017.071166992188 -94.600166320801 -95.8640034419794
2017.10400390625 -96.849182128906 -97.12423557100172
2017.136840820312 -99.405601501465 -98.4359082988834
2017.169799804688 -100.287338256836 -99.76892266845005
2017.20263671875 -101.862800598145 -101.1005471018554
2017.235473632812 -101.684761047363 -102.42574059316179
2017.268310546875 -101.482154846191 -103.72232087673086
2017.301147460938 -109.424369812012 -104.91310833470797
2017.333984375 -105.474555969238 -105.97832555984068
2017.366821289062 -118.07991027832 -106.99071988894563
2017.399780273438 -114.729858398438 -107.95741683598499
2017.4326171875 -108.005294799805 -108.86682786622869
2017.498291015625 -132.663543701172 -110.5421494398301
2017.531127929688 -102.310371398926 -111.34953425048315
2017.56396484375 -117.797164916992 -112.12985503761209
2017.596801757812 -111.724189758301 -112.84866523930106
2017.629760742188 -114.065986633301 -113.49985219254737
2017.66259765625 -119.86498260498 -114.09018971929672
2017.695434570312 -111.306098937988 -114.61059408926445
2017.728271484375 -116.086936950684 -115.0890419293509
2017.761108398438 -112.519424438477 -115.53823075474344
2017.7939453125 -115.48038482666 -115.97692931461354
2017.826782226562 -117.36775970459 -116.44536939651063
2017.859741210938 -117.352615356445 -116.95818476045253
2017.892578125 -117.142631530762 -117.52812768719036
2017.925415039062 -117.339302062988 -118.16163053396572
2017.958251953125 -118.376960754395 -118.85929470692858
2017.991088867188 -118.938514709473 -119.6328961126239
2018.024658203125 -119.427932739258 -120.51391336556969
2018.057495117188 -120.592735290527 -121.50130476299259
2018.09033203125 -122.129699707031 -122.64079033405943
2018.123168945312 -122.323150634766 -123.92069278442358
2018.156005859375 -122.520637512207 -125.3722475785262
2018.18896484375 -126.854309082031 -127.00904452163773
2018.221801757812 -125.139167785645 -128.7869129079788
2018.254638671875 -127.347930908203 -130.66998993922792
2018.287475585938 -130.557281494141 -132.62733008801482
2018.3203125 -131.914093017578 -134.6573173852454
2018.353149414062 -139.136810302734 -136.77971132419057
2018.385986328125 -139.691848754883 -138.99535870821882
2018.4189453125 -151.404815673828 -141.29878453037819
2018.451782226562 -145.886947631836 -143.6312431285454
2018.484619140625 -145.957916259766 -145.94464905277593
2018.517456054688 -155.103561401367 -148.21425483852892
2018.55029296875 -146.493392944336 -150.40506002589817
2018.583129882812 -149.416397094727 -152.47454199823144
2018.615966796875 -161.007507324219 -154.4054840505542
2018.64892578125 -160.045593261719 -156.21171287510057
2018.681762695312 -159.223815917969 -157.90548751933676
2018.714599609375 -163.329010009766 -159.50134539853346
2018.747436523438 -163.519561767578 -160.9816070807701
2018.7802734375 -160.953491210938 -162.351405736525
2018.813110351562 -167.998199462891 -163.5122357595884
2018.845947265625 -165.180374145508 -164.55044491624858
2018.87890625 -166.563583374023 -165.3742821341173
2018.911743164062 -165.856994628906 -165.9891853484212
2018.944580078125 -166.572860717773 -166.5937810786523
2018.977416992188 -169.004119873047 -167.134750594139
2019.010986328125 -166.978103637695 -167.6123839618782
2019.043823242188 -167.507293701172 -168.03497670690885
2019.109497070312 -167.703887939453 -168.7495041219264
2019.1259765625 -168.916549682617 -168.92874496326036
2019.142333984375 -171.204010009766 -169.08284756532382
2019.175170898438 -170.255157470703 -169.3986191655033
2019.191650390625 -168.626129150391 -169.56212629450917
2019.208129882812 -170.548065185547 -169.7304657327691
2019.224487304688 -170.241226196289 -169.89734110879118
2019.240966796875 -169.72216796875 -170.06463150792166
2019.25732421875 -170.308319091797 -170.25874167714932
2019.273803710938 -169.650955200195 -170.4164889632957
2019.290161132812 -168.509582519531 -170.5639656677418
2019.306640625 -171.695129394531 -170.86657474463152
2019.323120117188 -169.464813232422 -171.26325680874405
2019.339477539062 -170.876663208008 -171.73872090437186
2019.35595703125 -170.490661621094 -172.2989257850685
2019.372314453125 -173.427169799805 -172.94357610624775
2019.388793945312 -171.631744384766 -173.70276317766894
2019.405151367188 -173.24104309082 -174.63361552037568
2019.421630859375 -174.207366943359 -175.50252956970652
2019.438110351562 -175.871597290039 -176.4001598444663
2019.454467773438 -177.421844482422 -177.2972781887354
2019.470947265625 -179.677459716797 -178.20295154047034
2019.4873046875 -182.649719238281 -179.0978752247503
2019.503784179688 -163.381683349609 -179.91248127538037
2019.520141601562 -169.517028808594 -180.78842830900652
2019.53662109375 -182.918563842773 -181.6818135862652
2019.569458007812 -181.818084716797 -183.5299744455497
2019.602294921875 -193.451934814453 -185.4116559321064
2019.618774414062 -180.162399291992 -186.31344903546324
2019.635131835938 -189.244674682617 -187.1702238505647
2019.651611328125 -188.122085571289 -188.06804339579384
2019.668090820312 -184.157943725586 -188.91219001190592
2019.71728515625 -192.532043457031 -191.4873262776678
2019.733764648438 -193.24821472168 -192.3476238979938
2019.750122070312 -193.709197998047 -193.13701013363135
2019.7666015625 -195.106979370117 -193.94919482539493
2019.799438476562 -195.775939941406 -195.41556619009893
2019.832275390625 -197.906326293945 -196.84726095077826
2019.865112304688 -199.19889831543 -198.20751050544314
2019.898071289062 -199.51481628418 -199.53149294470037
2019.930908203125 -201.641906738281 -200.82004434089646
2019.963745117188 -200.75634765625 -202.099570099043
2019.99658203125 -203.001419067383 -203.38124134009772
2020.030151367188 -203.510345458984 -204.65967085990752
2020.06298828125 -205.820587158203 -205.99667258629947
2020.095825195312 -207.424545288086 -207.34417561611022
2020.128662109375 -208.386260986328 -208.7463601039824
2020.161499023438 -209.850311279297 -210.2209563225615
2020.177978515625 -211.032775878906 -211.01656700338597
2020.1943359375 -210.856246948242 -211.75583558152516
2020.227294921875 -213.055725097656 -213.33215286035457
2020.260131835938 -213.544464111328 -214.92117298549834
2020.29296875 -218.763961791992 -216.52262507773884
2020.325805664062 -218.299163818359 -218.15405740254818
2020.358642578125 -217.374481201172 -219.85733485348797
2020.391479492188 -222.215087890625 -221.6324736441333
2020.42431640625 -225.617248535156 -223.43108583964352
2020.457275390625 -223.231658935547 -225.1713666424452
2020.490112304688 -225.684631347656 -226.80159884855314
2020.52294921875 -221.600921630859 -228.3546954321977
2020.555786132812 -231.278457641602 -229.86088047174258
2020.572265625 -239.886779785156 -230.50547538674866
2020.588623046875 -236.985458374023 -231.09430184344316
2020.605102539062 -233.215118408203 -231.8715856530099
2020.621459960938 -237.207397460938 -232.3905144860864
2020.654296875 -235.785995483398 -233.53570771059208
2020.687255859375 -233.546432495117 -234.4985961887578
2020.70361328125 -236.909408569336 -235.00191044327192
2020.720092773438 -235.489608764648 -235.22730900865014
2020.7529296875 -236.705322265625 -235.7704193091594
2020.785766601562 -240.553085327148 -236.16548760818998
2020.818603515625 -235.64485168457 -236.48073755075305
2020.851440429688 -234.799224853516 -236.77208877975445
2020.917236328125 -236.814987182617 -237.37313454630413
2020.950073242188 -237.976470947266 -237.7387901130751
2020.98291015625 -238.009399414062 -238.1220025023048
2021.013671875 -238.702255249023 -238.4355157807481
2021.046508789062 -236.187408447266 -238.88154594476902
2021.079345703125 -239.359603881836 -239.48567143367706
2021.1123046875 -239.806381225586 -240.13987993204483
2021.145141601562 -240.883178710938 -240.8473467070864
2021.177978515625 -240.616760253906 -241.57483320082804
2021.210815429688 -242.63330078125 -242.31260455355903
2021.24365234375 -240.456192016602 -243.0452011631511
2021.276489257812 -242.388809204102 -243.8747142273775
2021.309326171875 -249.47737121582 -244.8006009019555
2021.34228515625 -245.535247802734 -245.84639026513537
2021.358642578125 -248.094802856445 -246.4862360909225
2021.391479492188 -247.423599243164 -247.71040883631335
2021.407958984375 -246.77131652832 -248.43745988068164
2021.440795898438 -244.876571655273 -249.78322629715055
2021.4736328125 -245.916000366211 -251.12947182644587
2021.506469726562 -248.876770019531 -252.40185552030525
2021.539306640625 -254.76872253418 -253.5792771591146
2021.572265625 -255.824752807617 -254.6383154974255
2021.605102539062 -260.720642089844 -255.79548536671655
2021.637939453125 -262.787384033203 -256.92263156199914
2021.670776367188 -263.039916992188 -257.97860606256285
2021.736450195312 -261.408386230469 -259.5858520713056
2021.769287109375 -260.435241699219 -260.36512307474294
2021.80224609375 -262.464385986328 -260.9290149888584
2021.835083007812 -260.421752929688 -261.4773727851583
2021.867919921875 -267.419403076172 -261.8132196249263
2021.966430664062 -263.856811523438 -262.5139227511099
2022.0 -261.412902832031 -262.6824559008006
2022.065673828125 -266.612609863281 -263.0692569809142
2022.098510742188 -261.887298583984 -263.2583645154059
2022.197143554688 -261.719177246094 -263.88289262238015
2022.22998046875 -266.479827880859 -264.1491533405015
2022.262817382812 -259.945251464844 -264.4676183715561
2022.295654296875 -262.093566894531 -264.8924181334369
2022.328491210938 -264.756591796875 -265.4831688356275
2022.394287109375 -267.395568847656 -267.01603768367966
2022.558471679688 -281.745025634766 -270.8611369478648
2022.591430664062 -238.612487792969 -271.6170630448994
2022.68994140625 -271.619659423828 -274.0816343291687
2022.722778320312 -286.457458496094 -274.9610221142578
2022.821411132812 -278.261810302734 -277.6244262829061
2022.854248046875 -279.306915283203 -278.41222601899034
2022.887084960938 -277.951629638672 -279.1143756629864
2022.919921875 -282.595153808594 -279.7977472540196
2022.952758789062 -283.905487060547 -280.46937182613226
2022.985595703125 -283.348693847656 -281.03680151736734
2023.019165039062 -281.102203369141 -281.5751359682709
2023.052001953125 -281.073974609375 -282.07627581036866
2023.084838867188 -281.817230224609 -282.52285417488326
2023.11767578125 -283.195068359375 -283.00820054997916
2023.150634765625 -282.84423828125 -283.47880800294456
2023.183471679688 -282.947326660156 -283.97716955567745
2023.21630859375 -277.102416992188 -284.4720191661233
2023.249145507812 -279.028472900391 -284.96602608597385
2023.281982421875 -283.213836669922 -285.46161607580973
2023.314819335938 -289.153442382812 -285.9610930275891
2023.34765625 -285.510955810547 -286.4666534652183
2023.380615234375 -295.386596679688 -286.98039564386374
2023.413452148438 -283.021514892578 -287.4985905435962
2023.4462890625 -289.217864990234 -288.0229895877781
2023.57763671875 -319.658935546875 -290.1766725328225
