2014.804931640625 0.0 6.162959730456901
2014.837768554688 4.498004436493 4.570600903412218
2014.903442382812 2.608815431595 1.3876301375489415
2014.96923828125 -1.779024481773 -1.798829031958995
2015.03564453125 -7.343081474304 -5.012473125663096
2015.101318359375 -7.103624820709 -8.188462278598122
2015.265625 -17.693387985229 -16.12530033547661
2015.331298828125 -15.375007629395 -19.29477462258897
2015.39697265625 -12.876558303833 -22.462903126561926
2016.021850585938 -53.956634521484 -52.74653611641942
2016.1533203125 -57.803344726562 -59.01630541308056
2016.350463867188 -74.015747070312 -68.02969100618839
2016.416137695312 -70.372619628906 -70.94687652751256
2016.547607421875 -82.249465942383 -76.89020756897652
2016.744750976562 -94.094619750977 -86.47584414666993
2016.777587890625 -90.65013885498 -87.96662482471487
2016.810424804688 -90.769508361816 -89.53678314589114
2016.84326171875 -92.189582824707 -90.96955819679098
2016.876098632812 -91.382270812988 -91.83548888719004
2016.908935546875 -92.26579284668 -92.57068576722675
2016.941772460938 -92.465003967285 -93.32163266780695
2016.974731445312 -92.887565612793 -94.08181510508193
2017.005493164062 -94.382789611816 -94.83409696385495
2017.038330078125 -96.073707580566 -95.61625695462995
2017.071166992188 -95.471099853516 -96.4051358392658
2017.10400390625 -97.057632446289 -97.29228511468582
2017.136840820312 -97.798896789551 -98.24126484084454
2017.169799804688 -98.427795410156 -99.23932004670647
2017.20263671875 -100.043327331543 -100.27722962397985
2017.235473632812 -100.81908416748 -101.34898053079313
2017.268310546875 -102.826515197754 -102.46153811293928
2017.301147460938 -103.487869262695 -103.62557370606345
2017.333984375 -103.920974731445 -104.8440656642456
2017.366821289062 -105.297080993652 -106.11413932499963
2017.399780273438 -107.243141174316 -107.41777052504005
2017.4326171875 -110.04891204834 -108.72512214853877
2017.498291015625 -109.857162475586 -111.37756549224945
2017.531127929688 -110.235893249512 -112.72692399230708
2017.56396484375 -114.617370605469 -114.0912626800483
2017.596801757812 -116.311676025391 -115.46515544952501
2017.629760742188 -119.861892700195 -116.84801263664018
2017.66259765625 -118.787986755371 -118.21989416303597
2017.695434570312 -117.264854431152 -119.57816709230107
2017.728271484375 -118.662796020508 -120.91979857398697
2017.761108398438 -123.133003234863 -122.24471664654942
2017.7939453125 -124.50422668457 -123.55070658477732
2017.826782226562 -125.111595153809 -124.82972882814792
2017.859741210938 -127.051742553711 -126.08260866749812
2017.892578125 -127.240798950195 -127.30784164622925
2017.925415039062 -128.476150512695 -128.51680222910431
2017.958251953125 -129.790618896484 -129.70670740484803
2017.991088867188 -130.902816772461 -130.87604168190035
2018.024658203125 -131.904861450195 -132.05675362228433
2018.057495117188 -133.362121582031 -133.2142471809865
2018.09033203125 -134.636383056641 -134.3887602698852
2018.123168945312 -135.605010986328 -135.59984471981798
2018.156005859375 -135.434555053711 -136.8577062040565
2018.18896484375 -138.178207397461 -138.16390827972666
2018.221801757812 -138.569381713867 -139.50683385265805
2018.254638671875 -139.488082885742 -140.89432381314938
2018.287475585938 -141.379592895508 -142.3320090306331
2018.3203125 -143.5224609375 -143.8156327638129
2018.353149414062 -145.403289794922 -145.3326573608788
2018.385986328125 -153.183532714844 -146.874355819092
2018.4189453125 -148.446273803711 -148.44210626046035
2018.451782226562 -150.036041259766 -150.00309234145598
2018.484619140625 -154.763168334961 -151.53854137117344
2018.517456054688 -152.018661499023 -153.0327015356152
2018.55029296875 -156.236907958984 -154.4849342837281
2018.583129882812 -157.886367797852 -155.88806615852806
2018.615966796875 -157.80908203125 -157.23791759713657
2018.64892578125 -159.05256652832 -158.53499710325457
2018.681762695312 -161.070068359375 -159.76901123131293
2018.714599609375 -155.909393310547 -160.94904100762537
2018.747436523438 -161.672439575195 -162.080017627092
2018.7802734375 -163.672790527344 -163.16039701972454
2018.813110351562 -164.386337280273 -164.1991222479486
2018.845947265625 -165.873016357422 -165.21935847684819
2018.87890625 -165.543914794922 -166.2217603554508
2018.911743164062 -166.968933105469 -167.23045418060502
2018.944580078125 -168.179718017578 -168.23195139910322
2018.977416992188 -169.100051879883 -169.24016317202359
2019.010986328125 -169.879089355469 -170.2781815161391
2019.043823242188 -171.380142211914 -171.28643877177151
2019.109497070312 -173.676559448242 -173.3929891319857
2019.1259765625 -174.029434204102 -173.92947310183288
2019.142333984375 -174.559875488281 -174.4678183305003
2019.175170898438 -175.463516235352 -175.55755329515506
2019.191650390625 -175.915222167969 -176.11778139561375
2019.208129882812 -176.064895629883 -176.68684638280556
2019.224487304688 -177.07258605957 -177.24205824311295
2019.240966796875 -177.928909301758 -177.82657960232564
2019.25732421875 -178.006332397461 -178.41118738543463
2019.273803710938 -178.911727905273 -178.99286276066178
2019.290161132812 -179.101409912109 -179.58532377949456
2019.306640625 -180.397567749023 -180.19313114000215
2019.323120117188 -180.84733581543 -180.79961979782257
2019.339477539062 -181.636444091797 -181.39896166126547
2019.35595703125 -182.428680419922 -181.9999180304263
2019.372314453125 -184.640625 -182.5948132400795
2019.388793945312 -183.178909301758 -183.20259003442123
2019.405151367188 -182.721649169922 -183.85269302552078
2019.421630859375 -183.81901550293 -184.51785405268296
2019.438110351562 -185.625793457031 -185.20442275322813
2019.454467773438 -185.555435180664 -185.91303688720856
2019.470947265625 -183.011688232422 -186.66577937604313
2019.4873046875 -186.649871826172 -187.44745707516807
2019.503784179688 -184.046600341797 -188.2980165163198
2019.520141601562 -184.869125366211 -189.0951973885134
2019.53662109375 -190.437622070312 -189.91536506009044
2019.569458007812 -193.641708374023 -191.57800054913685
2019.602294921875 -188.670013427734 -193.18347061611647
2019.618774414062 -192.438781738281 -194.00242018845742
2019.635131835938 -195.528366088867 -194.82009326866714
2019.651611328125 -196.924407958984 -195.5962713854492
2019.668090820312 -191.923599243164 -196.40495411348778
2019.71728515625 -199.077331542969 -198.63209109114175
2019.733764648438 -200.42741394043 -199.34007784662666
2019.750122070312 -199.949005126953 -199.99182712488425
2019.7666015625 -200.130905151367 -200.65562477277595
2019.799438476562 -202.11198425293 -201.86829208019125
2019.832275390625 -206.06689453125 -203.01963978171062
2019.865112304688 -204.581619262695 -204.07442402714534
2019.898071289062 -205.492553710938 -205.03771049165292
2019.930908203125 -207.382553100586 -205.89574163476973
2019.963745117188 -207.710845947266 -206.62955023123223
2019.99658203125 -207.956100463867 -207.32583927549598
2020.030151367188 -208.914825439453 -208.12465359459932
2020.06298828125 -208.894165039062 -208.65230451939166
2020.095825195312 -208.985702514648 -209.13778438385077
2020.128662109375 -209.952163696289 -209.5697092520576
2020.161499023438 -210.443878173828 -209.97660822617814
2020.177978515625 -210.249893188477 -210.1839236486581
2020.1943359375 -210.614013671875 -210.38104674178126
2020.227294921875 -210.300765991211 -210.86441556388752
2020.260131835938 -208.297912597656 -211.5009477668629
2020.29296875 -211.170669555664 -212.17611912701548
2020.325805664062 -210.795623779297 -212.94826376912076
2020.358642578125 -213.300140380859 -213.95864089369087
2020.391479492188 -212.396347045898 -215.02481816865435
2020.42431640625 -213.608337402344 -216.12754636424125
2020.457275390625 -213.563919067383 -217.37060484668274
2020.490112304688 -218.550979614258 -218.8088580058231
2020.52294921875 -220.050918579102 -220.35697826752116
2020.555786132812 -221.351577758789 -221.95480849679467
2020.572265625 -219.600463867188 -222.78109085201
2020.588623046875 -226.284332275391 -223.58159778224146
2020.605102539062 -224.877227783203 -224.39831155765307
2020.621459960938 -225.284606933594 -225.1750077513796
2020.654296875 -228.220291137695 -226.7110267031934
2020.687255859375 -229.392501831055 -228.1219717261051
2020.70361328125 -230.530700683594 -228.83494632507788
2020.720092773438 -229.781768798828 -229.3443976945202
2020.7529296875 -231.136535644531 -230.42008398802585
2020.785766601562 -232.818832397461 -231.39222477343571
2020.818603515625 -233.384094238281 -232.27936654325643
2020.851440429688 -234.609298706055 -233.08451495935694
2020.917236328125 -234.899795532227 -234.4763421990037
2020.950073242188 -234.895141601562 -235.054379902668
2020.98291015625 -235.908508300781 -235.61179883799568
2021.013671875 -235.916549682617 -236.14404412427803
2021.046508789062 -236.53498840332 -236.69091279410569
2021.079345703125 -237.157257080078 -237.3324657985305
2021.1123046875 -237.005325317383 -238.01581884974746
2021.145141601562 -238.327590942383 -238.74999574725652
2021.177978515625 -238.754669189453 -239.52362038794453
2021.210815429688 -239.448211669922 -240.32259753247814
2021.24365234375 -238.969329833984 -241.07629722555126
2021.276489257812 -238.718933105469 -241.94224923511848
2021.309326171875 -243.040023803711 -242.84379216135005
2021.34228515625 -244.791366577148 -243.77850786074293
2021.358642578125 -244.906036376953 -244.24298039587921
2021.391479492188 -244.497589111328 -245.17627172537817
2021.407958984375 -246.195602416992 -245.62635690638731
2021.440795898438 -246.290969848633 -246.53940799813762
2021.4736328125 -248.221221923828 -247.3902636665379
2021.506469726562 -254.659805297852 -248.1238345264999
2021.539306640625 -252.308685302734 -248.7396268912511
2021.572265625 -249.101028442383 -249.2000646256336
2021.605102539062 -254.144683837891 -249.77315441976393
2021.637939453125 -252.178176879883 -250.32628169336348
2021.670776367188 -252.297485351562 -250.85059060068122
2021.736450195312 -257.523010253906 -251.6989156589722
2021.769287109375 -250.390274047852 -252.12788194085024
2021.80224609375 -252.874038696289 -252.48017840782074
2021.835083007812 -251.40837097168 -252.83568082662222
2021.867919921875 -255.940612792969 -253.13983163570532
2021.966430664062 -255.128173828125 -253.92093194909225
2022.0 -253.330307006836 -254.14121301157954
2022.065673828125 -254.889266967773 -254.59735347624144
2022.098510742188 -254.601303100586 -254.80024347994285
2022.197143554688 -256.597473144531 -255.42300229300056
2022.22998046875 -258.184783935547 -255.647192643561
2022.262817382812 -254.708892822266 -255.8941449428402
2022.295654296875 -254.621292114258 -256.17903056917123
2022.328491210938 -256.217437744141 -256.50752964948924
2022.394287109375 -256.273895263672 -257.20557939800733
2022.558471679688 -263.460144042969 -258.7430722506006
2022.591430664062 -264.108306884766 -259.02241928546187
2022.68994140625 -256.717590332031 -260.03110650921377
2022.722778320312 -261.175506591797 -260.41529883583723
2022.821411132812 -262.295104980469 -261.50493102843143
2022.854248046875 -261.153503417969 -261.9083391414786
2022.887084960938 -262.305023193359 -262.3495157591001
2022.919921875 -261.685272216797 -262.81496973450356
2022.952758789062 -262.836547851562 -263.28156166190337
2022.985595703125 -263.525543212891 -263.7822799783224
2023.019165039062 -264.447387695312 -264.3150092814929
2023.052001953125 -264.341217041016 -264.8235098295342
2023.084838867188 -265.320953369141 -265.381617937943
2023.11767578125 -265.421508789062 -265.95693646358296
2023.150634765625 -266.533416748047 -266.5282085840469
2023.183471679688 -267.193084716797 -267.09231349345504
2023.21630859375 -267.934051513672 -267.6308410366201
2023.249145507812 -268.850280761719 -268.15614645693176
2023.281982421875 -268.840881347656 -268.67856442061
2023.314819335938 -270.734283447266 -269.2015547995082
2023.34765625 -269.801361083984 -269.72549076176716
2023.380615234375 -269.489074707031 -270.2513428022472
2023.413452148438 -276.950805664062 -270.7740963864883
2023.4462890625 -264.597930908203 -271.2949809639731
2023.57763671875 -272.6708984375 -273.3496522919452
