2014.804931640625 0.0 11.153706073934961
2014.837768554688 14.666136741638 10.023782593944679
2014.903442382812 10.171962738037 7.7658873170439815
2014.96923828125 3.285145998001 5.505364726468535
2015.03564453125 -0.003281892277 3.2235060728901708
2015.101318359375 -14.027928352356 0.964863274632114
2015.265625 2.182646036148 -4.699429021910137
2015.331298828125 6.333633422852 -6.970365925071227
2015.39697265625 4.708222389221 -9.246066326745018
2016.021850585938 -38.686004638672 -28.665332358130588
2016.1533203125 -33.132110595703 -34.52672504547921
2016.350463867188 -51.833927154541 -42.5188573378151
2016.416137695312 -30.65115737915 -44.90267687248064
2016.547607421875 -51.569469451904 -49.92194374717806
2016.744750976562 -64.256980895996 -57.84820703109587
2016.777587890625 -59.848236083984 -58.427790129906704
2016.810424804688 -59.805511474609 -59.01960522752692
2016.84326171875 -60.847114562988 -59.61963361158577
2016.876098632812 -61.061729431152 -60.123014695637664
2016.908935546875 -60.893623352051 -60.57773438692396
2016.941772460938 -60.562385559082 -61.043712184504486
2016.974731445312 -60.361560821533 -61.385030815290044
2017.005493164062 -61.516201019287 -61.737783025976064
2017.038330078125 -62.17684173584 -62.08558753868064
2017.071166992188 -61.107559204102 -62.44505160074608
2017.10400390625 -62.376316070557 -62.99680939322319
2017.136840820312 -62.385437011719 -63.68302412815796
2017.169799804688 -62.895965576172 -64.46523811977842
2017.20263671875 -64.791137695312 -65.36801426599995
2017.235473632812 -63.909164428711 -66.39943568760108
2017.268310546875 -64.428840637207 -67.55394384449026
2017.301147460938 -68.531967163086 -68.81620291116214
2017.333984375 -68.260765075684 -70.17880905402043
2017.366821289062 -71.106819152832 -71.62736582854791
2017.399780273438 -72.624359130859 -73.14323788459697
2017.4326171875 -77.468528747559 -74.70434029425408
2017.498291015625 -77.844215393066 -77.9566431348833
2017.531127929688 -78.409545898438 -79.61163421327069
2017.56396484375 -81.696533203125 -81.26137029400792
2017.596801757812 -83.203552246094 -82.88257734188126
2017.629760742188 -86.700492858887 -84.46655941107554
2017.66259765625 -86.198440551758 -85.99671237518471
2017.695434570312 -83.920806884766 -87.47976211787153
2017.728271484375 -89.507423400879 -88.92501436134383
2017.761108398438 -92.012802124023 -90.35025475328807
2017.7939453125 -92.478614807129 -91.76680997583179
2017.826782226562 -93.174446105957 -93.16759416702307
2017.859741210938 -96.153495788574 -94.54700032077984
2017.892578125 -95.278465270996 -95.89612513777718
2017.925415039062 -95.562271118164 -97.23178764831864
2017.958251953125 -98.330909729004 -98.56538501675813
2017.991088867188 -100.37427520752 -99.8999289871625
2018.024658203125 -101.163558959961 -101.25910976585888
2018.057495117188 -103.010757446289 -102.58655840220976
2018.09033203125 -103.916137695312 -103.93632705144529
2018.123168945312 -105.17488861084 -105.33383532461072
2018.156005859375 -105.281173706055 -106.77889342976478
2018.18896484375 -108.353660583496 -108.27678494826132
2018.221801757812 -108.983871459961 -109.84517581618276
2018.254638671875 -112.536117553711 -111.5117189462454
2018.287475585938 -112.026588439941 -113.27528443194974
2018.3203125 -113.166786193848 -115.09353017183632
2018.353149414062 -112.565849304199 -116.94999239334976
2018.385986328125 -125.074935913086 -118.84117934527066
2018.4189453125 -121.788566589355 -120.77198980898609
2018.451782226562 -117.617401123047 -122.71552973392161
2018.484619140625 -135.95378112793 -124.66409122846429
2018.517456054688 -127.495811462402 -126.60971632707911
2018.55029296875 -127.727424621582 -128.55687207238935
2018.583129882812 -132.617294311523 -130.4845398591662
2018.615966796875 -130.753463745117 -132.3492865259817
2018.64892578125 -136.641082763672 -134.09895270494565
2018.681762695312 -137.56266784668 -135.70732236445298
2018.714599609375 -128.014282226562 -137.2022098045028
2018.747436523438 -139.133850097656 -138.60427647661436
2018.7802734375 -141.774002075195 -139.9337174305733
2018.813110351562 -142.38151550293 -141.19174095944604
2018.845947265625 -144.846755981445 -142.4623291361349
2018.87890625 -143.399932861328 -143.62146695184697
2018.911743164062 -144.149337768555 -144.6319649797963
2018.944580078125 -145.595642089844 -145.5820438654206
2018.977416992188 -145.827285766602 -146.49157491859918
2019.010986328125 -146.55778503418 -147.4234412057051
2019.043823242188 -148.326843261719 -148.30602166292735
2019.109497070312 -150.487869262695 -150.28315748667518
2019.1259765625 -150.755310058594 -150.8001108729919
2019.142333984375 -151.572723388672 -151.35473344723303
2019.175170898438 -151.977142333984 -152.49474516287572
2019.191650390625 -152.507431030273 -153.1119970351972
2019.208129882812 -152.489990234375 -153.75408818413027
2019.224487304688 -154.368957519531 -154.37571975165164
2019.240966796875 -154.997329711914 -155.06762362923564
2019.25732421875 -155.146270751953 -155.77442514718248
2019.273803710938 -156.143264770508 -156.46719212606496
2019.290161132812 -156.696838378906 -157.18859725625464
2019.306640625 -159.008346557617 -157.97856889383914
2019.323120117188 -157.939361572266 -158.7855819062979
2019.339477539062 -159.868301391602 -159.58746718392533
2019.35595703125 -160.465179443359 -160.38530178867353
2019.372314453125 -161.986907958984 -161.16565085863888
2019.388793945312 -162.887603759766 -161.9613169463676
2019.405151367188 -159.507598876953 -162.8346344759618
2019.421630859375 -163.782989501953 -163.75879531711894
2019.438110351562 -164.184097290039 -164.76182908832735
2019.454467773438 -169.171920776367 -165.83450362065588
2019.470947265625 -163.80126953125 -166.97686220627688
2019.4873046875 -166.357818603516 -168.14719141358916
2019.503784179688 -164.821578979492 -169.40780785686445
2019.520141601562 -165.059555053711 -170.5546716036342
2019.53662109375 -172.897827148438 -171.72923231804933
2019.569458007812 -176.385177612305 -174.15608379716966
2019.602294921875 -178.884414672852 -176.60385400684555
2019.618774414062 -175.245956420898 -177.82557794734146
2019.635131835938 -180.27766418457 -179.0332158126284
2019.651611328125 -182.836380004883 -180.1466193077973
2019.668090820312 -178.712066650391 -181.2957210092914
2019.71728515625 -186.729049682617 -184.18980625817932
2019.733764648438 -185.91828918457 -185.05742612068488
2019.750122070312 -191.116653442383 -185.7506574625494
2019.7666015625 -186.416625976562 -186.51972509648348
2019.799438476562 -188.532852172852 -187.8131880010672
2019.832275390625 -194.038787841797 -189.06811204271182
2019.865112304688 -191.045547485352 -190.19728642179072
2019.898071289062 -191.727493286133 -191.17989990332958
2019.930908203125 -192.710296630859 -191.9611562099018
2019.963745117188 -193.707656860352 -192.5392686901617
2019.99658203125 -193.892135620117 -193.03648519493018
2020.030151367188 -194.028045654297 -193.60123763684743
2020.06298828125 -194.028045654297 -193.9403336849657
2020.095825195312 -194.064102172852 -194.283865300261
2020.128662109375 -195.236389160156 -194.6280434348261
2020.161499023438 -194.895660400391 -195.0133963831096
2020.177978515625 -195.195983886719 -195.27671233427583
2020.1943359375 -195.559051513672 -195.4626114329595
2020.227294921875 -193.868499755859 -196.03012929255047
2020.260131835938 -193.375213623047 -196.80197783220876
2020.29296875 -196.176055908203 -197.65893392230004
2020.325805664062 -196.952682495117 -198.712306740953
2020.358642578125 -199.656875610352 -200.21277935976858
2020.391479492188 -197.801147460938 -201.90074596563855
2020.42431640625 -201.253326416016 -203.74876722977697
2020.457275390625 -202.437805175781 -205.8511007071377
2020.490112304688 -205.071990966797 -208.20241189379803
2020.52294921875 -211.925170898438 -210.66635397182748
2020.555786132812 -212.880416870117 -213.20238686063345
2020.572265625 -212.108001708984 -214.51285098698824
2020.588623046875 -222.860504150391 -215.78144813455734
2020.605102539062 -218.878372192383 -217.0871237265623
2020.621459960938 -221.067459106445 -218.32437555625688
2020.654296875 -222.881942749023 -220.80403938929578
2020.687255859375 -223.804733276367 -223.1037195713159
2020.70361328125 -227.400741577148 -224.27295504595597
2020.720092773438 -227.193267822266 -225.09453726010065
2020.7529296875 -227.195877075195 -226.82593906991696
2020.785766601562 -229.496459960938 -228.36583068136932
2020.818603515625 -231.879547119141 -229.77211756237813
2020.851440429688 -233.387954711914 -231.06239233633707
2020.917236328125 -234.002456665039 -233.34421357335765
2020.950073242188 -233.495971679688 -234.3825908708155
2020.98291015625 -235.466461181641 -235.43971848587313
2021.013671875 -235.68798828125 -236.4289997777976
2021.046508789062 -236.653396606445 -237.57496368230784
2021.079345703125 -238.286270141602 -239.0023120480005
2021.1123046875 -238.35173034668 -240.49653059387893
2021.145141601562 -240.933334350586 -242.11234772798107
2021.177978515625 -241.428024291992 -243.8388416620713
2021.210815429688 -243.040512084961 -245.6471524528072
2021.24365234375 -242.910537719727 -247.369112877017
2021.276489257812 -247.787506103516 -249.38205324043633
2021.309326171875 -252.003509521484 -251.5286099085717
2021.34228515625 -254.307479858398 -253.81696955415424
2021.358642578125 -258.188629150391 -254.9892437530554
2021.391479492188 -257.193725585938 -257.2920382641218
2021.407958984375 -257.686004638672 -258.3791818765422
2021.440795898438 -257.772491455078 -260.58423821384946
2021.4736328125 -266.357604980469 -262.6452873390143
2021.506469726562 -280.766204833984 -264.4145531004699
2021.539306640625 -274.895812988281 -265.85799581806464
2021.572265625 -270.472900390625 -266.65964751957483
2021.605102539062 -281.760040283203 -267.9393437711182
2021.637939453125 -273.952331542969 -269.1803385795262
2021.670776367188 -273.308685302734 -270.3931445784227
2021.736450195312 -279.865325927734 -272.33817462703695
2021.769287109375 -277.416961669922 -273.3058044085834
2021.80224609375 -273.832489013672 -273.9361708053223
2021.835083007812 -271.898040771484 -274.42531820789475
2021.867919921875 -273.797668457031 -274.70398897496796
2021.966430664062 -275.574829101562 -275.57978834881334
2022.0 -278.647918701172 -275.9582393066512
2022.065673828125 -269.861053466797 -276.6458940556376
2022.098510742188 -270.0302734375 -277.12205709689465
2022.197143554688 -272.021270751953 -278.75960131505485
2022.22998046875 -272.449005126953 -279.30707496655185
2022.262817382812 -279.073394775391 -279.8576233632201
2022.295654296875 -278.982543945312 -280.4115446572609
2022.328491210938 -279.090606689453 -280.9787691741192
2022.394287109375 -286.570953369141 -282.16661882909955
2022.558471679688 -289.790466308594 -285.7422911305462
2022.591430664062 -287.016998291016 -286.58915018013465
2022.68994140625 -280.050994873047 -289.1278987601524
2022.722778320312 -286.398803710938 -289.90351617313127
2022.821411132812 -291.635772705078 -292.25089406820683
2022.854248046875 -292.592407226562 -293.170143248928
2022.887084960938 -293.323547363281 -294.16847722924206
2022.919921875 -293.150665283203 -295.1162852426816
2022.952758789062 -296.947418212891 -296.1695412191439
2022.985595703125 -296.7880859375 -297.48757615629256
2023.019165039062 -298.755218505859 -298.89748247791437
2023.052001953125 -300.405456542969 -300.2741118347667
2023.084838867188 -300.616851806641 -301.6430742099183
2023.11767578125 -302.374572753906 -302.9423757748917
2023.150634765625 -304.257385253906 -304.2446793944159
2023.183471679688 -305.598968505859 -305.47442034369953
2023.21630859375 -309.016967773438 -306.6624194429446
2023.249145507812 -309.465667724609 -307.8268998635615
2023.281982421875 -311.085723876953 -308.98197795996816
2023.314819335938 -313.803894042969 -310.13317914695125
2023.34765625 -310.635681152344 -311.2808725403175
2023.380615234375 -309.979400634766 -312.4270287124293
2023.413452148438 -323.093017578125 -313.5608297712391
2023.4462890625 -314.070556640625 -314.6851296830844
2023.57763671875 -315.052612304688 -319.06994704857004
