2014.804931640625 -0.0 -10.464170801412102
2014.837768554688 -12.268371582031 -11.25755486408781
2014.903442382812 -12.246090888977 -12.84284017389873
2014.96923828125 -14.369427680969 -14.42843334848434
2015.03564453125 -15.366530418396 -16.025267840336976
2015.101318359375 -17.634965896606 -17.60027230283195
2015.265625 -29.976432800293 -21.517550281256383
2015.331298828125 -33.291412353516 -23.072048921137675
2015.39697265625 -36.450054168701 -24.6189129249095
2016.021850585938 -34.573989868164 -43.54620845662968
2016.1533203125 -47.809913635254 -51.56222251010101
2016.350463867188 -55.774654388428 -51.28094958418282
2016.416137695312 -39.373443603516 -50.893204409679036
2016.547607421875 -49.984043121338 -50.23226350671282
2016.744750976562 -53.626136779785 -48.60280338476918
2016.777587890625 -49.935077667236 -48.13056650986216
2016.810424804688 -51.987171173096 -47.67810994137148
2016.84326171875 -48.865428924561 -47.24495961169725
2016.876098632812 -46.577171325684 -46.756605222515425
2016.908935546875 -46.57532119751 -46.26708304780102
2016.941772460938 -44.294281005859 -45.80356198114726
2016.974731445312 -43.696128845215 -45.27674080513518
2017.005493164062 -44.197952270508 -44.83831581374079
2017.038330078125 -44.042747497559 -44.34596159380567
2017.071166992188 -42.154529571533 -43.87419651726446
2017.10400390625 -43.264213562012 -43.600721653326254
2017.136840820312 -42.104232788086 -43.46045438994557
2017.169799804688 -42.629608154297 -43.412710912372624
2017.20263671875 -42.352172851562 -43.481065212782504
2017.235473632812 -42.422046661377 -43.669383072072556
2017.268310546875 -43.695541381836 -43.95347627849493
2017.301147460938 -43.398418426514 -44.27231516798061
2017.333984375 -41.010925292969 -44.586007189639254
2017.366821289062 -44.323219299316 -44.86844835853753
2017.399780273438 -46.689697265625 -45.11143723263696
2017.4326171875 -48.454200744629 -45.320026438213624
2017.498291015625 -48.678649902344 -45.68984251328936
2017.531127929688 -49.474552154541 -45.85024553587881
2017.56396484375 -46.336757659912 -45.97522702550988
2017.596801757812 -45.811393737793 -46.03711098709394
2017.629760742188 -51.803985595703 -46.00603082319169
2017.66259765625 -45.634449005127 -45.870842114435106
2017.695434570312 -46.344333648682 -45.65704895195123
2017.728271484375 -45.223461151123 -45.39433896650899
2017.761108398438 -45.599960327148 -45.13592203671861
2017.7939453125 -44.53186416626 -44.910714423996595
2017.826782226562 -44.625831604004 -44.72256312732113
2017.859741210938 -43.713344573975 -44.57010014753572
2017.892578125 -43.764461517334 -44.45610339402023
2017.925415039062 -43.635749816895 -44.38053259858261
2017.958251953125 -44.135093688965 -44.34155411877542
2017.991088867188 -44.304679870605 -44.335801576731704
2018.024658203125 -43.492012023926 -44.37918049543286
2018.057495117188 -43.800647735596 -44.4844869858075
2018.09033203125 -44.574172973633 -44.65219722167138
2018.123168945312 -44.328701019287 -44.89027745022661
2018.156005859375 -44.67582321167 -45.201830187890735
2018.18896484375 -45.444709777832 -45.571053489935636
2018.221801757812 -45.803634643555 -45.97001598448051
2018.254638671875 -45.295673370361 -46.3887657717602
2018.287475585938 -44.546936035156 -46.827229723668815
2018.3203125 -47.126270294189 -47.28463886850525
2018.353149414062 -49.740211486816 -47.75226581481243
2018.385986328125 -54.264801025391 -48.22928937600112
2018.4189453125 -48.966278076172 -48.71146807396269
2018.451782226562 -50.540519714355 -49.14789811955255
2018.484619140625 -48.937641143799 -49.49139599324076
2018.517456054688 -46.951988220215 -49.7464049804265
2018.55029296875 -56.105094909668 -49.93221848521722
2018.583129882812 -55.314231872559 -50.04690050895586
2018.615966796875 -55.613750457764 -50.088408863622085
2018.64892578125 -51.416385650635 -50.07359344246568
2018.681762695312 -54.873016357422 -50.03620673427381
2018.714599609375 -54.5944480896 -50.0109111169563
2018.747436523438 -51.358654022217 -49.98022889706908
2018.7802734375 -49.888980865479 -49.834354847626905
2018.813110351562 -50.133453369141 -49.468494614424166
2018.845947265625 -48.229843139648 -48.97056626382277
2018.87890625 -47.410980224609 -48.439321496701034
2018.911743164062 -47.145992279053 -47.974672254253264
2018.944580078125 -47.354099273682 -47.51400333866513
2018.977416992188 -46.580059051514 -47.09595320477805
2019.010986328125 -46.605304718018 -46.78199761862862
2019.043823242188 -45.731266021729 -46.48725911249244
2019.109497070312 -45.612312316895 -46.1604471626964
2019.1259765625 -45.973243713379 -46.081932138480546
2019.142333984375 -46.086051940918 -46.041109168796325
2019.175170898438 -45.593742370605 -45.983064174898054
2019.191650390625 -45.785419464111 -45.991064876800955
2019.208129882812 -46.547668457031 -46.01311767561951
2019.224487304688 -45.809658050537 -46.0419805877518
2019.240966796875 -46.077934265137 -46.07924065792681
2019.25732421875 -46.320457458496 -46.11202778261148
2019.273803710938 -46.109264373779 -46.146978161536715
2019.290161132812 -45.645893096924 -46.18070446489429
2019.306640625 -46.300609588623 -46.19598071009354
2019.323120117188 -45.954921722412 -46.20526083388319
2019.339477539062 -47.619274139404 -46.21932569528215
2019.35595703125 -45.862697601318 -46.24848292637062
2019.372314453125 -50.593276977539 -46.28535465261058
2019.388793945312 -46.597599029541 -46.320619443878094
2019.405151367188 -42.618824005127 -46.360963305100405
2019.421630859375 -46.781326293945 -46.41777218459039
2019.438110351562 -42.607887268066 -46.50452123514086
2019.454467773438 -46.272975921631 -46.62674984711936
2019.470947265625 -46.714668273926 -46.79815346526525
2019.4873046875 -46.458015441895 -47.025949342100006
2019.503784179688 -48.088150024414 -47.401703492252224
2019.520141601562 -43.574378967285 -47.72902710998346
2019.53662109375 -44.299869537354 -48.10341984886128
2019.569458007812 -48.883438110352 -48.85150611223629
2019.602294921875 -49.804225921631 -49.49056769421287
2019.618774414062 -44.718105316162 -49.83443411843657
2019.635131835938 -51.935409545898 -50.194062882068025
2019.651611328125 -53.543876647949 -50.564541816519395
2019.668090820312 -43.256183624268 -50.95056469654474
2019.71728515625 -51.784568786621 -52.050206524412836
2019.733764648438 -52.160636901855 -52.405429724999856
2019.750122070312 -47.217353820801 -52.69458256539054
2019.7666015625 -52.068840026855 -53.00728118505105
2019.799438476562 -54.142986297607 -53.539809009725076
2019.832275390625 -55.924449920654 -54.04018463120202
2019.865112304688 -54.519721984863 -54.49903524858513
2019.898071289062 -55.076686859131 -54.93905103285614
2019.930908203125 -56.076995849609 -55.37040153831759
2019.963745117188 -55.431674957275 -55.77278318118456
2019.99658203125 -56.061351776123 -56.15904012208072
2020.030151367188 -56.950378417969 -56.55114027930216
2020.06298828125 -56.265731811523 -56.89381927598461
2020.095825195312 -57.094047546387 -57.234591498428415
2020.128662109375 -57.59582901001 -57.58769644904203
2020.161499023438 -58.687156677246 -57.9632896097472
2020.177978515625 -57.985084533691 -58.17958051409456
2020.1943359375 -57.974090576172 -58.36879781369271
2020.227294921875 -58.920078277588 -58.81792997689361
2020.260131835938 -55.402206420898 -59.31115875475499
2020.29296875 -59.873386383057 -59.81194733027143
2020.325805664062 -59.047695159912 -60.346947660147364
2020.358642578125 -60.912662506104 -60.937314640131774
2020.391479492188 -60.643054962158 -61.527761241104415
2020.42431640625 -61.735767364502 -62.1367546982031
2020.457275390625 -62.877849578857 -62.77785380525606
2020.490112304688 -64.595558166504 -63.3959031386678
2020.52294921875 -64.60277557373 -63.91546631039736
2020.555786132812 -65.239204406738 -64.28802610326959
2020.572265625 -66.058280944824 -64.29323088536455
2020.588623046875 -64.94017791748 -64.25535252087266
2020.605102539062 -64.80632019043 -64.412125374855
2020.621459960938 -66.698348999023 -64.31567077616107
2020.654296875 -67.479362487793 -64.23496272869534
2020.687255859375 -68.528045654297 -64.02940759293494
2020.70361328125 -65.26879119873 -63.92875605514679
2020.720092773438 -64.825325012207 -63.72475286191274
2020.7529296875 -63.347709655762 -63.373570949430615
2020.785766601562 -61.666511535645 -62.99922462407184
2020.818603515625 -61.657039642334 -62.61942051625733
2020.851440429688 -61.492122650146 -62.238037298702075
2020.917236328125 -61.059349060059 -61.61878272066164
2020.950073242188 -60.449005126953 -61.56348116317437
2020.98291015625 -61.470478057861 -61.66639912718273
2021.013671875 -59.8864402771 -61.68928654732893
2021.046508789062 -60.089298248291 -62.00972696559477
2021.079345703125 -61.618389129639 -62.64774372791422
2021.1123046875 -60.572910308838 -63.31068045139423
2021.145141601562 -62.176975250244 -64.10948213927787
2021.177978515625 -63.316989898682 -65.03036312129261
2021.210815429688 -64.339492797852 -66.04290868251408
2021.24365234375 -64.986671447754 -66.97247590361357
2021.276489257812 -67.666275024414 -68.21200716458459
2021.309326171875 -71.289077758789 -69.54664629547155
2021.34228515625 -70.24520111084 -70.92245566585207
2021.358642578125 -71.953384399414 -71.55323987413595
2021.391479492188 -76.540466308594 -72.83710696974579
2021.407958984375 -73.819190979004 -73.39992735352175
2021.440795898438 -75.688278198242 -74.520785750848
2021.4736328125 -76.812530517578 -75.47276544608167
2021.506469726562 -80.641906738281 -76.18426388081971
2021.539306640625 -84.436859130859 -76.69125120479914
2021.572265625 -78.225639343262 -76.89062698304458
2021.605102539062 -81.804756164551 -77.36523767290241
2021.637939453125 -79.601623535156 -77.76736526559147
2021.670776367188 -86.390480041504 -78.07175529215291
2021.736450195312 -79.859809875488 -78.22359393136523
2021.769287109375 -74.405693054199 -78.3150692836283
2021.80224609375 -78.246406555176 -78.28566993676459
2021.835083007812 -78.088821411133 -78.27140301004742
2021.867919921875 -81.135299682617 -78.18754805428962
2021.966430664062 -76.836601257324 -77.970840971813
2022.0 -76.09619140625 -77.96609336797516
2022.065673828125 -77.662239074707 -77.92927327427951
2022.098510742188 -77.222465515137 -78.05402199225531
2022.197143554688 -78.480285644531 -78.56125726679589
2022.22998046875 -76.551246643066 -78.74817949029887
2022.262817382812 -72.759643554688 -78.95641555924342
2022.295654296875 -72.926094055176 -79.18768861793843
2022.328491210938 -80.842849731445 -79.43869145077595
2022.394287109375 -71.84496307373 -79.95114173091956
2022.558471679688 -82.004722595215 -81.2000870080322
2022.591430664062 -80.153442382812 -81.52404648893544
2022.68994140625 -87.740325927734 -82.30060752326024
2022.722778320312 -85.395484924316 -82.44482065047423
2022.821411132812 -83.484413146973 -82.70964246668248
2022.854248046875 -83.250648498535 -82.74643039218834
2022.887084960938 -84.055625915527 -82.76665965393381
2022.919921875 -82.423583984375 -82.84660391386467
2022.952758789062 -82.576766967773 -82.87411833521584
2022.985595703125 -85.161933898926 -82.73595001915703
2023.019165039062 -82.258560180664 -82.58371950683588
2023.052001953125 -82.088050842285 -82.42458286249229
2023.084838867188 -80.944747924805 -82.32912877015661
2023.11767578125 -82.199577331543 -82.3132765088272
2023.150634765625 -81.641448974609 -82.27405422270651
2023.183471679688 -82.213958740234 -82.30428465925127
2023.21630859375 -80.343185424805 -82.36819236706027
2023.249145507812 -82.023277282715 -82.4553251144016
2023.281982421875 -80.810699462891 -82.55583994393565
2023.314819335938 -83.460037231445 -82.66490661350815
2023.34765625 -82.399368286133 -82.78093356560531
2023.380615234375 -83.174934387207 -82.90394488356694
2023.413452148438 -77.779357910156 -83.03330068611432
2023.4462890625 -83.69799041748 -83.16992887835792
2023.57763671875 -86.425064086914 -83.79682082635301
