2014.804931640625 0.0 11.63207161854306
2014.837768554688 11.294404983521 10.983236522873112
2014.903442382812 9.237152099609 9.68339568783416
2014.96923828125 6.992338180542 8.378062822816561
2015.03564453125 0.885126411915 7.057459743406102
2015.101318359375 9.591186523438 5.748596992359103
2015.265625 3.108554840088 2.4649455682238157
2015.331298828125 2.70300078392 1.1505492662371646
2015.39697265625 10.172557830811 -0.16386073554626937
2016.021850585938 -13.317419052124 -12.663805282485725
2016.1533203125 -21.313158035278 -15.588554704229853
2016.350463867188 -23.958429336548 -19.725946976416097
2016.416137695312 -19.536020278931 -20.988540214656787
2016.547607421875 -18.606895446777 -23.65131499354993
2016.744750976562 -31.017648696899 -27.56511979877701
2016.777587890625 -28.546859741211 -28.18551715974668
2016.810424804688 -28.810152053833 -28.820664584514105
2016.84326171875 -30.063446044922 -29.35749689997408
2016.876098632812 -30.087623596191 -29.66306417943001
2016.908935546875 -29.673408508301 -29.92005693619377
2016.941772460938 -29.894918441772 -30.182461604629257
2016.974731445312 -29.790006637573 -30.449325663446402
2017.005493164062 -30.603116989136 -30.720015311837273
2017.038330078125 -31.484302520752 -30.99895998559133
2017.071166992188 -30.752990722656 -31.281787764719077
2017.10400390625 -31.470916748047 -31.613319992788217
2017.136840820312 -31.663000106812 -31.975651431082653
2017.169799804688 -31.961633682251 -32.361059853670355
2017.20263671875 -32.549789428711 -32.769076242597684
2017.235473632812 -32.306266784668 -33.19962501915522
2017.268310546875 -34.126857757568 -33.659232819659124
2017.301147460938 -33.679615020752 -34.15616565227818
2017.333984375 -34.841468811035 -34.6958262361516
2017.366821289062 -34.390064239502 -35.27880995648259
2017.399780273438 -36.078281402588 -35.89718533762438
2017.4326171875 -36.596900939941 -36.5426948700839
2017.498291015625 -36.326698303223 -37.979649730266004
2017.531127929688 -37.652172088623 -38.78806214263644
2017.56396484375 -39.710338592529 -39.650561618297914
2017.596801757812 -39.975688934326 -40.5561500688749
2017.629760742188 -40.930084228516 -41.49942277241352
2017.66259765625 -42.343307495117 -42.46271066733538
2017.695434570312 -38.705131530762 -43.43936079268124
2017.728271484375 -42.32787322998 -44.420655815418066
2017.761108398438 -46.646602630615 -45.395702526843586
2017.7939453125 -47.666004180908 -46.35117322615049
2017.826782226562 -47.631118774414 -47.27644749038189
2017.859741210938 -49.973789215088 -48.1704185251609
2017.892578125 -49.544258117676 -49.012376468992116
2017.925415039062 -50.854511260986 -49.79025026555044
2017.958251953125 -50.534507751465 -50.488368634118316
2017.991088867188 -51.476196289062 -51.110720190306594
2018.024658203125 -51.98327255249 -51.689133214418426
2018.057495117188 -52.77214050293 -52.21978805075739
2018.09033203125 -53.068656921387 -52.73099324616504
2018.123168945312 -53.293930053711 -53.24751426275868
2018.156005859375 -52.518707275391 -53.783705395170514
2018.18896484375 -54.374492645264 -54.35010632778448
2018.221801757812 -53.696262359619 -54.94224925331547
2018.254638671875 -55.884273529053 -55.54242763362109
2018.287475585938 -55.47876739502 -56.1375084294938
2018.3203125 -55.562908172607 -56.729926555612295
2018.353149414062 -52.782154083252 -57.336955110501606
2018.385986328125 -60.226871490479 -57.97498090000672
2018.4189453125 -59.660911560059 -58.64910955541821
2018.451782226562 -58.528251647949 -59.34785190890498
2018.484619140625 -62.398612976074 -60.071854327581384
2018.517456054688 -60.970504760742 -60.82049261074529
2018.55029296875 -59.188995361328 -61.59064132914168
2018.583129882812 -60.826202392578 -62.3701454050573
2018.615966796875 -54.861415863037 -63.15222413063805
2018.64892578125 -64.010795593262 -63.93590569458011
2018.681762695312 -65.027435302734 -64.71738190418809
2018.714599609375 -54.388080596924 -65.50872365792917
2018.747436523438 -65.264114379883 -66.32249123215765
2018.7802734375 -67.950912475586 -67.16008288668336
2018.813110351562 -68.429580688477 -68.01529498711082
2018.845947265625 -70.775657653809 -68.8946533336427
2018.87890625 -69.493255615234 -69.75371612000522
2018.911743164062 -70.163063049316 -70.58513908334585
2018.944580078125 -71.273834228516 -71.41249671345324
2018.977416992188 -71.898567199707 -72.2310748639432
2019.010986328125 -72.517211914062 -73.05176545873458
2019.043823242188 -73.975517272949 -73.82852858079139
2019.109497070312 -75.893058776855 -75.4873341441076
2019.1259765625 -76.061332702637 -75.92522180334298
2019.142333984375 -76.571487426758 -76.35982631647886
2019.175170898438 -77.183082580566 -77.23962941316758
2019.191650390625 -77.321098327637 -77.68494332455542
2019.208129882812 -77.999443054199 -78.13516789885317
2019.224487304688 -78.270065307617 -78.57058343140498
2019.240966796875 -79.042671203613 -79.03131859221428
2019.25732421875 -78.876945495605 -79.48875756456822
2019.273803710938 -79.844314575195 -79.94354982206968
2019.290161132812 -79.946075439453 -80.40873358334886
2019.306640625 -80.997184753418 -80.87467835363492
2019.323120117188 -81.66015625 -81.33021935694104
2019.339477539062 -82.673667907715 -81.77767744720911
2019.35595703125 -81.865127563477 -82.22782482589983
2019.372314453125 -84.056053161621 -82.67567040497265
2019.388793945312 -84.433753967285 -83.13547623115788
2019.405151367188 -81.541282653809 -83.63704950887704
2019.421630859375 -84.002197265625 -84.15304404092369
2019.438110351562 -82.953460693359 -84.6787053779381
2019.454467773438 -86.027763366699 -85.20048961654926
2019.470947265625 -83.710960388184 -85.73468594697461
2019.4873046875 -86.308326721191 -86.27722481075784
2019.503784179688 -82.208274841309 -86.86666027220726
2019.520141601562 -81.541442871094 -87.42884744470653
2019.53662109375 -89.959732055664 -88.02092900350334
2019.569458007812 -91.529830932617 -89.28536182408163
2019.602294921875 -87.636100769043 -90.59778195013178
2019.618774414062 -89.530166625977 -91.2424155105818
2019.635131835938 -92.981918334961 -91.87105558286902
2019.651611328125 -92.594589233398 -92.46270636730667
2019.668090820312 -87.528427124023 -93.05756985881393
2019.71728515625 -95.531509399414 -94.58456269860021
2019.733764648438 -95.745948791504 -95.04321364861573
2019.750122070312 -96.898307800293 -95.41922091285795
2019.7666015625 -96.650039672852 -95.82309710531459
2019.799438476562 -96.735610961914 -96.46856787478985
2019.832275390625 -101.660293579102 -97.06175304531376
2019.865112304688 -98.115432739258 -97.52725347663566
2019.898071289062 -98.543991088867 -97.85078735104807
2019.930908203125 -99.31005859375 -98.01866216595445
2019.963745117188 -99.480461120605 -98.02528534421036
2019.99658203125 -98.649192810059 -97.97350029552075
2020.030151367188 -98.83863067627 -98.01429252897256
2020.06298828125 -98.116065979004 -97.77369960115551
2020.095825195312 -97.3349609375 -97.49869154449803
2020.128662109375 -97.808227539062 -97.16491306169443
2020.161499023438 -97.41926574707 -96.80462757295
2020.177978515625 -96.517883300781 -96.62566858329232
2020.1943359375 -96.697853088379 -96.43867981477642
2020.227294921875 -95.572830200195 -96.13776512864266
2020.260131835938 -94.226631164551 -96.00003887792737
2020.29296875 -94.769554138184 -95.9249645237629
2020.325805664062 -94.386177062988 -95.99792124149756
2020.358642578125 -95.672676086426 -96.44357050797115
2020.391479492188 -93.631004333496 -97.00628539140679
2020.42431640625 -94.654029846191 -97.61565638417933
2020.457275390625 -94.670478820801 -98.34924345983488
2020.490112304688 -97.633522033691 -99.26043303057442
2020.52294921875 -99.797462463379 -100.29608210687563
2020.555786132812 -100.347053527832 -101.45395657508188
2020.572265625 -94.176750183105 -102.1564904725252
2020.588623046875 -104.283493041992 -102.86300238929837
2020.605102539062 -103.647727966309 -103.50675109108333
2020.621459960938 -104.242034912109 -104.24120177399371
2020.654296875 -106.659202575684 -105.6739505743522
2020.687255859375 -105.755912780762 -107.04183151161652
2020.70361328125 -108.672698974609 -107.7284919739066
2020.720092773438 -108.378715515137 -108.24986375405882
2020.7529296875 -110.010154724121 -109.32977347710481
2020.785766601562 -113.31803894043 -110.32591602680765
2020.818603515625 -112.762817382812 -111.26664378247447
2020.851440429688 -114.563980102539 -112.16427095419861
2020.917236328125 -114.241279602051 -113.85154507408096
2020.950073242188 -114.498001098633 -114.58643325096652
2020.98291015625 -115.657272338867 -115.30935599612683
2021.013671875 -115.573341369629 -115.99573287622947
2021.046508789062 -116.380546569824 -116.73197329398498
2021.079345703125 -116.855171203613 -117.6751560516568
2021.1123046875 -116.992248535156 -118.68145082508019
2021.145141601562 -118.962760925293 -119.75779515845304
2021.177978515625 -119.084747314453 -120.87916526779807
2021.210815429688 -120.071731567383 -122.03039619657861
2021.24365234375 -118.966293334961 -123.11799889030245
2021.276489257812 -122.526611328125 -124.38078737996287
2021.309326171875 -126.207481384277 -125.69670827345747
2021.34228515625 -127.522392272949 -127.04548248013514
2021.358642578125 -129.038711547852 -127.6675233815286
2021.391479492188 -130.500473022461 -128.91777319356063
2021.407958984375 -130.051742553711 -129.46514496236233
2021.440795898438 -129.662414550781 -130.60703769187518
2021.4736328125 -134.943756103516 -131.5942670342263
2021.506469726562 -146.026504516602 -132.37832269408943
2021.539306640625 -140.772369384766 -133.0024103579745
2021.572265625 -134.698852539062 -133.35876596545836
2021.605102539062 -143.119033813477 -133.93958479623132
2021.637939453125 -137.013458251953 -134.4975362316503
2021.670776367188 -137.007263183594 -135.02148946734658
2021.736450195312 -139.702056884766 -135.76072735832597
2021.769287109375 -135.087753295898 -136.1197936857578
2021.80224609375 -135.849334716797 -136.32270994643045
2021.835083007812 -134.531463623047 -136.49910113137
2021.867919921875 -138.177551269531 -136.60661809452793
2021.966430664062 -137.520523071289 -136.9172323006461
2022.0 -137.074966430664 -137.02634612496308
2022.065673828125 -136.811752319336 -137.23283349780658
2022.098510742188 -136.375106811523 -137.37205257008134
2022.197143554688 -137.257781982422 -137.89343744922456
2022.22998046875 -139.791488647461 -138.09845446916628
2022.262817382812 -138.520477294922 -138.322470237766
2022.295654296875 -137.018829345703 -138.5706901527082
2022.328491210938 -136.22541809082 -138.85060575286417
2022.394287109375 -138.901733398438 -139.48697734735237
2022.558471679688 -141.990432739258 -141.26176958826125
2022.591430664062 -148.468704223633 -141.60058459323645
2022.68994140625 -133.971542358398 -142.76981942049963
2022.722778320312 -141.966049194336 -143.21040039854927
2022.821411132812 -144.159957885742 -144.61145305669996
2022.854248046875 -144.573669433594 -145.15834780881679
2022.887084960938 -145.05842590332 -145.77177121867516
2022.919921875 -145.580505371094 -146.37301804221883
2022.952758789062 -147.079528808594 -147.06237705754577
2022.985595703125 -148.064422607422 -147.8702922540018
2023.019165039062 -148.943725585938 -148.7014298580928
2023.052001953125 -149.357940673828 -149.5148102918351
2023.084838867188 -149.996215820312 -150.31230935329305
2023.11767578125 -150.384918212891 -151.0649524106332
2023.150634765625 -152.537643432617 -151.82991054003926
2023.183471679688 -153.065185546875 -152.54637526081007
2023.21630859375 -154.615127563477 -153.2211162410724
2023.249145507812 -155.173706054688 -153.86505472428098
2023.281982421875 -154.904449462891 -154.49305851999907
2023.314819335938 -156.690460205078 -155.1131278178581
2023.34765625 -155.505874633789 -155.7279313401241
2023.380615234375 -153.527725219727 -156.33912361399877
2023.413452148438 -165.247421264648 -156.94071622644063
2023.4462890625 -149.064971923828 -157.53415222506993
2023.57763671875 -155.831649780273 -159.80921370423206
